gvkey,splticrm,spsticrm,datadate,city,conml,ggroup,gind,gsector,gsubind,idbflag,loc,naics,sic,spcindcd,spcseccd,spcsrc,state,conm,tic
1013, , ,1/31/10,Eden Prairie,ADC Telecommunications Inc.,4520,452010,45,45201020,D,USA,334210,3661,180,940,B,MN,ADC TELECOMMUNICATIONS INC,ADCT
1013, , ,2/28/10,Eden Prairie,ADC Telecommunications Inc.,4520,452010,45,45201020,D,USA,334210,3661,180,940,B,MN,ADC TELECOMMUNICATIONS INC,ADCT
1013, , ,3/31/10,Eden Prairie,ADC Telecommunications Inc.,4520,452010,45,45201020,D,USA,334210,3661,180,940,B,MN,ADC TELECOMMUNICATIONS INC,ADCT
1013, , ,4/30/10,Eden Prairie,ADC Telecommunications Inc.,4520,452010,45,45201020,D,USA,334210,3661,180,940,B,MN,ADC TELECOMMUNICATIONS INC,ADCT
1013, , ,5/31/10,Eden Prairie,ADC Telecommunications Inc.,4520,452010,45,45201020,D,USA,334210,3661,180,940,B,MN,ADC TELECOMMUNICATIONS INC,ADCT
1013, , ,6/30/10,Eden Prairie,ADC Telecommunications Inc.,4520,452010,45,45201020,D,USA,334210,3661,180,940,B,MN,ADC TELECOMMUNICATIONS INC,ADCT
1013, , ,7/31/10,Eden Prairie,ADC Telecommunications Inc.,4520,452010,45,45201020,D,USA,334210,3661,180,940,B,MN,ADC TELECOMMUNICATIONS INC,ADCT
1013, , ,8/31/10,Eden Prairie,ADC Telecommunications Inc.,4520,452010,45,45201020,D,USA,334210,3661,180,940,B,MN,ADC TELECOMMUNICATIONS INC,ADCT
1013, , ,9/30/10,Eden Prairie,ADC Telecommunications Inc.,4520,452010,45,45201020,D,USA,334210,3661,180,940,B,MN,ADC TELECOMMUNICATIONS INC,ADCT
1013, , ,10/31/10,Eden Prairie,ADC Telecommunications Inc.,4520,452010,45,45201020,D,USA,334210,3661,180,940,B,MN,ADC TELECOMMUNICATIONS INC,ADCT
1013, , ,11/30/10,Eden Prairie,ADC Telecommunications Inc.,4520,452010,45,45201020,D,USA,334210,3661,180,940,B,MN,ADC TELECOMMUNICATIONS INC,ADCT
1013, , ,12/31/10,Eden Prairie,ADC Telecommunications Inc.,4520,452010,45,45201020,D,USA,334210,3661,180,940,B,MN,ADC TELECOMMUNICATIONS INC,ADCT
1072, , ,1/31/10,Fountain Inn,AVX Corp.,4520,452030,45,45203015,D,USA,334416,3670,220,925,B,SC,AVX CORP,AVX
1072, , ,2/28/10,Fountain Inn,AVX Corp.,4520,452030,45,45203015,D,USA,334416,3670,220,925,B,SC,AVX CORP,AVX
1072, , ,3/31/10,Fountain Inn,AVX Corp.,4520,452030,45,45203015,D,USA,334416,3670,220,925,B,SC,AVX CORP,AVX
1072, , ,4/30/10,Fountain Inn,AVX Corp.,4520,452030,45,45203015,D,USA,334416,3670,220,925,B,SC,AVX CORP,AVX
1072, , ,5/31/10,Fountain Inn,AVX Corp.,4520,452030,45,45203015,D,USA,334416,3670,220,925,B,SC,AVX CORP,AVX
1072, , ,6/30/10,Fountain Inn,AVX Corp.,4520,452030,45,45203015,D,USA,334416,3670,220,925,B,SC,AVX CORP,AVX
1072, , ,7/31/10,Fountain Inn,AVX Corp.,4520,452030,45,45203015,D,USA,334416,3670,220,925,B,SC,AVX CORP,AVX
1072, , ,8/31/10,Fountain Inn,AVX Corp.,4520,452030,45,45203015,D,USA,334416,3670,220,925,B,SC,AVX CORP,AVX
1072, , ,9/30/10,Fountain Inn,AVX Corp.,4520,452030,45,45203015,D,USA,334416,3670,220,925,B,SC,AVX CORP,AVX
1072, , ,10/31/10,Fountain Inn,AVX Corp.,4520,452030,45,45203015,D,USA,334416,3670,220,925,B,SC,AVX CORP,AVX
1072, , ,11/30/10,Fountain Inn,AVX Corp.,4520,452030,45,45203015,D,USA,334416,3670,220,925,B,SC,AVX CORP,AVX
1072, , ,12/31/10,Fountain Inn,AVX Corp.,4520,452030,45,45203015,D,USA,334416,3670,220,925,B,SC,AVX CORP,AVX
1072, , ,1/31/11,Fountain Inn,AVX Corp.,4520,452030,45,45203015,D,USA,334416,3670,220,925,B,SC,AVX CORP,AVX
1072, , ,2/28/11,Fountain Inn,AVX Corp.,4520,452030,45,45203015,D,USA,334416,3670,220,925,B,SC,AVX CORP,AVX
1072, , ,3/31/11,Fountain Inn,AVX Corp.,4520,452030,45,45203015,D,USA,334416,3670,220,925,B,SC,AVX CORP,AVX
1072, , ,4/30/11,Fountain Inn,AVX Corp.,4520,452030,45,45203015,D,USA,334416,3670,220,925,B,SC,AVX CORP,AVX
1072, , ,5/31/11,Fountain Inn,AVX Corp.,4520,452030,45,45203015,D,USA,334416,3670,220,925,B,SC,AVX CORP,AVX
1072, , ,6/30/11,Fountain Inn,AVX Corp.,4520,452030,45,45203015,D,USA,334416,3670,220,925,B,SC,AVX CORP,AVX
1072, , ,7/31/11,Fountain Inn,AVX Corp.,4520,452030,45,45203015,D,USA,334416,3670,220,925,B,SC,AVX CORP,AVX
1072, , ,8/31/11,Fountain Inn,AVX Corp.,4520,452030,45,45203015,D,USA,334416,3670,220,925,B,SC,AVX CORP,AVX
1072, , ,9/30/11,Fountain Inn,AVX Corp.,4520,452030,45,45203015,D,USA,334416,3670,220,925,B,SC,AVX CORP,AVX
1072, , ,10/31/11,Fountain Inn,AVX Corp.,4520,452030,45,45203015,D,USA,334416,3670,220,925,B,SC,AVX CORP,AVX
1072, , ,11/30/11,Fountain Inn,AVX Corp.,4520,452030,45,45203015,D,USA,334416,3670,220,925,B,SC,AVX CORP,AVX
1072, , ,12/31/11,Fountain Inn,AVX Corp.,4520,452030,45,45203015,D,USA,334416,3670,220,925,B,SC,AVX CORP,AVX
1072, , ,1/31/12,Fountain Inn,AVX Corp.,4520,452030,45,45203015,D,USA,334416,3670,220,925,B,SC,AVX CORP,AVX
1072, , ,2/29/12,Fountain Inn,AVX Corp.,4520,452030,45,45203015,D,USA,334416,3670,220,925,B,SC,AVX CORP,AVX
1072, , ,3/31/12,Fountain Inn,AVX Corp.,4520,452030,45,45203015,D,USA,334416,3670,220,925,B,SC,AVX CORP,AVX
1072, , ,4/30/12,Fountain Inn,AVX Corp.,4520,452030,45,45203015,D,USA,334416,3670,220,925,B,SC,AVX CORP,AVX
1072, , ,5/31/12,Fountain Inn,AVX Corp.,4520,452030,45,45203015,D,USA,334416,3670,220,925,B,SC,AVX CORP,AVX
1072, , ,6/30/12,Fountain Inn,AVX Corp.,4520,452030,45,45203015,D,USA,334416,3670,220,925,B,SC,AVX CORP,AVX
1072, , ,7/31/12,Fountain Inn,AVX Corp.,4520,452030,45,45203015,D,USA,334416,3670,220,925,B,SC,AVX CORP,AVX
1072, , ,8/31/12,Fountain Inn,AVX Corp.,4520,452030,45,45203015,D,USA,334416,3670,220,925,B,SC,AVX CORP,AVX
1072, , ,9/30/12,Fountain Inn,AVX Corp.,4520,452030,45,45203015,D,USA,334416,3670,220,925,B,SC,AVX CORP,AVX
1072, , ,10/31/12,Fountain Inn,AVX Corp.,4520,452030,45,45203015,D,USA,334416,3670,220,925,B,SC,AVX CORP,AVX
1072, , ,11/30/12,Fountain Inn,AVX Corp.,4520,452030,45,45203015,D,USA,334416,3670,220,925,B,SC,AVX CORP,AVX
1072, , ,12/31/12,Fountain Inn,AVX Corp.,4520,452030,45,45203015,D,USA,334416,3670,220,925,B,SC,AVX CORP,AVX
1072, , ,1/31/13,Fountain Inn,AVX Corp.,4520,452030,45,45203015,D,USA,334416,3670,220,925,B,SC,AVX CORP,AVX
1072, , ,2/28/13,Fountain Inn,AVX Corp.,4520,452030,45,45203015,D,USA,334416,3670,220,925,B,SC,AVX CORP,AVX
1072, , ,3/31/13,Fountain Inn,AVX Corp.,4520,452030,45,45203015,D,USA,334416,3670,220,925,B,SC,AVX CORP,AVX
1072, , ,4/30/13,Fountain Inn,AVX Corp.,4520,452030,45,45203015,D,USA,334416,3670,220,925,B,SC,AVX CORP,AVX
1072, , ,5/31/13,Fountain Inn,AVX Corp.,4520,452030,45,45203015,D,USA,334416,3670,220,925,B,SC,AVX CORP,AVX
1072, , ,6/30/13,Fountain Inn,AVX Corp.,4520,452030,45,45203015,D,USA,334416,3670,220,925,B,SC,AVX CORP,AVX
1072, , ,7/31/13,Fountain Inn,AVX Corp.,4520,452030,45,45203015,D,USA,334416,3670,220,925,B,SC,AVX CORP,AVX
1072, , ,8/31/13,Fountain Inn,AVX Corp.,4520,452030,45,45203015,D,USA,334416,3670,220,925,B,SC,AVX CORP,AVX
1072, , ,9/30/13,Fountain Inn,AVX Corp.,4520,452030,45,45203015,D,USA,334416,3670,220,925,B,SC,AVX CORP,AVX
1072, , ,10/31/13,Fountain Inn,AVX Corp.,4520,452030,45,45203015,D,USA,334416,3670,220,925,B,SC,AVX CORP,AVX
1117, , ,1/31/10,West Melbourne,Relm Wireless Corp,4520,452010,45,45201020,D,USA,334220,3663,180,940,B,FL,RELM WIRELESS CORP,RWC
1117, , ,2/28/10,West Melbourne,Relm Wireless Corp,4520,452010,45,45201020,D,USA,334220,3663,180,940,B,FL,RELM WIRELESS CORP,RWC
1117, , ,3/31/10,West Melbourne,Relm Wireless Corp,4520,452010,45,45201020,D,USA,334220,3663,180,940,B,FL,RELM WIRELESS CORP,RWC
1117, , ,4/30/10,West Melbourne,Relm Wireless Corp,4520,452010,45,45201020,D,USA,334220,3663,180,940,B,FL,RELM WIRELESS CORP,RWC
1117, , ,5/31/10,West Melbourne,Relm Wireless Corp,4520,452010,45,45201020,D,USA,334220,3663,180,940,B,FL,RELM WIRELESS CORP,RWC
1117, , ,6/30/10,West Melbourne,Relm Wireless Corp,4520,452010,45,45201020,D,USA,334220,3663,180,940,B,FL,RELM WIRELESS CORP,RWC
1117, , ,7/31/10,West Melbourne,Relm Wireless Corp,4520,452010,45,45201020,D,USA,334220,3663,180,940,B,FL,RELM WIRELESS CORP,RWC
1117, , ,8/31/10,West Melbourne,Relm Wireless Corp,4520,452010,45,45201020,D,USA,334220,3663,180,940,B,FL,RELM WIRELESS CORP,RWC
1117, , ,9/30/10,West Melbourne,Relm Wireless Corp,4520,452010,45,45201020,D,USA,334220,3663,180,940,B,FL,RELM WIRELESS CORP,RWC
1117, , ,10/31/10,West Melbourne,Relm Wireless Corp,4520,452010,45,45201020,D,USA,334220,3663,180,940,B,FL,RELM WIRELESS CORP,RWC
1117, , ,11/30/10,West Melbourne,Relm Wireless Corp,4520,452010,45,45201020,D,USA,334220,3663,180,940,B,FL,RELM WIRELESS CORP,RWC
1117, , ,12/31/10,West Melbourne,Relm Wireless Corp,4520,452010,45,45201020,D,USA,334220,3663,180,940,B,FL,RELM WIRELESS CORP,RWC
1117, , ,1/31/11,West Melbourne,Relm Wireless Corp,4520,452010,45,45201020,D,USA,334220,3663,180,940,B,FL,RELM WIRELESS CORP,RWC
1117, , ,2/28/11,West Melbourne,Relm Wireless Corp,4520,452010,45,45201020,D,USA,334220,3663,180,940,B,FL,RELM WIRELESS CORP,RWC
1117, , ,3/31/11,West Melbourne,Relm Wireless Corp,4520,452010,45,45201020,D,USA,334220,3663,180,940,B,FL,RELM WIRELESS CORP,RWC
1117, , ,4/30/11,West Melbourne,Relm Wireless Corp,4520,452010,45,45201020,D,USA,334220,3663,180,940,B,FL,RELM WIRELESS CORP,RWC
1117, , ,5/31/11,West Melbourne,Relm Wireless Corp,4520,452010,45,45201020,D,USA,334220,3663,180,940,B,FL,RELM WIRELESS CORP,RWC
1117, , ,6/30/11,West Melbourne,Relm Wireless Corp,4520,452010,45,45201020,D,USA,334220,3663,180,940,B,FL,RELM WIRELESS CORP,RWC
1117, , ,7/31/11,West Melbourne,Relm Wireless Corp,4520,452010,45,45201020,D,USA,334220,3663,180,940,B,FL,RELM WIRELESS CORP,RWC
1117, , ,8/31/11,West Melbourne,Relm Wireless Corp,4520,452010,45,45201020,D,USA,334220,3663,180,940,B,FL,RELM WIRELESS CORP,RWC
1117, , ,9/30/11,West Melbourne,Relm Wireless Corp,4520,452010,45,45201020,D,USA,334220,3663,180,940,B,FL,RELM WIRELESS CORP,RWC
1117, , ,10/31/11,West Melbourne,Relm Wireless Corp,4520,452010,45,45201020,D,USA,334220,3663,180,940,B,FL,RELM WIRELESS CORP,RWC
1117, , ,11/30/11,West Melbourne,Relm Wireless Corp,4520,452010,45,45201020,D,USA,334220,3663,180,940,B,FL,RELM WIRELESS CORP,RWC
1117, , ,12/31/11,West Melbourne,Relm Wireless Corp,4520,452010,45,45201020,D,USA,334220,3663,180,940,B,FL,RELM WIRELESS CORP,RWC
1117, , ,1/31/12,West Melbourne,Relm Wireless Corp,4520,452010,45,45201020,D,USA,334220,3663,180,940,B,FL,RELM WIRELESS CORP,RWC
1117, , ,2/29/12,West Melbourne,Relm Wireless Corp,4520,452010,45,45201020,D,USA,334220,3663,180,940,B,FL,RELM WIRELESS CORP,RWC
1117, , ,3/31/12,West Melbourne,Relm Wireless Corp,4520,452010,45,45201020,D,USA,334220,3663,180,940,B,FL,RELM WIRELESS CORP,RWC
1117, , ,4/30/12,West Melbourne,Relm Wireless Corp,4520,452010,45,45201020,D,USA,334220,3663,180,940,B,FL,RELM WIRELESS CORP,RWC
1117, , ,5/31/12,West Melbourne,Relm Wireless Corp,4520,452010,45,45201020,D,USA,334220,3663,180,940,B,FL,RELM WIRELESS CORP,RWC
1117, , ,6/30/12,West Melbourne,Relm Wireless Corp,4520,452010,45,45201020,D,USA,334220,3663,180,940,B,FL,RELM WIRELESS CORP,RWC
1117, , ,7/31/12,West Melbourne,Relm Wireless Corp,4520,452010,45,45201020,D,USA,334220,3663,180,940,B,FL,RELM WIRELESS CORP,RWC
1117, , ,8/31/12,West Melbourne,Relm Wireless Corp,4520,452010,45,45201020,D,USA,334220,3663,180,940,B,FL,RELM WIRELESS CORP,RWC
1117, , ,9/30/12,West Melbourne,Relm Wireless Corp,4520,452010,45,45201020,D,USA,334220,3663,180,940,B,FL,RELM WIRELESS CORP,RWC
1117, , ,10/31/12,West Melbourne,Relm Wireless Corp,4520,452010,45,45201020,D,USA,334220,3663,180,940,B,FL,RELM WIRELESS CORP,RWC
1117, , ,11/30/12,West Melbourne,Relm Wireless Corp,4520,452010,45,45201020,D,USA,334220,3663,180,940,B,FL,RELM WIRELESS CORP,RWC
1117, , ,12/31/12,West Melbourne,Relm Wireless Corp,4520,452010,45,45201020,D,USA,334220,3663,180,940,B,FL,RELM WIRELESS CORP,RWC
1117, , ,1/31/13,West Melbourne,Relm Wireless Corp,4520,452010,45,45201020,D,USA,334220,3663,180,940,B,FL,RELM WIRELESS CORP,RWC
1117, , ,2/28/13,West Melbourne,Relm Wireless Corp,4520,452010,45,45201020,D,USA,334220,3663,180,940,B,FL,RELM WIRELESS CORP,RWC
1117, , ,3/31/13,West Melbourne,Relm Wireless Corp,4520,452010,45,45201020,D,USA,334220,3663,180,940,B,FL,RELM WIRELESS CORP,RWC
1117, , ,4/30/13,West Melbourne,Relm Wireless Corp,4520,452010,45,45201020,D,USA,334220,3663,180,940,B,FL,RELM WIRELESS CORP,RWC
1117, , ,5/31/13,West Melbourne,Relm Wireless Corp,4520,452010,45,45201020,D,USA,334220,3663,180,940,B,FL,RELM WIRELESS CORP,RWC
1117, , ,6/30/13,West Melbourne,Relm Wireless Corp,4520,452010,45,45201020,D,USA,334220,3663,180,940,B,FL,RELM WIRELESS CORP,RWC
1117, , ,7/31/13,West Melbourne,Relm Wireless Corp,4520,452010,45,45201020,D,USA,334220,3663,180,940,B,FL,RELM WIRELESS CORP,RWC
1117, , ,8/31/13,West Melbourne,Relm Wireless Corp,4520,452010,45,45201020,D,USA,334220,3663,180,940,B,FL,RELM WIRELESS CORP,RWC
1117, , ,9/30/13,West Melbourne,Relm Wireless Corp,4520,452010,45,45201020,D,USA,334220,3663,180,940,B,FL,RELM WIRELESS CORP,RWC
1117, , ,10/31/13,West Melbourne,Relm Wireless Corp,4520,452010,45,45201020,D,USA,334220,3663,180,940,B,FL,RELM WIRELESS CORP,RWC
1126, , ,1/31/10,Monrovia,Addmaster Corp,4520,452040,45,45204010,D,USA,333313,3578,370,925, ,CA,ADDMASTER CORP,ADDC
1126, , ,2/28/10,Monrovia,Addmaster Corp,4520,452040,45,45204010,D,USA,333313,3578,370,925, ,CA,ADDMASTER CORP,ADDC
1126, , ,3/31/10,Monrovia,Addmaster Corp,4520,452040,45,45204010,D,USA,333313,3578,370,925, ,CA,ADDMASTER CORP,ADDC
1126, , ,4/30/10,Monrovia,Addmaster Corp,4520,452040,45,45204010,D,USA,333313,3578,370,925, ,CA,ADDMASTER CORP,ADDC
1126, , ,5/31/10,Monrovia,Addmaster Corp,4520,452040,45,45204010,D,USA,333313,3578,370,925, ,CA,ADDMASTER CORP,ADDC
1126, , ,6/30/10,Monrovia,Addmaster Corp,4520,452040,45,45204010,D,USA,333313,3578,370,925, ,CA,ADDMASTER CORP,ADDC
1126, , ,7/31/10,Monrovia,Addmaster Corp,4520,452040,45,45204010,D,USA,333313,3578,370,925, ,CA,ADDMASTER CORP,ADDC
1126, , ,8/31/10,Monrovia,Addmaster Corp,4520,452040,45,45204010,D,USA,333313,3578,370,925, ,CA,ADDMASTER CORP,ADDC
1126, , ,9/30/10,Monrovia,Addmaster Corp,4520,452040,45,45204010,D,USA,333313,3578,370,925, ,CA,ADDMASTER CORP,ADDC
1126, , ,10/31/10,Monrovia,Addmaster Corp,4520,452040,45,45204010,D,USA,333313,3578,370,925, ,CA,ADDMASTER CORP,ADDC
1126, , ,11/30/10,Monrovia,Addmaster Corp,4520,452040,45,45204010,D,USA,333313,3578,370,925, ,CA,ADDMASTER CORP,ADDC
1126, , ,12/31/10,Monrovia,Addmaster Corp,4520,452040,45,45204010,D,USA,333313,3578,370,925, ,CA,ADDMASTER CORP,ADDC
1126, , ,1/31/11,Monrovia,Addmaster Corp,4520,452040,45,45204010,D,USA,333313,3578,370,925, ,CA,ADDMASTER CORP,ADDC
1126, , ,2/28/11,Monrovia,Addmaster Corp,4520,452040,45,45204010,D,USA,333313,3578,370,925, ,CA,ADDMASTER CORP,ADDC
1126, , ,3/31/11,Monrovia,Addmaster Corp,4520,452040,45,45204010,D,USA,333313,3578,370,925, ,CA,ADDMASTER CORP,ADDC
1126, , ,4/30/11,Monrovia,Addmaster Corp,4520,452040,45,45204010,D,USA,333313,3578,370,925, ,CA,ADDMASTER CORP,ADDC
1126, , ,5/31/11,Monrovia,Addmaster Corp,4520,452040,45,45204010,D,USA,333313,3578,370,925, ,CA,ADDMASTER CORP,ADDC
1126, , ,6/30/11,Monrovia,Addmaster Corp,4520,452040,45,45204010,D,USA,333313,3578,370,925, ,CA,ADDMASTER CORP,ADDC
1126, , ,7/31/11,Monrovia,Addmaster Corp,4520,452040,45,45204010,D,USA,333313,3578,370,925, ,CA,ADDMASTER CORP,ADDC
1126, , ,8/31/11,Monrovia,Addmaster Corp,4520,452040,45,45204010,D,USA,333313,3578,370,925, ,CA,ADDMASTER CORP,ADDC
1126, , ,9/30/11,Monrovia,Addmaster Corp,4520,452040,45,45204010,D,USA,333313,3578,370,925, ,CA,ADDMASTER CORP,ADDC
1126, , ,10/31/11,Monrovia,Addmaster Corp,4520,452040,45,45204010,D,USA,333313,3578,370,925, ,CA,ADDMASTER CORP,ADDC
1126, , ,11/30/11,Monrovia,Addmaster Corp,4520,452040,45,45204010,D,USA,333313,3578,370,925, ,CA,ADDMASTER CORP,ADDC
1126, , ,12/31/11,Monrovia,Addmaster Corp,4520,452040,45,45204010,D,USA,333313,3578,370,925, ,CA,ADDMASTER CORP,ADDC
1126, , ,1/31/12,Monrovia,Addmaster Corp,4520,452040,45,45204010,D,USA,333313,3578,370,925, ,CA,ADDMASTER CORP,ADDC
1126, , ,2/29/12,Monrovia,Addmaster Corp,4520,452040,45,45204010,D,USA,333313,3578,370,925, ,CA,ADDMASTER CORP,ADDC
1126, , ,3/31/12,Monrovia,Addmaster Corp,4520,452040,45,45204010,D,USA,333313,3578,370,925, ,CA,ADDMASTER CORP,ADDC
1126, , ,4/30/12,Monrovia,Addmaster Corp,4520,452040,45,45204010,D,USA,333313,3578,370,925, ,CA,ADDMASTER CORP,ADDC
1126, , ,5/31/12,Monrovia,Addmaster Corp,4520,452040,45,45204010,D,USA,333313,3578,370,925, ,CA,ADDMASTER CORP,ADDC
1126, , ,6/30/12,Monrovia,Addmaster Corp,4520,452040,45,45204010,D,USA,333313,3578,370,925, ,CA,ADDMASTER CORP,ADDC
1126, , ,7/31/12,Monrovia,Addmaster Corp,4520,452040,45,45204010,D,USA,333313,3578,370,925, ,CA,ADDMASTER CORP,ADDC
1126, , ,8/31/12,Monrovia,Addmaster Corp,4520,452040,45,45204010,D,USA,333313,3578,370,925, ,CA,ADDMASTER CORP,ADDC
1126, , ,9/30/12,Monrovia,Addmaster Corp,4520,452040,45,45204010,D,USA,333313,3578,370,925, ,CA,ADDMASTER CORP,ADDC
1126, , ,10/31/12,Monrovia,Addmaster Corp,4520,452040,45,45204010,D,USA,333313,3578,370,925, ,CA,ADDMASTER CORP,ADDC
1126, , ,11/30/12,Monrovia,Addmaster Corp,4520,452040,45,45204010,D,USA,333313,3578,370,925, ,CA,ADDMASTER CORP,ADDC
1126, , ,12/31/12,Monrovia,Addmaster Corp,4520,452040,45,45204010,D,USA,333313,3578,370,925, ,CA,ADDMASTER CORP,ADDC
1126, , ,1/31/13,Monrovia,Addmaster Corp,4520,452040,45,45204010,D,USA,333313,3578,370,925, ,CA,ADDMASTER CORP,ADDC
1126, , ,2/28/13,Monrovia,Addmaster Corp,4520,452040,45,45204010,D,USA,333313,3578,370,925, ,CA,ADDMASTER CORP,ADDC
1126, , ,3/31/13,Monrovia,Addmaster Corp,4520,452040,45,45204010,D,USA,333313,3578,370,925, ,CA,ADDMASTER CORP,ADDC
1126, , ,4/30/13,Monrovia,Addmaster Corp,4520,452040,45,45204010,D,USA,333313,3578,370,925, ,CA,ADDMASTER CORP,ADDC
1126, , ,5/31/13,Monrovia,Addmaster Corp,4520,452040,45,45204010,D,USA,333313,3578,370,925, ,CA,ADDMASTER CORP,ADDC
1126, , ,6/30/13,Monrovia,Addmaster Corp,4520,452040,45,45204010,D,USA,333313,3578,370,925, ,CA,ADDMASTER CORP,ADDC
1126, , ,7/31/13,Monrovia,Addmaster Corp,4520,452040,45,45204010,D,USA,333313,3578,370,925, ,CA,ADDMASTER CORP,ADDC
1126, , ,8/31/13,Monrovia,Addmaster Corp,4520,452040,45,45204010,D,USA,333313,3578,370,925, ,CA,ADDMASTER CORP,ADDC
1126, , ,9/30/13,Monrovia,Addmaster Corp,4520,452040,45,45204010,D,USA,333313,3578,370,925, ,CA,ADDMASTER CORP,ADDC
1126, , ,10/31/13,Monrovia,Addmaster Corp,4520,452040,45,45204010,D,USA,333313,3578,370,925, ,CA,ADDMASTER CORP,ADDC
1250, , ,1/31/10,Westborough,Alden Electronics Inc,4520,452010,45,45201020,D,USA,334210,3661,180,940, ,MA,ALDEN ELECTRONICS INC,ADNE
1250, , ,2/28/10,Westborough,Alden Electronics Inc,4520,452010,45,45201020,D,USA,334210,3661,180,940, ,MA,ALDEN ELECTRONICS INC,ADNE
1250, , ,3/31/10,Westborough,Alden Electronics Inc,4520,452010,45,45201020,D,USA,334210,3661,180,940, ,MA,ALDEN ELECTRONICS INC,ADNE
1250, , ,4/30/10,Westborough,Alden Electronics Inc,4520,452010,45,45201020,D,USA,334210,3661,180,940, ,MA,ALDEN ELECTRONICS INC,ADNE
1250, , ,5/31/10,Westborough,Alden Electronics Inc,4520,452010,45,45201020,D,USA,334210,3661,180,940, ,MA,ALDEN ELECTRONICS INC,ADNE
1250, , ,6/30/10,Westborough,Alden Electronics Inc,4520,452010,45,45201020,D,USA,334210,3661,180,940, ,MA,ALDEN ELECTRONICS INC,ADNE
1250, , ,7/31/10,Westborough,Alden Electronics Inc,4520,452010,45,45201020,D,USA,334210,3661,180,940, ,MA,ALDEN ELECTRONICS INC,ADNE
1250, , ,8/31/10,Westborough,Alden Electronics Inc,4520,452010,45,45201020,D,USA,334210,3661,180,940, ,MA,ALDEN ELECTRONICS INC,ADNE
1250, , ,9/30/10,Westborough,Alden Electronics Inc,4520,452010,45,45201020,D,USA,334210,3661,180,940, ,MA,ALDEN ELECTRONICS INC,ADNE
1250, , ,10/31/10,Westborough,Alden Electronics Inc,4520,452010,45,45201020,D,USA,334210,3661,180,940, ,MA,ALDEN ELECTRONICS INC,ADNE
1635, , ,1/31/10,East Syracuse,Anaren Inc,4520,452010,45,45201020,D,USA,334220,3663,180,940,B,NY,ANAREN INC,ANEN
1635, , ,2/28/10,East Syracuse,Anaren Inc,4520,452010,45,45201020,D,USA,334220,3663,180,940,B,NY,ANAREN INC,ANEN
1635, , ,3/31/10,East Syracuse,Anaren Inc,4520,452010,45,45201020,D,USA,334220,3663,180,940,B,NY,ANAREN INC,ANEN
1635, , ,4/30/10,East Syracuse,Anaren Inc,4520,452010,45,45201020,D,USA,334220,3663,180,940,B,NY,ANAREN INC,ANEN
1635, , ,5/31/10,East Syracuse,Anaren Inc,4520,452010,45,45201020,D,USA,334220,3663,180,940,B,NY,ANAREN INC,ANEN
1635, , ,6/30/10,East Syracuse,Anaren Inc,4520,452010,45,45201020,D,USA,334220,3663,180,940,B,NY,ANAREN INC,ANEN
1635, , ,7/31/10,East Syracuse,Anaren Inc,4520,452010,45,45201020,D,USA,334220,3663,180,940,B,NY,ANAREN INC,ANEN
1635, , ,8/31/10,East Syracuse,Anaren Inc,4520,452010,45,45201020,D,USA,334220,3663,180,940,B,NY,ANAREN INC,ANEN
1635, , ,9/30/10,East Syracuse,Anaren Inc,4520,452010,45,45201020,D,USA,334220,3663,180,940,B,NY,ANAREN INC,ANEN
1635, , ,10/31/10,East Syracuse,Anaren Inc,4520,452010,45,45201020,D,USA,334220,3663,180,940,B,NY,ANAREN INC,ANEN
1635, , ,11/30/10,East Syracuse,Anaren Inc,4520,452010,45,45201020,D,USA,334220,3663,180,940,B,NY,ANAREN INC,ANEN
1635, , ,12/31/10,East Syracuse,Anaren Inc,4520,452010,45,45201020,D,USA,334220,3663,180,940,B,NY,ANAREN INC,ANEN
1635, , ,1/31/11,East Syracuse,Anaren Inc,4520,452010,45,45201020,D,USA,334220,3663,180,940,B,NY,ANAREN INC,ANEN
1635, , ,2/28/11,East Syracuse,Anaren Inc,4520,452010,45,45201020,D,USA,334220,3663,180,940,B,NY,ANAREN INC,ANEN
1635, , ,3/31/11,East Syracuse,Anaren Inc,4520,452010,45,45201020,D,USA,334220,3663,180,940,B,NY,ANAREN INC,ANEN
1635, , ,4/30/11,East Syracuse,Anaren Inc,4520,452010,45,45201020,D,USA,334220,3663,180,940,B,NY,ANAREN INC,ANEN
1635, , ,5/31/11,East Syracuse,Anaren Inc,4520,452010,45,45201020,D,USA,334220,3663,180,940,B,NY,ANAREN INC,ANEN
1635, , ,6/30/11,East Syracuse,Anaren Inc,4520,452010,45,45201020,D,USA,334220,3663,180,940,B,NY,ANAREN INC,ANEN
1635, , ,7/31/11,East Syracuse,Anaren Inc,4520,452010,45,45201020,D,USA,334220,3663,180,940,B,NY,ANAREN INC,ANEN
1635, , ,8/31/11,East Syracuse,Anaren Inc,4520,452010,45,45201020,D,USA,334220,3663,180,940,B,NY,ANAREN INC,ANEN
1635, , ,9/30/11,East Syracuse,Anaren Inc,4520,452010,45,45201020,D,USA,334220,3663,180,940,B,NY,ANAREN INC,ANEN
1635, , ,10/31/11,East Syracuse,Anaren Inc,4520,452010,45,45201020,D,USA,334220,3663,180,940,B,NY,ANAREN INC,ANEN
1635, , ,11/30/11,East Syracuse,Anaren Inc,4520,452010,45,45201020,D,USA,334220,3663,180,940,B,NY,ANAREN INC,ANEN
1635, , ,12/31/11,East Syracuse,Anaren Inc,4520,452010,45,45201020,D,USA,334220,3663,180,940,B,NY,ANAREN INC,ANEN
1635, , ,1/31/12,East Syracuse,Anaren Inc,4520,452010,45,45201020,D,USA,334220,3663,180,940,B,NY,ANAREN INC,ANEN
1635, , ,2/29/12,East Syracuse,Anaren Inc,4520,452010,45,45201020,D,USA,334220,3663,180,940,B,NY,ANAREN INC,ANEN
1635, , ,3/31/12,East Syracuse,Anaren Inc,4520,452010,45,45201020,D,USA,334220,3663,180,940,B,NY,ANAREN INC,ANEN
1635, , ,4/30/12,East Syracuse,Anaren Inc,4520,452010,45,45201020,D,USA,334220,3663,180,940,B,NY,ANAREN INC,ANEN
1635, , ,5/31/12,East Syracuse,Anaren Inc,4520,452010,45,45201020,D,USA,334220,3663,180,940,B,NY,ANAREN INC,ANEN
1635, , ,6/30/12,East Syracuse,Anaren Inc,4520,452010,45,45201020,D,USA,334220,3663,180,940,B,NY,ANAREN INC,ANEN
1635, , ,7/31/12,East Syracuse,Anaren Inc,4520,452010,45,45201020,D,USA,334220,3663,180,940,B,NY,ANAREN INC,ANEN
1635, , ,8/31/12,East Syracuse,Anaren Inc,4520,452010,45,45201020,D,USA,334220,3663,180,940,B,NY,ANAREN INC,ANEN
1635, , ,9/30/12,East Syracuse,Anaren Inc,4520,452010,45,45201020,D,USA,334220,3663,180,940,B,NY,ANAREN INC,ANEN
1635, , ,10/31/12,East Syracuse,Anaren Inc,4520,452010,45,45201020,D,USA,334220,3663,180,940,B,NY,ANAREN INC,ANEN
1635, , ,11/30/12,East Syracuse,Anaren Inc,4520,452010,45,45201020,D,USA,334220,3663,180,940,B,NY,ANAREN INC,ANEN
1635, , ,12/31/12,East Syracuse,Anaren Inc,4520,452010,45,45201020,D,USA,334220,3663,180,940,B,NY,ANAREN INC,ANEN
1635, , ,1/31/13,East Syracuse,Anaren Inc,4520,452010,45,45201020,D,USA,334220,3663,180,940,B,NY,ANAREN INC,ANEN
1635, , ,2/28/13,East Syracuse,Anaren Inc,4520,452010,45,45201020,D,USA,334220,3663,180,940,B,NY,ANAREN INC,ANEN
1635, , ,3/31/13,East Syracuse,Anaren Inc,4520,452010,45,45201020,D,USA,334220,3663,180,940,B,NY,ANAREN INC,ANEN
1635, , ,4/30/13,East Syracuse,Anaren Inc,4520,452010,45,45201020,D,USA,334220,3663,180,940,B,NY,ANAREN INC,ANEN
1635, , ,5/31/13,East Syracuse,Anaren Inc,4520,452010,45,45201020,D,USA,334220,3663,180,940,B,NY,ANAREN INC,ANEN
1635, , ,6/30/13,East Syracuse,Anaren Inc,4520,452010,45,45201020,D,USA,334220,3663,180,940,B,NY,ANAREN INC,ANEN
1635, , ,7/31/13,East Syracuse,Anaren Inc,4520,452010,45,45201020,D,USA,334220,3663,180,940,B,NY,ANAREN INC,ANEN
1635, , ,8/31/13,East Syracuse,Anaren Inc,4520,452010,45,45201020,D,USA,334220,3663,180,940,B,NY,ANAREN INC,ANEN
1635, , ,9/30/13,East Syracuse,Anaren Inc,4520,452010,45,45201020,D,USA,334220,3663,180,940,B,NY,ANAREN INC,ANEN
1635, , ,10/31/13,East Syracuse,Anaren Inc,4520,452010,45,45201020,D,USA,334220,3663,180,940,B,NY,ANAREN INC,ANEN
1635,B, ,2/28/14,East Syracuse,Anaren Inc,4520,452010,45,45201020,D,USA,334220,3663,180,940,B,NY,ANAREN INC,ANEN
1635,B, ,3/31/14,East Syracuse,Anaren Inc,4520,452010,45,45201020,D,USA,334220,3663,180,940,B,NY,ANAREN INC,ANEN
1650, , ,1/31/10,Bohemia,Andrea Electronics Corp,4520,452030,45,45203020,D,USA,334220,3663,180,940,C,NY,ANDREA ELECTRONICS CORP,ANDR
1650, , ,2/28/10,Bohemia,Andrea Electronics Corp,4520,452030,45,45203020,D,USA,334220,3663,180,940,C,NY,ANDREA ELECTRONICS CORP,ANDR
1650, , ,3/31/10,Bohemia,Andrea Electronics Corp,4520,452030,45,45203020,D,USA,334220,3663,180,940,C,NY,ANDREA ELECTRONICS CORP,ANDR
1650, , ,4/30/10,Bohemia,Andrea Electronics Corp,4520,452030,45,45203020,D,USA,334220,3663,180,940,C,NY,ANDREA ELECTRONICS CORP,ANDR
1650, , ,5/31/10,Bohemia,Andrea Electronics Corp,4520,452030,45,45203020,D,USA,334220,3663,180,940,C,NY,ANDREA ELECTRONICS CORP,ANDR
1650, , ,6/30/10,Bohemia,Andrea Electronics Corp,4520,452030,45,45203020,D,USA,334220,3663,180,940,C,NY,ANDREA ELECTRONICS CORP,ANDR
1650, , ,7/31/10,Bohemia,Andrea Electronics Corp,4520,452030,45,45203020,D,USA,334220,3663,180,940,C,NY,ANDREA ELECTRONICS CORP,ANDR
1650, , ,8/31/10,Bohemia,Andrea Electronics Corp,4520,452030,45,45203020,D,USA,334220,3663,180,940,C,NY,ANDREA ELECTRONICS CORP,ANDR
1650, , ,9/30/10,Bohemia,Andrea Electronics Corp,4520,452030,45,45203020,D,USA,334220,3663,180,940,C,NY,ANDREA ELECTRONICS CORP,ANDR
1650, , ,10/31/10,Bohemia,Andrea Electronics Corp,4520,452030,45,45203020,D,USA,334220,3663,180,940,C,NY,ANDREA ELECTRONICS CORP,ANDR
1650, , ,11/30/10,Bohemia,Andrea Electronics Corp,4520,452030,45,45203020,D,USA,334220,3663,180,940,C,NY,ANDREA ELECTRONICS CORP,ANDR
1650, , ,12/31/10,Bohemia,Andrea Electronics Corp,4520,452030,45,45203020,D,USA,334220,3663,180,940,C,NY,ANDREA ELECTRONICS CORP,ANDR
1650, , ,1/31/11,Bohemia,Andrea Electronics Corp,4520,452030,45,45203020,D,USA,334220,3663,180,940,C,NY,ANDREA ELECTRONICS CORP,ANDR
1650, , ,2/28/11,Bohemia,Andrea Electronics Corp,4520,452030,45,45203020,D,USA,334220,3663,180,940,C,NY,ANDREA ELECTRONICS CORP,ANDR
1650, , ,3/31/11,Bohemia,Andrea Electronics Corp,4520,452030,45,45203020,D,USA,334220,3663,180,940,C,NY,ANDREA ELECTRONICS CORP,ANDR
1650, , ,4/30/11,Bohemia,Andrea Electronics Corp,4520,452030,45,45203020,D,USA,334220,3663,180,940,C,NY,ANDREA ELECTRONICS CORP,ANDR
1650, , ,5/31/11,Bohemia,Andrea Electronics Corp,4520,452030,45,45203020,D,USA,334220,3663,180,940,C,NY,ANDREA ELECTRONICS CORP,ANDR
1650, , ,6/30/11,Bohemia,Andrea Electronics Corp,4520,452030,45,45203020,D,USA,334220,3663,180,940,C,NY,ANDREA ELECTRONICS CORP,ANDR
1650, , ,7/31/11,Bohemia,Andrea Electronics Corp,4520,452030,45,45203020,D,USA,334220,3663,180,940,C,NY,ANDREA ELECTRONICS CORP,ANDR
1650, , ,8/31/11,Bohemia,Andrea Electronics Corp,4520,452030,45,45203020,D,USA,334220,3663,180,940,C,NY,ANDREA ELECTRONICS CORP,ANDR
1650, , ,9/30/11,Bohemia,Andrea Electronics Corp,4520,452030,45,45203020,D,USA,334220,3663,180,940,C,NY,ANDREA ELECTRONICS CORP,ANDR
1650, , ,10/31/11,Bohemia,Andrea Electronics Corp,4520,452030,45,45203020,D,USA,334220,3663,180,940,C,NY,ANDREA ELECTRONICS CORP,ANDR
1650, , ,11/30/11,Bohemia,Andrea Electronics Corp,4520,452030,45,45203020,D,USA,334220,3663,180,940,C,NY,ANDREA ELECTRONICS CORP,ANDR
1650, , ,12/31/11,Bohemia,Andrea Electronics Corp,4520,452030,45,45203020,D,USA,334220,3663,180,940,C,NY,ANDREA ELECTRONICS CORP,ANDR
1650, , ,1/31/12,Bohemia,Andrea Electronics Corp,4520,452030,45,45203020,D,USA,334220,3663,180,940,C,NY,ANDREA ELECTRONICS CORP,ANDR
1650, , ,2/29/12,Bohemia,Andrea Electronics Corp,4520,452030,45,45203020,D,USA,334220,3663,180,940,C,NY,ANDREA ELECTRONICS CORP,ANDR
1650, , ,3/31/12,Bohemia,Andrea Electronics Corp,4520,452030,45,45203020,D,USA,334220,3663,180,940,C,NY,ANDREA ELECTRONICS CORP,ANDR
1650, , ,4/30/12,Bohemia,Andrea Electronics Corp,4520,452030,45,45203020,D,USA,334220,3663,180,940,C,NY,ANDREA ELECTRONICS CORP,ANDR
1650, , ,5/31/12,Bohemia,Andrea Electronics Corp,4520,452030,45,45203020,D,USA,334220,3663,180,940,C,NY,ANDREA ELECTRONICS CORP,ANDR
1650, , ,6/30/12,Bohemia,Andrea Electronics Corp,4520,452030,45,45203020,D,USA,334220,3663,180,940,C,NY,ANDREA ELECTRONICS CORP,ANDR
1650, , ,7/31/12,Bohemia,Andrea Electronics Corp,4520,452030,45,45203020,D,USA,334220,3663,180,940,C,NY,ANDREA ELECTRONICS CORP,ANDR
1650, , ,8/31/12,Bohemia,Andrea Electronics Corp,4520,452030,45,45203020,D,USA,334220,3663,180,940,C,NY,ANDREA ELECTRONICS CORP,ANDR
1650, , ,9/30/12,Bohemia,Andrea Electronics Corp,4520,452030,45,45203020,D,USA,334220,3663,180,940,C,NY,ANDREA ELECTRONICS CORP,ANDR
1650, , ,10/31/12,Bohemia,Andrea Electronics Corp,4520,452030,45,45203020,D,USA,334220,3663,180,940,C,NY,ANDREA ELECTRONICS CORP,ANDR
1650, , ,11/30/12,Bohemia,Andrea Electronics Corp,4520,452030,45,45203020,D,USA,334220,3663,180,940,C,NY,ANDREA ELECTRONICS CORP,ANDR
1650, , ,12/31/12,Bohemia,Andrea Electronics Corp,4520,452030,45,45203020,D,USA,334220,3663,180,940,C,NY,ANDREA ELECTRONICS CORP,ANDR
1650, , ,1/31/13,Bohemia,Andrea Electronics Corp,4520,452030,45,45203020,D,USA,334220,3663,180,940,C,NY,ANDREA ELECTRONICS CORP,ANDR
1650, , ,2/28/13,Bohemia,Andrea Electronics Corp,4520,452030,45,45203020,D,USA,334220,3663,180,940,C,NY,ANDREA ELECTRONICS CORP,ANDR
1650, , ,3/31/13,Bohemia,Andrea Electronics Corp,4520,452030,45,45203020,D,USA,334220,3663,180,940,C,NY,ANDREA ELECTRONICS CORP,ANDR
1650, , ,4/30/13,Bohemia,Andrea Electronics Corp,4520,452030,45,45203020,D,USA,334220,3663,180,940,C,NY,ANDREA ELECTRONICS CORP,ANDR
1650, , ,5/31/13,Bohemia,Andrea Electronics Corp,4520,452030,45,45203020,D,USA,334220,3663,180,940,C,NY,ANDREA ELECTRONICS CORP,ANDR
1650, , ,6/30/13,Bohemia,Andrea Electronics Corp,4520,452030,45,45203020,D,USA,334220,3663,180,940,C,NY,ANDREA ELECTRONICS CORP,ANDR
1650, , ,7/31/13,Bohemia,Andrea Electronics Corp,4520,452030,45,45203020,D,USA,334220,3663,180,940,C,NY,ANDREA ELECTRONICS CORP,ANDR
1650, , ,8/31/13,Bohemia,Andrea Electronics Corp,4520,452030,45,45203020,D,USA,334220,3663,180,940,C,NY,ANDREA ELECTRONICS CORP,ANDR
1650, , ,9/30/13,Bohemia,Andrea Electronics Corp,4520,452030,45,45203020,D,USA,334220,3663,180,940,C,NY,ANDREA ELECTRONICS CORP,ANDR
1650, , ,10/31/13,Bohemia,Andrea Electronics Corp,4520,452030,45,45203020,D,USA,334220,3663,180,940,C,NY,ANDREA ELECTRONICS CORP,ANDR
1690, , ,1/31/10,Cupertino,Apple Inc,4520,452020,45,45202030,B,USA,334111,3571,190,940,B+,CA,APPLE INC,AAPL
1690, , ,2/28/10,Cupertino,Apple Inc,4520,452020,45,45202030,B,USA,334111,3571,190,940,B+,CA,APPLE INC,AAPL
1690, , ,3/31/10,Cupertino,Apple Inc,4520,452020,45,45202030,B,USA,334111,3571,190,940,B+,CA,APPLE INC,AAPL
1690, , ,4/30/10,Cupertino,Apple Inc,4520,452020,45,45202030,B,USA,334111,3571,190,940,B+,CA,APPLE INC,AAPL
1690, , ,5/31/10,Cupertino,Apple Inc,4520,452020,45,45202030,B,USA,334111,3571,190,940,B+,CA,APPLE INC,AAPL
1690, , ,6/30/10,Cupertino,Apple Inc,4520,452020,45,45202030,B,USA,334111,3571,190,940,B+,CA,APPLE INC,AAPL
1690, , ,7/31/10,Cupertino,Apple Inc,4520,452020,45,45202030,B,USA,334111,3571,190,940,B+,CA,APPLE INC,AAPL
1690, , ,8/31/10,Cupertino,Apple Inc,4520,452020,45,45202030,B,USA,334111,3571,190,940,B+,CA,APPLE INC,AAPL
1690, , ,9/30/10,Cupertino,Apple Inc,4520,452020,45,45202030,B,USA,334111,3571,190,940,B+,CA,APPLE INC,AAPL
1690, , ,10/31/10,Cupertino,Apple Inc,4520,452020,45,45202030,B,USA,334111,3571,190,940,B+,CA,APPLE INC,AAPL
1690, , ,11/30/10,Cupertino,Apple Inc,4520,452020,45,45202030,B,USA,334111,3571,190,940,B+,CA,APPLE INC,AAPL
1690, , ,12/31/10,Cupertino,Apple Inc,4520,452020,45,45202030,B,USA,334111,3571,190,940,B+,CA,APPLE INC,AAPL
1690, , ,1/31/11,Cupertino,Apple Inc,4520,452020,45,45202030,B,USA,334111,3571,190,940,B+,CA,APPLE INC,AAPL
1690, , ,2/28/11,Cupertino,Apple Inc,4520,452020,45,45202030,B,USA,334111,3571,190,940,B+,CA,APPLE INC,AAPL
1690, , ,3/31/11,Cupertino,Apple Inc,4520,452020,45,45202030,B,USA,334111,3571,190,940,B+,CA,APPLE INC,AAPL
1690, , ,4/30/11,Cupertino,Apple Inc,4520,452020,45,45202030,B,USA,334111,3571,190,940,B+,CA,APPLE INC,AAPL
1690, , ,5/31/11,Cupertino,Apple Inc,4520,452020,45,45202030,B,USA,334111,3571,190,940,B+,CA,APPLE INC,AAPL
1690, , ,6/30/11,Cupertino,Apple Inc,4520,452020,45,45202030,B,USA,334111,3571,190,940,B+,CA,APPLE INC,AAPL
1690, , ,7/31/11,Cupertino,Apple Inc,4520,452020,45,45202030,B,USA,334111,3571,190,940,B+,CA,APPLE INC,AAPL
1690, , ,8/31/11,Cupertino,Apple Inc,4520,452020,45,45202030,B,USA,334111,3571,190,940,B+,CA,APPLE INC,AAPL
1690, , ,9/30/11,Cupertino,Apple Inc,4520,452020,45,45202030,B,USA,334111,3571,190,940,B+,CA,APPLE INC,AAPL
1690, , ,10/31/11,Cupertino,Apple Inc,4520,452020,45,45202030,B,USA,334111,3571,190,940,B+,CA,APPLE INC,AAPL
1690, , ,11/30/11,Cupertino,Apple Inc,4520,452020,45,45202030,B,USA,334111,3571,190,940,B+,CA,APPLE INC,AAPL
1690, , ,12/31/11,Cupertino,Apple Inc,4520,452020,45,45202030,B,USA,334111,3571,190,940,B+,CA,APPLE INC,AAPL
1690, , ,1/31/12,Cupertino,Apple Inc,4520,452020,45,45202030,B,USA,334111,3571,190,940,B+,CA,APPLE INC,AAPL
1690, , ,2/29/12,Cupertino,Apple Inc,4520,452020,45,45202030,B,USA,334111,3571,190,940,B+,CA,APPLE INC,AAPL
1690, , ,3/31/12,Cupertino,Apple Inc,4520,452020,45,45202030,B,USA,334111,3571,190,940,B+,CA,APPLE INC,AAPL
1690, , ,4/30/12,Cupertino,Apple Inc,4520,452020,45,45202030,B,USA,334111,3571,190,940,B+,CA,APPLE INC,AAPL
1690, , ,5/31/12,Cupertino,Apple Inc,4520,452020,45,45202030,B,USA,334111,3571,190,940,B+,CA,APPLE INC,AAPL
1690, , ,6/30/12,Cupertino,Apple Inc,4520,452020,45,45202030,B,USA,334111,3571,190,940,B+,CA,APPLE INC,AAPL
1690, , ,7/31/12,Cupertino,Apple Inc,4520,452020,45,45202030,B,USA,334111,3571,190,940,B+,CA,APPLE INC,AAPL
1690, , ,8/31/12,Cupertino,Apple Inc,4520,452020,45,45202030,B,USA,334111,3571,190,940,B+,CA,APPLE INC,AAPL
1690, , ,9/30/12,Cupertino,Apple Inc,4520,452020,45,45202030,B,USA,334111,3571,190,940,B+,CA,APPLE INC,AAPL
1690, , ,10/31/12,Cupertino,Apple Inc,4520,452020,45,45202030,B,USA,334111,3571,190,940,B+,CA,APPLE INC,AAPL
1690, , ,11/30/12,Cupertino,Apple Inc,4520,452020,45,45202030,B,USA,334111,3571,190,940,B+,CA,APPLE INC,AAPL
1690, , ,12/31/12,Cupertino,Apple Inc,4520,452020,45,45202030,B,USA,334111,3571,190,940,B+,CA,APPLE INC,AAPL
1690, , ,1/31/13,Cupertino,Apple Inc,4520,452020,45,45202030,B,USA,334111,3571,190,940,B+,CA,APPLE INC,AAPL
1690, , ,2/28/13,Cupertino,Apple Inc,4520,452020,45,45202030,B,USA,334111,3571,190,940,B+,CA,APPLE INC,AAPL
1690, , ,3/31/13,Cupertino,Apple Inc,4520,452020,45,45202030,B,USA,334111,3571,190,940,B+,CA,APPLE INC,AAPL
1690,AA+, ,4/30/13,Cupertino,Apple Inc,4520,452020,45,45202030,B,USA,334111,3571,190,940,B+,CA,APPLE INC,AAPL
1690,AA+, ,5/31/13,Cupertino,Apple Inc,4520,452020,45,45202030,B,USA,334111,3571,190,940,B+,CA,APPLE INC,AAPL
1690,AA+, ,6/30/13,Cupertino,Apple Inc,4520,452020,45,45202030,B,USA,334111,3571,190,940,B+,CA,APPLE INC,AAPL
1690,AA+, ,7/31/13,Cupertino,Apple Inc,4520,452020,45,45202030,B,USA,334111,3571,190,940,B+,CA,APPLE INC,AAPL
1690,AA+, ,8/31/13,Cupertino,Apple Inc,4520,452020,45,45202030,B,USA,334111,3571,190,940,B+,CA,APPLE INC,AAPL
1690,AA+, ,9/30/13,Cupertino,Apple Inc,4520,452020,45,45202030,B,USA,334111,3571,190,940,B+,CA,APPLE INC,AAPL
1690,AA+, ,10/31/13,Cupertino,Apple Inc,4520,452020,45,45202030,B,USA,334111,3571,190,940,B+,CA,APPLE INC,AAPL
1690,AA+, ,11/30/13,Cupertino,Apple Inc,4520,452020,45,45202030,B,USA,334111,3571,190,940,B+,CA,APPLE INC,AAPL
1690,AA+, ,12/31/13,Cupertino,Apple Inc,4520,452020,45,45202030,B,USA,334111,3571,190,940,B+,CA,APPLE INC,AAPL
1690,AA+, ,1/31/14,Cupertino,Apple Inc,4520,452020,45,45202030,B,USA,334111,3571,190,940,B+,CA,APPLE INC,AAPL
1690,AA+, ,2/28/14,Cupertino,Apple Inc,4520,452020,45,45202030,B,USA,334111,3571,190,940,B+,CA,APPLE INC,AAPL
1690,AA+, ,3/31/14,Cupertino,Apple Inc,4520,452020,45,45202030,B,USA,334111,3571,190,940,B+,CA,APPLE INC,AAPL
1690,AA+,A-1+,4/30/14,Cupertino,Apple Inc,4520,452020,45,45202030,B,USA,334111,3571,190,940,B+,CA,APPLE INC,AAPL
1690,AA+,A-1+,5/31/14,Cupertino,Apple Inc,4520,452020,45,45202030,B,USA,334111,3571,190,940,B+,CA,APPLE INC,AAPL
1690,AA+,A-1+,6/30/14,Cupertino,Apple Inc,4520,452020,45,45202030,B,USA,334111,3571,190,940,B+,CA,APPLE INC,AAPL
1773,BBB-, ,1/31/10,Englewood,Arrow Electronics Inc,4520,452030,45,45203030,D,USA,423690,5065,222,940,B,CO,ARROW ELECTRONICS INC,ARW
1773,BBB-, ,2/28/10,Englewood,Arrow Electronics Inc,4520,452030,45,45203030,D,USA,423690,5065,222,940,B,CO,ARROW ELECTRONICS INC,ARW
1773,BBB-, ,3/31/10,Englewood,Arrow Electronics Inc,4520,452030,45,45203030,D,USA,423690,5065,222,940,B,CO,ARROW ELECTRONICS INC,ARW
1773,BBB-, ,4/30/10,Englewood,Arrow Electronics Inc,4520,452030,45,45203030,D,USA,423690,5065,222,940,B,CO,ARROW ELECTRONICS INC,ARW
1773,BBB-, ,5/31/10,Englewood,Arrow Electronics Inc,4520,452030,45,45203030,D,USA,423690,5065,222,940,B,CO,ARROW ELECTRONICS INC,ARW
1773,BBB-, ,6/30/10,Englewood,Arrow Electronics Inc,4520,452030,45,45203030,D,USA,423690,5065,222,940,B,CO,ARROW ELECTRONICS INC,ARW
1773,BBB-, ,7/31/10,Englewood,Arrow Electronics Inc,4520,452030,45,45203030,D,USA,423690,5065,222,940,B,CO,ARROW ELECTRONICS INC,ARW
1773,BBB-, ,8/31/10,Englewood,Arrow Electronics Inc,4520,452030,45,45203030,D,USA,423690,5065,222,940,B,CO,ARROW ELECTRONICS INC,ARW
1773,BBB-, ,9/30/10,Englewood,Arrow Electronics Inc,4520,452030,45,45203030,D,USA,423690,5065,222,940,B,CO,ARROW ELECTRONICS INC,ARW
1773,BBB-, ,10/31/10,Englewood,Arrow Electronics Inc,4520,452030,45,45203030,D,USA,423690,5065,222,940,B,CO,ARROW ELECTRONICS INC,ARW
1773,BBB-, ,11/30/10,Englewood,Arrow Electronics Inc,4520,452030,45,45203030,D,USA,423690,5065,222,940,B,CO,ARROW ELECTRONICS INC,ARW
1773,BBB-, ,12/31/10,Englewood,Arrow Electronics Inc,4520,452030,45,45203030,D,USA,423690,5065,222,940,B,CO,ARROW ELECTRONICS INC,ARW
1773,BBB-, ,1/31/11,Englewood,Arrow Electronics Inc,4520,452030,45,45203030,D,USA,423690,5065,222,940,B,CO,ARROW ELECTRONICS INC,ARW
1773,BBB-, ,2/28/11,Englewood,Arrow Electronics Inc,4520,452030,45,45203030,D,USA,423690,5065,222,940,B,CO,ARROW ELECTRONICS INC,ARW
1773,BBB-, ,3/31/11,Englewood,Arrow Electronics Inc,4520,452030,45,45203030,D,USA,423690,5065,222,940,B,CO,ARROW ELECTRONICS INC,ARW
1773,BBB-, ,4/30/11,Englewood,Arrow Electronics Inc,4520,452030,45,45203030,D,USA,423690,5065,222,940,B,CO,ARROW ELECTRONICS INC,ARW
1773,BBB-, ,5/31/11,Englewood,Arrow Electronics Inc,4520,452030,45,45203030,D,USA,423690,5065,222,940,B,CO,ARROW ELECTRONICS INC,ARW
1773,BBB-, ,6/30/11,Englewood,Arrow Electronics Inc,4520,452030,45,45203030,D,USA,423690,5065,222,940,B,CO,ARROW ELECTRONICS INC,ARW
1773,BBB-, ,7/31/11,Englewood,Arrow Electronics Inc,4520,452030,45,45203030,D,USA,423690,5065,222,940,B,CO,ARROW ELECTRONICS INC,ARW
1773,BBB-, ,8/31/11,Englewood,Arrow Electronics Inc,4520,452030,45,45203030,D,USA,423690,5065,222,940,B,CO,ARROW ELECTRONICS INC,ARW
1773,BBB-, ,9/30/11,Englewood,Arrow Electronics Inc,4520,452030,45,45203030,D,USA,423690,5065,222,940,B,CO,ARROW ELECTRONICS INC,ARW
1773,BBB-,A-3,10/31/11,Englewood,Arrow Electronics Inc,4520,452030,45,45203030,D,USA,423690,5065,222,940,B,CO,ARROW ELECTRONICS INC,ARW
1773,BBB-,A-3,11/30/11,Englewood,Arrow Electronics Inc,4520,452030,45,45203030,D,USA,423690,5065,222,940,B,CO,ARROW ELECTRONICS INC,ARW
1773,BBB-,A-3,12/31/11,Englewood,Arrow Electronics Inc,4520,452030,45,45203030,D,USA,423690,5065,222,940,B,CO,ARROW ELECTRONICS INC,ARW
1773,BBB-,A-3,1/31/12,Englewood,Arrow Electronics Inc,4520,452030,45,45203030,D,USA,423690,5065,222,940,B,CO,ARROW ELECTRONICS INC,ARW
1773,BBB-,A-3,2/29/12,Englewood,Arrow Electronics Inc,4520,452030,45,45203030,D,USA,423690,5065,222,940,B,CO,ARROW ELECTRONICS INC,ARW
1773,BBB-,A-3,3/31/12,Englewood,Arrow Electronics Inc,4520,452030,45,45203030,D,USA,423690,5065,222,940,B,CO,ARROW ELECTRONICS INC,ARW
1773,BBB-,A-3,4/30/12,Englewood,Arrow Electronics Inc,4520,452030,45,45203030,D,USA,423690,5065,222,940,B,CO,ARROW ELECTRONICS INC,ARW
1773,BBB-,A-3,5/31/12,Englewood,Arrow Electronics Inc,4520,452030,45,45203030,D,USA,423690,5065,222,940,B,CO,ARROW ELECTRONICS INC,ARW
1773,BBB-,A-3,6/30/12,Englewood,Arrow Electronics Inc,4520,452030,45,45203030,D,USA,423690,5065,222,940,B,CO,ARROW ELECTRONICS INC,ARW
1773,BBB-,A-3,7/31/12,Englewood,Arrow Electronics Inc,4520,452030,45,45203030,D,USA,423690,5065,222,940,B,CO,ARROW ELECTRONICS INC,ARW
1773,BBB-,A-3,8/31/12,Englewood,Arrow Electronics Inc,4520,452030,45,45203030,D,USA,423690,5065,222,940,B,CO,ARROW ELECTRONICS INC,ARW
1773,BBB-,A-3,9/30/12,Englewood,Arrow Electronics Inc,4520,452030,45,45203030,D,USA,423690,5065,222,940,B,CO,ARROW ELECTRONICS INC,ARW
1773,BBB-,A-3,10/31/12,Englewood,Arrow Electronics Inc,4520,452030,45,45203030,D,USA,423690,5065,222,940,B,CO,ARROW ELECTRONICS INC,ARW
1773,BBB-,A-3,11/30/12,Englewood,Arrow Electronics Inc,4520,452030,45,45203030,D,USA,423690,5065,222,940,B,CO,ARROW ELECTRONICS INC,ARW
1773,BBB-,A-3,12/31/12,Englewood,Arrow Electronics Inc,4520,452030,45,45203030,D,USA,423690,5065,222,940,B,CO,ARROW ELECTRONICS INC,ARW
1773,BBB-,A-3,1/31/13,Englewood,Arrow Electronics Inc,4520,452030,45,45203030,D,USA,423690,5065,222,940,B,CO,ARROW ELECTRONICS INC,ARW
1773,BBB-,A-3,2/28/13,Englewood,Arrow Electronics Inc,4520,452030,45,45203030,D,USA,423690,5065,222,940,B,CO,ARROW ELECTRONICS INC,ARW
1773,BBB-,A-3,3/31/13,Englewood,Arrow Electronics Inc,4520,452030,45,45203030,D,USA,423690,5065,222,940,B,CO,ARROW ELECTRONICS INC,ARW
1773,BBB-,A-3,4/30/13,Englewood,Arrow Electronics Inc,4520,452030,45,45203030,D,USA,423690,5065,222,940,B,CO,ARROW ELECTRONICS INC,ARW
1773,BBB-,A-3,5/31/13,Englewood,Arrow Electronics Inc,4520,452030,45,45203030,D,USA,423690,5065,222,940,B,CO,ARROW ELECTRONICS INC,ARW
1773,BBB-,A-3,6/30/13,Englewood,Arrow Electronics Inc,4520,452030,45,45203030,D,USA,423690,5065,222,940,B,CO,ARROW ELECTRONICS INC,ARW
1773,BBB-,A-3,7/31/13,Englewood,Arrow Electronics Inc,4520,452030,45,45203030,D,USA,423690,5065,222,940,B,CO,ARROW ELECTRONICS INC,ARW
1773,BBB-,A-3,8/31/13,Englewood,Arrow Electronics Inc,4520,452030,45,45203030,D,USA,423690,5065,222,940,B,CO,ARROW ELECTRONICS INC,ARW
1773,BBB-,A-3,9/30/13,Englewood,Arrow Electronics Inc,4520,452030,45,45203030,D,USA,423690,5065,222,940,B,CO,ARROW ELECTRONICS INC,ARW
1773,BBB-,A-3,10/31/13,Englewood,Arrow Electronics Inc,4520,452030,45,45203030,D,USA,423690,5065,222,940,B,CO,ARROW ELECTRONICS INC,ARW
1773,BBB-,A-3,11/30/13,Englewood,Arrow Electronics Inc,4520,452030,45,45203030,D,USA,423690,5065,222,940,B,CO,ARROW ELECTRONICS INC,ARW
1773,BBB-,A-3,12/31/13,Englewood,Arrow Electronics Inc,4520,452030,45,45203030,D,USA,423690,5065,222,940,B,CO,ARROW ELECTRONICS INC,ARW
1773,BBB-,A-3,1/31/14,Englewood,Arrow Electronics Inc,4520,452030,45,45203030,D,USA,423690,5065,222,940,B,CO,ARROW ELECTRONICS INC,ARW
1773,BBB-,A-3,2/28/14,Englewood,Arrow Electronics Inc,4520,452030,45,45203030,D,USA,423690,5065,222,940,B,CO,ARROW ELECTRONICS INC,ARW
1773,BBB-,A-3,3/31/14,Englewood,Arrow Electronics Inc,4520,452030,45,45203030,D,USA,423690,5065,222,940,B,CO,ARROW ELECTRONICS INC,ARW
1773,BBB-,A-3,4/30/14,Englewood,Arrow Electronics Inc,4520,452030,45,45203030,D,USA,423690,5065,222,940,B,CO,ARROW ELECTRONICS INC,ARW
1773,BBB-,A-3,5/31/14,Englewood,Arrow Electronics Inc,4520,452030,45,45203030,D,USA,423690,5065,222,940,B,CO,ARROW ELECTRONICS INC,ARW
1773,BBB-,A-3,6/30/14,Englewood,Arrow Electronics Inc,4520,452030,45,45203030,D,USA,423690,5065,222,940,B,CO,ARROW ELECTRONICS INC,ARW
1820, , ,1/31/10,West Warwick,Astro-Med Inc,4520,452020,45,45202030,D,USA,334118,3577,230,940,B,RI,ASTRO-MED INC,ALOT
1820, , ,2/28/10,West Warwick,Astro-Med Inc,4520,452020,45,45202030,D,USA,334118,3577,230,940,B,RI,ASTRO-MED INC,ALOT
1820, , ,3/31/10,West Warwick,Astro-Med Inc,4520,452020,45,45202030,D,USA,334118,3577,230,940,B,RI,ASTRO-MED INC,ALOT
1820, , ,4/30/10,West Warwick,Astro-Med Inc,4520,452020,45,45202030,D,USA,334118,3577,230,940,B,RI,ASTRO-MED INC,ALOT
1820, , ,5/31/10,West Warwick,Astro-Med Inc,4520,452020,45,45202030,D,USA,334118,3577,230,940,B,RI,ASTRO-MED INC,ALOT
1820, , ,6/30/10,West Warwick,Astro-Med Inc,4520,452020,45,45202030,D,USA,334118,3577,230,940,B,RI,ASTRO-MED INC,ALOT
1820, , ,7/31/10,West Warwick,Astro-Med Inc,4520,452020,45,45202030,D,USA,334118,3577,230,940,B,RI,ASTRO-MED INC,ALOT
1820, , ,8/31/10,West Warwick,Astro-Med Inc,4520,452020,45,45202030,D,USA,334118,3577,230,940,B,RI,ASTRO-MED INC,ALOT
1820, , ,9/30/10,West Warwick,Astro-Med Inc,4520,452020,45,45202030,D,USA,334118,3577,230,940,B,RI,ASTRO-MED INC,ALOT
1820, , ,10/31/10,West Warwick,Astro-Med Inc,4520,452020,45,45202030,D,USA,334118,3577,230,940,B,RI,ASTRO-MED INC,ALOT
1820, , ,11/30/10,West Warwick,Astro-Med Inc,4520,452020,45,45202030,D,USA,334118,3577,230,940,B,RI,ASTRO-MED INC,ALOT
1820, , ,12/31/10,West Warwick,Astro-Med Inc,4520,452020,45,45202030,D,USA,334118,3577,230,940,B,RI,ASTRO-MED INC,ALOT
1820, , ,1/31/11,West Warwick,Astro-Med Inc,4520,452020,45,45202030,D,USA,334118,3577,230,940,B,RI,ASTRO-MED INC,ALOT
1820, , ,2/28/11,West Warwick,Astro-Med Inc,4520,452020,45,45202030,D,USA,334118,3577,230,940,B,RI,ASTRO-MED INC,ALOT
1820, , ,3/31/11,West Warwick,Astro-Med Inc,4520,452020,45,45202030,D,USA,334118,3577,230,940,B,RI,ASTRO-MED INC,ALOT
1820, , ,4/30/11,West Warwick,Astro-Med Inc,4520,452020,45,45202030,D,USA,334118,3577,230,940,B,RI,ASTRO-MED INC,ALOT
1820, , ,5/31/11,West Warwick,Astro-Med Inc,4520,452020,45,45202030,D,USA,334118,3577,230,940,B,RI,ASTRO-MED INC,ALOT
1820, , ,6/30/11,West Warwick,Astro-Med Inc,4520,452020,45,45202030,D,USA,334118,3577,230,940,B,RI,ASTRO-MED INC,ALOT
1820, , ,7/31/11,West Warwick,Astro-Med Inc,4520,452020,45,45202030,D,USA,334118,3577,230,940,B,RI,ASTRO-MED INC,ALOT
1820, , ,8/31/11,West Warwick,Astro-Med Inc,4520,452020,45,45202030,D,USA,334118,3577,230,940,B,RI,ASTRO-MED INC,ALOT
1820, , ,9/30/11,West Warwick,Astro-Med Inc,4520,452020,45,45202030,D,USA,334118,3577,230,940,B,RI,ASTRO-MED INC,ALOT
1820, , ,10/31/11,West Warwick,Astro-Med Inc,4520,452020,45,45202030,D,USA,334118,3577,230,940,B,RI,ASTRO-MED INC,ALOT
1820, , ,11/30/11,West Warwick,Astro-Med Inc,4520,452020,45,45202030,D,USA,334118,3577,230,940,B,RI,ASTRO-MED INC,ALOT
1820, , ,12/31/11,West Warwick,Astro-Med Inc,4520,452020,45,45202030,D,USA,334118,3577,230,940,B,RI,ASTRO-MED INC,ALOT
1820, , ,1/31/12,West Warwick,Astro-Med Inc,4520,452020,45,45202030,D,USA,334118,3577,230,940,B,RI,ASTRO-MED INC,ALOT
1820, , ,2/29/12,West Warwick,Astro-Med Inc,4520,452020,45,45202030,D,USA,334118,3577,230,940,B,RI,ASTRO-MED INC,ALOT
1820, , ,3/31/12,West Warwick,Astro-Med Inc,4520,452020,45,45202030,D,USA,334118,3577,230,940,B,RI,ASTRO-MED INC,ALOT
1820, , ,4/30/12,West Warwick,Astro-Med Inc,4520,452020,45,45202030,D,USA,334118,3577,230,940,B,RI,ASTRO-MED INC,ALOT
1820, , ,5/31/12,West Warwick,Astro-Med Inc,4520,452020,45,45202030,D,USA,334118,3577,230,940,B,RI,ASTRO-MED INC,ALOT
1820, , ,6/30/12,West Warwick,Astro-Med Inc,4520,452020,45,45202030,D,USA,334118,3577,230,940,B,RI,ASTRO-MED INC,ALOT
1820, , ,7/31/12,West Warwick,Astro-Med Inc,4520,452020,45,45202030,D,USA,334118,3577,230,940,B,RI,ASTRO-MED INC,ALOT
1820, , ,8/31/12,West Warwick,Astro-Med Inc,4520,452020,45,45202030,D,USA,334118,3577,230,940,B,RI,ASTRO-MED INC,ALOT
1820, , ,9/30/12,West Warwick,Astro-Med Inc,4520,452020,45,45202030,D,USA,334118,3577,230,940,B,RI,ASTRO-MED INC,ALOT
1820, , ,10/31/12,West Warwick,Astro-Med Inc,4520,452020,45,45202030,D,USA,334118,3577,230,940,B,RI,ASTRO-MED INC,ALOT
1820, , ,11/30/12,West Warwick,Astro-Med Inc,4520,452020,45,45202030,D,USA,334118,3577,230,940,B,RI,ASTRO-MED INC,ALOT
1820, , ,12/31/12,West Warwick,Astro-Med Inc,4520,452020,45,45202030,D,USA,334118,3577,230,940,B,RI,ASTRO-MED INC,ALOT
1820, , ,1/31/13,West Warwick,Astro-Med Inc,4520,452020,45,45202030,D,USA,334118,3577,230,940,B,RI,ASTRO-MED INC,ALOT
1820, , ,2/28/13,West Warwick,Astro-Med Inc,4520,452020,45,45202030,D,USA,334118,3577,230,940,B,RI,ASTRO-MED INC,ALOT
1820, , ,3/31/13,West Warwick,Astro-Med Inc,4520,452020,45,45202030,D,USA,334118,3577,230,940,B,RI,ASTRO-MED INC,ALOT
1820, , ,4/30/13,West Warwick,Astro-Med Inc,4520,452020,45,45202030,D,USA,334118,3577,230,940,B,RI,ASTRO-MED INC,ALOT
1820, , ,5/31/13,West Warwick,Astro-Med Inc,4520,452020,45,45202030,D,USA,334118,3577,230,940,B,RI,ASTRO-MED INC,ALOT
1820, , ,6/30/13,West Warwick,Astro-Med Inc,4520,452020,45,45202030,D,USA,334118,3577,230,940,B,RI,ASTRO-MED INC,ALOT
1820, , ,7/31/13,West Warwick,Astro-Med Inc,4520,452020,45,45202030,D,USA,334118,3577,230,940,B,RI,ASTRO-MED INC,ALOT
1820, , ,8/31/13,West Warwick,Astro-Med Inc,4520,452020,45,45202030,D,USA,334118,3577,230,940,B,RI,ASTRO-MED INC,ALOT
1820, , ,9/30/13,West Warwick,Astro-Med Inc,4520,452020,45,45202030,D,USA,334118,3577,230,940,B,RI,ASTRO-MED INC,ALOT
1820, , ,10/31/13,West Warwick,Astro-Med Inc,4520,452020,45,45202030,D,USA,334118,3577,230,940,B,RI,ASTRO-MED INC,ALOT
1822, , ,1/31/10,Plymouth,Astrocom Corp,4520,452020,45,45202020,D,USA,334119,3576,190,940, ,MN,ASTROCOM CORP,ATCCQ
1822, , ,2/28/10,Plymouth,Astrocom Corp,4520,452020,45,45202020,D,USA,334119,3576,190,940, ,MN,ASTROCOM CORP,ATCCQ
1822, , ,3/31/10,Plymouth,Astrocom Corp,4520,452020,45,45202020,D,USA,334119,3576,190,940, ,MN,ASTROCOM CORP,ATCCQ
1822, , ,4/30/10,Plymouth,Astrocom Corp,4520,452020,45,45202020,D,USA,334119,3576,190,940, ,MN,ASTROCOM CORP,ATCCQ
1822, , ,5/31/10,Plymouth,Astrocom Corp,4520,452020,45,45202020,D,USA,334119,3576,190,940, ,MN,ASTROCOM CORP,ATCCQ
1822, , ,6/30/10,Plymouth,Astrocom Corp,4520,452020,45,45202020,D,USA,334119,3576,190,940, ,MN,ASTROCOM CORP,ATCCQ
1822, , ,7/31/10,Plymouth,Astrocom Corp,4520,452020,45,45202020,D,USA,334119,3576,190,940, ,MN,ASTROCOM CORP,ATCCQ
1822, , ,8/31/10,Plymouth,Astrocom Corp,4520,452020,45,45202020,D,USA,334119,3576,190,940, ,MN,ASTROCOM CORP,ATCCQ
1822, , ,9/30/10,Plymouth,Astrocom Corp,4520,452020,45,45202020,D,USA,334119,3576,190,940, ,MN,ASTROCOM CORP,ATCCQ
1822, , ,10/31/10,Plymouth,Astrocom Corp,4520,452020,45,45202020,D,USA,334119,3576,190,940, ,MN,ASTROCOM CORP,ATCCQ
1822, , ,11/30/10,Plymouth,Astrocom Corp,4520,452020,45,45202020,D,USA,334119,3576,190,940, ,MN,ASTROCOM CORP,ATCCQ
1822, , ,12/31/10,Plymouth,Astrocom Corp,4520,452020,45,45202020,D,USA,334119,3576,190,940, ,MN,ASTROCOM CORP,ATCCQ
1822, , ,1/31/11,Plymouth,Astrocom Corp,4520,452020,45,45202020,D,USA,334119,3576,190,940, ,MN,ASTROCOM CORP,ATCCQ
1822, , ,2/28/11,Plymouth,Astrocom Corp,4520,452020,45,45202020,D,USA,334119,3576,190,940, ,MN,ASTROCOM CORP,ATCCQ
1822, , ,3/31/11,Plymouth,Astrocom Corp,4520,452020,45,45202020,D,USA,334119,3576,190,940, ,MN,ASTROCOM CORP,ATCCQ
1919,BBB-, ,1/31/10,Phoenix,Avnet Inc,4520,452030,45,45203030,D,USA,423690,5065,222,940,B-,AZ,AVNET INC,AVT
1919,BBB-, ,2/28/10,Phoenix,Avnet Inc,4520,452030,45,45203030,D,USA,423690,5065,222,940,B-,AZ,AVNET INC,AVT
1919,BBB-, ,3/31/10,Phoenix,Avnet Inc,4520,452030,45,45203030,D,USA,423690,5065,222,940,B-,AZ,AVNET INC,AVT
1919,BBB-, ,4/30/10,Phoenix,Avnet Inc,4520,452030,45,45203030,D,USA,423690,5065,222,940,B-,AZ,AVNET INC,AVT
1919,BBB-, ,5/31/10,Phoenix,Avnet Inc,4520,452030,45,45203030,D,USA,423690,5065,222,940,B-,AZ,AVNET INC,AVT
1919,BBB-, ,6/30/10,Phoenix,Avnet Inc,4520,452030,45,45203030,D,USA,423690,5065,222,940,B-,AZ,AVNET INC,AVT
1919,BBB-, ,7/31/10,Phoenix,Avnet Inc,4520,452030,45,45203030,D,USA,423690,5065,222,940,B-,AZ,AVNET INC,AVT
1919,BBB-, ,8/31/10,Phoenix,Avnet Inc,4520,452030,45,45203030,D,USA,423690,5065,222,940,B-,AZ,AVNET INC,AVT
1919,BBB-, ,9/30/10,Phoenix,Avnet Inc,4520,452030,45,45203030,D,USA,423690,5065,222,940,B-,AZ,AVNET INC,AVT
1919,BBB-, ,10/31/10,Phoenix,Avnet Inc,4520,452030,45,45203030,D,USA,423690,5065,222,940,B-,AZ,AVNET INC,AVT
1919,BBB-, ,11/30/10,Phoenix,Avnet Inc,4520,452030,45,45203030,D,USA,423690,5065,222,940,B-,AZ,AVNET INC,AVT
1919,BBB-, ,12/31/10,Phoenix,Avnet Inc,4520,452030,45,45203030,D,USA,423690,5065,222,940,B-,AZ,AVNET INC,AVT
1919,BBB-, ,1/31/11,Phoenix,Avnet Inc,4520,452030,45,45203030,D,USA,423690,5065,222,940,B-,AZ,AVNET INC,AVT
1919,BBB-, ,2/28/11,Phoenix,Avnet Inc,4520,452030,45,45203030,D,USA,423690,5065,222,940,B-,AZ,AVNET INC,AVT
1919,BBB-, ,3/31/11,Phoenix,Avnet Inc,4520,452030,45,45203030,D,USA,423690,5065,222,940,B-,AZ,AVNET INC,AVT
1919,BBB-, ,4/30/11,Phoenix,Avnet Inc,4520,452030,45,45203030,D,USA,423690,5065,222,940,B-,AZ,AVNET INC,AVT
1919,BBB-, ,5/31/11,Phoenix,Avnet Inc,4520,452030,45,45203030,D,USA,423690,5065,222,940,B-,AZ,AVNET INC,AVT
1919,BBB-, ,6/30/11,Phoenix,Avnet Inc,4520,452030,45,45203030,D,USA,423690,5065,222,940,B-,AZ,AVNET INC,AVT
1919,BBB-, ,7/31/11,Phoenix,Avnet Inc,4520,452030,45,45203030,D,USA,423690,5065,222,940,B-,AZ,AVNET INC,AVT
1919,BBB-, ,8/31/11,Phoenix,Avnet Inc,4520,452030,45,45203030,D,USA,423690,5065,222,940,B-,AZ,AVNET INC,AVT
1919,BBB-, ,9/30/11,Phoenix,Avnet Inc,4520,452030,45,45203030,D,USA,423690,5065,222,940,B-,AZ,AVNET INC,AVT
1919,BBB-, ,10/31/11,Phoenix,Avnet Inc,4520,452030,45,45203030,D,USA,423690,5065,222,940,B-,AZ,AVNET INC,AVT
1919,BBB-, ,11/30/11,Phoenix,Avnet Inc,4520,452030,45,45203030,D,USA,423690,5065,222,940,B-,AZ,AVNET INC,AVT
1919,BBB-, ,12/31/11,Phoenix,Avnet Inc,4520,452030,45,45203030,D,USA,423690,5065,222,940,B-,AZ,AVNET INC,AVT
1919,BBB-, ,1/31/12,Phoenix,Avnet Inc,4520,452030,45,45203030,D,USA,423690,5065,222,940,B-,AZ,AVNET INC,AVT
1919,BBB-, ,2/29/12,Phoenix,Avnet Inc,4520,452030,45,45203030,D,USA,423690,5065,222,940,B-,AZ,AVNET INC,AVT
1919,BBB-, ,3/31/12,Phoenix,Avnet Inc,4520,452030,45,45203030,D,USA,423690,5065,222,940,B-,AZ,AVNET INC,AVT
1919,BBB-, ,4/30/12,Phoenix,Avnet Inc,4520,452030,45,45203030,D,USA,423690,5065,222,940,B-,AZ,AVNET INC,AVT
1919,BBB-, ,5/31/12,Phoenix,Avnet Inc,4520,452030,45,45203030,D,USA,423690,5065,222,940,B-,AZ,AVNET INC,AVT
1919,BBB-, ,6/30/12,Phoenix,Avnet Inc,4520,452030,45,45203030,D,USA,423690,5065,222,940,B-,AZ,AVNET INC,AVT
1919,BBB-, ,7/31/12,Phoenix,Avnet Inc,4520,452030,45,45203030,D,USA,423690,5065,222,940,B-,AZ,AVNET INC,AVT
1919,BBB-, ,8/31/12,Phoenix,Avnet Inc,4520,452030,45,45203030,D,USA,423690,5065,222,940,B-,AZ,AVNET INC,AVT
1919,BBB-, ,9/30/12,Phoenix,Avnet Inc,4520,452030,45,45203030,D,USA,423690,5065,222,940,B-,AZ,AVNET INC,AVT
1919,BBB-, ,10/31/12,Phoenix,Avnet Inc,4520,452030,45,45203030,D,USA,423690,5065,222,940,B-,AZ,AVNET INC,AVT
1919,BBB-, ,11/30/12,Phoenix,Avnet Inc,4520,452030,45,45203030,D,USA,423690,5065,222,940,B-,AZ,AVNET INC,AVT
1919,BBB-, ,12/31/12,Phoenix,Avnet Inc,4520,452030,45,45203030,D,USA,423690,5065,222,940,B-,AZ,AVNET INC,AVT
1919,BBB-, ,1/31/13,Phoenix,Avnet Inc,4520,452030,45,45203030,D,USA,423690,5065,222,940,B-,AZ,AVNET INC,AVT
1919,BBB-, ,2/28/13,Phoenix,Avnet Inc,4520,452030,45,45203030,D,USA,423690,5065,222,940,B-,AZ,AVNET INC,AVT
1919,BBB-, ,3/31/13,Phoenix,Avnet Inc,4520,452030,45,45203030,D,USA,423690,5065,222,940,B-,AZ,AVNET INC,AVT
1919,BBB-, ,4/30/13,Phoenix,Avnet Inc,4520,452030,45,45203030,D,USA,423690,5065,222,940,B-,AZ,AVNET INC,AVT
1919,BBB-, ,5/31/13,Phoenix,Avnet Inc,4520,452030,45,45203030,D,USA,423690,5065,222,940,B-,AZ,AVNET INC,AVT
1919,BBB-, ,6/30/13,Phoenix,Avnet Inc,4520,452030,45,45203030,D,USA,423690,5065,222,940,B-,AZ,AVNET INC,AVT
1919,BBB-, ,7/31/13,Phoenix,Avnet Inc,4520,452030,45,45203030,D,USA,423690,5065,222,940,B-,AZ,AVNET INC,AVT
1919,BBB-, ,8/31/13,Phoenix,Avnet Inc,4520,452030,45,45203030,D,USA,423690,5065,222,940,B-,AZ,AVNET INC,AVT
1919,BBB-, ,9/30/13,Phoenix,Avnet Inc,4520,452030,45,45203030,D,USA,423690,5065,222,940,B-,AZ,AVNET INC,AVT
1919,BBB-, ,10/31/13,Phoenix,Avnet Inc,4520,452030,45,45203030,D,USA,423690,5065,222,940,B-,AZ,AVNET INC,AVT
1919,BBB-, ,11/30/13,Phoenix,Avnet Inc,4520,452030,45,45203030,D,USA,423690,5065,222,940,B-,AZ,AVNET INC,AVT
1919,BBB-, ,12/31/13,Phoenix,Avnet Inc,4520,452030,45,45203030,D,USA,423690,5065,222,940,B-,AZ,AVNET INC,AVT
1919,BBB-, ,1/31/14,Phoenix,Avnet Inc,4520,452030,45,45203030,D,USA,423690,5065,222,940,B-,AZ,AVNET INC,AVT
1919,BBB-, ,2/28/14,Phoenix,Avnet Inc,4520,452030,45,45203030,D,USA,423690,5065,222,940,B-,AZ,AVNET INC,AVT
1919,BBB-, ,3/31/14,Phoenix,Avnet Inc,4520,452030,45,45203030,D,USA,423690,5065,222,940,B-,AZ,AVNET INC,AVT
1919,BBB-, ,4/30/14,Phoenix,Avnet Inc,4520,452030,45,45203030,D,USA,423690,5065,222,940,B-,AZ,AVNET INC,AVT
1919,BBB-, ,5/31/14,Phoenix,Avnet Inc,4520,452030,45,45203030,D,USA,423690,5065,222,940,B-,AZ,AVNET INC,AVT
1919,BBB-, ,6/30/14,Phoenix,Avnet Inc,4520,452030,45,45203030,D,USA,423690,5065,222,940,B-,AZ,AVNET INC,AVT
1968, , ,1/31/10,Milwaukee,Badger Meter Inc.,4520,452030,45,45203010,D,USA,334514,3824,230,940,B+,WI,BADGER METER INC,BMI
1968, , ,2/28/10,Milwaukee,Badger Meter Inc.,4520,452030,45,45203010,D,USA,334514,3824,230,940,B+,WI,BADGER METER INC,BMI
1968, , ,3/31/10,Milwaukee,Badger Meter Inc.,4520,452030,45,45203010,D,USA,334514,3824,230,940,B+,WI,BADGER METER INC,BMI
1968, , ,4/30/10,Milwaukee,Badger Meter Inc.,4520,452030,45,45203010,D,USA,334514,3824,230,940,B+,WI,BADGER METER INC,BMI
1968, , ,5/31/10,Milwaukee,Badger Meter Inc.,4520,452030,45,45203010,D,USA,334514,3824,230,940,B+,WI,BADGER METER INC,BMI
1968, , ,6/30/10,Milwaukee,Badger Meter Inc.,4520,452030,45,45203010,D,USA,334514,3824,230,940,B+,WI,BADGER METER INC,BMI
1968, , ,7/31/10,Milwaukee,Badger Meter Inc.,4520,452030,45,45203010,D,USA,334514,3824,230,940,B+,WI,BADGER METER INC,BMI
1968, , ,8/31/10,Milwaukee,Badger Meter Inc.,4520,452030,45,45203010,D,USA,334514,3824,230,940,B+,WI,BADGER METER INC,BMI
1968, , ,9/30/10,Milwaukee,Badger Meter Inc.,4520,452030,45,45203010,D,USA,334514,3824,230,940,B+,WI,BADGER METER INC,BMI
1968, , ,10/31/10,Milwaukee,Badger Meter Inc.,4520,452030,45,45203010,D,USA,334514,3824,230,940,B+,WI,BADGER METER INC,BMI
1968, , ,11/30/10,Milwaukee,Badger Meter Inc.,4520,452030,45,45203010,D,USA,334514,3824,230,940,B+,WI,BADGER METER INC,BMI
1968, , ,12/31/10,Milwaukee,Badger Meter Inc.,4520,452030,45,45203010,D,USA,334514,3824,230,940,B+,WI,BADGER METER INC,BMI
1968, , ,1/31/11,Milwaukee,Badger Meter Inc.,4520,452030,45,45203010,D,USA,334514,3824,230,940,B+,WI,BADGER METER INC,BMI
1968, , ,2/28/11,Milwaukee,Badger Meter Inc.,4520,452030,45,45203010,D,USA,334514,3824,230,940,B+,WI,BADGER METER INC,BMI
1968, , ,3/31/11,Milwaukee,Badger Meter Inc.,4520,452030,45,45203010,D,USA,334514,3824,230,940,B+,WI,BADGER METER INC,BMI
1968, , ,4/30/11,Milwaukee,Badger Meter Inc.,4520,452030,45,45203010,D,USA,334514,3824,230,940,B+,WI,BADGER METER INC,BMI
1968, , ,5/31/11,Milwaukee,Badger Meter Inc.,4520,452030,45,45203010,D,USA,334514,3824,230,940,B+,WI,BADGER METER INC,BMI
1968, , ,6/30/11,Milwaukee,Badger Meter Inc.,4520,452030,45,45203010,D,USA,334514,3824,230,940,B+,WI,BADGER METER INC,BMI
1968, , ,7/31/11,Milwaukee,Badger Meter Inc.,4520,452030,45,45203010,D,USA,334514,3824,230,940,B+,WI,BADGER METER INC,BMI
1968, , ,8/31/11,Milwaukee,Badger Meter Inc.,4520,452030,45,45203010,D,USA,334514,3824,230,940,B+,WI,BADGER METER INC,BMI
1968, , ,9/30/11,Milwaukee,Badger Meter Inc.,4520,452030,45,45203010,D,USA,334514,3824,230,940,B+,WI,BADGER METER INC,BMI
1968, , ,10/31/11,Milwaukee,Badger Meter Inc.,4520,452030,45,45203010,D,USA,334514,3824,230,940,B+,WI,BADGER METER INC,BMI
1968, , ,11/30/11,Milwaukee,Badger Meter Inc.,4520,452030,45,45203010,D,USA,334514,3824,230,940,B+,WI,BADGER METER INC,BMI
1968, , ,12/31/11,Milwaukee,Badger Meter Inc.,4520,452030,45,45203010,D,USA,334514,3824,230,940,B+,WI,BADGER METER INC,BMI
1968, , ,1/31/12,Milwaukee,Badger Meter Inc.,4520,452030,45,45203010,D,USA,334514,3824,230,940,B+,WI,BADGER METER INC,BMI
1968, , ,2/29/12,Milwaukee,Badger Meter Inc.,4520,452030,45,45203010,D,USA,334514,3824,230,940,B+,WI,BADGER METER INC,BMI
1968, , ,3/31/12,Milwaukee,Badger Meter Inc.,4520,452030,45,45203010,D,USA,334514,3824,230,940,B+,WI,BADGER METER INC,BMI
1968, , ,4/30/12,Milwaukee,Badger Meter Inc.,4520,452030,45,45203010,D,USA,334514,3824,230,940,B+,WI,BADGER METER INC,BMI
1968, , ,5/31/12,Milwaukee,Badger Meter Inc.,4520,452030,45,45203010,D,USA,334514,3824,230,940,B+,WI,BADGER METER INC,BMI
1968, , ,6/30/12,Milwaukee,Badger Meter Inc.,4520,452030,45,45203010,D,USA,334514,3824,230,940,B+,WI,BADGER METER INC,BMI
1968, , ,7/31/12,Milwaukee,Badger Meter Inc.,4520,452030,45,45203010,D,USA,334514,3824,230,940,B+,WI,BADGER METER INC,BMI
1968, , ,8/31/12,Milwaukee,Badger Meter Inc.,4520,452030,45,45203010,D,USA,334514,3824,230,940,B+,WI,BADGER METER INC,BMI
1968, , ,9/30/12,Milwaukee,Badger Meter Inc.,4520,452030,45,45203010,D,USA,334514,3824,230,940,B+,WI,BADGER METER INC,BMI
1968, , ,10/31/12,Milwaukee,Badger Meter Inc.,4520,452030,45,45203010,D,USA,334514,3824,230,940,B+,WI,BADGER METER INC,BMI
1968, , ,11/30/12,Milwaukee,Badger Meter Inc.,4520,452030,45,45203010,D,USA,334514,3824,230,940,B+,WI,BADGER METER INC,BMI
1968, , ,12/31/12,Milwaukee,Badger Meter Inc.,4520,452030,45,45203010,D,USA,334514,3824,230,940,B+,WI,BADGER METER INC,BMI
1968, , ,1/31/13,Milwaukee,Badger Meter Inc.,4520,452030,45,45203010,D,USA,334514,3824,230,940,B+,WI,BADGER METER INC,BMI
1968, , ,2/28/13,Milwaukee,Badger Meter Inc.,4520,452030,45,45203010,D,USA,334514,3824,230,940,B+,WI,BADGER METER INC,BMI
1968, , ,3/31/13,Milwaukee,Badger Meter Inc.,4520,452030,45,45203010,D,USA,334514,3824,230,940,B+,WI,BADGER METER INC,BMI
1968, , ,4/30/13,Milwaukee,Badger Meter Inc.,4520,452030,45,45203010,D,USA,334514,3824,230,940,B+,WI,BADGER METER INC,BMI
1968, , ,5/31/13,Milwaukee,Badger Meter Inc.,4520,452030,45,45203010,D,USA,334514,3824,230,940,B+,WI,BADGER METER INC,BMI
1968, , ,6/30/13,Milwaukee,Badger Meter Inc.,4520,452030,45,45203010,D,USA,334514,3824,230,940,B+,WI,BADGER METER INC,BMI
1968, , ,7/31/13,Milwaukee,Badger Meter Inc.,4520,452030,45,45203010,D,USA,334514,3824,230,940,B+,WI,BADGER METER INC,BMI
1968, , ,8/31/13,Milwaukee,Badger Meter Inc.,4520,452030,45,45203010,D,USA,334514,3824,230,940,B+,WI,BADGER METER INC,BMI
1968, , ,9/30/13,Milwaukee,Badger Meter Inc.,4520,452030,45,45203010,D,USA,334514,3824,230,940,B+,WI,BADGER METER INC,BMI
1968, , ,10/31/13,Milwaukee,Badger Meter Inc.,4520,452030,45,45203010,D,USA,334514,3824,230,940,B+,WI,BADGER METER INC,BMI
2124, , ,1/31/10,Jersey City,Bel Fuse Inc.,4520,452010,45,45201020,D,USA,334416,3677,180,940,B-,NJ,BEL FUSE INC,BELFB
2124, , ,2/28/10,Jersey City,Bel Fuse Inc.,4520,452010,45,45201020,D,USA,334416,3677,180,940,B-,NJ,BEL FUSE INC,BELFB
2124, , ,3/31/10,Jersey City,Bel Fuse Inc.,4520,452010,45,45201020,D,USA,334416,3677,180,940,B-,NJ,BEL FUSE INC,BELFB
2124, , ,4/30/10,Jersey City,Bel Fuse Inc.,4520,452010,45,45201020,D,USA,334416,3677,180,940,B-,NJ,BEL FUSE INC,BELFB
2124, , ,5/31/10,Jersey City,Bel Fuse Inc.,4520,452010,45,45201020,D,USA,334416,3677,180,940,B-,NJ,BEL FUSE INC,BELFB
2124, , ,6/30/10,Jersey City,Bel Fuse Inc.,4520,452010,45,45201020,D,USA,334416,3677,180,940,B-,NJ,BEL FUSE INC,BELFB
2124, , ,7/31/10,Jersey City,Bel Fuse Inc.,4520,452010,45,45201020,D,USA,334416,3677,180,940,B-,NJ,BEL FUSE INC,BELFB
2124, , ,8/31/10,Jersey City,Bel Fuse Inc.,4520,452010,45,45201020,D,USA,334416,3677,180,940,B-,NJ,BEL FUSE INC,BELFB
2124, , ,9/30/10,Jersey City,Bel Fuse Inc.,4520,452010,45,45201020,D,USA,334416,3677,180,940,B-,NJ,BEL FUSE INC,BELFB
2124, , ,10/31/10,Jersey City,Bel Fuse Inc.,4520,452010,45,45201020,D,USA,334416,3677,180,940,B-,NJ,BEL FUSE INC,BELFB
2124, , ,11/30/10,Jersey City,Bel Fuse Inc.,4520,452010,45,45201020,D,USA,334416,3677,180,940,B-,NJ,BEL FUSE INC,BELFB
2124, , ,12/31/10,Jersey City,Bel Fuse Inc.,4520,452010,45,45201020,D,USA,334416,3677,180,940,B-,NJ,BEL FUSE INC,BELFB
2124, , ,1/31/11,Jersey City,Bel Fuse Inc.,4520,452010,45,45201020,D,USA,334416,3677,180,940,B-,NJ,BEL FUSE INC,BELFB
2124, , ,2/28/11,Jersey City,Bel Fuse Inc.,4520,452010,45,45201020,D,USA,334416,3677,180,940,B-,NJ,BEL FUSE INC,BELFB
2124, , ,3/31/11,Jersey City,Bel Fuse Inc.,4520,452010,45,45201020,D,USA,334416,3677,180,940,B-,NJ,BEL FUSE INC,BELFB
2124, , ,4/30/11,Jersey City,Bel Fuse Inc.,4520,452010,45,45201020,D,USA,334416,3677,180,940,B-,NJ,BEL FUSE INC,BELFB
2124, , ,5/31/11,Jersey City,Bel Fuse Inc.,4520,452010,45,45201020,D,USA,334416,3677,180,940,B-,NJ,BEL FUSE INC,BELFB
2124, , ,6/30/11,Jersey City,Bel Fuse Inc.,4520,452010,45,45201020,D,USA,334416,3677,180,940,B-,NJ,BEL FUSE INC,BELFB
2124, , ,7/31/11,Jersey City,Bel Fuse Inc.,4520,452010,45,45201020,D,USA,334416,3677,180,940,B-,NJ,BEL FUSE INC,BELFB
2124, , ,8/31/11,Jersey City,Bel Fuse Inc.,4520,452010,45,45201020,D,USA,334416,3677,180,940,B-,NJ,BEL FUSE INC,BELFB
2124, , ,9/30/11,Jersey City,Bel Fuse Inc.,4520,452010,45,45201020,D,USA,334416,3677,180,940,B-,NJ,BEL FUSE INC,BELFB
2124, , ,10/31/11,Jersey City,Bel Fuse Inc.,4520,452010,45,45201020,D,USA,334416,3677,180,940,B-,NJ,BEL FUSE INC,BELFB
2124, , ,11/30/11,Jersey City,Bel Fuse Inc.,4520,452010,45,45201020,D,USA,334416,3677,180,940,B-,NJ,BEL FUSE INC,BELFB
2124, , ,12/31/11,Jersey City,Bel Fuse Inc.,4520,452010,45,45201020,D,USA,334416,3677,180,940,B-,NJ,BEL FUSE INC,BELFB
2124, , ,1/31/12,Jersey City,Bel Fuse Inc.,4520,452010,45,45201020,D,USA,334416,3677,180,940,B-,NJ,BEL FUSE INC,BELFB
2124, , ,2/29/12,Jersey City,Bel Fuse Inc.,4520,452010,45,45201020,D,USA,334416,3677,180,940,B-,NJ,BEL FUSE INC,BELFB
2124, , ,3/31/12,Jersey City,Bel Fuse Inc.,4520,452010,45,45201020,D,USA,334416,3677,180,940,B-,NJ,BEL FUSE INC,BELFB
2124, , ,4/30/12,Jersey City,Bel Fuse Inc.,4520,452010,45,45201020,D,USA,334416,3677,180,940,B-,NJ,BEL FUSE INC,BELFB
2124, , ,5/31/12,Jersey City,Bel Fuse Inc.,4520,452010,45,45201020,D,USA,334416,3677,180,940,B-,NJ,BEL FUSE INC,BELFB
2124, , ,6/30/12,Jersey City,Bel Fuse Inc.,4520,452010,45,45201020,D,USA,334416,3677,180,940,B-,NJ,BEL FUSE INC,BELFB
2124, , ,7/31/12,Jersey City,Bel Fuse Inc.,4520,452010,45,45201020,D,USA,334416,3677,180,940,B-,NJ,BEL FUSE INC,BELFB
2124, , ,8/31/12,Jersey City,Bel Fuse Inc.,4520,452010,45,45201020,D,USA,334416,3677,180,940,B-,NJ,BEL FUSE INC,BELFB
2124, , ,9/30/12,Jersey City,Bel Fuse Inc.,4520,452010,45,45201020,D,USA,334416,3677,180,940,B-,NJ,BEL FUSE INC,BELFB
2124, , ,10/31/12,Jersey City,Bel Fuse Inc.,4520,452010,45,45201020,D,USA,334416,3677,180,940,B-,NJ,BEL FUSE INC,BELFB
2124, , ,11/30/12,Jersey City,Bel Fuse Inc.,4520,452010,45,45201020,D,USA,334416,3677,180,940,B-,NJ,BEL FUSE INC,BELFB
2124, , ,12/31/12,Jersey City,Bel Fuse Inc.,4520,452010,45,45201020,D,USA,334416,3677,180,940,B-,NJ,BEL FUSE INC,BELFB
2124, , ,1/31/13,Jersey City,Bel Fuse Inc.,4520,452010,45,45201020,D,USA,334416,3677,180,940,B-,NJ,BEL FUSE INC,BELFB
2124, , ,2/28/13,Jersey City,Bel Fuse Inc.,4520,452010,45,45201020,D,USA,334416,3677,180,940,B-,NJ,BEL FUSE INC,BELFB
2124, , ,3/31/13,Jersey City,Bel Fuse Inc.,4520,452010,45,45201020,D,USA,334416,3677,180,940,B-,NJ,BEL FUSE INC,BELFB
2124, , ,4/30/13,Jersey City,Bel Fuse Inc.,4520,452010,45,45201020,D,USA,334416,3677,180,940,B-,NJ,BEL FUSE INC,BELFB
2124, , ,5/31/13,Jersey City,Bel Fuse Inc.,4520,452010,45,45201020,D,USA,334416,3677,180,940,B-,NJ,BEL FUSE INC,BELFB
2124, , ,6/30/13,Jersey City,Bel Fuse Inc.,4520,452010,45,45201020,D,USA,334416,3677,180,940,B-,NJ,BEL FUSE INC,BELFB
2124, , ,7/31/13,Jersey City,Bel Fuse Inc.,4520,452010,45,45201020,D,USA,334416,3677,180,940,B-,NJ,BEL FUSE INC,BELFB
2124, , ,8/31/13,Jersey City,Bel Fuse Inc.,4520,452010,45,45201020,D,USA,334416,3677,180,940,B-,NJ,BEL FUSE INC,BELFB
2124, , ,9/30/13,Jersey City,Bel Fuse Inc.,4520,452010,45,45201020,D,USA,334416,3677,180,940,B-,NJ,BEL FUSE INC,BELFB
2124, , ,10/31/13,Jersey City,Bel Fuse Inc.,4520,452010,45,45201020,D,USA,334416,3677,180,940,B-,NJ,BEL FUSE INC,BELFB
2402, , ,1/31/10,Moffett Field,MSGI Security Solutions Inc,4520,452030,45,45203010,D,USA,334220,3679,175,976,C,CA,MSGI SECURITY SOLUTIONS INC,MSGI
2402, , ,2/28/10,Moffett Field,MSGI Security Solutions Inc,4520,452030,45,45203010,D,USA,334220,3679,175,976,C,CA,MSGI SECURITY SOLUTIONS INC,MSGI
2402, , ,3/31/10,Moffett Field,MSGI Security Solutions Inc,4520,452030,45,45203010,D,USA,334220,3679,175,976,C,CA,MSGI SECURITY SOLUTIONS INC,MSGI
2402, , ,4/30/10,Moffett Field,MSGI Security Solutions Inc,4520,452030,45,45203010,D,USA,334220,3679,175,976,C,CA,MSGI SECURITY SOLUTIONS INC,MSGI
2402, , ,5/31/10,Moffett Field,MSGI Security Solutions Inc,4520,452030,45,45203010,D,USA,334220,3679,175,976,C,CA,MSGI SECURITY SOLUTIONS INC,MSGI
2402, , ,6/30/10,Moffett Field,MSGI Security Solutions Inc,4520,452030,45,45203010,D,USA,334220,3679,175,976,C,CA,MSGI SECURITY SOLUTIONS INC,MSGI
2402, , ,7/31/10,Moffett Field,MSGI Security Solutions Inc,4520,452030,45,45203010,D,USA,334220,3679,175,976,C,CA,MSGI SECURITY SOLUTIONS INC,MSGI
2402, , ,8/31/10,Moffett Field,MSGI Security Solutions Inc,4520,452030,45,45203010,D,USA,334220,3679,175,976,C,CA,MSGI SECURITY SOLUTIONS INC,MSGI
2402, , ,9/30/10,Moffett Field,MSGI Security Solutions Inc,4520,452030,45,45203010,D,USA,334220,3679,175,976,C,CA,MSGI SECURITY SOLUTIONS INC,MSGI
2402, , ,10/31/10,Moffett Field,MSGI Security Solutions Inc,4520,452030,45,45203010,D,USA,334220,3679,175,976,C,CA,MSGI SECURITY SOLUTIONS INC,MSGI
2402, , ,11/30/10,Moffett Field,MSGI Security Solutions Inc,4520,452030,45,45203010,D,USA,334220,3679,175,976,C,CA,MSGI SECURITY SOLUTIONS INC,MSGI
2402, , ,12/31/10,Moffett Field,MSGI Security Solutions Inc,4520,452030,45,45203010,D,USA,334220,3679,175,976,C,CA,MSGI SECURITY SOLUTIONS INC,MSGI
2402, , ,1/31/11,Moffett Field,MSGI Security Solutions Inc,4520,452030,45,45203010,D,USA,334220,3679,175,976,C,CA,MSGI SECURITY SOLUTIONS INC,MSGI
2402, , ,2/28/11,Moffett Field,MSGI Security Solutions Inc,4520,452030,45,45203010,D,USA,334220,3679,175,976,C,CA,MSGI SECURITY SOLUTIONS INC,MSGI
2402, , ,3/31/11,Moffett Field,MSGI Security Solutions Inc,4520,452030,45,45203010,D,USA,334220,3679,175,976,C,CA,MSGI SECURITY SOLUTIONS INC,MSGI
2402, , ,4/30/11,Moffett Field,MSGI Security Solutions Inc,4520,452030,45,45203010,D,USA,334220,3679,175,976,C,CA,MSGI SECURITY SOLUTIONS INC,MSGI
2402, , ,5/31/11,Moffett Field,MSGI Security Solutions Inc,4520,452030,45,45203010,D,USA,334220,3679,175,976,C,CA,MSGI SECURITY SOLUTIONS INC,MSGI
2402, , ,6/30/11,Moffett Field,MSGI Security Solutions Inc,4520,452030,45,45203010,D,USA,334220,3679,175,976,C,CA,MSGI SECURITY SOLUTIONS INC,MSGI
2402, , ,7/31/11,Moffett Field,MSGI Security Solutions Inc,4520,452030,45,45203010,D,USA,334220,3679,175,976,C,CA,MSGI SECURITY SOLUTIONS INC,MSGI
2402, , ,8/31/11,Moffett Field,MSGI Security Solutions Inc,4520,452030,45,45203010,D,USA,334220,3679,175,976,C,CA,MSGI SECURITY SOLUTIONS INC,MSGI
2402, , ,9/30/11,Moffett Field,MSGI Security Solutions Inc,4520,452030,45,45203010,D,USA,334220,3679,175,976,C,CA,MSGI SECURITY SOLUTIONS INC,MSGI
2402, , ,10/31/11,Moffett Field,MSGI Security Solutions Inc,4520,452030,45,45203010,D,USA,334220,3679,175,976,C,CA,MSGI SECURITY SOLUTIONS INC,MSGI
2402, , ,11/30/11,Moffett Field,MSGI Security Solutions Inc,4520,452030,45,45203010,D,USA,334220,3679,175,976,C,CA,MSGI SECURITY SOLUTIONS INC,MSGI
2402, , ,12/31/11,Moffett Field,MSGI Security Solutions Inc,4520,452030,45,45203010,D,USA,334220,3679,175,976,C,CA,MSGI SECURITY SOLUTIONS INC,MSGI
2402, , ,1/31/12,Moffett Field,MSGI Security Solutions Inc,4520,452030,45,45203010,D,USA,334220,3679,175,976,C,CA,MSGI SECURITY SOLUTIONS INC,MSGI
2402, , ,2/29/12,Moffett Field,MSGI Security Solutions Inc,4520,452030,45,45203010,D,USA,334220,3679,175,976,C,CA,MSGI SECURITY SOLUTIONS INC,MSGI
2402, , ,3/31/12,Moffett Field,MSGI Security Solutions Inc,4520,452030,45,45203010,D,USA,334220,3679,175,976,C,CA,MSGI SECURITY SOLUTIONS INC,MSGI
2402, , ,4/30/12,Moffett Field,MSGI Security Solutions Inc,4520,452030,45,45203010,D,USA,334220,3679,175,976,C,CA,MSGI SECURITY SOLUTIONS INC,MSGI
2402, , ,5/31/12,Moffett Field,MSGI Security Solutions Inc,4520,452030,45,45203010,D,USA,334220,3679,175,976,C,CA,MSGI SECURITY SOLUTIONS INC,MSGI
2402, , ,6/30/12,Moffett Field,MSGI Security Solutions Inc,4520,452030,45,45203010,D,USA,334220,3679,175,976,C,CA,MSGI SECURITY SOLUTIONS INC,MSGI
2402, , ,7/31/12,Moffett Field,MSGI Security Solutions Inc,4520,452030,45,45203010,D,USA,334220,3679,175,976,C,CA,MSGI SECURITY SOLUTIONS INC,MSGI
2402, , ,8/31/12,Moffett Field,MSGI Security Solutions Inc,4520,452030,45,45203010,D,USA,334220,3679,175,976,C,CA,MSGI SECURITY SOLUTIONS INC,MSGI
2402, , ,9/30/12,Moffett Field,MSGI Security Solutions Inc,4520,452030,45,45203010,D,USA,334220,3679,175,976,C,CA,MSGI SECURITY SOLUTIONS INC,MSGI
2402, , ,10/31/12,Moffett Field,MSGI Security Solutions Inc,4520,452030,45,45203010,D,USA,334220,3679,175,976,C,CA,MSGI SECURITY SOLUTIONS INC,MSGI
2402, , ,11/30/12,Moffett Field,MSGI Security Solutions Inc,4520,452030,45,45203010,D,USA,334220,3679,175,976,C,CA,MSGI SECURITY SOLUTIONS INC,MSGI
2402, , ,12/31/12,Moffett Field,MSGI Security Solutions Inc,4520,452030,45,45203010,D,USA,334220,3679,175,976,C,CA,MSGI SECURITY SOLUTIONS INC,MSGI
2402, , ,1/31/13,Moffett Field,MSGI Security Solutions Inc,4520,452030,45,45203010,D,USA,334220,3679,175,976,C,CA,MSGI SECURITY SOLUTIONS INC,MSGI
2402, , ,2/28/13,Moffett Field,MSGI Security Solutions Inc,4520,452030,45,45203010,D,USA,334220,3679,175,976,C,CA,MSGI SECURITY SOLUTIONS INC,MSGI
2402, , ,3/31/13,Moffett Field,MSGI Security Solutions Inc,4520,452030,45,45203010,D,USA,334220,3679,175,976,C,CA,MSGI SECURITY SOLUTIONS INC,MSGI
2402, , ,4/30/13,Moffett Field,MSGI Security Solutions Inc,4520,452030,45,45203010,D,USA,334220,3679,175,976,C,CA,MSGI SECURITY SOLUTIONS INC,MSGI
2402, , ,5/31/13,Moffett Field,MSGI Security Solutions Inc,4520,452030,45,45203010,D,USA,334220,3679,175,976,C,CA,MSGI SECURITY SOLUTIONS INC,MSGI
2402, , ,6/30/13,Moffett Field,MSGI Security Solutions Inc,4520,452030,45,45203010,D,USA,334220,3679,175,976,C,CA,MSGI SECURITY SOLUTIONS INC,MSGI
2402, , ,7/31/13,Moffett Field,MSGI Security Solutions Inc,4520,452030,45,45203010,D,USA,334220,3679,175,976,C,CA,MSGI SECURITY SOLUTIONS INC,MSGI
2402, , ,8/31/13,Moffett Field,MSGI Security Solutions Inc,4520,452030,45,45203010,D,USA,334220,3679,175,976,C,CA,MSGI SECURITY SOLUTIONS INC,MSGI
2402, , ,9/30/13,Moffett Field,MSGI Security Solutions Inc,4520,452030,45,45203010,D,USA,334220,3679,175,976,C,CA,MSGI SECURITY SOLUTIONS INC,MSGI
2402, , ,10/31/13,Moffett Field,MSGI Security Solutions Inc,4520,452030,45,45203010,D,USA,334220,3679,175,976,C,CA,MSGI SECURITY SOLUTIONS INC,MSGI
2544, , ,1/31/10,WEST CHESTER,C G S Scientific Corp,4520,452030,45,45203010,D,USA,334513,3823,230,940, ,PA,C G S SCIENTIFIC CORP,CGSC
2544, , ,2/28/10,WEST CHESTER,C G S Scientific Corp,4520,452030,45,45203010,D,USA,334513,3823,230,940, ,PA,C G S SCIENTIFIC CORP,CGSC
2544, , ,3/31/10,WEST CHESTER,C G S Scientific Corp,4520,452030,45,45203010,D,USA,334513,3823,230,940, ,PA,C G S SCIENTIFIC CORP,CGSC
2544, , ,4/30/10,WEST CHESTER,C G S Scientific Corp,4520,452030,45,45203010,D,USA,334513,3823,230,940, ,PA,C G S SCIENTIFIC CORP,CGSC
2544, , ,5/31/10,WEST CHESTER,C G S Scientific Corp,4520,452030,45,45203010,D,USA,334513,3823,230,940, ,PA,C G S SCIENTIFIC CORP,CGSC
2544, , ,6/30/10,WEST CHESTER,C G S Scientific Corp,4520,452030,45,45203010,D,USA,334513,3823,230,940, ,PA,C G S SCIENTIFIC CORP,CGSC
2544, , ,7/31/10,WEST CHESTER,C G S Scientific Corp,4520,452030,45,45203010,D,USA,334513,3823,230,940, ,PA,C G S SCIENTIFIC CORP,CGSC
2544, , ,8/31/10,WEST CHESTER,C G S Scientific Corp,4520,452030,45,45203010,D,USA,334513,3823,230,940, ,PA,C G S SCIENTIFIC CORP,CGSC
2544, , ,9/30/10,WEST CHESTER,C G S Scientific Corp,4520,452030,45,45203010,D,USA,334513,3823,230,940, ,PA,C G S SCIENTIFIC CORP,CGSC
2544, , ,10/31/10,WEST CHESTER,C G S Scientific Corp,4520,452030,45,45203010,D,USA,334513,3823,230,940, ,PA,C G S SCIENTIFIC CORP,CGSC
2577, , ,1/31/10,Elkhart,CTS Corp,4520,452030,45,45203020,D,USA,33441,3670,357,925,B,IN,CTS CORP,CTS
2577, , ,2/28/10,Elkhart,CTS Corp,4520,452030,45,45203020,D,USA,33441,3670,357,925,B,IN,CTS CORP,CTS
2577, , ,3/31/10,Elkhart,CTS Corp,4520,452030,45,45203020,D,USA,33441,3670,357,925,B,IN,CTS CORP,CTS
2577, , ,4/30/10,Elkhart,CTS Corp,4520,452030,45,45203020,D,USA,33441,3670,357,925,B,IN,CTS CORP,CTS
2577, , ,5/31/10,Elkhart,CTS Corp,4520,452030,45,45203020,D,USA,33441,3670,357,925,B,IN,CTS CORP,CTS
2577, , ,6/30/10,Elkhart,CTS Corp,4520,452030,45,45203020,D,USA,33441,3670,357,925,B,IN,CTS CORP,CTS
2577, , ,7/31/10,Elkhart,CTS Corp,4520,452030,45,45203020,D,USA,33441,3670,357,925,B,IN,CTS CORP,CTS
2577, , ,8/31/10,Elkhart,CTS Corp,4520,452030,45,45203020,D,USA,33441,3670,357,925,B,IN,CTS CORP,CTS
2577, , ,9/30/10,Elkhart,CTS Corp,4520,452030,45,45203020,D,USA,33441,3670,357,925,B,IN,CTS CORP,CTS
2577, , ,10/31/10,Elkhart,CTS Corp,4520,452030,45,45203020,D,USA,33441,3670,357,925,B,IN,CTS CORP,CTS
2577, , ,11/30/10,Elkhart,CTS Corp,4520,452030,45,45203020,D,USA,33441,3670,357,925,B,IN,CTS CORP,CTS
2577, , ,12/31/10,Elkhart,CTS Corp,4520,452030,45,45203020,D,USA,33441,3670,357,925,B,IN,CTS CORP,CTS
2577, , ,1/31/11,Elkhart,CTS Corp,4520,452030,45,45203020,D,USA,33441,3670,357,925,B,IN,CTS CORP,CTS
2577, , ,2/28/11,Elkhart,CTS Corp,4520,452030,45,45203020,D,USA,33441,3670,357,925,B,IN,CTS CORP,CTS
2577, , ,3/31/11,Elkhart,CTS Corp,4520,452030,45,45203020,D,USA,33441,3670,357,925,B,IN,CTS CORP,CTS
2577, , ,4/30/11,Elkhart,CTS Corp,4520,452030,45,45203020,D,USA,33441,3670,357,925,B,IN,CTS CORP,CTS
2577, , ,5/31/11,Elkhart,CTS Corp,4520,452030,45,45203020,D,USA,33441,3670,357,925,B,IN,CTS CORP,CTS
2577, , ,6/30/11,Elkhart,CTS Corp,4520,452030,45,45203020,D,USA,33441,3670,357,925,B,IN,CTS CORP,CTS
2577, , ,7/31/11,Elkhart,CTS Corp,4520,452030,45,45203020,D,USA,33441,3670,357,925,B,IN,CTS CORP,CTS
2577, , ,8/31/11,Elkhart,CTS Corp,4520,452030,45,45203020,D,USA,33441,3670,357,925,B,IN,CTS CORP,CTS
2577, , ,9/30/11,Elkhart,CTS Corp,4520,452030,45,45203020,D,USA,33441,3670,357,925,B,IN,CTS CORP,CTS
2577, , ,10/31/11,Elkhart,CTS Corp,4520,452030,45,45203020,D,USA,33441,3670,357,925,B,IN,CTS CORP,CTS
2577, , ,11/30/11,Elkhart,CTS Corp,4520,452030,45,45203020,D,USA,33441,3670,357,925,B,IN,CTS CORP,CTS
2577, , ,12/31/11,Elkhart,CTS Corp,4520,452030,45,45203020,D,USA,33441,3670,357,925,B,IN,CTS CORP,CTS
2577, , ,1/31/12,Elkhart,CTS Corp,4520,452030,45,45203020,D,USA,33441,3670,357,925,B,IN,CTS CORP,CTS
2577, , ,2/29/12,Elkhart,CTS Corp,4520,452030,45,45203020,D,USA,33441,3670,357,925,B,IN,CTS CORP,CTS
2577, , ,3/31/12,Elkhart,CTS Corp,4520,452030,45,45203020,D,USA,33441,3670,357,925,B,IN,CTS CORP,CTS
2577, , ,4/30/12,Elkhart,CTS Corp,4520,452030,45,45203020,D,USA,33441,3670,357,925,B,IN,CTS CORP,CTS
2577, , ,5/31/12,Elkhart,CTS Corp,4520,452030,45,45203020,D,USA,33441,3670,357,925,B,IN,CTS CORP,CTS
2577, , ,6/30/12,Elkhart,CTS Corp,4520,452030,45,45203020,D,USA,33441,3670,357,925,B,IN,CTS CORP,CTS
2577, , ,7/31/12,Elkhart,CTS Corp,4520,452030,45,45203020,D,USA,33441,3670,357,925,B,IN,CTS CORP,CTS
2577, , ,8/31/12,Elkhart,CTS Corp,4520,452030,45,45203020,D,USA,33441,3670,357,925,B,IN,CTS CORP,CTS
2577, , ,9/30/12,Elkhart,CTS Corp,4520,452030,45,45203020,D,USA,33441,3670,357,925,B,IN,CTS CORP,CTS
2577, , ,10/31/12,Elkhart,CTS Corp,4520,452030,45,45203020,D,USA,33441,3670,357,925,B,IN,CTS CORP,CTS
2577, , ,11/30/12,Elkhart,CTS Corp,4520,452030,45,45203020,D,USA,33441,3670,357,925,B,IN,CTS CORP,CTS
2577, , ,12/31/12,Elkhart,CTS Corp,4520,452030,45,45203020,D,USA,33441,3670,357,925,B,IN,CTS CORP,CTS
2577, , ,1/31/13,Elkhart,CTS Corp,4520,452030,45,45203020,D,USA,33441,3670,357,925,B,IN,CTS CORP,CTS
2577, , ,2/28/13,Elkhart,CTS Corp,4520,452030,45,45203020,D,USA,33441,3670,357,925,B,IN,CTS CORP,CTS
2577, , ,3/31/13,Elkhart,CTS Corp,4520,452030,45,45203020,D,USA,33441,3670,357,925,B,IN,CTS CORP,CTS
2577, , ,4/30/13,Elkhart,CTS Corp,4520,452030,45,45203020,D,USA,33441,3670,357,925,B,IN,CTS CORP,CTS
2577, , ,5/31/13,Elkhart,CTS Corp,4520,452030,45,45203020,D,USA,33441,3670,357,925,B,IN,CTS CORP,CTS
2577, , ,6/30/13,Elkhart,CTS Corp,4520,452030,45,45203020,D,USA,33441,3670,357,925,B,IN,CTS CORP,CTS
2577, , ,7/31/13,Elkhart,CTS Corp,4520,452030,45,45203020,D,USA,33441,3670,357,925,B,IN,CTS CORP,CTS
2577, , ,8/31/13,Elkhart,CTS Corp,4520,452030,45,45203020,D,USA,33441,3670,357,925,B,IN,CTS CORP,CTS
2577, , ,9/30/13,Elkhart,CTS Corp,4520,452030,45,45203020,D,USA,33441,3670,357,925,B,IN,CTS CORP,CTS
2577, , ,10/31/13,Elkhart,CTS Corp,4520,452030,45,45203020,D,USA,33441,3670,357,925,B,IN,CTS CORP,CTS
2615, , ,1/31/10,Oxnard,CalAmp Corp,4520,452010,45,45201020,D,USA,334220,3663,180,940,B-,CA,CALAMP CORP,CAMP
2615, , ,2/28/10,Oxnard,CalAmp Corp,4520,452010,45,45201020,D,USA,334220,3663,180,940,B-,CA,CALAMP CORP,CAMP
2615, , ,3/31/10,Oxnard,CalAmp Corp,4520,452010,45,45201020,D,USA,334220,3663,180,940,B-,CA,CALAMP CORP,CAMP
2615, , ,4/30/10,Oxnard,CalAmp Corp,4520,452010,45,45201020,D,USA,334220,3663,180,940,B-,CA,CALAMP CORP,CAMP
2615, , ,5/31/10,Oxnard,CalAmp Corp,4520,452010,45,45201020,D,USA,334220,3663,180,940,B-,CA,CALAMP CORP,CAMP
2615, , ,6/30/10,Oxnard,CalAmp Corp,4520,452010,45,45201020,D,USA,334220,3663,180,940,B-,CA,CALAMP CORP,CAMP
2615, , ,7/31/10,Oxnard,CalAmp Corp,4520,452010,45,45201020,D,USA,334220,3663,180,940,B-,CA,CALAMP CORP,CAMP
2615, , ,8/31/10,Oxnard,CalAmp Corp,4520,452010,45,45201020,D,USA,334220,3663,180,940,B-,CA,CALAMP CORP,CAMP
2615, , ,9/30/10,Oxnard,CalAmp Corp,4520,452010,45,45201020,D,USA,334220,3663,180,940,B-,CA,CALAMP CORP,CAMP
2615, , ,10/31/10,Oxnard,CalAmp Corp,4520,452010,45,45201020,D,USA,334220,3663,180,940,B-,CA,CALAMP CORP,CAMP
2615, , ,11/30/10,Oxnard,CalAmp Corp,4520,452010,45,45201020,D,USA,334220,3663,180,940,B-,CA,CALAMP CORP,CAMP
2615, , ,12/31/10,Oxnard,CalAmp Corp,4520,452010,45,45201020,D,USA,334220,3663,180,940,B-,CA,CALAMP CORP,CAMP
2615, , ,1/31/11,Oxnard,CalAmp Corp,4520,452010,45,45201020,D,USA,334220,3663,180,940,B-,CA,CALAMP CORP,CAMP
2615, , ,2/28/11,Oxnard,CalAmp Corp,4520,452010,45,45201020,D,USA,334220,3663,180,940,B-,CA,CALAMP CORP,CAMP
2615, , ,3/31/11,Oxnard,CalAmp Corp,4520,452010,45,45201020,D,USA,334220,3663,180,940,B-,CA,CALAMP CORP,CAMP
2615, , ,4/30/11,Oxnard,CalAmp Corp,4520,452010,45,45201020,D,USA,334220,3663,180,940,B-,CA,CALAMP CORP,CAMP
2615, , ,5/31/11,Oxnard,CalAmp Corp,4520,452010,45,45201020,D,USA,334220,3663,180,940,B-,CA,CALAMP CORP,CAMP
2615, , ,6/30/11,Oxnard,CalAmp Corp,4520,452010,45,45201020,D,USA,334220,3663,180,940,B-,CA,CALAMP CORP,CAMP
2615, , ,7/31/11,Oxnard,CalAmp Corp,4520,452010,45,45201020,D,USA,334220,3663,180,940,B-,CA,CALAMP CORP,CAMP
2615, , ,8/31/11,Oxnard,CalAmp Corp,4520,452010,45,45201020,D,USA,334220,3663,180,940,B-,CA,CALAMP CORP,CAMP
2615, , ,9/30/11,Oxnard,CalAmp Corp,4520,452010,45,45201020,D,USA,334220,3663,180,940,B-,CA,CALAMP CORP,CAMP
2615, , ,10/31/11,Oxnard,CalAmp Corp,4520,452010,45,45201020,D,USA,334220,3663,180,940,B-,CA,CALAMP CORP,CAMP
2615, , ,11/30/11,Oxnard,CalAmp Corp,4520,452010,45,45201020,D,USA,334220,3663,180,940,B-,CA,CALAMP CORP,CAMP
2615, , ,12/31/11,Oxnard,CalAmp Corp,4520,452010,45,45201020,D,USA,334220,3663,180,940,B-,CA,CALAMP CORP,CAMP
2615, , ,1/31/12,Oxnard,CalAmp Corp,4520,452010,45,45201020,D,USA,334220,3663,180,940,B-,CA,CALAMP CORP,CAMP
2615, , ,2/29/12,Oxnard,CalAmp Corp,4520,452010,45,45201020,D,USA,334220,3663,180,940,B-,CA,CALAMP CORP,CAMP
2615, , ,3/31/12,Oxnard,CalAmp Corp,4520,452010,45,45201020,D,USA,334220,3663,180,940,B-,CA,CALAMP CORP,CAMP
2615, , ,4/30/12,Oxnard,CalAmp Corp,4520,452010,45,45201020,D,USA,334220,3663,180,940,B-,CA,CALAMP CORP,CAMP
2615, , ,5/31/12,Oxnard,CalAmp Corp,4520,452010,45,45201020,D,USA,334220,3663,180,940,B-,CA,CALAMP CORP,CAMP
2615, , ,6/30/12,Oxnard,CalAmp Corp,4520,452010,45,45201020,D,USA,334220,3663,180,940,B-,CA,CALAMP CORP,CAMP
2615, , ,7/31/12,Oxnard,CalAmp Corp,4520,452010,45,45201020,D,USA,334220,3663,180,940,B-,CA,CALAMP CORP,CAMP
2615, , ,8/31/12,Oxnard,CalAmp Corp,4520,452010,45,45201020,D,USA,334220,3663,180,940,B-,CA,CALAMP CORP,CAMP
2615, , ,9/30/12,Oxnard,CalAmp Corp,4520,452010,45,45201020,D,USA,334220,3663,180,940,B-,CA,CALAMP CORP,CAMP
2615, , ,10/31/12,Oxnard,CalAmp Corp,4520,452010,45,45201020,D,USA,334220,3663,180,940,B-,CA,CALAMP CORP,CAMP
2615, , ,11/30/12,Oxnard,CalAmp Corp,4520,452010,45,45201020,D,USA,334220,3663,180,940,B-,CA,CALAMP CORP,CAMP
2615, , ,12/31/12,Oxnard,CalAmp Corp,4520,452010,45,45201020,D,USA,334220,3663,180,940,B-,CA,CALAMP CORP,CAMP
2615, , ,1/31/13,Oxnard,CalAmp Corp,4520,452010,45,45201020,D,USA,334220,3663,180,940,B-,CA,CALAMP CORP,CAMP
2615, , ,2/28/13,Oxnard,CalAmp Corp,4520,452010,45,45201020,D,USA,334220,3663,180,940,B-,CA,CALAMP CORP,CAMP
2615, , ,3/31/13,Oxnard,CalAmp Corp,4520,452010,45,45201020,D,USA,334220,3663,180,940,B-,CA,CALAMP CORP,CAMP
2615, , ,4/30/13,Oxnard,CalAmp Corp,4520,452010,45,45201020,D,USA,334220,3663,180,940,B-,CA,CALAMP CORP,CAMP
2615, , ,5/31/13,Oxnard,CalAmp Corp,4520,452010,45,45201020,D,USA,334220,3663,180,940,B-,CA,CALAMP CORP,CAMP
2615, , ,6/30/13,Oxnard,CalAmp Corp,4520,452010,45,45201020,D,USA,334220,3663,180,940,B-,CA,CALAMP CORP,CAMP
2615, , ,7/31/13,Oxnard,CalAmp Corp,4520,452010,45,45201020,D,USA,334220,3663,180,940,B-,CA,CALAMP CORP,CAMP
2615, , ,8/31/13,Oxnard,CalAmp Corp,4520,452010,45,45201020,D,USA,334220,3663,180,940,B-,CA,CALAMP CORP,CAMP
2615, , ,9/30/13,Oxnard,CalAmp Corp,4520,452010,45,45201020,D,USA,334220,3663,180,940,B-,CA,CALAMP CORP,CAMP
2615, , ,10/31/13,Oxnard,CalAmp Corp,4520,452010,45,45201020,D,USA,334220,3663,180,940,B-,CA,CALAMP CORP,CAMP
2625, , ,1/31/10,San Jose,Adaptive Broadband Corp,4520,452010,45,45201020,D,USA,334220,3663,180,940, ,CA,ADAPTIVE BROADBAND CORP.,ADAP
2625, , ,2/28/10,San Jose,Adaptive Broadband Corp,4520,452010,45,45201020,D,USA,334220,3663,180,940, ,CA,ADAPTIVE BROADBAND CORP.,ADAP
2625, , ,3/31/10,San Jose,Adaptive Broadband Corp,4520,452010,45,45201020,D,USA,334220,3663,180,940, ,CA,ADAPTIVE BROADBAND CORP.,ADAP
2625, , ,4/30/10,San Jose,Adaptive Broadband Corp,4520,452010,45,45201020,D,USA,334220,3663,180,940, ,CA,ADAPTIVE BROADBAND CORP.,ADAP
2644, , ,1/31/10,Southboro,Cambex Corp,4520,452020,45,45202020,D,USA,334112,3572,188,940,B-,MA,CAMBEX CORP,CBEX
2644, , ,2/28/10,Southboro,Cambex Corp,4520,452020,45,45202020,D,USA,334112,3572,188,940,B-,MA,CAMBEX CORP,CBEX
2644, , ,3/31/10,Southboro,Cambex Corp,4520,452020,45,45202020,D,USA,334112,3572,188,940,B-,MA,CAMBEX CORP,CBEX
2644, , ,4/30/10,Southboro,Cambex Corp,4520,452020,45,45202020,D,USA,334112,3572,188,940,B-,MA,CAMBEX CORP,CBEX
2644, , ,5/31/10,Southboro,Cambex Corp,4520,452020,45,45202020,D,USA,334112,3572,188,940,B-,MA,CAMBEX CORP,CBEX
2644, , ,6/30/10,Southboro,Cambex Corp,4520,452020,45,45202020,D,USA,334112,3572,188,940,B-,MA,CAMBEX CORP,CBEX
2644, , ,7/31/10,Southboro,Cambex Corp,4520,452020,45,45202020,D,USA,334112,3572,188,940,B-,MA,CAMBEX CORP,CBEX
2644, , ,8/31/10,Southboro,Cambex Corp,4520,452020,45,45202020,D,USA,334112,3572,188,940,B-,MA,CAMBEX CORP,CBEX
2644, , ,9/30/10,Southboro,Cambex Corp,4520,452020,45,45202020,D,USA,334112,3572,188,940,B-,MA,CAMBEX CORP,CBEX
2644, , ,10/31/10,Southboro,Cambex Corp,4520,452020,45,45202020,D,USA,334112,3572,188,940,B-,MA,CAMBEX CORP,CBEX
2644, , ,11/30/10,Southboro,Cambex Corp,4520,452020,45,45202020,D,USA,334112,3572,188,940,B-,MA,CAMBEX CORP,CBEX
2644, , ,12/31/10,Southboro,Cambex Corp,4520,452020,45,45202020,D,USA,334112,3572,188,940,B-,MA,CAMBEX CORP,CBEX
2644, , ,1/31/11,Southboro,Cambex Corp,4520,452020,45,45202020,D,USA,334112,3572,188,940,B-,MA,CAMBEX CORP,CBEX
2644, , ,2/28/11,Southboro,Cambex Corp,4520,452020,45,45202020,D,USA,334112,3572,188,940,B-,MA,CAMBEX CORP,CBEX
2644, , ,3/31/11,Southboro,Cambex Corp,4520,452020,45,45202020,D,USA,334112,3572,188,940,B-,MA,CAMBEX CORP,CBEX
2644, , ,4/30/11,Southboro,Cambex Corp,4520,452020,45,45202020,D,USA,334112,3572,188,940,B-,MA,CAMBEX CORP,CBEX
2644, , ,5/31/11,Southboro,Cambex Corp,4520,452020,45,45202020,D,USA,334112,3572,188,940,B-,MA,CAMBEX CORP,CBEX
2644, , ,6/30/11,Southboro,Cambex Corp,4520,452020,45,45202020,D,USA,334112,3572,188,940,B-,MA,CAMBEX CORP,CBEX
2644, , ,7/31/11,Southboro,Cambex Corp,4520,452020,45,45202020,D,USA,334112,3572,188,940,B-,MA,CAMBEX CORP,CBEX
2644, , ,8/31/11,Southboro,Cambex Corp,4520,452020,45,45202020,D,USA,334112,3572,188,940,B-,MA,CAMBEX CORP,CBEX
2644, , ,9/30/11,Southboro,Cambex Corp,4520,452020,45,45202020,D,USA,334112,3572,188,940,B-,MA,CAMBEX CORP,CBEX
2644, , ,10/31/11,Southboro,Cambex Corp,4520,452020,45,45202020,D,USA,334112,3572,188,940,B-,MA,CAMBEX CORP,CBEX
2644, , ,11/30/11,Southboro,Cambex Corp,4520,452020,45,45202020,D,USA,334112,3572,188,940,B-,MA,CAMBEX CORP,CBEX
2644, , ,12/31/11,Southboro,Cambex Corp,4520,452020,45,45202020,D,USA,334112,3572,188,940,B-,MA,CAMBEX CORP,CBEX
2644, , ,1/31/12,Southboro,Cambex Corp,4520,452020,45,45202020,D,USA,334112,3572,188,940,B-,MA,CAMBEX CORP,CBEX
2644, , ,2/29/12,Southboro,Cambex Corp,4520,452020,45,45202020,D,USA,334112,3572,188,940,B-,MA,CAMBEX CORP,CBEX
2644, , ,3/31/12,Southboro,Cambex Corp,4520,452020,45,45202020,D,USA,334112,3572,188,940,B-,MA,CAMBEX CORP,CBEX
2644, , ,4/30/12,Southboro,Cambex Corp,4520,452020,45,45202020,D,USA,334112,3572,188,940,B-,MA,CAMBEX CORP,CBEX
2644, , ,5/31/12,Southboro,Cambex Corp,4520,452020,45,45202020,D,USA,334112,3572,188,940,B-,MA,CAMBEX CORP,CBEX
2644, , ,6/30/12,Southboro,Cambex Corp,4520,452020,45,45202020,D,USA,334112,3572,188,940,B-,MA,CAMBEX CORP,CBEX
2644, , ,7/31/12,Southboro,Cambex Corp,4520,452020,45,45202020,D,USA,334112,3572,188,940,B-,MA,CAMBEX CORP,CBEX
2644, , ,8/31/12,Southboro,Cambex Corp,4520,452020,45,45202020,D,USA,334112,3572,188,940,B-,MA,CAMBEX CORP,CBEX
2644, , ,9/30/12,Southboro,Cambex Corp,4520,452020,45,45202020,D,USA,334112,3572,188,940,B-,MA,CAMBEX CORP,CBEX
2644, , ,10/31/12,Southboro,Cambex Corp,4520,452020,45,45202020,D,USA,334112,3572,188,940,B-,MA,CAMBEX CORP,CBEX
2644, , ,11/30/12,Southboro,Cambex Corp,4520,452020,45,45202020,D,USA,334112,3572,188,940,B-,MA,CAMBEX CORP,CBEX
2644, , ,12/31/12,Southboro,Cambex Corp,4520,452020,45,45202020,D,USA,334112,3572,188,940,B-,MA,CAMBEX CORP,CBEX
2644, , ,1/31/13,Southboro,Cambex Corp,4520,452020,45,45202020,D,USA,334112,3572,188,940,B-,MA,CAMBEX CORP,CBEX
2644, , ,2/28/13,Southboro,Cambex Corp,4520,452020,45,45202020,D,USA,334112,3572,188,940,B-,MA,CAMBEX CORP,CBEX
2644, , ,3/31/13,Southboro,Cambex Corp,4520,452020,45,45202020,D,USA,334112,3572,188,940,B-,MA,CAMBEX CORP,CBEX
2644, , ,4/30/13,Southboro,Cambex Corp,4520,452020,45,45202020,D,USA,334112,3572,188,940,B-,MA,CAMBEX CORP,CBEX
2644, , ,5/31/13,Southboro,Cambex Corp,4520,452020,45,45202020,D,USA,334112,3572,188,940,B-,MA,CAMBEX CORP,CBEX
2644, , ,6/30/13,Southboro,Cambex Corp,4520,452020,45,45202020,D,USA,334112,3572,188,940,B-,MA,CAMBEX CORP,CBEX
2644, , ,7/31/13,Southboro,Cambex Corp,4520,452020,45,45202020,D,USA,334112,3572,188,940,B-,MA,CAMBEX CORP,CBEX
2644, , ,8/31/13,Southboro,Cambex Corp,4520,452020,45,45202020,D,USA,334112,3572,188,940,B-,MA,CAMBEX CORP,CBEX
2644, , ,9/30/13,Southboro,Cambex Corp,4520,452020,45,45202020,D,USA,334112,3572,188,940,B-,MA,CAMBEX CORP,CBEX
2644, , ,10/31/13,Southboro,Cambex Corp,4520,452020,45,45202020,D,USA,334112,3572,188,940,B-,MA,CAMBEX CORP,CBEX
2645, , ,1/31/10,Lexington,Cambrian Systems Inc,4520,452030,45,45203010,D,USA,334515,3825,230,940, ,KY,CAMBRIAN SYSTEMS INC,CAMS
2645, , ,2/28/10,Lexington,Cambrian Systems Inc,4520,452030,45,45203010,D,USA,334515,3825,230,940, ,KY,CAMBRIAN SYSTEMS INC,CAMS
2645, , ,3/31/10,Lexington,Cambrian Systems Inc,4520,452030,45,45203010,D,USA,334515,3825,230,940, ,KY,CAMBRIAN SYSTEMS INC,CAMS
2645, , ,4/30/10,Lexington,Cambrian Systems Inc,4520,452030,45,45203010,D,USA,334515,3825,230,940, ,KY,CAMBRIAN SYSTEMS INC,CAMS
2645, , ,5/31/10,Lexington,Cambrian Systems Inc,4520,452030,45,45203010,D,USA,334515,3825,230,940, ,KY,CAMBRIAN SYSTEMS INC,CAMS
2645, , ,6/30/10,Lexington,Cambrian Systems Inc,4520,452030,45,45203010,D,USA,334515,3825,230,940, ,KY,CAMBRIAN SYSTEMS INC,CAMS
2645, , ,7/31/10,Lexington,Cambrian Systems Inc,4520,452030,45,45203010,D,USA,334515,3825,230,940, ,KY,CAMBRIAN SYSTEMS INC,CAMS
2645, , ,8/31/10,Lexington,Cambrian Systems Inc,4520,452030,45,45203010,D,USA,334515,3825,230,940, ,KY,CAMBRIAN SYSTEMS INC,CAMS
2645, , ,9/30/10,Lexington,Cambrian Systems Inc,4520,452030,45,45203010,D,USA,334515,3825,230,940, ,KY,CAMBRIAN SYSTEMS INC,CAMS
2645, , ,10/31/10,Lexington,Cambrian Systems Inc,4520,452030,45,45203010,D,USA,334515,3825,230,940, ,KY,CAMBRIAN SYSTEMS INC,CAMS
2645, , ,11/30/10,Lexington,Cambrian Systems Inc,4520,452030,45,45203010,D,USA,334515,3825,230,940, ,KY,CAMBRIAN SYSTEMS INC,CAMS
2645, , ,12/31/10,Lexington,Cambrian Systems Inc,4520,452030,45,45203010,D,USA,334515,3825,230,940, ,KY,CAMBRIAN SYSTEMS INC,CAMS
2645, , ,1/31/11,Lexington,Cambrian Systems Inc,4520,452030,45,45203010,D,USA,334515,3825,230,940, ,KY,CAMBRIAN SYSTEMS INC,CAMS
2645, , ,2/28/11,Lexington,Cambrian Systems Inc,4520,452030,45,45203010,D,USA,334515,3825,230,940, ,KY,CAMBRIAN SYSTEMS INC,CAMS
2645, , ,3/31/11,Lexington,Cambrian Systems Inc,4520,452030,45,45203010,D,USA,334515,3825,230,940, ,KY,CAMBRIAN SYSTEMS INC,CAMS
2645, , ,4/30/11,Lexington,Cambrian Systems Inc,4520,452030,45,45203010,D,USA,334515,3825,230,940, ,KY,CAMBRIAN SYSTEMS INC,CAMS
2645, , ,5/31/11,Lexington,Cambrian Systems Inc,4520,452030,45,45203010,D,USA,334515,3825,230,940, ,KY,CAMBRIAN SYSTEMS INC,CAMS
2645, , ,6/30/11,Lexington,Cambrian Systems Inc,4520,452030,45,45203010,D,USA,334515,3825,230,940, ,KY,CAMBRIAN SYSTEMS INC,CAMS
2645, , ,7/31/11,Lexington,Cambrian Systems Inc,4520,452030,45,45203010,D,USA,334515,3825,230,940, ,KY,CAMBRIAN SYSTEMS INC,CAMS
2645, , ,8/31/11,Lexington,Cambrian Systems Inc,4520,452030,45,45203010,D,USA,334515,3825,230,940, ,KY,CAMBRIAN SYSTEMS INC,CAMS
2645, , ,9/30/11,Lexington,Cambrian Systems Inc,4520,452030,45,45203010,D,USA,334515,3825,230,940, ,KY,CAMBRIAN SYSTEMS INC,CAMS
2645, , ,10/31/11,Lexington,Cambrian Systems Inc,4520,452030,45,45203010,D,USA,334515,3825,230,940, ,KY,CAMBRIAN SYSTEMS INC,CAMS
2645, , ,11/30/11,Lexington,Cambrian Systems Inc,4520,452030,45,45203010,D,USA,334515,3825,230,940, ,KY,CAMBRIAN SYSTEMS INC,CAMS
2645, , ,12/31/11,Lexington,Cambrian Systems Inc,4520,452030,45,45203010,D,USA,334515,3825,230,940, ,KY,CAMBRIAN SYSTEMS INC,CAMS
2645, , ,1/31/12,Lexington,Cambrian Systems Inc,4520,452030,45,45203010,D,USA,334515,3825,230,940, ,KY,CAMBRIAN SYSTEMS INC,CAMS
2645, , ,2/29/12,Lexington,Cambrian Systems Inc,4520,452030,45,45203010,D,USA,334515,3825,230,940, ,KY,CAMBRIAN SYSTEMS INC,CAMS
2645, , ,3/31/12,Lexington,Cambrian Systems Inc,4520,452030,45,45203010,D,USA,334515,3825,230,940, ,KY,CAMBRIAN SYSTEMS INC,CAMS
2645, , ,4/30/12,Lexington,Cambrian Systems Inc,4520,452030,45,45203010,D,USA,334515,3825,230,940, ,KY,CAMBRIAN SYSTEMS INC,CAMS
2645, , ,5/31/12,Lexington,Cambrian Systems Inc,4520,452030,45,45203010,D,USA,334515,3825,230,940, ,KY,CAMBRIAN SYSTEMS INC,CAMS
2645, , ,6/30/12,Lexington,Cambrian Systems Inc,4520,452030,45,45203010,D,USA,334515,3825,230,940, ,KY,CAMBRIAN SYSTEMS INC,CAMS
2645, , ,7/31/12,Lexington,Cambrian Systems Inc,4520,452030,45,45203010,D,USA,334515,3825,230,940, ,KY,CAMBRIAN SYSTEMS INC,CAMS
2645, , ,8/31/12,Lexington,Cambrian Systems Inc,4520,452030,45,45203010,D,USA,334515,3825,230,940, ,KY,CAMBRIAN SYSTEMS INC,CAMS
2645, , ,9/30/12,Lexington,Cambrian Systems Inc,4520,452030,45,45203010,D,USA,334515,3825,230,940, ,KY,CAMBRIAN SYSTEMS INC,CAMS
2645, , ,10/31/12,Lexington,Cambrian Systems Inc,4520,452030,45,45203010,D,USA,334515,3825,230,940, ,KY,CAMBRIAN SYSTEMS INC,CAMS
2645, , ,11/30/12,Lexington,Cambrian Systems Inc,4520,452030,45,45203010,D,USA,334515,3825,230,940, ,KY,CAMBRIAN SYSTEMS INC,CAMS
2645, , ,12/31/12,Lexington,Cambrian Systems Inc,4520,452030,45,45203010,D,USA,334515,3825,230,940, ,KY,CAMBRIAN SYSTEMS INC,CAMS
2645, , ,1/31/13,Lexington,Cambrian Systems Inc,4520,452030,45,45203010,D,USA,334515,3825,230,940, ,KY,CAMBRIAN SYSTEMS INC,CAMS
2645, , ,2/28/13,Lexington,Cambrian Systems Inc,4520,452030,45,45203010,D,USA,334515,3825,230,940, ,KY,CAMBRIAN SYSTEMS INC,CAMS
2645, , ,3/31/13,Lexington,Cambrian Systems Inc,4520,452030,45,45203010,D,USA,334515,3825,230,940, ,KY,CAMBRIAN SYSTEMS INC,CAMS
2645, , ,4/30/13,Lexington,Cambrian Systems Inc,4520,452030,45,45203010,D,USA,334515,3825,230,940, ,KY,CAMBRIAN SYSTEMS INC,CAMS
2645, , ,5/31/13,Lexington,Cambrian Systems Inc,4520,452030,45,45203010,D,USA,334515,3825,230,940, ,KY,CAMBRIAN SYSTEMS INC,CAMS
2645, , ,6/30/13,Lexington,Cambrian Systems Inc,4520,452030,45,45203010,D,USA,334515,3825,230,940, ,KY,CAMBRIAN SYSTEMS INC,CAMS
2645, , ,7/31/13,Lexington,Cambrian Systems Inc,4520,452030,45,45203010,D,USA,334515,3825,230,940, ,KY,CAMBRIAN SYSTEMS INC,CAMS
2645, , ,8/31/13,Lexington,Cambrian Systems Inc,4520,452030,45,45203010,D,USA,334515,3825,230,940, ,KY,CAMBRIAN SYSTEMS INC,CAMS
2645, , ,9/30/13,Lexington,Cambrian Systems Inc,4520,452030,45,45203010,D,USA,334515,3825,230,940, ,KY,CAMBRIAN SYSTEMS INC,CAMS
2645, , ,10/31/13,Lexington,Cambrian Systems Inc,4520,452030,45,45203010,D,USA,334515,3825,230,940, ,KY,CAMBRIAN SYSTEMS INC,CAMS
2721,AA,A-1+,1/31/10,Tokyo,Canon Inc,4520,452020,45,45202030,B,JPN,334118,3577,188,940, , ,CANON INC,CAJ
2721,AA,A-1+,2/28/10,Tokyo,Canon Inc,4520,452020,45,45202030,B,JPN,334118,3577,188,940, , ,CANON INC,CAJ
2721,AA,A-1+,3/31/10,Tokyo,Canon Inc,4520,452020,45,45202030,B,JPN,334118,3577,188,940, , ,CANON INC,CAJ
2721,AA,A-1+,4/30/10,Tokyo,Canon Inc,4520,452020,45,45202030,B,JPN,334118,3577,188,940, , ,CANON INC,CAJ
2721,AA,A-1+,5/31/10,Tokyo,Canon Inc,4520,452020,45,45202030,B,JPN,334118,3577,188,940, , ,CANON INC,CAJ
2721,AA,A-1+,6/30/10,Tokyo,Canon Inc,4520,452020,45,45202030,B,JPN,334118,3577,188,940, , ,CANON INC,CAJ
2721,AA,A-1+,7/31/10,Tokyo,Canon Inc,4520,452020,45,45202030,B,JPN,334118,3577,188,940, , ,CANON INC,CAJ
2721,AA,A-1+,8/31/10,Tokyo,Canon Inc,4520,452020,45,45202030,B,JPN,334118,3577,188,940, , ,CANON INC,CAJ
2721,AA,A-1+,9/30/10,Tokyo,Canon Inc,4520,452020,45,45202030,B,JPN,334118,3577,188,940, , ,CANON INC,CAJ
2721,AA,A-1+,10/31/10,Tokyo,Canon Inc,4520,452020,45,45202030,B,JPN,334118,3577,188,940, , ,CANON INC,CAJ
2721,AA,A-1+,11/30/10,Tokyo,Canon Inc,4520,452020,45,45202030,B,JPN,334118,3577,188,940, , ,CANON INC,CAJ
2721,AA,A-1+,12/31/10,Tokyo,Canon Inc,4520,452020,45,45202030,B,JPN,334118,3577,188,940, , ,CANON INC,CAJ
2721,AA,A-1+,1/31/11,Tokyo,Canon Inc,4520,452020,45,45202030,B,JPN,334118,3577,188,940, , ,CANON INC,CAJ
2721,AA,A-1+,2/28/11,Tokyo,Canon Inc,4520,452020,45,45202030,B,JPN,334118,3577,188,940, , ,CANON INC,CAJ
2721,AA,A-1+,3/31/11,Tokyo,Canon Inc,4520,452020,45,45202030,B,JPN,334118,3577,188,940, , ,CANON INC,CAJ
2721,AA,A-1+,4/30/11,Tokyo,Canon Inc,4520,452020,45,45202030,B,JPN,334118,3577,188,940, , ,CANON INC,CAJ
2721,AA,A-1+,5/31/11,Tokyo,Canon Inc,4520,452020,45,45202030,B,JPN,334118,3577,188,940, , ,CANON INC,CAJ
2721,AA,A-1+,6/30/11,Tokyo,Canon Inc,4520,452020,45,45202030,B,JPN,334118,3577,188,940, , ,CANON INC,CAJ
2721,AA,A-1+,7/31/11,Tokyo,Canon Inc,4520,452020,45,45202030,B,JPN,334118,3577,188,940, , ,CANON INC,CAJ
2721,AA,A-1+,8/31/11,Tokyo,Canon Inc,4520,452020,45,45202030,B,JPN,334118,3577,188,940, , ,CANON INC,CAJ
2721,AA,A-1+,9/30/11,Tokyo,Canon Inc,4520,452020,45,45202030,B,JPN,334118,3577,188,940, , ,CANON INC,CAJ
2721,AA,A-1+,10/31/11,Tokyo,Canon Inc,4520,452020,45,45202030,B,JPN,334118,3577,188,940, , ,CANON INC,CAJ
2721,AA,A-1+,11/30/11,Tokyo,Canon Inc,4520,452020,45,45202030,B,JPN,334118,3577,188,940, , ,CANON INC,CAJ
2721,AA,A-1+,12/31/11,Tokyo,Canon Inc,4520,452020,45,45202030,B,JPN,334118,3577,188,940, , ,CANON INC,CAJ
2721,AA,A-1+,1/31/12,Tokyo,Canon Inc,4520,452020,45,45202030,B,JPN,334118,3577,188,940, , ,CANON INC,CAJ
2721,AA,A-1+,2/29/12,Tokyo,Canon Inc,4520,452020,45,45202030,B,JPN,334118,3577,188,940, , ,CANON INC,CAJ
2721,AA,A-1+,3/31/12,Tokyo,Canon Inc,4520,452020,45,45202030,B,JPN,334118,3577,188,940, , ,CANON INC,CAJ
2721,AA,A-1+,4/30/12,Tokyo,Canon Inc,4520,452020,45,45202030,B,JPN,334118,3577,188,940, , ,CANON INC,CAJ
2721,AA,A-1+,5/31/12,Tokyo,Canon Inc,4520,452020,45,45202030,B,JPN,334118,3577,188,940, , ,CANON INC,CAJ
2721,AA,A-1+,6/30/12,Tokyo,Canon Inc,4520,452020,45,45202030,B,JPN,334118,3577,188,940, , ,CANON INC,CAJ
2721,AA,A-1+,7/31/12,Tokyo,Canon Inc,4520,452020,45,45202030,B,JPN,334118,3577,188,940, , ,CANON INC,CAJ
2721,AA,A-1+,8/31/12,Tokyo,Canon Inc,4520,452020,45,45202030,B,JPN,334118,3577,188,940, , ,CANON INC,CAJ
2721,AA,A-1+,9/30/12,Tokyo,Canon Inc,4520,452020,45,45202030,B,JPN,334118,3577,188,940, , ,CANON INC,CAJ
2721,AA,A-1+,10/31/12,Tokyo,Canon Inc,4520,452020,45,45202030,B,JPN,334118,3577,188,940, , ,CANON INC,CAJ
2721,AA,A-1+,11/30/12,Tokyo,Canon Inc,4520,452020,45,45202030,B,JPN,334118,3577,188,940, , ,CANON INC,CAJ
2721,AA,A-1+,12/31/12,Tokyo,Canon Inc,4520,452020,45,45202030,B,JPN,334118,3577,188,940, , ,CANON INC,CAJ
2721,AA,A-1+,1/31/13,Tokyo,Canon Inc,4520,452020,45,45202030,B,JPN,334118,3577,188,940, , ,CANON INC,CAJ
2721,AA,A-1+,2/28/13,Tokyo,Canon Inc,4520,452020,45,45202030,B,JPN,334118,3577,188,940, , ,CANON INC,CAJ
2721,AA,A-1+,3/31/13,Tokyo,Canon Inc,4520,452020,45,45202030,B,JPN,334118,3577,188,940, , ,CANON INC,CAJ
2721,AA,A-1+,4/30/13,Tokyo,Canon Inc,4520,452020,45,45202030,B,JPN,334118,3577,188,940, , ,CANON INC,CAJ
2721,AA,A-1+,5/31/13,Tokyo,Canon Inc,4520,452020,45,45202030,B,JPN,334118,3577,188,940, , ,CANON INC,CAJ
2721,AA,A-1+,6/30/13,Tokyo,Canon Inc,4520,452020,45,45202030,B,JPN,334118,3577,188,940, , ,CANON INC,CAJ
2721,AA,A-1+,7/31/13,Tokyo,Canon Inc,4520,452020,45,45202030,B,JPN,334118,3577,188,940, , ,CANON INC,CAJ
2721,AA,A-1+,8/31/13,Tokyo,Canon Inc,4520,452020,45,45202030,B,JPN,334118,3577,188,940, , ,CANON INC,CAJ
2721,AA,A-1+,9/30/13,Tokyo,Canon Inc,4520,452020,45,45202030,B,JPN,334118,3577,188,940, , ,CANON INC,CAJ
2721,AA,A-1+,10/31/13,Tokyo,Canon Inc,4520,452020,45,45202030,B,JPN,334118,3577,188,940, , ,CANON INC,CAJ
2721,AA,A-1+,11/30/13,Tokyo,Canon Inc,4520,452020,45,45202030,B,JPN,334118,3577,188,940, , ,CANON INC,CAJ
2721,AA,A-1+,12/31/13,Tokyo,Canon Inc,4520,452020,45,45202030,B,JPN,334118,3577,188,940, , ,CANON INC,CAJ
2721,AA,A-1+,1/31/14,Tokyo,Canon Inc,4520,452020,45,45202030,B,JPN,334118,3577,188,940, , ,CANON INC,CAJ
2721,AA,A-1+,2/28/14,Tokyo,Canon Inc,4520,452020,45,45202030,B,JPN,334118,3577,188,940, , ,CANON INC,CAJ
2721,AA,A-1+,3/31/14,Tokyo,Canon Inc,4520,452020,45,45202030,B,JPN,334118,3577,188,940, , ,CANON INC,CAJ
2721,AA,A-1+,4/30/14,Tokyo,Canon Inc,4520,452020,45,45202030,B,JPN,334118,3577,188,940, , ,CANON INC,CAJ
2721,AA,A-1+,5/31/14,Tokyo,Canon Inc,4520,452020,45,45202030,B,JPN,334118,3577,188,940, , ,CANON INC,CAJ
2721,AA,A-1+,6/30/14,Tokyo,Canon Inc,4520,452020,45,45202030,B,JPN,334118,3577,188,940, , ,CANON INC,CAJ
2829, , ,1/31/10,San Diego,RF Industries Ltd,4520,452030,45,45203020,D,USA,334417,3678,220,925,B,CA,R F INDUSTRIES LTD,RFIL
2829, , ,2/28/10,San Diego,RF Industries Ltd,4520,452030,45,45203020,D,USA,334417,3678,220,925,B,CA,R F INDUSTRIES LTD,RFIL
2829, , ,3/31/10,San Diego,RF Industries Ltd,4520,452030,45,45203020,D,USA,334417,3678,220,925,B,CA,R F INDUSTRIES LTD,RFIL
2829, , ,4/30/10,San Diego,RF Industries Ltd,4520,452030,45,45203020,D,USA,334417,3678,220,925,B,CA,R F INDUSTRIES LTD,RFIL
2829, , ,5/31/10,San Diego,RF Industries Ltd,4520,452030,45,45203020,D,USA,334417,3678,220,925,B,CA,R F INDUSTRIES LTD,RFIL
2829, , ,6/30/10,San Diego,RF Industries Ltd,4520,452030,45,45203020,D,USA,334417,3678,220,925,B,CA,R F INDUSTRIES LTD,RFIL
2829, , ,7/31/10,San Diego,RF Industries Ltd,4520,452030,45,45203020,D,USA,334417,3678,220,925,B,CA,R F INDUSTRIES LTD,RFIL
2829, , ,8/31/10,San Diego,RF Industries Ltd,4520,452030,45,45203020,D,USA,334417,3678,220,925,B,CA,R F INDUSTRIES LTD,RFIL
2829, , ,9/30/10,San Diego,RF Industries Ltd,4520,452030,45,45203020,D,USA,334417,3678,220,925,B,CA,R F INDUSTRIES LTD,RFIL
2829, , ,10/31/10,San Diego,RF Industries Ltd,4520,452030,45,45203020,D,USA,334417,3678,220,925,B,CA,R F INDUSTRIES LTD,RFIL
2829, , ,11/30/10,San Diego,RF Industries Ltd,4520,452030,45,45203020,D,USA,334417,3678,220,925,B,CA,R F INDUSTRIES LTD,RFIL
2829, , ,12/31/10,San Diego,RF Industries Ltd,4520,452030,45,45203020,D,USA,334417,3678,220,925,B,CA,R F INDUSTRIES LTD,RFIL
2829, , ,1/31/11,San Diego,RF Industries Ltd,4520,452030,45,45203020,D,USA,334417,3678,220,925,B,CA,R F INDUSTRIES LTD,RFIL
2829, , ,2/28/11,San Diego,RF Industries Ltd,4520,452030,45,45203020,D,USA,334417,3678,220,925,B,CA,R F INDUSTRIES LTD,RFIL
2829, , ,3/31/11,San Diego,RF Industries Ltd,4520,452030,45,45203020,D,USA,334417,3678,220,925,B,CA,R F INDUSTRIES LTD,RFIL
2829, , ,4/30/11,San Diego,RF Industries Ltd,4520,452030,45,45203020,D,USA,334417,3678,220,925,B,CA,R F INDUSTRIES LTD,RFIL
2829, , ,5/31/11,San Diego,RF Industries Ltd,4520,452030,45,45203020,D,USA,334417,3678,220,925,B,CA,R F INDUSTRIES LTD,RFIL
2829, , ,6/30/11,San Diego,RF Industries Ltd,4520,452030,45,45203020,D,USA,334417,3678,220,925,B,CA,R F INDUSTRIES LTD,RFIL
2829, , ,7/31/11,San Diego,RF Industries Ltd,4520,452030,45,45203020,D,USA,334417,3678,220,925,B,CA,R F INDUSTRIES LTD,RFIL
2829, , ,8/31/11,San Diego,RF Industries Ltd,4520,452030,45,45203020,D,USA,334417,3678,220,925,B,CA,R F INDUSTRIES LTD,RFIL
2829, , ,9/30/11,San Diego,RF Industries Ltd,4520,452030,45,45203020,D,USA,334417,3678,220,925,B,CA,R F INDUSTRIES LTD,RFIL
2829, , ,10/31/11,San Diego,RF Industries Ltd,4520,452030,45,45203020,D,USA,334417,3678,220,925,B,CA,R F INDUSTRIES LTD,RFIL
2829, , ,11/30/11,San Diego,RF Industries Ltd,4520,452030,45,45203020,D,USA,334417,3678,220,925,B,CA,R F INDUSTRIES LTD,RFIL
2829, , ,12/31/11,San Diego,RF Industries Ltd,4520,452030,45,45203020,D,USA,334417,3678,220,925,B,CA,R F INDUSTRIES LTD,RFIL
2829, , ,1/31/12,San Diego,RF Industries Ltd,4520,452030,45,45203020,D,USA,334417,3678,220,925,B,CA,R F INDUSTRIES LTD,RFIL
2829, , ,2/29/12,San Diego,RF Industries Ltd,4520,452030,45,45203020,D,USA,334417,3678,220,925,B,CA,R F INDUSTRIES LTD,RFIL
2829, , ,3/31/12,San Diego,RF Industries Ltd,4520,452030,45,45203020,D,USA,334417,3678,220,925,B,CA,R F INDUSTRIES LTD,RFIL
2829, , ,4/30/12,San Diego,RF Industries Ltd,4520,452030,45,45203020,D,USA,334417,3678,220,925,B,CA,R F INDUSTRIES LTD,RFIL
2829, , ,5/31/12,San Diego,RF Industries Ltd,4520,452030,45,45203020,D,USA,334417,3678,220,925,B,CA,R F INDUSTRIES LTD,RFIL
2829, , ,6/30/12,San Diego,RF Industries Ltd,4520,452030,45,45203020,D,USA,334417,3678,220,925,B,CA,R F INDUSTRIES LTD,RFIL
2829, , ,7/31/12,San Diego,RF Industries Ltd,4520,452030,45,45203020,D,USA,334417,3678,220,925,B,CA,R F INDUSTRIES LTD,RFIL
2829, , ,8/31/12,San Diego,RF Industries Ltd,4520,452030,45,45203020,D,USA,334417,3678,220,925,B,CA,R F INDUSTRIES LTD,RFIL
2829, , ,9/30/12,San Diego,RF Industries Ltd,4520,452030,45,45203020,D,USA,334417,3678,220,925,B,CA,R F INDUSTRIES LTD,RFIL
2829, , ,10/31/12,San Diego,RF Industries Ltd,4520,452030,45,45203020,D,USA,334417,3678,220,925,B,CA,R F INDUSTRIES LTD,RFIL
2829, , ,11/30/12,San Diego,RF Industries Ltd,4520,452030,45,45203020,D,USA,334417,3678,220,925,B,CA,R F INDUSTRIES LTD,RFIL
2829, , ,12/31/12,San Diego,RF Industries Ltd,4520,452030,45,45203020,D,USA,334417,3678,220,925,B,CA,R F INDUSTRIES LTD,RFIL
2829, , ,1/31/13,San Diego,RF Industries Ltd,4520,452030,45,45203020,D,USA,334417,3678,220,925,B,CA,R F INDUSTRIES LTD,RFIL
2829, , ,2/28/13,San Diego,RF Industries Ltd,4520,452030,45,45203020,D,USA,334417,3678,220,925,B,CA,R F INDUSTRIES LTD,RFIL
2829, , ,3/31/13,San Diego,RF Industries Ltd,4520,452030,45,45203020,D,USA,334417,3678,220,925,B,CA,R F INDUSTRIES LTD,RFIL
2829, , ,4/30/13,San Diego,RF Industries Ltd,4520,452030,45,45203020,D,USA,334417,3678,220,925,B,CA,R F INDUSTRIES LTD,RFIL
2829, , ,5/31/13,San Diego,RF Industries Ltd,4520,452030,45,45203020,D,USA,334417,3678,220,925,B,CA,R F INDUSTRIES LTD,RFIL
2829, , ,6/30/13,San Diego,RF Industries Ltd,4520,452030,45,45203020,D,USA,334417,3678,220,925,B,CA,R F INDUSTRIES LTD,RFIL
2829, , ,7/31/13,San Diego,RF Industries Ltd,4520,452030,45,45203020,D,USA,334417,3678,220,925,B,CA,R F INDUSTRIES LTD,RFIL
2829, , ,8/31/13,San Diego,RF Industries Ltd,4520,452030,45,45203020,D,USA,334417,3678,220,925,B,CA,R F INDUSTRIES LTD,RFIL
2829, , ,9/30/13,San Diego,RF Industries Ltd,4520,452030,45,45203020,D,USA,334417,3678,220,925,B,CA,R F INDUSTRIES LTD,RFIL
2829, , ,10/31/13,San Diego,RF Industries Ltd,4520,452030,45,45203020,D,USA,334417,3678,220,925,B,CA,R F INDUSTRIES LTD,RFIL
2890, , ,1/31/10,Milpitas,Cermetek Microelectronics Inc,4520,452050,45,45205020,D,USA,334418,3661,180,940, ,CA,CERMETEK MICROELECTRNICS INC,CRMK
2890, , ,2/28/10,Milpitas,Cermetek Microelectronics Inc,4520,452050,45,45205020,D,USA,334418,3661,180,940, ,CA,CERMETEK MICROELECTRNICS INC,CRMK
2890, , ,3/31/10,Milpitas,Cermetek Microelectronics Inc,4520,452050,45,45205020,D,USA,334418,3661,180,940, ,CA,CERMETEK MICROELECTRNICS INC,CRMK
2890, , ,4/30/10,Milpitas,Cermetek Microelectronics Inc,4520,452050,45,45205020,D,USA,334418,3661,180,940, ,CA,CERMETEK MICROELECTRNICS INC,CRMK
2890, , ,5/31/10,Milpitas,Cermetek Microelectronics Inc,4520,452050,45,45205020,D,USA,334418,3661,180,940, ,CA,CERMETEK MICROELECTRNICS INC,CRMK
2890, , ,6/30/10,Milpitas,Cermetek Microelectronics Inc,4520,452050,45,45205020,D,USA,334418,3661,180,940, ,CA,CERMETEK MICROELECTRNICS INC,CRMK
2890, , ,7/31/10,Milpitas,Cermetek Microelectronics Inc,4520,452050,45,45205020,D,USA,334418,3661,180,940, ,CA,CERMETEK MICROELECTRNICS INC,CRMK
2890, , ,8/31/10,Milpitas,Cermetek Microelectronics Inc,4520,452050,45,45205020,D,USA,334418,3661,180,940, ,CA,CERMETEK MICROELECTRNICS INC,CRMK
2890, , ,9/30/10,Milpitas,Cermetek Microelectronics Inc,4520,452050,45,45205020,D,USA,334418,3661,180,940, ,CA,CERMETEK MICROELECTRNICS INC,CRMK
2890, , ,10/31/10,Milpitas,Cermetek Microelectronics Inc,4520,452050,45,45205020,D,USA,334418,3661,180,940, ,CA,CERMETEK MICROELECTRNICS INC,CRMK
2890, , ,11/30/10,Milpitas,Cermetek Microelectronics Inc,4520,452050,45,45205020,D,USA,334418,3661,180,940, ,CA,CERMETEK MICROELECTRNICS INC,CRMK
2890, , ,12/31/10,Milpitas,Cermetek Microelectronics Inc,4520,452050,45,45205020,D,USA,334418,3661,180,940, ,CA,CERMETEK MICROELECTRNICS INC,CRMK
2890, , ,1/31/11,Milpitas,Cermetek Microelectronics Inc,4520,452050,45,45205020,D,USA,334418,3661,180,940, ,CA,CERMETEK MICROELECTRNICS INC,CRMK
2890, , ,2/28/11,Milpitas,Cermetek Microelectronics Inc,4520,452050,45,45205020,D,USA,334418,3661,180,940, ,CA,CERMETEK MICROELECTRNICS INC,CRMK
2890, , ,3/31/11,Milpitas,Cermetek Microelectronics Inc,4520,452050,45,45205020,D,USA,334418,3661,180,940, ,CA,CERMETEK MICROELECTRNICS INC,CRMK
2890, , ,4/30/11,Milpitas,Cermetek Microelectronics Inc,4520,452050,45,45205020,D,USA,334418,3661,180,940, ,CA,CERMETEK MICROELECTRNICS INC,CRMK
2890, , ,5/31/11,Milpitas,Cermetek Microelectronics Inc,4520,452050,45,45205020,D,USA,334418,3661,180,940, ,CA,CERMETEK MICROELECTRNICS INC,CRMK
2890, , ,6/30/11,Milpitas,Cermetek Microelectronics Inc,4520,452050,45,45205020,D,USA,334418,3661,180,940, ,CA,CERMETEK MICROELECTRNICS INC,CRMK
2890, , ,7/31/11,Milpitas,Cermetek Microelectronics Inc,4520,452050,45,45205020,D,USA,334418,3661,180,940, ,CA,CERMETEK MICROELECTRNICS INC,CRMK
2890, , ,8/31/11,Milpitas,Cermetek Microelectronics Inc,4520,452050,45,45205020,D,USA,334418,3661,180,940, ,CA,CERMETEK MICROELECTRNICS INC,CRMK
2890, , ,9/30/11,Milpitas,Cermetek Microelectronics Inc,4520,452050,45,45205020,D,USA,334418,3661,180,940, ,CA,CERMETEK MICROELECTRNICS INC,CRMK
2890, , ,10/31/11,Milpitas,Cermetek Microelectronics Inc,4520,452050,45,45205020,D,USA,334418,3661,180,940, ,CA,CERMETEK MICROELECTRNICS INC,CRMK
2890, , ,11/30/11,Milpitas,Cermetek Microelectronics Inc,4520,452050,45,45205020,D,USA,334418,3661,180,940, ,CA,CERMETEK MICROELECTRNICS INC,CRMK
2890, , ,12/31/11,Milpitas,Cermetek Microelectronics Inc,4520,452050,45,45205020,D,USA,334418,3661,180,940, ,CA,CERMETEK MICROELECTRNICS INC,CRMK
2890, , ,1/31/12,Milpitas,Cermetek Microelectronics Inc,4520,452050,45,45205020,D,USA,334418,3661,180,940, ,CA,CERMETEK MICROELECTRNICS INC,CRMK
2890, , ,2/29/12,Milpitas,Cermetek Microelectronics Inc,4520,452050,45,45205020,D,USA,334418,3661,180,940, ,CA,CERMETEK MICROELECTRNICS INC,CRMK
2890, , ,3/31/12,Milpitas,Cermetek Microelectronics Inc,4520,452050,45,45205020,D,USA,334418,3661,180,940, ,CA,CERMETEK MICROELECTRNICS INC,CRMK
2890, , ,4/30/12,Milpitas,Cermetek Microelectronics Inc,4520,452050,45,45205020,D,USA,334418,3661,180,940, ,CA,CERMETEK MICROELECTRNICS INC,CRMK
2890, , ,5/31/12,Milpitas,Cermetek Microelectronics Inc,4520,452050,45,45205020,D,USA,334418,3661,180,940, ,CA,CERMETEK MICROELECTRNICS INC,CRMK
2890, , ,6/30/12,Milpitas,Cermetek Microelectronics Inc,4520,452050,45,45205020,D,USA,334418,3661,180,940, ,CA,CERMETEK MICROELECTRNICS INC,CRMK
2890, , ,7/31/12,Milpitas,Cermetek Microelectronics Inc,4520,452050,45,45205020,D,USA,334418,3661,180,940, ,CA,CERMETEK MICROELECTRNICS INC,CRMK
2890, , ,8/31/12,Milpitas,Cermetek Microelectronics Inc,4520,452050,45,45205020,D,USA,334418,3661,180,940, ,CA,CERMETEK MICROELECTRNICS INC,CRMK
2890, , ,9/30/12,Milpitas,Cermetek Microelectronics Inc,4520,452050,45,45205020,D,USA,334418,3661,180,940, ,CA,CERMETEK MICROELECTRNICS INC,CRMK
2890, , ,10/31/12,Milpitas,Cermetek Microelectronics Inc,4520,452050,45,45205020,D,USA,334418,3661,180,940, ,CA,CERMETEK MICROELECTRNICS INC,CRMK
2890, , ,11/30/12,Milpitas,Cermetek Microelectronics Inc,4520,452050,45,45205020,D,USA,334418,3661,180,940, ,CA,CERMETEK MICROELECTRNICS INC,CRMK
2890, , ,12/31/12,Milpitas,Cermetek Microelectronics Inc,4520,452050,45,45205020,D,USA,334418,3661,180,940, ,CA,CERMETEK MICROELECTRNICS INC,CRMK
2890, , ,1/31/13,Milpitas,Cermetek Microelectronics Inc,4520,452050,45,45205020,D,USA,334418,3661,180,940, ,CA,CERMETEK MICROELECTRNICS INC,CRMK
2890, , ,2/28/13,Milpitas,Cermetek Microelectronics Inc,4520,452050,45,45205020,D,USA,334418,3661,180,940, ,CA,CERMETEK MICROELECTRNICS INC,CRMK
2890, , ,3/31/13,Milpitas,Cermetek Microelectronics Inc,4520,452050,45,45205020,D,USA,334418,3661,180,940, ,CA,CERMETEK MICROELECTRNICS INC,CRMK
2890, , ,4/30/13,Milpitas,Cermetek Microelectronics Inc,4520,452050,45,45205020,D,USA,334418,3661,180,940, ,CA,CERMETEK MICROELECTRNICS INC,CRMK
2890, , ,5/31/13,Milpitas,Cermetek Microelectronics Inc,4520,452050,45,45205020,D,USA,334418,3661,180,940, ,CA,CERMETEK MICROELECTRNICS INC,CRMK
2890, , ,6/30/13,Milpitas,Cermetek Microelectronics Inc,4520,452050,45,45205020,D,USA,334418,3661,180,940, ,CA,CERMETEK MICROELECTRNICS INC,CRMK
2890, , ,7/31/13,Milpitas,Cermetek Microelectronics Inc,4520,452050,45,45205020,D,USA,334418,3661,180,940, ,CA,CERMETEK MICROELECTRNICS INC,CRMK
2890, , ,8/31/13,Milpitas,Cermetek Microelectronics Inc,4520,452050,45,45205020,D,USA,334418,3661,180,940, ,CA,CERMETEK MICROELECTRNICS INC,CRMK
2890, , ,9/30/13,Milpitas,Cermetek Microelectronics Inc,4520,452050,45,45205020,D,USA,334418,3661,180,940, ,CA,CERMETEK MICROELECTRNICS INC,CRMK
2890, , ,10/31/13,Milpitas,Cermetek Microelectronics Inc,4520,452050,45,45205020,D,USA,334418,3661,180,940, ,CA,CERMETEK MICROELECTRNICS INC,CRMK
2908, , ,1/31/10,Richardson,TeraForce Technology Corp,4520,452010,45,45201020,D,USA,334413,3674,180,940,C,TX,TERAFORCE TECHNOLOGY CORP,TERA
2908, , ,2/28/10,Richardson,TeraForce Technology Corp,4520,452010,45,45201020,D,USA,334413,3674,180,940,C,TX,TERAFORCE TECHNOLOGY CORP,TERA
2908, , ,3/31/10,Richardson,TeraForce Technology Corp,4520,452010,45,45201020,D,USA,334413,3674,180,940,C,TX,TERAFORCE TECHNOLOGY CORP,TERA
2908, , ,4/30/10,Richardson,TeraForce Technology Corp,4520,452010,45,45201020,D,USA,334413,3674,180,940,C,TX,TERAFORCE TECHNOLOGY CORP,TERA
2908, , ,5/31/10,Richardson,TeraForce Technology Corp,4520,452010,45,45201020,D,USA,334413,3674,180,940,C,TX,TERAFORCE TECHNOLOGY CORP,TERA
2908, , ,6/30/10,Richardson,TeraForce Technology Corp,4520,452010,45,45201020,D,USA,334413,3674,180,940,C,TX,TERAFORCE TECHNOLOGY CORP,TERA
2908, , ,7/31/10,Richardson,TeraForce Technology Corp,4520,452010,45,45201020,D,USA,334413,3674,180,940,C,TX,TERAFORCE TECHNOLOGY CORP,TERA
2908, , ,8/31/10,Richardson,TeraForce Technology Corp,4520,452010,45,45201020,D,USA,334413,3674,180,940,C,TX,TERAFORCE TECHNOLOGY CORP,TERA
2908, , ,9/30/10,Richardson,TeraForce Technology Corp,4520,452010,45,45201020,D,USA,334413,3674,180,940,C,TX,TERAFORCE TECHNOLOGY CORP,TERA
2908, , ,10/31/10,Richardson,TeraForce Technology Corp,4520,452010,45,45201020,D,USA,334413,3674,180,940,C,TX,TERAFORCE TECHNOLOGY CORP,TERA
2908, , ,11/30/10,Richardson,TeraForce Technology Corp,4520,452010,45,45201020,D,USA,334413,3674,180,940,C,TX,TERAFORCE TECHNOLOGY CORP,TERA
2908, , ,12/31/10,Richardson,TeraForce Technology Corp,4520,452010,45,45201020,D,USA,334413,3674,180,940,C,TX,TERAFORCE TECHNOLOGY CORP,TERA
2908, , ,1/31/11,Richardson,TeraForce Technology Corp,4520,452010,45,45201020,D,USA,334413,3674,180,940,C,TX,TERAFORCE TECHNOLOGY CORP,TERA
2908, , ,2/28/11,Richardson,TeraForce Technology Corp,4520,452010,45,45201020,D,USA,334413,3674,180,940,C,TX,TERAFORCE TECHNOLOGY CORP,TERA
2908, , ,3/31/11,Richardson,TeraForce Technology Corp,4520,452010,45,45201020,D,USA,334413,3674,180,940,C,TX,TERAFORCE TECHNOLOGY CORP,TERA
2908, , ,4/30/11,Richardson,TeraForce Technology Corp,4520,452010,45,45201020,D,USA,334413,3674,180,940,C,TX,TERAFORCE TECHNOLOGY CORP,TERA
2908, , ,5/31/11,Richardson,TeraForce Technology Corp,4520,452010,45,45201020,D,USA,334413,3674,180,940,C,TX,TERAFORCE TECHNOLOGY CORP,TERA
2908, , ,6/30/11,Richardson,TeraForce Technology Corp,4520,452010,45,45201020,D,USA,334413,3674,180,940,C,TX,TERAFORCE TECHNOLOGY CORP,TERA
2908, , ,7/31/11,Richardson,TeraForce Technology Corp,4520,452010,45,45201020,D,USA,334413,3674,180,940,C,TX,TERAFORCE TECHNOLOGY CORP,TERA
2908, , ,8/31/11,Richardson,TeraForce Technology Corp,4520,452010,45,45201020,D,USA,334413,3674,180,940,C,TX,TERAFORCE TECHNOLOGY CORP,TERA
2908, , ,9/30/11,Richardson,TeraForce Technology Corp,4520,452010,45,45201020,D,USA,334413,3674,180,940,C,TX,TERAFORCE TECHNOLOGY CORP,TERA
2908, , ,10/31/11,Richardson,TeraForce Technology Corp,4520,452010,45,45201020,D,USA,334413,3674,180,940,C,TX,TERAFORCE TECHNOLOGY CORP,TERA
2908, , ,11/30/11,Richardson,TeraForce Technology Corp,4520,452010,45,45201020,D,USA,334413,3674,180,940,C,TX,TERAFORCE TECHNOLOGY CORP,TERA
2908, , ,12/31/11,Richardson,TeraForce Technology Corp,4520,452010,45,45201020,D,USA,334413,3674,180,940,C,TX,TERAFORCE TECHNOLOGY CORP,TERA
2908, , ,1/31/12,Richardson,TeraForce Technology Corp,4520,452010,45,45201020,D,USA,334413,3674,180,940,C,TX,TERAFORCE TECHNOLOGY CORP,TERA
2908, , ,2/29/12,Richardson,TeraForce Technology Corp,4520,452010,45,45201020,D,USA,334413,3674,180,940,C,TX,TERAFORCE TECHNOLOGY CORP,TERA
2908, , ,3/31/12,Richardson,TeraForce Technology Corp,4520,452010,45,45201020,D,USA,334413,3674,180,940,C,TX,TERAFORCE TECHNOLOGY CORP,TERA
2908, , ,4/30/12,Richardson,TeraForce Technology Corp,4520,452010,45,45201020,D,USA,334413,3674,180,940,C,TX,TERAFORCE TECHNOLOGY CORP,TERA
2908, , ,5/31/12,Richardson,TeraForce Technology Corp,4520,452010,45,45201020,D,USA,334413,3674,180,940,C,TX,TERAFORCE TECHNOLOGY CORP,TERA
2908, , ,6/30/12,Richardson,TeraForce Technology Corp,4520,452010,45,45201020,D,USA,334413,3674,180,940,C,TX,TERAFORCE TECHNOLOGY CORP,TERA
2908, , ,7/31/12,Richardson,TeraForce Technology Corp,4520,452010,45,45201020,D,USA,334413,3674,180,940,C,TX,TERAFORCE TECHNOLOGY CORP,TERA
2908, , ,8/31/12,Richardson,TeraForce Technology Corp,4520,452010,45,45201020,D,USA,334413,3674,180,940,C,TX,TERAFORCE TECHNOLOGY CORP,TERA
2908, , ,9/30/12,Richardson,TeraForce Technology Corp,4520,452010,45,45201020,D,USA,334413,3674,180,940,C,TX,TERAFORCE TECHNOLOGY CORP,TERA
2908, , ,10/31/12,Richardson,TeraForce Technology Corp,4520,452010,45,45201020,D,USA,334413,3674,180,940,C,TX,TERAFORCE TECHNOLOGY CORP,TERA
2908, , ,11/30/12,Richardson,TeraForce Technology Corp,4520,452010,45,45201020,D,USA,334413,3674,180,940,C,TX,TERAFORCE TECHNOLOGY CORP,TERA
2908, , ,12/31/12,Richardson,TeraForce Technology Corp,4520,452010,45,45201020,D,USA,334413,3674,180,940,C,TX,TERAFORCE TECHNOLOGY CORP,TERA
2908, , ,1/31/13,Richardson,TeraForce Technology Corp,4520,452010,45,45201020,D,USA,334413,3674,180,940,C,TX,TERAFORCE TECHNOLOGY CORP,TERA
2953, , ,1/31/10,Thorofare,Checkpoint Systems Inc,4520,452030,45,45203010,B,USA,334290,3669,220,925,C,NJ,CHECKPOINT SYSTEMS INC,CKP
2953, , ,2/28/10,Thorofare,Checkpoint Systems Inc,4520,452030,45,45203010,B,USA,334290,3669,220,925,C,NJ,CHECKPOINT SYSTEMS INC,CKP
2953, , ,3/31/10,Thorofare,Checkpoint Systems Inc,4520,452030,45,45203010,B,USA,334290,3669,220,925,C,NJ,CHECKPOINT SYSTEMS INC,CKP
2953, , ,4/30/10,Thorofare,Checkpoint Systems Inc,4520,452030,45,45203010,B,USA,334290,3669,220,925,C,NJ,CHECKPOINT SYSTEMS INC,CKP
2953, , ,5/31/10,Thorofare,Checkpoint Systems Inc,4520,452030,45,45203010,B,USA,334290,3669,220,925,C,NJ,CHECKPOINT SYSTEMS INC,CKP
2953, , ,6/30/10,Thorofare,Checkpoint Systems Inc,4520,452030,45,45203010,B,USA,334290,3669,220,925,C,NJ,CHECKPOINT SYSTEMS INC,CKP
2953, , ,7/31/10,Thorofare,Checkpoint Systems Inc,4520,452030,45,45203010,B,USA,334290,3669,220,925,C,NJ,CHECKPOINT SYSTEMS INC,CKP
2953, , ,8/31/10,Thorofare,Checkpoint Systems Inc,4520,452030,45,45203010,B,USA,334290,3669,220,925,C,NJ,CHECKPOINT SYSTEMS INC,CKP
2953, , ,9/30/10,Thorofare,Checkpoint Systems Inc,4520,452030,45,45203010,B,USA,334290,3669,220,925,C,NJ,CHECKPOINT SYSTEMS INC,CKP
2953, , ,10/31/10,Thorofare,Checkpoint Systems Inc,4520,452030,45,45203010,B,USA,334290,3669,220,925,C,NJ,CHECKPOINT SYSTEMS INC,CKP
2953, , ,11/30/10,Thorofare,Checkpoint Systems Inc,4520,452030,45,45203010,B,USA,334290,3669,220,925,C,NJ,CHECKPOINT SYSTEMS INC,CKP
2953, , ,12/31/10,Thorofare,Checkpoint Systems Inc,4520,452030,45,45203010,B,USA,334290,3669,220,925,C,NJ,CHECKPOINT SYSTEMS INC,CKP
2953, , ,1/31/11,Thorofare,Checkpoint Systems Inc,4520,452030,45,45203010,B,USA,334290,3669,220,925,C,NJ,CHECKPOINT SYSTEMS INC,CKP
2953, , ,2/28/11,Thorofare,Checkpoint Systems Inc,4520,452030,45,45203010,B,USA,334290,3669,220,925,C,NJ,CHECKPOINT SYSTEMS INC,CKP
2953, , ,3/31/11,Thorofare,Checkpoint Systems Inc,4520,452030,45,45203010,B,USA,334290,3669,220,925,C,NJ,CHECKPOINT SYSTEMS INC,CKP
2953, , ,4/30/11,Thorofare,Checkpoint Systems Inc,4520,452030,45,45203010,B,USA,334290,3669,220,925,C,NJ,CHECKPOINT SYSTEMS INC,CKP
2953, , ,5/31/11,Thorofare,Checkpoint Systems Inc,4520,452030,45,45203010,B,USA,334290,3669,220,925,C,NJ,CHECKPOINT SYSTEMS INC,CKP
2953, , ,6/30/11,Thorofare,Checkpoint Systems Inc,4520,452030,45,45203010,B,USA,334290,3669,220,925,C,NJ,CHECKPOINT SYSTEMS INC,CKP
2953, , ,7/31/11,Thorofare,Checkpoint Systems Inc,4520,452030,45,45203010,B,USA,334290,3669,220,925,C,NJ,CHECKPOINT SYSTEMS INC,CKP
2953, , ,8/31/11,Thorofare,Checkpoint Systems Inc,4520,452030,45,45203010,B,USA,334290,3669,220,925,C,NJ,CHECKPOINT SYSTEMS INC,CKP
2953, , ,9/30/11,Thorofare,Checkpoint Systems Inc,4520,452030,45,45203010,B,USA,334290,3669,220,925,C,NJ,CHECKPOINT SYSTEMS INC,CKP
2953, , ,10/31/11,Thorofare,Checkpoint Systems Inc,4520,452030,45,45203010,B,USA,334290,3669,220,925,C,NJ,CHECKPOINT SYSTEMS INC,CKP
2953, , ,11/30/11,Thorofare,Checkpoint Systems Inc,4520,452030,45,45203010,B,USA,334290,3669,220,925,C,NJ,CHECKPOINT SYSTEMS INC,CKP
2953, , ,12/31/11,Thorofare,Checkpoint Systems Inc,4520,452030,45,45203010,B,USA,334290,3669,220,925,C,NJ,CHECKPOINT SYSTEMS INC,CKP
2953, , ,1/31/12,Thorofare,Checkpoint Systems Inc,4520,452030,45,45203010,B,USA,334290,3669,220,925,C,NJ,CHECKPOINT SYSTEMS INC,CKP
2953, , ,2/29/12,Thorofare,Checkpoint Systems Inc,4520,452030,45,45203010,B,USA,334290,3669,220,925,C,NJ,CHECKPOINT SYSTEMS INC,CKP
2953, , ,3/31/12,Thorofare,Checkpoint Systems Inc,4520,452030,45,45203010,B,USA,334290,3669,220,925,C,NJ,CHECKPOINT SYSTEMS INC,CKP
2953, , ,4/30/12,Thorofare,Checkpoint Systems Inc,4520,452030,45,45203010,B,USA,334290,3669,220,925,C,NJ,CHECKPOINT SYSTEMS INC,CKP
2953, , ,5/31/12,Thorofare,Checkpoint Systems Inc,4520,452030,45,45203010,B,USA,334290,3669,220,925,C,NJ,CHECKPOINT SYSTEMS INC,CKP
2953, , ,6/30/12,Thorofare,Checkpoint Systems Inc,4520,452030,45,45203010,B,USA,334290,3669,220,925,C,NJ,CHECKPOINT SYSTEMS INC,CKP
2953, , ,7/31/12,Thorofare,Checkpoint Systems Inc,4520,452030,45,45203010,B,USA,334290,3669,220,925,C,NJ,CHECKPOINT SYSTEMS INC,CKP
2953, , ,8/31/12,Thorofare,Checkpoint Systems Inc,4520,452030,45,45203010,B,USA,334290,3669,220,925,C,NJ,CHECKPOINT SYSTEMS INC,CKP
2953, , ,9/30/12,Thorofare,Checkpoint Systems Inc,4520,452030,45,45203010,B,USA,334290,3669,220,925,C,NJ,CHECKPOINT SYSTEMS INC,CKP
2953, , ,10/31/12,Thorofare,Checkpoint Systems Inc,4520,452030,45,45203010,B,USA,334290,3669,220,925,C,NJ,CHECKPOINT SYSTEMS INC,CKP
2953, , ,11/30/12,Thorofare,Checkpoint Systems Inc,4520,452030,45,45203010,B,USA,334290,3669,220,925,C,NJ,CHECKPOINT SYSTEMS INC,CKP
2953, , ,12/31/12,Thorofare,Checkpoint Systems Inc,4520,452030,45,45203010,B,USA,334290,3669,220,925,C,NJ,CHECKPOINT SYSTEMS INC,CKP
2953, , ,1/31/13,Thorofare,Checkpoint Systems Inc,4520,452030,45,45203010,B,USA,334290,3669,220,925,C,NJ,CHECKPOINT SYSTEMS INC,CKP
2953, , ,2/28/13,Thorofare,Checkpoint Systems Inc,4520,452030,45,45203010,B,USA,334290,3669,220,925,C,NJ,CHECKPOINT SYSTEMS INC,CKP
2953, , ,3/31/13,Thorofare,Checkpoint Systems Inc,4520,452030,45,45203010,B,USA,334290,3669,220,925,C,NJ,CHECKPOINT SYSTEMS INC,CKP
2953, , ,4/30/13,Thorofare,Checkpoint Systems Inc,4520,452030,45,45203010,B,USA,334290,3669,220,925,C,NJ,CHECKPOINT SYSTEMS INC,CKP
2953, , ,5/31/13,Thorofare,Checkpoint Systems Inc,4520,452030,45,45203010,B,USA,334290,3669,220,925,C,NJ,CHECKPOINT SYSTEMS INC,CKP
2953, , ,6/30/13,Thorofare,Checkpoint Systems Inc,4520,452030,45,45203010,B,USA,334290,3669,220,925,C,NJ,CHECKPOINT SYSTEMS INC,CKP
2953, , ,7/31/13,Thorofare,Checkpoint Systems Inc,4520,452030,45,45203010,B,USA,334290,3669,220,925,C,NJ,CHECKPOINT SYSTEMS INC,CKP
2953, , ,8/31/13,Thorofare,Checkpoint Systems Inc,4520,452030,45,45203010,B,USA,334290,3669,220,925,C,NJ,CHECKPOINT SYSTEMS INC,CKP
2953, , ,9/30/13,Thorofare,Checkpoint Systems Inc,4520,452030,45,45203010,B,USA,334290,3669,220,925,C,NJ,CHECKPOINT SYSTEMS INC,CKP
2953, , ,10/31/13,Thorofare,Checkpoint Systems Inc,4520,452030,45,45203010,B,USA,334290,3669,220,925,C,NJ,CHECKPOINT SYSTEMS INC,CKP
3031, , ,1/31/10,Melville,ChyronHego Corp,4520,452030,45,45203010,D,USA,334220,3663,180,940,C,NY,CHYRONHEGO CORP,CHYR
3031, , ,2/28/10,Melville,ChyronHego Corp,4520,452030,45,45203010,D,USA,334220,3663,180,940,C,NY,CHYRONHEGO CORP,CHYR
3031, , ,3/31/10,Melville,ChyronHego Corp,4520,452030,45,45203010,D,USA,334220,3663,180,940,C,NY,CHYRONHEGO CORP,CHYR
3031, , ,4/30/10,Melville,ChyronHego Corp,4520,452030,45,45203010,D,USA,334220,3663,180,940,C,NY,CHYRONHEGO CORP,CHYR
3031, , ,5/31/10,Melville,ChyronHego Corp,4520,452030,45,45203010,D,USA,334220,3663,180,940,C,NY,CHYRONHEGO CORP,CHYR
3031, , ,6/30/10,Melville,ChyronHego Corp,4520,452030,45,45203010,D,USA,334220,3663,180,940,C,NY,CHYRONHEGO CORP,CHYR
3031, , ,7/31/10,Melville,ChyronHego Corp,4520,452030,45,45203010,D,USA,334220,3663,180,940,C,NY,CHYRONHEGO CORP,CHYR
3031, , ,8/31/10,Melville,ChyronHego Corp,4520,452030,45,45203010,D,USA,334220,3663,180,940,C,NY,CHYRONHEGO CORP,CHYR
3031, , ,9/30/10,Melville,ChyronHego Corp,4520,452030,45,45203010,D,USA,334220,3663,180,940,C,NY,CHYRONHEGO CORP,CHYR
3031, , ,10/31/10,Melville,ChyronHego Corp,4520,452030,45,45203010,D,USA,334220,3663,180,940,C,NY,CHYRONHEGO CORP,CHYR
3031, , ,11/30/10,Melville,ChyronHego Corp,4520,452030,45,45203010,D,USA,334220,3663,180,940,C,NY,CHYRONHEGO CORP,CHYR
3031, , ,12/31/10,Melville,ChyronHego Corp,4520,452030,45,45203010,D,USA,334220,3663,180,940,C,NY,CHYRONHEGO CORP,CHYR
3031, , ,1/31/11,Melville,ChyronHego Corp,4520,452030,45,45203010,D,USA,334220,3663,180,940,C,NY,CHYRONHEGO CORP,CHYR
3031, , ,2/28/11,Melville,ChyronHego Corp,4520,452030,45,45203010,D,USA,334220,3663,180,940,C,NY,CHYRONHEGO CORP,CHYR
3031, , ,3/31/11,Melville,ChyronHego Corp,4520,452030,45,45203010,D,USA,334220,3663,180,940,C,NY,CHYRONHEGO CORP,CHYR
3031, , ,4/30/11,Melville,ChyronHego Corp,4520,452030,45,45203010,D,USA,334220,3663,180,940,C,NY,CHYRONHEGO CORP,CHYR
3031, , ,5/31/11,Melville,ChyronHego Corp,4520,452030,45,45203010,D,USA,334220,3663,180,940,C,NY,CHYRONHEGO CORP,CHYR
3031, , ,6/30/11,Melville,ChyronHego Corp,4520,452030,45,45203010,D,USA,334220,3663,180,940,C,NY,CHYRONHEGO CORP,CHYR
3031, , ,7/31/11,Melville,ChyronHego Corp,4520,452030,45,45203010,D,USA,334220,3663,180,940,C,NY,CHYRONHEGO CORP,CHYR
3031, , ,8/31/11,Melville,ChyronHego Corp,4520,452030,45,45203010,D,USA,334220,3663,180,940,C,NY,CHYRONHEGO CORP,CHYR
3031, , ,9/30/11,Melville,ChyronHego Corp,4520,452030,45,45203010,D,USA,334220,3663,180,940,C,NY,CHYRONHEGO CORP,CHYR
3031, , ,10/31/11,Melville,ChyronHego Corp,4520,452030,45,45203010,D,USA,334220,3663,180,940,C,NY,CHYRONHEGO CORP,CHYR
3031, , ,11/30/11,Melville,ChyronHego Corp,4520,452030,45,45203010,D,USA,334220,3663,180,940,C,NY,CHYRONHEGO CORP,CHYR
3031, , ,12/31/11,Melville,ChyronHego Corp,4520,452030,45,45203010,D,USA,334220,3663,180,940,C,NY,CHYRONHEGO CORP,CHYR
3031, , ,1/31/12,Melville,ChyronHego Corp,4520,452030,45,45203010,D,USA,334220,3663,180,940,C,NY,CHYRONHEGO CORP,CHYR
3031, , ,2/29/12,Melville,ChyronHego Corp,4520,452030,45,45203010,D,USA,334220,3663,180,940,C,NY,CHYRONHEGO CORP,CHYR
3031, , ,3/31/12,Melville,ChyronHego Corp,4520,452030,45,45203010,D,USA,334220,3663,180,940,C,NY,CHYRONHEGO CORP,CHYR
3031, , ,4/30/12,Melville,ChyronHego Corp,4520,452030,45,45203010,D,USA,334220,3663,180,940,C,NY,CHYRONHEGO CORP,CHYR
3031, , ,5/31/12,Melville,ChyronHego Corp,4520,452030,45,45203010,D,USA,334220,3663,180,940,C,NY,CHYRONHEGO CORP,CHYR
3031, , ,6/30/12,Melville,ChyronHego Corp,4520,452030,45,45203010,D,USA,334220,3663,180,940,C,NY,CHYRONHEGO CORP,CHYR
3031, , ,7/31/12,Melville,ChyronHego Corp,4520,452030,45,45203010,D,USA,334220,3663,180,940,C,NY,CHYRONHEGO CORP,CHYR
3031, , ,8/31/12,Melville,ChyronHego Corp,4520,452030,45,45203010,D,USA,334220,3663,180,940,C,NY,CHYRONHEGO CORP,CHYR
3031, , ,9/30/12,Melville,ChyronHego Corp,4520,452030,45,45203010,D,USA,334220,3663,180,940,C,NY,CHYRONHEGO CORP,CHYR
3031, , ,10/31/12,Melville,ChyronHego Corp,4520,452030,45,45203010,D,USA,334220,3663,180,940,C,NY,CHYRONHEGO CORP,CHYR
3031, , ,11/30/12,Melville,ChyronHego Corp,4520,452030,45,45203010,D,USA,334220,3663,180,940,C,NY,CHYRONHEGO CORP,CHYR
3031, , ,12/31/12,Melville,ChyronHego Corp,4520,452030,45,45203010,D,USA,334220,3663,180,940,C,NY,CHYRONHEGO CORP,CHYR
3031, , ,1/31/13,Melville,ChyronHego Corp,4520,452030,45,45203010,D,USA,334220,3663,180,940,C,NY,CHYRONHEGO CORP,CHYR
3031, , ,2/28/13,Melville,ChyronHego Corp,4520,452030,45,45203010,D,USA,334220,3663,180,940,C,NY,CHYRONHEGO CORP,CHYR
3031, , ,3/31/13,Melville,ChyronHego Corp,4520,452030,45,45203010,D,USA,334220,3663,180,940,C,NY,CHYRONHEGO CORP,CHYR
3031, , ,4/30/13,Melville,ChyronHego Corp,4520,452030,45,45203010,D,USA,334220,3663,180,940,C,NY,CHYRONHEGO CORP,CHYR
3031, , ,5/31/13,Melville,ChyronHego Corp,4520,452030,45,45203010,D,USA,334220,3663,180,940,C,NY,CHYRONHEGO CORP,CHYR
3031, , ,6/30/13,Melville,ChyronHego Corp,4520,452030,45,45203010,D,USA,334220,3663,180,940,C,NY,CHYRONHEGO CORP,CHYR
3031, , ,7/31/13,Melville,ChyronHego Corp,4520,452030,45,45203010,D,USA,334220,3663,180,940,C,NY,CHYRONHEGO CORP,CHYR
3031, , ,8/31/13,Melville,ChyronHego Corp,4520,452030,45,45203010,D,USA,334220,3663,180,940,C,NY,CHYRONHEGO CORP,CHYR
3031, , ,9/30/13,Melville,ChyronHego Corp,4520,452030,45,45203010,D,USA,334220,3663,180,940,C,NY,CHYRONHEGO CORP,CHYR
3031, , ,10/31/13,Melville,ChyronHego Corp,4520,452030,45,45203010,D,USA,334220,3663,180,940,C,NY,CHYRONHEGO CORP,CHYR
3048, , ,1/31/10,St Louis Park,Ciprico Inc,4520,452020,45,45202020,D,USA,334119,3576,190,940,D,MN,CIPRICO INC,CPCI
3048, , ,2/28/10,St Louis Park,Ciprico Inc,4520,452020,45,45202020,D,USA,334119,3576,190,940,D,MN,CIPRICO INC,CPCI
3048, , ,3/31/10,St Louis Park,Ciprico Inc,4520,452020,45,45202020,D,USA,334119,3576,190,940,D,MN,CIPRICO INC,CPCI
3048, , ,4/30/10,St Louis Park,Ciprico Inc,4520,452020,45,45202020,D,USA,334119,3576,190,940,D,MN,CIPRICO INC,CPCI
3048, , ,5/31/10,St Louis Park,Ciprico Inc,4520,452020,45,45202020,D,USA,334119,3576,190,940,D,MN,CIPRICO INC,CPCI
3048, , ,6/30/10,St Louis Park,Ciprico Inc,4520,452020,45,45202020,D,USA,334119,3576,190,940,D,MN,CIPRICO INC,CPCI
3048, , ,7/31/10,St Louis Park,Ciprico Inc,4520,452020,45,45202020,D,USA,334119,3576,190,940,D,MN,CIPRICO INC,CPCI
3048, , ,8/31/10,St Louis Park,Ciprico Inc,4520,452020,45,45202020,D,USA,334119,3576,190,940,D,MN,CIPRICO INC,CPCI
3048, , ,9/30/10,St Louis Park,Ciprico Inc,4520,452020,45,45202020,D,USA,334119,3576,190,940,D,MN,CIPRICO INC,CPCI
3048, , ,10/31/10,St Louis Park,Ciprico Inc,4520,452020,45,45202020,D,USA,334119,3576,190,940,D,MN,CIPRICO INC,CPCI
3055, , ,1/31/10,Tempe,Circuit Research Labs Inc,4520,452030,45,45203010,D,USA,334220,3663,180,940,C,AZ,CIRCUIT RESEARCH LABS INC,CRLI
3055, , ,2/28/10,Tempe,Circuit Research Labs Inc,4520,452030,45,45203010,D,USA,334220,3663,180,940,C,AZ,CIRCUIT RESEARCH LABS INC,CRLI
3055, , ,3/31/10,Tempe,Circuit Research Labs Inc,4520,452030,45,45203010,D,USA,334220,3663,180,940,C,AZ,CIRCUIT RESEARCH LABS INC,CRLI
3055, , ,4/30/10,Tempe,Circuit Research Labs Inc,4520,452030,45,45203010,D,USA,334220,3663,180,940,C,AZ,CIRCUIT RESEARCH LABS INC,CRLI
3055, , ,5/31/10,Tempe,Circuit Research Labs Inc,4520,452030,45,45203010,D,USA,334220,3663,180,940,C,AZ,CIRCUIT RESEARCH LABS INC,CRLI
3055, , ,6/30/10,Tempe,Circuit Research Labs Inc,4520,452030,45,45203010,D,USA,334220,3663,180,940,C,AZ,CIRCUIT RESEARCH LABS INC,CRLI
3055, , ,7/31/10,Tempe,Circuit Research Labs Inc,4520,452030,45,45203010,D,USA,334220,3663,180,940,C,AZ,CIRCUIT RESEARCH LABS INC,CRLI
3055, , ,8/31/10,Tempe,Circuit Research Labs Inc,4520,452030,45,45203010,D,USA,334220,3663,180,940,C,AZ,CIRCUIT RESEARCH LABS INC,CRLI
3055, , ,9/30/10,Tempe,Circuit Research Labs Inc,4520,452030,45,45203010,D,USA,334220,3663,180,940,C,AZ,CIRCUIT RESEARCH LABS INC,CRLI
3055, , ,10/31/10,Tempe,Circuit Research Labs Inc,4520,452030,45,45203010,D,USA,334220,3663,180,940,C,AZ,CIRCUIT RESEARCH LABS INC,CRLI
3055, , ,11/30/10,Tempe,Circuit Research Labs Inc,4520,452030,45,45203010,D,USA,334220,3663,180,940,C,AZ,CIRCUIT RESEARCH LABS INC,CRLI
3055, , ,12/31/10,Tempe,Circuit Research Labs Inc,4520,452030,45,45203010,D,USA,334220,3663,180,940,C,AZ,CIRCUIT RESEARCH LABS INC,CRLI
3055, , ,1/31/11,Tempe,Circuit Research Labs Inc,4520,452030,45,45203010,D,USA,334220,3663,180,940,C,AZ,CIRCUIT RESEARCH LABS INC,CRLI
3055, , ,2/28/11,Tempe,Circuit Research Labs Inc,4520,452030,45,45203010,D,USA,334220,3663,180,940,C,AZ,CIRCUIT RESEARCH LABS INC,CRLI
3055, , ,3/31/11,Tempe,Circuit Research Labs Inc,4520,452030,45,45203010,D,USA,334220,3663,180,940,C,AZ,CIRCUIT RESEARCH LABS INC,CRLI
3055, , ,4/30/11,Tempe,Circuit Research Labs Inc,4520,452030,45,45203010,D,USA,334220,3663,180,940,C,AZ,CIRCUIT RESEARCH LABS INC,CRLI
3055, , ,5/31/11,Tempe,Circuit Research Labs Inc,4520,452030,45,45203010,D,USA,334220,3663,180,940,C,AZ,CIRCUIT RESEARCH LABS INC,CRLI
3055, , ,6/30/11,Tempe,Circuit Research Labs Inc,4520,452030,45,45203010,D,USA,334220,3663,180,940,C,AZ,CIRCUIT RESEARCH LABS INC,CRLI
3055, , ,7/31/11,Tempe,Circuit Research Labs Inc,4520,452030,45,45203010,D,USA,334220,3663,180,940,C,AZ,CIRCUIT RESEARCH LABS INC,CRLI
3055, , ,8/31/11,Tempe,Circuit Research Labs Inc,4520,452030,45,45203010,D,USA,334220,3663,180,940,C,AZ,CIRCUIT RESEARCH LABS INC,CRLI
3055, , ,9/30/11,Tempe,Circuit Research Labs Inc,4520,452030,45,45203010,D,USA,334220,3663,180,940,C,AZ,CIRCUIT RESEARCH LABS INC,CRLI
3055, , ,10/31/11,Tempe,Circuit Research Labs Inc,4520,452030,45,45203010,D,USA,334220,3663,180,940,C,AZ,CIRCUIT RESEARCH LABS INC,CRLI
3055, , ,11/30/11,Tempe,Circuit Research Labs Inc,4520,452030,45,45203010,D,USA,334220,3663,180,940,C,AZ,CIRCUIT RESEARCH LABS INC,CRLI
3055, , ,12/31/11,Tempe,Circuit Research Labs Inc,4520,452030,45,45203010,D,USA,334220,3663,180,940,C,AZ,CIRCUIT RESEARCH LABS INC,CRLI
3055, , ,1/31/12,Tempe,Circuit Research Labs Inc,4520,452030,45,45203010,D,USA,334220,3663,180,940,C,AZ,CIRCUIT RESEARCH LABS INC,CRLI
3055, , ,2/29/12,Tempe,Circuit Research Labs Inc,4520,452030,45,45203010,D,USA,334220,3663,180,940,C,AZ,CIRCUIT RESEARCH LABS INC,CRLI
3055, , ,3/31/12,Tempe,Circuit Research Labs Inc,4520,452030,45,45203010,D,USA,334220,3663,180,940,C,AZ,CIRCUIT RESEARCH LABS INC,CRLI
3055, , ,4/30/12,Tempe,Circuit Research Labs Inc,4520,452030,45,45203010,D,USA,334220,3663,180,940,C,AZ,CIRCUIT RESEARCH LABS INC,CRLI
3055, , ,5/31/12,Tempe,Circuit Research Labs Inc,4520,452030,45,45203010,D,USA,334220,3663,180,940,C,AZ,CIRCUIT RESEARCH LABS INC,CRLI
3055, , ,6/30/12,Tempe,Circuit Research Labs Inc,4520,452030,45,45203010,D,USA,334220,3663,180,940,C,AZ,CIRCUIT RESEARCH LABS INC,CRLI
3055, , ,7/31/12,Tempe,Circuit Research Labs Inc,4520,452030,45,45203010,D,USA,334220,3663,180,940,C,AZ,CIRCUIT RESEARCH LABS INC,CRLI
3055, , ,8/31/12,Tempe,Circuit Research Labs Inc,4520,452030,45,45203010,D,USA,334220,3663,180,940,C,AZ,CIRCUIT RESEARCH LABS INC,CRLI
3055, , ,9/30/12,Tempe,Circuit Research Labs Inc,4520,452030,45,45203010,D,USA,334220,3663,180,940,C,AZ,CIRCUIT RESEARCH LABS INC,CRLI
3055, , ,10/31/12,Tempe,Circuit Research Labs Inc,4520,452030,45,45203010,D,USA,334220,3663,180,940,C,AZ,CIRCUIT RESEARCH LABS INC,CRLI
3055, , ,11/30/12,Tempe,Circuit Research Labs Inc,4520,452030,45,45203010,D,USA,334220,3663,180,940,C,AZ,CIRCUIT RESEARCH LABS INC,CRLI
3055, , ,12/31/12,Tempe,Circuit Research Labs Inc,4520,452030,45,45203010,D,USA,334220,3663,180,940,C,AZ,CIRCUIT RESEARCH LABS INC,CRLI
3055, , ,1/31/13,Tempe,Circuit Research Labs Inc,4520,452030,45,45203010,D,USA,334220,3663,180,940,C,AZ,CIRCUIT RESEARCH LABS INC,CRLI
3055, , ,2/28/13,Tempe,Circuit Research Labs Inc,4520,452030,45,45203010,D,USA,334220,3663,180,940,C,AZ,CIRCUIT RESEARCH LABS INC,CRLI
3055, , ,3/31/13,Tempe,Circuit Research Labs Inc,4520,452030,45,45203010,D,USA,334220,3663,180,940,C,AZ,CIRCUIT RESEARCH LABS INC,CRLI
3055, , ,4/30/13,Tempe,Circuit Research Labs Inc,4520,452030,45,45203010,D,USA,334220,3663,180,940,C,AZ,CIRCUIT RESEARCH LABS INC,CRLI
3055, , ,5/31/13,Tempe,Circuit Research Labs Inc,4520,452030,45,45203010,D,USA,334220,3663,180,940,C,AZ,CIRCUIT RESEARCH LABS INC,CRLI
3055, , ,6/30/13,Tempe,Circuit Research Labs Inc,4520,452030,45,45203010,D,USA,334220,3663,180,940,C,AZ,CIRCUIT RESEARCH LABS INC,CRLI
3055, , ,7/31/13,Tempe,Circuit Research Labs Inc,4520,452030,45,45203010,D,USA,334220,3663,180,940,C,AZ,CIRCUIT RESEARCH LABS INC,CRLI
3055, , ,8/31/13,Tempe,Circuit Research Labs Inc,4520,452030,45,45203010,D,USA,334220,3663,180,940,C,AZ,CIRCUIT RESEARCH LABS INC,CRLI
3055, , ,9/30/13,Tempe,Circuit Research Labs Inc,4520,452030,45,45203010,D,USA,334220,3663,180,940,C,AZ,CIRCUIT RESEARCH LABS INC,CRLI
3055, , ,10/31/13,Tempe,Circuit Research Labs Inc,4520,452030,45,45203010,D,USA,334220,3663,180,940,C,AZ,CIRCUIT RESEARCH LABS INC,CRLI
3156, , ,1/31/10,Marlborough,ThinkEngine Networks Inc,4520,452010,45,45201020,D,USA,334210,3661,180,940,D,MA,THINKENGINE NETWORKS INC,THNKQ
3156, , ,2/28/10,Marlborough,ThinkEngine Networks Inc,4520,452010,45,45201020,D,USA,334210,3661,180,940,D,MA,THINKENGINE NETWORKS INC,THNKQ
3156, , ,3/31/10,Marlborough,ThinkEngine Networks Inc,4520,452010,45,45201020,D,USA,334210,3661,180,940,D,MA,THINKENGINE NETWORKS INC,THNKQ
3156, , ,4/30/10,Marlborough,ThinkEngine Networks Inc,4520,452010,45,45201020,D,USA,334210,3661,180,940,D,MA,THINKENGINE NETWORKS INC,THNKQ
3156, , ,5/31/10,Marlborough,ThinkEngine Networks Inc,4520,452010,45,45201020,D,USA,334210,3661,180,940,D,MA,THINKENGINE NETWORKS INC,THNKQ
3156, , ,6/30/10,Marlborough,ThinkEngine Networks Inc,4520,452010,45,45201020,D,USA,334210,3661,180,940,D,MA,THINKENGINE NETWORKS INC,THNKQ
3156, , ,7/31/10,Marlborough,ThinkEngine Networks Inc,4520,452010,45,45201020,D,USA,334210,3661,180,940,D,MA,THINKENGINE NETWORKS INC,THNKQ
3156, , ,8/31/10,Marlborough,ThinkEngine Networks Inc,4520,452010,45,45201020,D,USA,334210,3661,180,940,D,MA,THINKENGINE NETWORKS INC,THNKQ
3156, , ,9/30/10,Marlborough,ThinkEngine Networks Inc,4520,452010,45,45201020,D,USA,334210,3661,180,940,D,MA,THINKENGINE NETWORKS INC,THNKQ
3156, , ,10/31/10,Marlborough,ThinkEngine Networks Inc,4520,452010,45,45201020,D,USA,334210,3661,180,940,D,MA,THINKENGINE NETWORKS INC,THNKQ
3156, , ,11/30/10,Marlborough,ThinkEngine Networks Inc,4520,452010,45,45201020,D,USA,334210,3661,180,940,D,MA,THINKENGINE NETWORKS INC,THNKQ
3156, , ,12/31/10,Marlborough,ThinkEngine Networks Inc,4520,452010,45,45201020,D,USA,334210,3661,180,940,D,MA,THINKENGINE NETWORKS INC,THNKQ
3156, , ,1/31/11,Marlborough,ThinkEngine Networks Inc,4520,452010,45,45201020,D,USA,334210,3661,180,940,D,MA,THINKENGINE NETWORKS INC,THNKQ
3156, , ,2/28/11,Marlborough,ThinkEngine Networks Inc,4520,452010,45,45201020,D,USA,334210,3661,180,940,D,MA,THINKENGINE NETWORKS INC,THNKQ
3156, , ,3/31/11,Marlborough,ThinkEngine Networks Inc,4520,452010,45,45201020,D,USA,334210,3661,180,940,D,MA,THINKENGINE NETWORKS INC,THNKQ
3156, , ,4/30/11,Marlborough,ThinkEngine Networks Inc,4520,452010,45,45201020,D,USA,334210,3661,180,940,D,MA,THINKENGINE NETWORKS INC,THNKQ
3156, , ,5/31/11,Marlborough,ThinkEngine Networks Inc,4520,452010,45,45201020,D,USA,334210,3661,180,940,D,MA,THINKENGINE NETWORKS INC,THNKQ
3156, , ,6/30/11,Marlborough,ThinkEngine Networks Inc,4520,452010,45,45201020,D,USA,334210,3661,180,940,D,MA,THINKENGINE NETWORKS INC,THNKQ
3156, , ,7/31/11,Marlborough,ThinkEngine Networks Inc,4520,452010,45,45201020,D,USA,334210,3661,180,940,D,MA,THINKENGINE NETWORKS INC,THNKQ
3156, , ,8/31/11,Marlborough,ThinkEngine Networks Inc,4520,452010,45,45201020,D,USA,334210,3661,180,940,D,MA,THINKENGINE NETWORKS INC,THNKQ
3156, , ,9/30/11,Marlborough,ThinkEngine Networks Inc,4520,452010,45,45201020,D,USA,334210,3661,180,940,D,MA,THINKENGINE NETWORKS INC,THNKQ
3156, , ,10/31/11,Marlborough,ThinkEngine Networks Inc,4520,452010,45,45201020,D,USA,334210,3661,180,940,D,MA,THINKENGINE NETWORKS INC,THNKQ
3156, , ,11/30/11,Marlborough,ThinkEngine Networks Inc,4520,452010,45,45201020,D,USA,334210,3661,180,940,D,MA,THINKENGINE NETWORKS INC,THNKQ
3156, , ,12/31/11,Marlborough,ThinkEngine Networks Inc,4520,452010,45,45201020,D,USA,334210,3661,180,940,D,MA,THINKENGINE NETWORKS INC,THNKQ
3156, , ,1/31/12,Marlborough,ThinkEngine Networks Inc,4520,452010,45,45201020,D,USA,334210,3661,180,940,D,MA,THINKENGINE NETWORKS INC,THNKQ
3156, , ,2/29/12,Marlborough,ThinkEngine Networks Inc,4520,452010,45,45201020,D,USA,334210,3661,180,940,D,MA,THINKENGINE NETWORKS INC,THNKQ
3156, , ,3/31/12,Marlborough,ThinkEngine Networks Inc,4520,452010,45,45201020,D,USA,334210,3661,180,940,D,MA,THINKENGINE NETWORKS INC,THNKQ
3156, , ,4/30/12,Marlborough,ThinkEngine Networks Inc,4520,452010,45,45201020,D,USA,334210,3661,180,940,D,MA,THINKENGINE NETWORKS INC,THNKQ
3156, , ,5/31/12,Marlborough,ThinkEngine Networks Inc,4520,452010,45,45201020,D,USA,334210,3661,180,940,D,MA,THINKENGINE NETWORKS INC,THNKQ
3156, , ,6/30/12,Marlborough,ThinkEngine Networks Inc,4520,452010,45,45201020,D,USA,334210,3661,180,940,D,MA,THINKENGINE NETWORKS INC,THNKQ
3156, , ,7/31/12,Marlborough,ThinkEngine Networks Inc,4520,452010,45,45201020,D,USA,334210,3661,180,940,D,MA,THINKENGINE NETWORKS INC,THNKQ
3156, , ,8/31/12,Marlborough,ThinkEngine Networks Inc,4520,452010,45,45201020,D,USA,334210,3661,180,940,D,MA,THINKENGINE NETWORKS INC,THNKQ
3156, , ,9/30/12,Marlborough,ThinkEngine Networks Inc,4520,452010,45,45201020,D,USA,334210,3661,180,940,D,MA,THINKENGINE NETWORKS INC,THNKQ
3156, , ,10/31/12,Marlborough,ThinkEngine Networks Inc,4520,452010,45,45201020,D,USA,334210,3661,180,940,D,MA,THINKENGINE NETWORKS INC,THNKQ
3156, , ,11/30/12,Marlborough,ThinkEngine Networks Inc,4520,452010,45,45201020,D,USA,334210,3661,180,940,D,MA,THINKENGINE NETWORKS INC,THNKQ
3156, , ,12/31/12,Marlborough,ThinkEngine Networks Inc,4520,452010,45,45201020,D,USA,334210,3661,180,940,D,MA,THINKENGINE NETWORKS INC,THNKQ
3156, , ,1/31/13,Marlborough,ThinkEngine Networks Inc,4520,452010,45,45201020,D,USA,334210,3661,180,940,D,MA,THINKENGINE NETWORKS INC,THNKQ
3156, , ,2/28/13,Marlborough,ThinkEngine Networks Inc,4520,452010,45,45201020,D,USA,334210,3661,180,940,D,MA,THINKENGINE NETWORKS INC,THNKQ
3156, , ,3/31/13,Marlborough,ThinkEngine Networks Inc,4520,452010,45,45201020,D,USA,334210,3661,180,940,D,MA,THINKENGINE NETWORKS INC,THNKQ
3156, , ,4/30/13,Marlborough,ThinkEngine Networks Inc,4520,452010,45,45201020,D,USA,334210,3661,180,940,D,MA,THINKENGINE NETWORKS INC,THNKQ
3156, , ,5/31/13,Marlborough,ThinkEngine Networks Inc,4520,452010,45,45201020,D,USA,334210,3661,180,940,D,MA,THINKENGINE NETWORKS INC,THNKQ
3156, , ,6/30/13,Marlborough,ThinkEngine Networks Inc,4520,452010,45,45201020,D,USA,334210,3661,180,940,D,MA,THINKENGINE NETWORKS INC,THNKQ
3156, , ,7/31/13,Marlborough,ThinkEngine Networks Inc,4520,452010,45,45201020,D,USA,334210,3661,180,940,D,MA,THINKENGINE NETWORKS INC,THNKQ
3156, , ,8/31/13,Marlborough,ThinkEngine Networks Inc,4520,452010,45,45201020,D,USA,334210,3661,180,940,D,MA,THINKENGINE NETWORKS INC,THNKQ
3156, , ,9/30/13,Marlborough,ThinkEngine Networks Inc,4520,452010,45,45201020,D,USA,334210,3661,180,940,D,MA,THINKENGINE NETWORKS INC,THNKQ
3156, , ,10/31/13,Marlborough,ThinkEngine Networks Inc,4520,452010,45,45201020,D,USA,334210,3661,180,940,D,MA,THINKENGINE NETWORKS INC,THNKQ
3157, , ,1/31/10,Santa Clara,Coherent Inc,4520,452030,45,45203010,D,USA,334516,3826,230,940,B,CA,COHERENT INC,COHR
3157, , ,2/28/10,Santa Clara,Coherent Inc,4520,452030,45,45203010,D,USA,334516,3826,230,940,B,CA,COHERENT INC,COHR
3157, , ,3/31/10,Santa Clara,Coherent Inc,4520,452030,45,45203010,D,USA,334516,3826,230,940,B,CA,COHERENT INC,COHR
3157, , ,4/30/10,Santa Clara,Coherent Inc,4520,452030,45,45203010,D,USA,334516,3826,230,940,B,CA,COHERENT INC,COHR
3157, , ,5/31/10,Santa Clara,Coherent Inc,4520,452030,45,45203010,D,USA,334516,3826,230,940,B,CA,COHERENT INC,COHR
3157, , ,6/30/10,Santa Clara,Coherent Inc,4520,452030,45,45203010,D,USA,334516,3826,230,940,B,CA,COHERENT INC,COHR
3157, , ,7/31/10,Santa Clara,Coherent Inc,4520,452030,45,45203010,D,USA,334516,3826,230,940,B,CA,COHERENT INC,COHR
3157, , ,8/31/10,Santa Clara,Coherent Inc,4520,452030,45,45203010,D,USA,334516,3826,230,940,B,CA,COHERENT INC,COHR
3157, , ,9/30/10,Santa Clara,Coherent Inc,4520,452030,45,45203010,D,USA,334516,3826,230,940,B,CA,COHERENT INC,COHR
3157, , ,10/31/10,Santa Clara,Coherent Inc,4520,452030,45,45203010,D,USA,334516,3826,230,940,B,CA,COHERENT INC,COHR
3157, , ,11/30/10,Santa Clara,Coherent Inc,4520,452030,45,45203010,D,USA,334516,3826,230,940,B,CA,COHERENT INC,COHR
3157, , ,12/31/10,Santa Clara,Coherent Inc,4520,452030,45,45203010,D,USA,334516,3826,230,940,B,CA,COHERENT INC,COHR
3157, , ,1/31/11,Santa Clara,Coherent Inc,4520,452030,45,45203010,D,USA,334516,3826,230,940,B,CA,COHERENT INC,COHR
3157, , ,2/28/11,Santa Clara,Coherent Inc,4520,452030,45,45203010,D,USA,334516,3826,230,940,B,CA,COHERENT INC,COHR
3157, , ,3/31/11,Santa Clara,Coherent Inc,4520,452030,45,45203010,D,USA,334516,3826,230,940,B,CA,COHERENT INC,COHR
3157, , ,4/30/11,Santa Clara,Coherent Inc,4520,452030,45,45203010,D,USA,334516,3826,230,940,B,CA,COHERENT INC,COHR
3157, , ,5/31/11,Santa Clara,Coherent Inc,4520,452030,45,45203010,D,USA,334516,3826,230,940,B,CA,COHERENT INC,COHR
3157, , ,6/30/11,Santa Clara,Coherent Inc,4520,452030,45,45203010,D,USA,334516,3826,230,940,B,CA,COHERENT INC,COHR
3157, , ,7/31/11,Santa Clara,Coherent Inc,4520,452030,45,45203010,D,USA,334516,3826,230,940,B,CA,COHERENT INC,COHR
3157, , ,8/31/11,Santa Clara,Coherent Inc,4520,452030,45,45203010,D,USA,334516,3826,230,940,B,CA,COHERENT INC,COHR
3157, , ,9/30/11,Santa Clara,Coherent Inc,4520,452030,45,45203010,D,USA,334516,3826,230,940,B,CA,COHERENT INC,COHR
3157, , ,10/31/11,Santa Clara,Coherent Inc,4520,452030,45,45203010,D,USA,334516,3826,230,940,B,CA,COHERENT INC,COHR
3157, , ,11/30/11,Santa Clara,Coherent Inc,4520,452030,45,45203010,D,USA,334516,3826,230,940,B,CA,COHERENT INC,COHR
3157, , ,12/31/11,Santa Clara,Coherent Inc,4520,452030,45,45203010,D,USA,334516,3826,230,940,B,CA,COHERENT INC,COHR
3157, , ,1/31/12,Santa Clara,Coherent Inc,4520,452030,45,45203010,D,USA,334516,3826,230,940,B,CA,COHERENT INC,COHR
3157, , ,2/29/12,Santa Clara,Coherent Inc,4520,452030,45,45203010,D,USA,334516,3826,230,940,B,CA,COHERENT INC,COHR
3157, , ,3/31/12,Santa Clara,Coherent Inc,4520,452030,45,45203010,D,USA,334516,3826,230,940,B,CA,COHERENT INC,COHR
3157, , ,4/30/12,Santa Clara,Coherent Inc,4520,452030,45,45203010,D,USA,334516,3826,230,940,B,CA,COHERENT INC,COHR
3157, , ,5/31/12,Santa Clara,Coherent Inc,4520,452030,45,45203010,D,USA,334516,3826,230,940,B,CA,COHERENT INC,COHR
3157, , ,6/30/12,Santa Clara,Coherent Inc,4520,452030,45,45203010,D,USA,334516,3826,230,940,B,CA,COHERENT INC,COHR
3157, , ,7/31/12,Santa Clara,Coherent Inc,4520,452030,45,45203010,D,USA,334516,3826,230,940,B,CA,COHERENT INC,COHR
3157, , ,8/31/12,Santa Clara,Coherent Inc,4520,452030,45,45203010,D,USA,334516,3826,230,940,B,CA,COHERENT INC,COHR
3157, , ,9/30/12,Santa Clara,Coherent Inc,4520,452030,45,45203010,D,USA,334516,3826,230,940,B,CA,COHERENT INC,COHR
3157, , ,10/31/12,Santa Clara,Coherent Inc,4520,452030,45,45203010,D,USA,334516,3826,230,940,B,CA,COHERENT INC,COHR
3157, , ,11/30/12,Santa Clara,Coherent Inc,4520,452030,45,45203010,D,USA,334516,3826,230,940,B,CA,COHERENT INC,COHR
3157, , ,12/31/12,Santa Clara,Coherent Inc,4520,452030,45,45203010,D,USA,334516,3826,230,940,B,CA,COHERENT INC,COHR
3157, , ,1/31/13,Santa Clara,Coherent Inc,4520,452030,45,45203010,D,USA,334516,3826,230,940,B,CA,COHERENT INC,COHR
3157, , ,2/28/13,Santa Clara,Coherent Inc,4520,452030,45,45203010,D,USA,334516,3826,230,940,B,CA,COHERENT INC,COHR
3157, , ,3/31/13,Santa Clara,Coherent Inc,4520,452030,45,45203010,D,USA,334516,3826,230,940,B,CA,COHERENT INC,COHR
3157, , ,4/30/13,Santa Clara,Coherent Inc,4520,452030,45,45203010,D,USA,334516,3826,230,940,B,CA,COHERENT INC,COHR
3157, , ,5/31/13,Santa Clara,Coherent Inc,4520,452030,45,45203010,D,USA,334516,3826,230,940,B,CA,COHERENT INC,COHR
3157, , ,6/30/13,Santa Clara,Coherent Inc,4520,452030,45,45203010,D,USA,334516,3826,230,940,B,CA,COHERENT INC,COHR
3157, , ,7/31/13,Santa Clara,Coherent Inc,4520,452030,45,45203010,D,USA,334516,3826,230,940,B,CA,COHERENT INC,COHR
3157, , ,8/31/13,Santa Clara,Coherent Inc,4520,452030,45,45203010,D,USA,334516,3826,230,940,B,CA,COHERENT INC,COHR
3157, , ,9/30/13,Santa Clara,Coherent Inc,4520,452030,45,45203010,D,USA,334516,3826,230,940,B,CA,COHERENT INC,COHR
3157, , ,10/31/13,Santa Clara,Coherent Inc,4520,452030,45,45203010,D,USA,334516,3826,230,940,B,CA,COHERENT INC,COHR
3229, , ,1/31/10,Sarasota,Comdial Corp,4520,452010,45,45201020,D,USA,334210,3661,180,940,D,FL,COMDIAL CORP,CMDZQ
3229, , ,2/28/10,Sarasota,Comdial Corp,4520,452010,45,45201020,D,USA,334210,3661,180,940,D,FL,COMDIAL CORP,CMDZQ
3229, , ,3/31/10,Sarasota,Comdial Corp,4520,452010,45,45201020,D,USA,334210,3661,180,940,D,FL,COMDIAL CORP,CMDZQ
3229, , ,4/30/10,Sarasota,Comdial Corp,4520,452010,45,45201020,D,USA,334210,3661,180,940,D,FL,COMDIAL CORP,CMDZQ
3229, , ,5/31/10,Sarasota,Comdial Corp,4520,452010,45,45201020,D,USA,334210,3661,180,940,D,FL,COMDIAL CORP,CMDZQ
3229, , ,6/30/10,Sarasota,Comdial Corp,4520,452010,45,45201020,D,USA,334210,3661,180,940,D,FL,COMDIAL CORP,CMDZQ
3229, , ,7/31/10,Sarasota,Comdial Corp,4520,452010,45,45201020,D,USA,334210,3661,180,940,D,FL,COMDIAL CORP,CMDZQ
3229, , ,8/31/10,Sarasota,Comdial Corp,4520,452010,45,45201020,D,USA,334210,3661,180,940,D,FL,COMDIAL CORP,CMDZQ
3229, , ,9/30/10,Sarasota,Comdial Corp,4520,452010,45,45201020,D,USA,334210,3661,180,940,D,FL,COMDIAL CORP,CMDZQ
3229, , ,10/31/10,Sarasota,Comdial Corp,4520,452010,45,45201020,D,USA,334210,3661,180,940,D,FL,COMDIAL CORP,CMDZQ
3229, , ,11/30/10,Sarasota,Comdial Corp,4520,452010,45,45201020,D,USA,334210,3661,180,940,D,FL,COMDIAL CORP,CMDZQ
3229, , ,12/31/10,Sarasota,Comdial Corp,4520,452010,45,45201020,D,USA,334210,3661,180,940,D,FL,COMDIAL CORP,CMDZQ
3229, , ,1/31/11,Sarasota,Comdial Corp,4520,452010,45,45201020,D,USA,334210,3661,180,940,D,FL,COMDIAL CORP,CMDZQ
3229, , ,2/28/11,Sarasota,Comdial Corp,4520,452010,45,45201020,D,USA,334210,3661,180,940,D,FL,COMDIAL CORP,CMDZQ
3229, , ,3/31/11,Sarasota,Comdial Corp,4520,452010,45,45201020,D,USA,334210,3661,180,940,D,FL,COMDIAL CORP,CMDZQ
3229, , ,4/30/11,Sarasota,Comdial Corp,4520,452010,45,45201020,D,USA,334210,3661,180,940,D,FL,COMDIAL CORP,CMDZQ
3229, , ,5/31/11,Sarasota,Comdial Corp,4520,452010,45,45201020,D,USA,334210,3661,180,940,D,FL,COMDIAL CORP,CMDZQ
3229, , ,6/30/11,Sarasota,Comdial Corp,4520,452010,45,45201020,D,USA,334210,3661,180,940,D,FL,COMDIAL CORP,CMDZQ
3229, , ,7/31/11,Sarasota,Comdial Corp,4520,452010,45,45201020,D,USA,334210,3661,180,940,D,FL,COMDIAL CORP,CMDZQ
3229, , ,8/31/11,Sarasota,Comdial Corp,4520,452010,45,45201020,D,USA,334210,3661,180,940,D,FL,COMDIAL CORP,CMDZQ
3229, , ,9/30/11,Sarasota,Comdial Corp,4520,452010,45,45201020,D,USA,334210,3661,180,940,D,FL,COMDIAL CORP,CMDZQ
3229, , ,10/31/11,Sarasota,Comdial Corp,4520,452010,45,45201020,D,USA,334210,3661,180,940,D,FL,COMDIAL CORP,CMDZQ
3229, , ,11/30/11,Sarasota,Comdial Corp,4520,452010,45,45201020,D,USA,334210,3661,180,940,D,FL,COMDIAL CORP,CMDZQ
3275, , ,1/31/10,Minnetonka,Communications Systems Inc.,4520,452010,45,45201020,D,USA,334210,3661,220,925,B,MN,COMMUNICATIONS SYSTEMS INC,JCS
3275, , ,2/28/10,Minnetonka,Communications Systems Inc.,4520,452010,45,45201020,D,USA,334210,3661,220,925,B,MN,COMMUNICATIONS SYSTEMS INC,JCS
3275, , ,3/31/10,Minnetonka,Communications Systems Inc.,4520,452010,45,45201020,D,USA,334210,3661,220,925,B,MN,COMMUNICATIONS SYSTEMS INC,JCS
3275, , ,4/30/10,Minnetonka,Communications Systems Inc.,4520,452010,45,45201020,D,USA,334210,3661,220,925,B,MN,COMMUNICATIONS SYSTEMS INC,JCS
3275, , ,5/31/10,Minnetonka,Communications Systems Inc.,4520,452010,45,45201020,D,USA,334210,3661,220,925,B,MN,COMMUNICATIONS SYSTEMS INC,JCS
3275, , ,6/30/10,Minnetonka,Communications Systems Inc.,4520,452010,45,45201020,D,USA,334210,3661,220,925,B,MN,COMMUNICATIONS SYSTEMS INC,JCS
3275, , ,7/31/10,Minnetonka,Communications Systems Inc.,4520,452010,45,45201020,D,USA,334210,3661,220,925,B,MN,COMMUNICATIONS SYSTEMS INC,JCS
3275, , ,8/31/10,Minnetonka,Communications Systems Inc.,4520,452010,45,45201020,D,USA,334210,3661,220,925,B,MN,COMMUNICATIONS SYSTEMS INC,JCS
3275, , ,9/30/10,Minnetonka,Communications Systems Inc.,4520,452010,45,45201020,D,USA,334210,3661,220,925,B,MN,COMMUNICATIONS SYSTEMS INC,JCS
3275, , ,10/31/10,Minnetonka,Communications Systems Inc.,4520,452010,45,45201020,D,USA,334210,3661,220,925,B,MN,COMMUNICATIONS SYSTEMS INC,JCS
3275, , ,11/30/10,Minnetonka,Communications Systems Inc.,4520,452010,45,45201020,D,USA,334210,3661,220,925,B,MN,COMMUNICATIONS SYSTEMS INC,JCS
3275, , ,12/31/10,Minnetonka,Communications Systems Inc.,4520,452010,45,45201020,D,USA,334210,3661,220,925,B,MN,COMMUNICATIONS SYSTEMS INC,JCS
3275, , ,1/31/11,Minnetonka,Communications Systems Inc.,4520,452010,45,45201020,D,USA,334210,3661,220,925,B,MN,COMMUNICATIONS SYSTEMS INC,JCS
3275, , ,2/28/11,Minnetonka,Communications Systems Inc.,4520,452010,45,45201020,D,USA,334210,3661,220,925,B,MN,COMMUNICATIONS SYSTEMS INC,JCS
3275, , ,3/31/11,Minnetonka,Communications Systems Inc.,4520,452010,45,45201020,D,USA,334210,3661,220,925,B,MN,COMMUNICATIONS SYSTEMS INC,JCS
3275, , ,4/30/11,Minnetonka,Communications Systems Inc.,4520,452010,45,45201020,D,USA,334210,3661,220,925,B,MN,COMMUNICATIONS SYSTEMS INC,JCS
3275, , ,5/31/11,Minnetonka,Communications Systems Inc.,4520,452010,45,45201020,D,USA,334210,3661,220,925,B,MN,COMMUNICATIONS SYSTEMS INC,JCS
3275, , ,6/30/11,Minnetonka,Communications Systems Inc.,4520,452010,45,45201020,D,USA,334210,3661,220,925,B,MN,COMMUNICATIONS SYSTEMS INC,JCS
3275, , ,7/31/11,Minnetonka,Communications Systems Inc.,4520,452010,45,45201020,D,USA,334210,3661,220,925,B,MN,COMMUNICATIONS SYSTEMS INC,JCS
3275, , ,8/31/11,Minnetonka,Communications Systems Inc.,4520,452010,45,45201020,D,USA,334210,3661,220,925,B,MN,COMMUNICATIONS SYSTEMS INC,JCS
3275, , ,9/30/11,Minnetonka,Communications Systems Inc.,4520,452010,45,45201020,D,USA,334210,3661,220,925,B,MN,COMMUNICATIONS SYSTEMS INC,JCS
3275, , ,10/31/11,Minnetonka,Communications Systems Inc.,4520,452010,45,45201020,D,USA,334210,3661,220,925,B,MN,COMMUNICATIONS SYSTEMS INC,JCS
3275, , ,11/30/11,Minnetonka,Communications Systems Inc.,4520,452010,45,45201020,D,USA,334210,3661,220,925,B,MN,COMMUNICATIONS SYSTEMS INC,JCS
3275, , ,12/31/11,Minnetonka,Communications Systems Inc.,4520,452010,45,45201020,D,USA,334210,3661,220,925,B,MN,COMMUNICATIONS SYSTEMS INC,JCS
3275, , ,1/31/12,Minnetonka,Communications Systems Inc.,4520,452010,45,45201020,D,USA,334210,3661,220,925,B,MN,COMMUNICATIONS SYSTEMS INC,JCS
3275, , ,2/29/12,Minnetonka,Communications Systems Inc.,4520,452010,45,45201020,D,USA,334210,3661,220,925,B,MN,COMMUNICATIONS SYSTEMS INC,JCS
3275, , ,3/31/12,Minnetonka,Communications Systems Inc.,4520,452010,45,45201020,D,USA,334210,3661,220,925,B,MN,COMMUNICATIONS SYSTEMS INC,JCS
3275, , ,4/30/12,Minnetonka,Communications Systems Inc.,4520,452010,45,45201020,D,USA,334210,3661,220,925,B,MN,COMMUNICATIONS SYSTEMS INC,JCS
3275, , ,5/31/12,Minnetonka,Communications Systems Inc.,4520,452010,45,45201020,D,USA,334210,3661,220,925,B,MN,COMMUNICATIONS SYSTEMS INC,JCS
3275, , ,6/30/12,Minnetonka,Communications Systems Inc.,4520,452010,45,45201020,D,USA,334210,3661,220,925,B,MN,COMMUNICATIONS SYSTEMS INC,JCS
3275, , ,7/31/12,Minnetonka,Communications Systems Inc.,4520,452010,45,45201020,D,USA,334210,3661,220,925,B,MN,COMMUNICATIONS SYSTEMS INC,JCS
3275, , ,8/31/12,Minnetonka,Communications Systems Inc.,4520,452010,45,45201020,D,USA,334210,3661,220,925,B,MN,COMMUNICATIONS SYSTEMS INC,JCS
3275, , ,9/30/12,Minnetonka,Communications Systems Inc.,4520,452010,45,45201020,D,USA,334210,3661,220,925,B,MN,COMMUNICATIONS SYSTEMS INC,JCS
3275, , ,10/31/12,Minnetonka,Communications Systems Inc.,4520,452010,45,45201020,D,USA,334210,3661,220,925,B,MN,COMMUNICATIONS SYSTEMS INC,JCS
3275, , ,11/30/12,Minnetonka,Communications Systems Inc.,4520,452010,45,45201020,D,USA,334210,3661,220,925,B,MN,COMMUNICATIONS SYSTEMS INC,JCS
3275, , ,12/31/12,Minnetonka,Communications Systems Inc.,4520,452010,45,45201020,D,USA,334210,3661,220,925,B,MN,COMMUNICATIONS SYSTEMS INC,JCS
3275, , ,1/31/13,Minnetonka,Communications Systems Inc.,4520,452010,45,45201020,D,USA,334210,3661,220,925,B,MN,COMMUNICATIONS SYSTEMS INC,JCS
3275, , ,2/28/13,Minnetonka,Communications Systems Inc.,4520,452010,45,45201020,D,USA,334210,3661,220,925,B,MN,COMMUNICATIONS SYSTEMS INC,JCS
3275, , ,3/31/13,Minnetonka,Communications Systems Inc.,4520,452010,45,45201020,D,USA,334210,3661,220,925,B,MN,COMMUNICATIONS SYSTEMS INC,JCS
3275, , ,4/30/13,Minnetonka,Communications Systems Inc.,4520,452010,45,45201020,D,USA,334210,3661,220,925,B,MN,COMMUNICATIONS SYSTEMS INC,JCS
3275, , ,5/31/13,Minnetonka,Communications Systems Inc.,4520,452010,45,45201020,D,USA,334210,3661,220,925,B,MN,COMMUNICATIONS SYSTEMS INC,JCS
3275, , ,6/30/13,Minnetonka,Communications Systems Inc.,4520,452010,45,45201020,D,USA,334210,3661,220,925,B,MN,COMMUNICATIONS SYSTEMS INC,JCS
3275, , ,7/31/13,Minnetonka,Communications Systems Inc.,4520,452010,45,45201020,D,USA,334210,3661,220,925,B,MN,COMMUNICATIONS SYSTEMS INC,JCS
3275, , ,8/31/13,Minnetonka,Communications Systems Inc.,4520,452010,45,45201020,D,USA,334210,3661,220,925,B,MN,COMMUNICATIONS SYSTEMS INC,JCS
3275, , ,9/30/13,Minnetonka,Communications Systems Inc.,4520,452010,45,45201020,D,USA,334210,3661,220,925,B,MN,COMMUNICATIONS SYSTEMS INC,JCS
3275, , ,10/31/13,Minnetonka,Communications Systems Inc.,4520,452010,45,45201020,D,USA,334210,3661,220,925,B,MN,COMMUNICATIONS SYSTEMS INC,JCS
3358, , ,1/31/10,Melville,Comtech Telecommunications Corp.,4520,452010,45,45201020,D,USA,334220,3663,180,940,B,NY,COMTECH TELECOMMUN,CMTL
3358, , ,2/28/10,Melville,Comtech Telecommunications Corp.,4520,452010,45,45201020,D,USA,334220,3663,180,940,B,NY,COMTECH TELECOMMUN,CMTL
3358, , ,3/31/10,Melville,Comtech Telecommunications Corp.,4520,452010,45,45201020,D,USA,334220,3663,180,940,B,NY,COMTECH TELECOMMUN,CMTL
3358, , ,4/30/10,Melville,Comtech Telecommunications Corp.,4520,452010,45,45201020,D,USA,334220,3663,180,940,B,NY,COMTECH TELECOMMUN,CMTL
3358, , ,5/31/10,Melville,Comtech Telecommunications Corp.,4520,452010,45,45201020,D,USA,334220,3663,180,940,B,NY,COMTECH TELECOMMUN,CMTL
3358, , ,6/30/10,Melville,Comtech Telecommunications Corp.,4520,452010,45,45201020,D,USA,334220,3663,180,940,B,NY,COMTECH TELECOMMUN,CMTL
3358, , ,7/31/10,Melville,Comtech Telecommunications Corp.,4520,452010,45,45201020,D,USA,334220,3663,180,940,B,NY,COMTECH TELECOMMUN,CMTL
3358, , ,8/31/10,Melville,Comtech Telecommunications Corp.,4520,452010,45,45201020,D,USA,334220,3663,180,940,B,NY,COMTECH TELECOMMUN,CMTL
3358, , ,9/30/10,Melville,Comtech Telecommunications Corp.,4520,452010,45,45201020,D,USA,334220,3663,180,940,B,NY,COMTECH TELECOMMUN,CMTL
3358, , ,10/31/10,Melville,Comtech Telecommunications Corp.,4520,452010,45,45201020,D,USA,334220,3663,180,940,B,NY,COMTECH TELECOMMUN,CMTL
3358, , ,11/30/10,Melville,Comtech Telecommunications Corp.,4520,452010,45,45201020,D,USA,334220,3663,180,940,B,NY,COMTECH TELECOMMUN,CMTL
3358, , ,12/31/10,Melville,Comtech Telecommunications Corp.,4520,452010,45,45201020,D,USA,334220,3663,180,940,B,NY,COMTECH TELECOMMUN,CMTL
3358, , ,1/31/11,Melville,Comtech Telecommunications Corp.,4520,452010,45,45201020,D,USA,334220,3663,180,940,B,NY,COMTECH TELECOMMUN,CMTL
3358, , ,2/28/11,Melville,Comtech Telecommunications Corp.,4520,452010,45,45201020,D,USA,334220,3663,180,940,B,NY,COMTECH TELECOMMUN,CMTL
3358, , ,3/31/11,Melville,Comtech Telecommunications Corp.,4520,452010,45,45201020,D,USA,334220,3663,180,940,B,NY,COMTECH TELECOMMUN,CMTL
3358, , ,4/30/11,Melville,Comtech Telecommunications Corp.,4520,452010,45,45201020,D,USA,334220,3663,180,940,B,NY,COMTECH TELECOMMUN,CMTL
3358, , ,5/31/11,Melville,Comtech Telecommunications Corp.,4520,452010,45,45201020,D,USA,334220,3663,180,940,B,NY,COMTECH TELECOMMUN,CMTL
3358, , ,6/30/11,Melville,Comtech Telecommunications Corp.,4520,452010,45,45201020,D,USA,334220,3663,180,940,B,NY,COMTECH TELECOMMUN,CMTL
3358, , ,7/31/11,Melville,Comtech Telecommunications Corp.,4520,452010,45,45201020,D,USA,334220,3663,180,940,B,NY,COMTECH TELECOMMUN,CMTL
3358, , ,8/31/11,Melville,Comtech Telecommunications Corp.,4520,452010,45,45201020,D,USA,334220,3663,180,940,B,NY,COMTECH TELECOMMUN,CMTL
3358, , ,9/30/11,Melville,Comtech Telecommunications Corp.,4520,452010,45,45201020,D,USA,334220,3663,180,940,B,NY,COMTECH TELECOMMUN,CMTL
3358, , ,10/31/11,Melville,Comtech Telecommunications Corp.,4520,452010,45,45201020,D,USA,334220,3663,180,940,B,NY,COMTECH TELECOMMUN,CMTL
3358, , ,11/30/11,Melville,Comtech Telecommunications Corp.,4520,452010,45,45201020,D,USA,334220,3663,180,940,B,NY,COMTECH TELECOMMUN,CMTL
3358, , ,12/31/11,Melville,Comtech Telecommunications Corp.,4520,452010,45,45201020,D,USA,334220,3663,180,940,B,NY,COMTECH TELECOMMUN,CMTL
3358, , ,1/31/12,Melville,Comtech Telecommunications Corp.,4520,452010,45,45201020,D,USA,334220,3663,180,940,B,NY,COMTECH TELECOMMUN,CMTL
3358, , ,2/29/12,Melville,Comtech Telecommunications Corp.,4520,452010,45,45201020,D,USA,334220,3663,180,940,B,NY,COMTECH TELECOMMUN,CMTL
3358, , ,3/31/12,Melville,Comtech Telecommunications Corp.,4520,452010,45,45201020,D,USA,334220,3663,180,940,B,NY,COMTECH TELECOMMUN,CMTL
3358, , ,4/30/12,Melville,Comtech Telecommunications Corp.,4520,452010,45,45201020,D,USA,334220,3663,180,940,B,NY,COMTECH TELECOMMUN,CMTL
3358, , ,5/31/12,Melville,Comtech Telecommunications Corp.,4520,452010,45,45201020,D,USA,334220,3663,180,940,B,NY,COMTECH TELECOMMUN,CMTL
3358, , ,6/30/12,Melville,Comtech Telecommunications Corp.,4520,452010,45,45201020,D,USA,334220,3663,180,940,B,NY,COMTECH TELECOMMUN,CMTL
3358, , ,7/31/12,Melville,Comtech Telecommunications Corp.,4520,452010,45,45201020,D,USA,334220,3663,180,940,B,NY,COMTECH TELECOMMUN,CMTL
3358, , ,8/31/12,Melville,Comtech Telecommunications Corp.,4520,452010,45,45201020,D,USA,334220,3663,180,940,B,NY,COMTECH TELECOMMUN,CMTL
3358, , ,9/30/12,Melville,Comtech Telecommunications Corp.,4520,452010,45,45201020,D,USA,334220,3663,180,940,B,NY,COMTECH TELECOMMUN,CMTL
3358, , ,10/31/12,Melville,Comtech Telecommunications Corp.,4520,452010,45,45201020,D,USA,334220,3663,180,940,B,NY,COMTECH TELECOMMUN,CMTL
3358, , ,11/30/12,Melville,Comtech Telecommunications Corp.,4520,452010,45,45201020,D,USA,334220,3663,180,940,B,NY,COMTECH TELECOMMUN,CMTL
3358, , ,12/31/12,Melville,Comtech Telecommunications Corp.,4520,452010,45,45201020,D,USA,334220,3663,180,940,B,NY,COMTECH TELECOMMUN,CMTL
3358, , ,1/31/13,Melville,Comtech Telecommunications Corp.,4520,452010,45,45201020,D,USA,334220,3663,180,940,B,NY,COMTECH TELECOMMUN,CMTL
3358, , ,2/28/13,Melville,Comtech Telecommunications Corp.,4520,452010,45,45201020,D,USA,334220,3663,180,940,B,NY,COMTECH TELECOMMUN,CMTL
3358, , ,3/31/13,Melville,Comtech Telecommunications Corp.,4520,452010,45,45201020,D,USA,334220,3663,180,940,B,NY,COMTECH TELECOMMUN,CMTL
3358, , ,4/30/13,Melville,Comtech Telecommunications Corp.,4520,452010,45,45201020,D,USA,334220,3663,180,940,B,NY,COMTECH TELECOMMUN,CMTL
3358, , ,5/31/13,Melville,Comtech Telecommunications Corp.,4520,452010,45,45201020,D,USA,334220,3663,180,940,B,NY,COMTECH TELECOMMUN,CMTL
3358, , ,6/30/13,Melville,Comtech Telecommunications Corp.,4520,452010,45,45201020,D,USA,334220,3663,180,940,B,NY,COMTECH TELECOMMUN,CMTL
3358, , ,7/31/13,Melville,Comtech Telecommunications Corp.,4520,452010,45,45201020,D,USA,334220,3663,180,940,B,NY,COMTECH TELECOMMUN,CMTL
3358, , ,8/31/13,Melville,Comtech Telecommunications Corp.,4520,452010,45,45201020,D,USA,334220,3663,180,940,B,NY,COMTECH TELECOMMUN,CMTL
3358, , ,9/30/13,Melville,Comtech Telecommunications Corp.,4520,452010,45,45201020,D,USA,334220,3663,180,940,B,NY,COMTECH TELECOMMUN,CMTL
3358, , ,10/31/13,Melville,Comtech Telecommunications Corp.,4520,452010,45,45201020,D,USA,334220,3663,180,940,B,NY,COMTECH TELECOMMUN,CMTL
3370, , ,1/31/10,Moorestown,Comtrex Systems Corp,4520,452020,45,45202010,D,USA,333313,3578,370,925, ,NJ,COMTREX SYSTEMS CORP,COMX
3370, , ,2/28/10,Moorestown,Comtrex Systems Corp,4520,452020,45,45202010,D,USA,333313,3578,370,925, ,NJ,COMTREX SYSTEMS CORP,COMX
3370, , ,3/31/10,Moorestown,Comtrex Systems Corp,4520,452020,45,45202010,D,USA,333313,3578,370,925, ,NJ,COMTREX SYSTEMS CORP,COMX
3370, , ,4/30/10,Moorestown,Comtrex Systems Corp,4520,452020,45,45202010,D,USA,333313,3578,370,925, ,NJ,COMTREX SYSTEMS CORP,COMX
3370, , ,5/31/10,Moorestown,Comtrex Systems Corp,4520,452020,45,45202010,D,USA,333313,3578,370,925, ,NJ,COMTREX SYSTEMS CORP,COMX
3370, , ,6/30/10,Moorestown,Comtrex Systems Corp,4520,452020,45,45202010,D,USA,333313,3578,370,925, ,NJ,COMTREX SYSTEMS CORP,COMX
3370, , ,7/31/10,Moorestown,Comtrex Systems Corp,4520,452020,45,45202010,D,USA,333313,3578,370,925, ,NJ,COMTREX SYSTEMS CORP,COMX
3370, , ,8/31/10,Moorestown,Comtrex Systems Corp,4520,452020,45,45202010,D,USA,333313,3578,370,925, ,NJ,COMTREX SYSTEMS CORP,COMX
3370, , ,10/31/12,Moorestown,Comtrex Systems Corp,4520,452020,45,45202010,D,USA,333313,3578,370,925, ,NJ,COMTREX SYSTEMS CORP,COMX
3370, , ,11/30/12,Moorestown,Comtrex Systems Corp,4520,452020,45,45202010,D,USA,333313,3578,370,925, ,NJ,COMTREX SYSTEMS CORP,COMX
3370, , ,12/31/12,Moorestown,Comtrex Systems Corp,4520,452020,45,45202010,D,USA,333313,3578,370,925, ,NJ,COMTREX SYSTEMS CORP,COMX
3370, , ,1/31/13,Moorestown,Comtrex Systems Corp,4520,452020,45,45202010,D,USA,333313,3578,370,925, ,NJ,COMTREX SYSTEMS CORP,COMX
3370, , ,2/28/13,Moorestown,Comtrex Systems Corp,4520,452020,45,45202010,D,USA,333313,3578,370,925, ,NJ,COMTREX SYSTEMS CORP,COMX
3370, , ,3/31/13,Moorestown,Comtrex Systems Corp,4520,452020,45,45202010,D,USA,333313,3578,370,925, ,NJ,COMTREX SYSTEMS CORP,COMX
3370, , ,4/30/13,Moorestown,Comtrex Systems Corp,4520,452020,45,45202010,D,USA,333313,3578,370,925, ,NJ,COMTREX SYSTEMS CORP,COMX
3370, , ,5/31/13,Moorestown,Comtrex Systems Corp,4520,452020,45,45202010,D,USA,333313,3578,370,925, ,NJ,COMTREX SYSTEMS CORP,COMX
3370, , ,6/30/13,Moorestown,Comtrex Systems Corp,4520,452020,45,45202010,D,USA,333313,3578,370,925, ,NJ,COMTREX SYSTEMS CORP,COMX
3370, , ,7/31/13,Moorestown,Comtrex Systems Corp,4520,452020,45,45202010,D,USA,333313,3578,370,925, ,NJ,COMTREX SYSTEMS CORP,COMX
3370, , ,8/31/13,Moorestown,Comtrex Systems Corp,4520,452020,45,45202010,D,USA,333313,3578,370,925, ,NJ,COMTREX SYSTEMS CORP,COMX
3370, , ,9/30/13,Moorestown,Comtrex Systems Corp,4520,452020,45,45202010,D,USA,333313,3578,370,925, ,NJ,COMTREX SYSTEMS CORP,COMX
3370, , ,10/31/13,Moorestown,Comtrex Systems Corp,4520,452020,45,45202010,D,USA,333313,3578,370,925, ,NJ,COMTREX SYSTEMS CORP,COMX
3399, , ,1/31/10,Somerville,Conolog Corp,4520,452010,45,45201020,D,USA,334419,3679,457,978,C,NJ,CONOLOG CORP,CNLG
3399, , ,2/28/10,Somerville,Conolog Corp,4520,452010,45,45201020,D,USA,334419,3679,457,978,C,NJ,CONOLOG CORP,CNLG
3399, , ,3/31/10,Somerville,Conolog Corp,4520,452010,45,45201020,D,USA,334419,3679,457,978,C,NJ,CONOLOG CORP,CNLG
3399, , ,4/30/10,Somerville,Conolog Corp,4520,452010,45,45201020,D,USA,334419,3679,457,978,C,NJ,CONOLOG CORP,CNLG
3399, , ,5/31/10,Somerville,Conolog Corp,4520,452010,45,45201020,D,USA,334419,3679,457,978,C,NJ,CONOLOG CORP,CNLG
3399, , ,6/30/10,Somerville,Conolog Corp,4520,452010,45,45201020,D,USA,334419,3679,457,978,C,NJ,CONOLOG CORP,CNLG
3399, , ,7/31/10,Somerville,Conolog Corp,4520,452010,45,45201020,D,USA,334419,3679,457,978,C,NJ,CONOLOG CORP,CNLG
3399, , ,8/31/10,Somerville,Conolog Corp,4520,452010,45,45201020,D,USA,334419,3679,457,978,C,NJ,CONOLOG CORP,CNLG
3399, , ,9/30/10,Somerville,Conolog Corp,4520,452010,45,45201020,D,USA,334419,3679,457,978,C,NJ,CONOLOG CORP,CNLG
3399, , ,10/31/10,Somerville,Conolog Corp,4520,452010,45,45201020,D,USA,334419,3679,457,978,C,NJ,CONOLOG CORP,CNLG
3399, , ,11/30/10,Somerville,Conolog Corp,4520,452010,45,45201020,D,USA,334419,3679,457,978,C,NJ,CONOLOG CORP,CNLG
3399, , ,12/31/10,Somerville,Conolog Corp,4520,452010,45,45201020,D,USA,334419,3679,457,978,C,NJ,CONOLOG CORP,CNLG
3399, , ,1/31/11,Somerville,Conolog Corp,4520,452010,45,45201020,D,USA,334419,3679,457,978,C,NJ,CONOLOG CORP,CNLG
3399, , ,2/28/11,Somerville,Conolog Corp,4520,452010,45,45201020,D,USA,334419,3679,457,978,C,NJ,CONOLOG CORP,CNLG
3399, , ,3/31/11,Somerville,Conolog Corp,4520,452010,45,45201020,D,USA,334419,3679,457,978,C,NJ,CONOLOG CORP,CNLG
3399, , ,4/30/11,Somerville,Conolog Corp,4520,452010,45,45201020,D,USA,334419,3679,457,978,C,NJ,CONOLOG CORP,CNLG
3399, , ,5/31/11,Somerville,Conolog Corp,4520,452010,45,45201020,D,USA,334419,3679,457,978,C,NJ,CONOLOG CORP,CNLG
3399, , ,6/30/11,Somerville,Conolog Corp,4520,452010,45,45201020,D,USA,334419,3679,457,978,C,NJ,CONOLOG CORP,CNLG
3399, , ,7/31/11,Somerville,Conolog Corp,4520,452010,45,45201020,D,USA,334419,3679,457,978,C,NJ,CONOLOG CORP,CNLG
3399, , ,8/31/11,Somerville,Conolog Corp,4520,452010,45,45201020,D,USA,334419,3679,457,978,C,NJ,CONOLOG CORP,CNLG
3399, , ,9/30/11,Somerville,Conolog Corp,4520,452010,45,45201020,D,USA,334419,3679,457,978,C,NJ,CONOLOG CORP,CNLG
3399, , ,10/31/11,Somerville,Conolog Corp,4520,452010,45,45201020,D,USA,334419,3679,457,978,C,NJ,CONOLOG CORP,CNLG
3399, , ,11/30/11,Somerville,Conolog Corp,4520,452010,45,45201020,D,USA,334419,3679,457,978,C,NJ,CONOLOG CORP,CNLG
3399, , ,12/31/11,Somerville,Conolog Corp,4520,452010,45,45201020,D,USA,334419,3679,457,978,C,NJ,CONOLOG CORP,CNLG
3399, , ,1/31/12,Somerville,Conolog Corp,4520,452010,45,45201020,D,USA,334419,3679,457,978,C,NJ,CONOLOG CORP,CNLG
3399, , ,2/29/12,Somerville,Conolog Corp,4520,452010,45,45201020,D,USA,334419,3679,457,978,C,NJ,CONOLOG CORP,CNLG
3399, , ,3/31/12,Somerville,Conolog Corp,4520,452010,45,45201020,D,USA,334419,3679,457,978,C,NJ,CONOLOG CORP,CNLG
3399, , ,4/30/12,Somerville,Conolog Corp,4520,452010,45,45201020,D,USA,334419,3679,457,978,C,NJ,CONOLOG CORP,CNLG
3399, , ,5/31/12,Somerville,Conolog Corp,4520,452010,45,45201020,D,USA,334419,3679,457,978,C,NJ,CONOLOG CORP,CNLG
3399, , ,6/30/12,Somerville,Conolog Corp,4520,452010,45,45201020,D,USA,334419,3679,457,978,C,NJ,CONOLOG CORP,CNLG
3399, , ,7/31/12,Somerville,Conolog Corp,4520,452010,45,45201020,D,USA,334419,3679,457,978,C,NJ,CONOLOG CORP,CNLG
3399, , ,8/31/12,Somerville,Conolog Corp,4520,452010,45,45201020,D,USA,334419,3679,457,978,C,NJ,CONOLOG CORP,CNLG
3399, , ,9/30/12,Somerville,Conolog Corp,4520,452010,45,45201020,D,USA,334419,3679,457,978,C,NJ,CONOLOG CORP,CNLG
3399, , ,10/31/12,Somerville,Conolog Corp,4520,452010,45,45201020,D,USA,334419,3679,457,978,C,NJ,CONOLOG CORP,CNLG
3399, , ,11/30/12,Somerville,Conolog Corp,4520,452010,45,45201020,D,USA,334419,3679,457,978,C,NJ,CONOLOG CORP,CNLG
3399, , ,12/31/12,Somerville,Conolog Corp,4520,452010,45,45201020,D,USA,334419,3679,457,978,C,NJ,CONOLOG CORP,CNLG
3399, , ,1/31/13,Somerville,Conolog Corp,4520,452010,45,45201020,D,USA,334419,3679,457,978,C,NJ,CONOLOG CORP,CNLG
3399, , ,2/28/13,Somerville,Conolog Corp,4520,452010,45,45201020,D,USA,334419,3679,457,978,C,NJ,CONOLOG CORP,CNLG
3399, , ,3/31/13,Somerville,Conolog Corp,4520,452010,45,45201020,D,USA,334419,3679,457,978,C,NJ,CONOLOG CORP,CNLG
3399, , ,4/30/13,Somerville,Conolog Corp,4520,452010,45,45201020,D,USA,334419,3679,457,978,C,NJ,CONOLOG CORP,CNLG
3399, , ,5/31/13,Somerville,Conolog Corp,4520,452010,45,45201020,D,USA,334419,3679,457,978,C,NJ,CONOLOG CORP,CNLG
3399, , ,6/30/13,Somerville,Conolog Corp,4520,452010,45,45201020,D,USA,334419,3679,457,978,C,NJ,CONOLOG CORP,CNLG
3399, , ,7/31/13,Somerville,Conolog Corp,4520,452010,45,45201020,D,USA,334419,3679,457,978,C,NJ,CONOLOG CORP,CNLG
3399, , ,8/31/13,Somerville,Conolog Corp,4520,452010,45,45201020,D,USA,334419,3679,457,978,C,NJ,CONOLOG CORP,CNLG
3399, , ,9/30/13,Somerville,Conolog Corp,4520,452010,45,45201020,D,USA,334419,3679,457,978,C,NJ,CONOLOG CORP,CNLG
3399, , ,10/31/13,Somerville,Conolog Corp,4520,452010,45,45201020,D,USA,334419,3679,457,978,C,NJ,CONOLOG CORP,CNLG
3532,BBB+,A-2,1/31/10,Corning,Corning Inc,4520,452030,45,45203015,D,USA,334419,3679,180,940,B,NY,CORNING INC,GLW
3532,BBB+,A-2,2/28/10,Corning,Corning Inc,4520,452030,45,45203015,D,USA,334419,3679,180,940,B,NY,CORNING INC,GLW
3532,BBB+,A-2,3/31/10,Corning,Corning Inc,4520,452030,45,45203015,D,USA,334419,3679,180,940,B,NY,CORNING INC,GLW
3532,BBB+,A-2,4/30/10,Corning,Corning Inc,4520,452030,45,45203015,D,USA,334419,3679,180,940,B,NY,CORNING INC,GLW
3532,BBB+,A-2,5/31/10,Corning,Corning Inc,4520,452030,45,45203015,D,USA,334419,3679,180,940,B,NY,CORNING INC,GLW
3532,BBB+,A-2,6/30/10,Corning,Corning Inc,4520,452030,45,45203015,D,USA,334419,3679,180,940,B,NY,CORNING INC,GLW
3532,BBB+,A-2,7/31/10,Corning,Corning Inc,4520,452030,45,45203015,D,USA,334419,3679,180,940,B,NY,CORNING INC,GLW
3532,BBB+,A-2,8/31/10,Corning,Corning Inc,4520,452030,45,45203015,D,USA,334419,3679,180,940,B,NY,CORNING INC,GLW
3532,BBB+,A-2,9/30/10,Corning,Corning Inc,4520,452030,45,45203015,D,USA,334419,3679,180,940,B,NY,CORNING INC,GLW
3532,BBB+,A-2,10/31/10,Corning,Corning Inc,4520,452030,45,45203015,D,USA,334419,3679,180,940,B,NY,CORNING INC,GLW
3532,BBB+,A-2,11/30/10,Corning,Corning Inc,4520,452030,45,45203015,D,USA,334419,3679,180,940,B,NY,CORNING INC,GLW
3532,BBB+,A-2,12/31/10,Corning,Corning Inc,4520,452030,45,45203015,D,USA,334419,3679,180,940,B,NY,CORNING INC,GLW
3532,BBB+,A-2,1/31/11,Corning,Corning Inc,4520,452030,45,45203015,D,USA,334419,3679,180,940,B,NY,CORNING INC,GLW
3532,BBB+,A-2,2/28/11,Corning,Corning Inc,4520,452030,45,45203015,D,USA,334419,3679,180,940,B,NY,CORNING INC,GLW
3532,BBB+,A-2,3/31/11,Corning,Corning Inc,4520,452030,45,45203015,D,USA,334419,3679,180,940,B,NY,CORNING INC,GLW
3532,BBB+,A-2,4/30/11,Corning,Corning Inc,4520,452030,45,45203015,D,USA,334419,3679,180,940,B,NY,CORNING INC,GLW
3532,BBB+,A-2,5/31/11,Corning,Corning Inc,4520,452030,45,45203015,D,USA,334419,3679,180,940,B,NY,CORNING INC,GLW
3532,BBB+,A-2,6/30/11,Corning,Corning Inc,4520,452030,45,45203015,D,USA,334419,3679,180,940,B,NY,CORNING INC,GLW
3532,BBB+,A-2,7/31/11,Corning,Corning Inc,4520,452030,45,45203015,D,USA,334419,3679,180,940,B,NY,CORNING INC,GLW
3532,BBB+,A-2,8/31/11,Corning,Corning Inc,4520,452030,45,45203015,D,USA,334419,3679,180,940,B,NY,CORNING INC,GLW
3532,BBB+,A-2,9/30/11,Corning,Corning Inc,4520,452030,45,45203015,D,USA,334419,3679,180,940,B,NY,CORNING INC,GLW
3532,BBB+,A-2,10/31/11,Corning,Corning Inc,4520,452030,45,45203015,D,USA,334419,3679,180,940,B,NY,CORNING INC,GLW
3532,BBB+,A-2,11/30/11,Corning,Corning Inc,4520,452030,45,45203015,D,USA,334419,3679,180,940,B,NY,CORNING INC,GLW
3532,BBB+,A-2,12/31/11,Corning,Corning Inc,4520,452030,45,45203015,D,USA,334419,3679,180,940,B,NY,CORNING INC,GLW
3532,BBB+,A-2,1/31/12,Corning,Corning Inc,4520,452030,45,45203015,D,USA,334419,3679,180,940,B,NY,CORNING INC,GLW
3532,BBB+,A-2,2/29/12,Corning,Corning Inc,4520,452030,45,45203015,D,USA,334419,3679,180,940,B,NY,CORNING INC,GLW
3532,BBB+,A-2,3/31/12,Corning,Corning Inc,4520,452030,45,45203015,D,USA,334419,3679,180,940,B,NY,CORNING INC,GLW
3532,BBB+,A-2,4/30/12,Corning,Corning Inc,4520,452030,45,45203015,D,USA,334419,3679,180,940,B,NY,CORNING INC,GLW
3532,BBB+,A-2,5/31/12,Corning,Corning Inc,4520,452030,45,45203015,D,USA,334419,3679,180,940,B,NY,CORNING INC,GLW
3532,BBB+,A-2,6/30/12,Corning,Corning Inc,4520,452030,45,45203015,D,USA,334419,3679,180,940,B,NY,CORNING INC,GLW
3532,BBB+,A-2,7/31/12,Corning,Corning Inc,4520,452030,45,45203015,D,USA,334419,3679,180,940,B,NY,CORNING INC,GLW
3532,BBB+,A-2,8/31/12,Corning,Corning Inc,4520,452030,45,45203015,D,USA,334419,3679,180,940,B,NY,CORNING INC,GLW
3532,BBB+,A-2,9/30/12,Corning,Corning Inc,4520,452030,45,45203015,D,USA,334419,3679,180,940,B,NY,CORNING INC,GLW
3532,BBB+,A-2,10/31/12,Corning,Corning Inc,4520,452030,45,45203015,D,USA,334419,3679,180,940,B,NY,CORNING INC,GLW
3532,BBB+,A-2,11/30/12,Corning,Corning Inc,4520,452030,45,45203015,D,USA,334419,3679,180,940,B,NY,CORNING INC,GLW
3532,BBB+,A-2,12/31/12,Corning,Corning Inc,4520,452030,45,45203015,D,USA,334419,3679,180,940,B,NY,CORNING INC,GLW
3532,BBB+,A-2,1/31/13,Corning,Corning Inc,4520,452030,45,45203015,D,USA,334419,3679,180,940,B,NY,CORNING INC,GLW
3532,BBB+,A-2,2/28/13,Corning,Corning Inc,4520,452030,45,45203015,D,USA,334419,3679,180,940,B,NY,CORNING INC,GLW
3532,BBB+,A-2,3/31/13,Corning,Corning Inc,4520,452030,45,45203015,D,USA,334419,3679,180,940,B,NY,CORNING INC,GLW
3532,BBB+,A-2,4/30/13,Corning,Corning Inc,4520,452030,45,45203015,D,USA,334419,3679,180,940,B,NY,CORNING INC,GLW
3532,BBB+,A-2,5/31/13,Corning,Corning Inc,4520,452030,45,45203015,D,USA,334419,3679,180,940,B,NY,CORNING INC,GLW
3532,BBB+,A-2,6/30/13,Corning,Corning Inc,4520,452030,45,45203015,D,USA,334419,3679,180,940,B,NY,CORNING INC,GLW
3532,BBB+,A-2,7/31/13,Corning,Corning Inc,4520,452030,45,45203015,D,USA,334419,3679,180,940,B,NY,CORNING INC,GLW
3532,BBB+,A-2,8/31/13,Corning,Corning Inc,4520,452030,45,45203015,D,USA,334419,3679,180,940,B,NY,CORNING INC,GLW
3532,BBB+,A-2,9/30/13,Corning,Corning Inc,4520,452030,45,45203015,D,USA,334419,3679,180,940,B,NY,CORNING INC,GLW
3532,BBB+,A-2,10/31/13,Corning,Corning Inc,4520,452030,45,45203015,D,USA,334419,3679,180,940,B,NY,CORNING INC,GLW
3532,BBB+,A-2,11/30/13,Corning,Corning Inc,4520,452030,45,45203015,D,USA,334419,3679,180,940,B,NY,CORNING INC,GLW
3532,A-,A-2,12/31/13,Corning,Corning Inc,4520,452030,45,45203015,D,USA,334419,3679,180,940,B,NY,CORNING INC,GLW
3532,A-,A-2,1/31/14,Corning,Corning Inc,4520,452030,45,45203015,D,USA,334419,3679,180,940,B,NY,CORNING INC,GLW
3532,A-,A-2,2/28/14,Corning,Corning Inc,4520,452030,45,45203015,D,USA,334419,3679,180,940,B,NY,CORNING INC,GLW
3532,A-,A-2,3/31/14,Corning,Corning Inc,4520,452030,45,45203015,D,USA,334419,3679,180,940,B,NY,CORNING INC,GLW
3532,A-,A-2,4/30/14,Corning,Corning Inc,4520,452030,45,45203015,D,USA,334419,3679,180,940,B,NY,CORNING INC,GLW
3532,A-,A-2,5/31/14,Corning,Corning Inc,4520,452030,45,45203015,D,USA,334419,3679,180,940,B,NY,CORNING INC,GLW
3532,A-,A-2,6/30/14,Corning,Corning Inc,4520,452030,45,45203015,D,USA,334419,3679,180,940,B,NY,CORNING INC,GLW
3761, , ,1/31/10,Redmond,Data I/O Corp,4520,452030,45,45203020,D,USA,334515,3825,230,940,C,WA,DATA I/O CORP,DAIO
3761, , ,2/28/10,Redmond,Data I/O Corp,4520,452030,45,45203020,D,USA,334515,3825,230,940,C,WA,DATA I/O CORP,DAIO
3761, , ,3/31/10,Redmond,Data I/O Corp,4520,452030,45,45203020,D,USA,334515,3825,230,940,C,WA,DATA I/O CORP,DAIO
3761, , ,4/30/10,Redmond,Data I/O Corp,4520,452030,45,45203020,D,USA,334515,3825,230,940,C,WA,DATA I/O CORP,DAIO
3761, , ,5/31/10,Redmond,Data I/O Corp,4520,452030,45,45203020,D,USA,334515,3825,230,940,C,WA,DATA I/O CORP,DAIO
3761, , ,6/30/10,Redmond,Data I/O Corp,4520,452030,45,45203020,D,USA,334515,3825,230,940,C,WA,DATA I/O CORP,DAIO
3761, , ,7/31/10,Redmond,Data I/O Corp,4520,452030,45,45203020,D,USA,334515,3825,230,940,C,WA,DATA I/O CORP,DAIO
3761, , ,8/31/10,Redmond,Data I/O Corp,4520,452030,45,45203020,D,USA,334515,3825,230,940,C,WA,DATA I/O CORP,DAIO
3761, , ,9/30/10,Redmond,Data I/O Corp,4520,452030,45,45203020,D,USA,334515,3825,230,940,C,WA,DATA I/O CORP,DAIO
3761, , ,10/31/10,Redmond,Data I/O Corp,4520,452030,45,45203020,D,USA,334515,3825,230,940,C,WA,DATA I/O CORP,DAIO
3761, , ,11/30/10,Redmond,Data I/O Corp,4520,452030,45,45203020,D,USA,334515,3825,230,940,C,WA,DATA I/O CORP,DAIO
3761, , ,12/31/10,Redmond,Data I/O Corp,4520,452030,45,45203020,D,USA,334515,3825,230,940,C,WA,DATA I/O CORP,DAIO
3761, , ,1/31/11,Redmond,Data I/O Corp,4520,452030,45,45203020,D,USA,334515,3825,230,940,C,WA,DATA I/O CORP,DAIO
3761, , ,2/28/11,Redmond,Data I/O Corp,4520,452030,45,45203020,D,USA,334515,3825,230,940,C,WA,DATA I/O CORP,DAIO
3761, , ,3/31/11,Redmond,Data I/O Corp,4520,452030,45,45203020,D,USA,334515,3825,230,940,C,WA,DATA I/O CORP,DAIO
3761, , ,4/30/11,Redmond,Data I/O Corp,4520,452030,45,45203020,D,USA,334515,3825,230,940,C,WA,DATA I/O CORP,DAIO
3761, , ,5/31/11,Redmond,Data I/O Corp,4520,452030,45,45203020,D,USA,334515,3825,230,940,C,WA,DATA I/O CORP,DAIO
3761, , ,6/30/11,Redmond,Data I/O Corp,4520,452030,45,45203020,D,USA,334515,3825,230,940,C,WA,DATA I/O CORP,DAIO
3761, , ,7/31/11,Redmond,Data I/O Corp,4520,452030,45,45203020,D,USA,334515,3825,230,940,C,WA,DATA I/O CORP,DAIO
3761, , ,8/31/11,Redmond,Data I/O Corp,4520,452030,45,45203020,D,USA,334515,3825,230,940,C,WA,DATA I/O CORP,DAIO
3761, , ,9/30/11,Redmond,Data I/O Corp,4520,452030,45,45203020,D,USA,334515,3825,230,940,C,WA,DATA I/O CORP,DAIO
3761, , ,10/31/11,Redmond,Data I/O Corp,4520,452030,45,45203020,D,USA,334515,3825,230,940,C,WA,DATA I/O CORP,DAIO
3761, , ,11/30/11,Redmond,Data I/O Corp,4520,452030,45,45203020,D,USA,334515,3825,230,940,C,WA,DATA I/O CORP,DAIO
3761, , ,12/31/11,Redmond,Data I/O Corp,4520,452030,45,45203020,D,USA,334515,3825,230,940,C,WA,DATA I/O CORP,DAIO
3761, , ,1/31/12,Redmond,Data I/O Corp,4520,452030,45,45203020,D,USA,334515,3825,230,940,C,WA,DATA I/O CORP,DAIO
3761, , ,2/29/12,Redmond,Data I/O Corp,4520,452030,45,45203020,D,USA,334515,3825,230,940,C,WA,DATA I/O CORP,DAIO
3761, , ,3/31/12,Redmond,Data I/O Corp,4520,452030,45,45203020,D,USA,334515,3825,230,940,C,WA,DATA I/O CORP,DAIO
3761, , ,4/30/12,Redmond,Data I/O Corp,4520,452030,45,45203020,D,USA,334515,3825,230,940,C,WA,DATA I/O CORP,DAIO
3761, , ,5/31/12,Redmond,Data I/O Corp,4520,452030,45,45203020,D,USA,334515,3825,230,940,C,WA,DATA I/O CORP,DAIO
3761, , ,6/30/12,Redmond,Data I/O Corp,4520,452030,45,45203020,D,USA,334515,3825,230,940,C,WA,DATA I/O CORP,DAIO
3761, , ,7/31/12,Redmond,Data I/O Corp,4520,452030,45,45203020,D,USA,334515,3825,230,940,C,WA,DATA I/O CORP,DAIO
3761, , ,8/31/12,Redmond,Data I/O Corp,4520,452030,45,45203020,D,USA,334515,3825,230,940,C,WA,DATA I/O CORP,DAIO
3761, , ,9/30/12,Redmond,Data I/O Corp,4520,452030,45,45203020,D,USA,334515,3825,230,940,C,WA,DATA I/O CORP,DAIO
3761, , ,10/31/12,Redmond,Data I/O Corp,4520,452030,45,45203020,D,USA,334515,3825,230,940,C,WA,DATA I/O CORP,DAIO
3761, , ,11/30/12,Redmond,Data I/O Corp,4520,452030,45,45203020,D,USA,334515,3825,230,940,C,WA,DATA I/O CORP,DAIO
3761, , ,12/31/12,Redmond,Data I/O Corp,4520,452030,45,45203020,D,USA,334515,3825,230,940,C,WA,DATA I/O CORP,DAIO
3761, , ,1/31/13,Redmond,Data I/O Corp,4520,452030,45,45203020,D,USA,334515,3825,230,940,C,WA,DATA I/O CORP,DAIO
3761, , ,2/28/13,Redmond,Data I/O Corp,4520,452030,45,45203020,D,USA,334515,3825,230,940,C,WA,DATA I/O CORP,DAIO
3761, , ,3/31/13,Redmond,Data I/O Corp,4520,452030,45,45203020,D,USA,334515,3825,230,940,C,WA,DATA I/O CORP,DAIO
3761, , ,4/30/13,Redmond,Data I/O Corp,4520,452030,45,45203020,D,USA,334515,3825,230,940,C,WA,DATA I/O CORP,DAIO
3761, , ,5/31/13,Redmond,Data I/O Corp,4520,452030,45,45203020,D,USA,334515,3825,230,940,C,WA,DATA I/O CORP,DAIO
3761, , ,6/30/13,Redmond,Data I/O Corp,4520,452030,45,45203020,D,USA,334515,3825,230,940,C,WA,DATA I/O CORP,DAIO
3761, , ,7/31/13,Redmond,Data I/O Corp,4520,452030,45,45203020,D,USA,334515,3825,230,940,C,WA,DATA I/O CORP,DAIO
3761, , ,8/31/13,Redmond,Data I/O Corp,4520,452030,45,45203020,D,USA,334515,3825,230,940,C,WA,DATA I/O CORP,DAIO
3761, , ,9/30/13,Redmond,Data I/O Corp,4520,452030,45,45203020,D,USA,334515,3825,230,940,C,WA,DATA I/O CORP,DAIO
3761, , ,10/31/13,Redmond,Data I/O Corp,4520,452030,45,45203020,D,USA,334515,3825,230,940,C,WA,DATA I/O CORP,DAIO
3776, , ,1/31/10,Marlborough,Media 100 Inc,4520,452020,45,45202020,D,USA,334119,3577,188,940,C,MA,MEDIA 100 INC,MDEA
3776, , ,2/28/10,Marlborough,Media 100 Inc,4520,452020,45,45202020,D,USA,334119,3577,188,940,C,MA,MEDIA 100 INC,MDEA
3776, , ,3/31/10,Marlborough,Media 100 Inc,4520,452020,45,45202020,D,USA,334119,3577,188,940,C,MA,MEDIA 100 INC,MDEA
3776, , ,4/30/10,Marlborough,Media 100 Inc,4520,452020,45,45202020,D,USA,334119,3577,188,940,C,MA,MEDIA 100 INC,MDEA
3776, , ,5/31/10,Marlborough,Media 100 Inc,4520,452020,45,45202020,D,USA,334119,3577,188,940,C,MA,MEDIA 100 INC,MDEA
3776, , ,6/30/10,Marlborough,Media 100 Inc,4520,452020,45,45202020,D,USA,334119,3577,188,940,C,MA,MEDIA 100 INC,MDEA
3776, , ,7/31/10,Marlborough,Media 100 Inc,4520,452020,45,45202020,D,USA,334119,3577,188,940,C,MA,MEDIA 100 INC,MDEA
3776, , ,8/31/10,Marlborough,Media 100 Inc,4520,452020,45,45202020,D,USA,334119,3577,188,940,C,MA,MEDIA 100 INC,MDEA
3776, , ,9/30/10,Marlborough,Media 100 Inc,4520,452020,45,45202020,D,USA,334119,3577,188,940,C,MA,MEDIA 100 INC,MDEA
3776, , ,10/31/10,Marlborough,Media 100 Inc,4520,452020,45,45202020,D,USA,334119,3577,188,940,C,MA,MEDIA 100 INC,MDEA
3776, , ,11/30/10,Marlborough,Media 100 Inc,4520,452020,45,45202020,D,USA,334119,3577,188,940,C,MA,MEDIA 100 INC,MDEA
3776, , ,12/31/10,Marlborough,Media 100 Inc,4520,452020,45,45202020,D,USA,334119,3577,188,940,C,MA,MEDIA 100 INC,MDEA
3776, , ,1/31/11,Marlborough,Media 100 Inc,4520,452020,45,45202020,D,USA,334119,3577,188,940,C,MA,MEDIA 100 INC,MDEA
3776, , ,2/28/11,Marlborough,Media 100 Inc,4520,452020,45,45202020,D,USA,334119,3577,188,940,C,MA,MEDIA 100 INC,MDEA
3776, , ,3/31/11,Marlborough,Media 100 Inc,4520,452020,45,45202020,D,USA,334119,3577,188,940,C,MA,MEDIA 100 INC,MDEA
3776, , ,4/30/11,Marlborough,Media 100 Inc,4520,452020,45,45202020,D,USA,334119,3577,188,940,C,MA,MEDIA 100 INC,MDEA
3776, , ,5/31/11,Marlborough,Media 100 Inc,4520,452020,45,45202020,D,USA,334119,3577,188,940,C,MA,MEDIA 100 INC,MDEA
3776, , ,6/30/11,Marlborough,Media 100 Inc,4520,452020,45,45202020,D,USA,334119,3577,188,940,C,MA,MEDIA 100 INC,MDEA
3776, , ,7/31/11,Marlborough,Media 100 Inc,4520,452020,45,45202020,D,USA,334119,3577,188,940,C,MA,MEDIA 100 INC,MDEA
3776, , ,8/31/11,Marlborough,Media 100 Inc,4520,452020,45,45202020,D,USA,334119,3577,188,940,C,MA,MEDIA 100 INC,MDEA
3776, , ,9/30/11,Marlborough,Media 100 Inc,4520,452020,45,45202020,D,USA,334119,3577,188,940,C,MA,MEDIA 100 INC,MDEA
3776, , ,10/31/11,Marlborough,Media 100 Inc,4520,452020,45,45202020,D,USA,334119,3577,188,940,C,MA,MEDIA 100 INC,MDEA
3776, , ,11/30/11,Marlborough,Media 100 Inc,4520,452020,45,45202020,D,USA,334119,3577,188,940,C,MA,MEDIA 100 INC,MDEA
3776, , ,12/31/11,Marlborough,Media 100 Inc,4520,452020,45,45202020,D,USA,334119,3577,188,940,C,MA,MEDIA 100 INC,MDEA
3776, , ,1/31/12,Marlborough,Media 100 Inc,4520,452020,45,45202020,D,USA,334119,3577,188,940,C,MA,MEDIA 100 INC,MDEA
3776, , ,2/29/12,Marlborough,Media 100 Inc,4520,452020,45,45202020,D,USA,334119,3577,188,940,C,MA,MEDIA 100 INC,MDEA
3776, , ,3/31/12,Marlborough,Media 100 Inc,4520,452020,45,45202020,D,USA,334119,3577,188,940,C,MA,MEDIA 100 INC,MDEA
3776, , ,4/30/12,Marlborough,Media 100 Inc,4520,452020,45,45202020,D,USA,334119,3577,188,940,C,MA,MEDIA 100 INC,MDEA
3776, , ,5/31/12,Marlborough,Media 100 Inc,4520,452020,45,45202020,D,USA,334119,3577,188,940,C,MA,MEDIA 100 INC,MDEA
3779, , ,1/31/10,Mountlake Terrace,Datamarine Intl Inc,4520,452010,45,45201020,D,USA,334220,3663,180,940, ,WA,DATAMARINE INTL INC,DMAR
3779, , ,2/28/10,Mountlake Terrace,Datamarine Intl Inc,4520,452010,45,45201020,D,USA,334220,3663,180,940, ,WA,DATAMARINE INTL INC,DMAR
3779, , ,3/31/10,Mountlake Terrace,Datamarine Intl Inc,4520,452010,45,45201020,D,USA,334220,3663,180,940, ,WA,DATAMARINE INTL INC,DMAR
3779, , ,4/30/10,Mountlake Terrace,Datamarine Intl Inc,4520,452010,45,45201020,D,USA,334220,3663,180,940, ,WA,DATAMARINE INTL INC,DMAR
3779, , ,5/31/10,Mountlake Terrace,Datamarine Intl Inc,4520,452010,45,45201020,D,USA,334220,3663,180,940, ,WA,DATAMARINE INTL INC,DMAR
3779, , ,6/30/10,Mountlake Terrace,Datamarine Intl Inc,4520,452010,45,45201020,D,USA,334220,3663,180,940, ,WA,DATAMARINE INTL INC,DMAR
3779, , ,7/31/10,Mountlake Terrace,Datamarine Intl Inc,4520,452010,45,45201020,D,USA,334220,3663,180,940, ,WA,DATAMARINE INTL INC,DMAR
3779, , ,8/31/10,Mountlake Terrace,Datamarine Intl Inc,4520,452010,45,45201020,D,USA,334220,3663,180,940, ,WA,DATAMARINE INTL INC,DMAR
3779, , ,9/30/10,Mountlake Terrace,Datamarine Intl Inc,4520,452010,45,45201020,D,USA,334220,3663,180,940, ,WA,DATAMARINE INTL INC,DMAR
3779, , ,10/31/10,Mountlake Terrace,Datamarine Intl Inc,4520,452010,45,45201020,D,USA,334220,3663,180,940, ,WA,DATAMARINE INTL INC,DMAR
3779, , ,11/30/10,Mountlake Terrace,Datamarine Intl Inc,4520,452010,45,45201020,D,USA,334220,3663,180,940, ,WA,DATAMARINE INTL INC,DMAR
3779, , ,12/31/10,Mountlake Terrace,Datamarine Intl Inc,4520,452010,45,45201020,D,USA,334220,3663,180,940, ,WA,DATAMARINE INTL INC,DMAR
3779, , ,1/31/11,Mountlake Terrace,Datamarine Intl Inc,4520,452010,45,45201020,D,USA,334220,3663,180,940, ,WA,DATAMARINE INTL INC,DMAR
3779, , ,2/28/11,Mountlake Terrace,Datamarine Intl Inc,4520,452010,45,45201020,D,USA,334220,3663,180,940, ,WA,DATAMARINE INTL INC,DMAR
3779, , ,3/31/11,Mountlake Terrace,Datamarine Intl Inc,4520,452010,45,45201020,D,USA,334220,3663,180,940, ,WA,DATAMARINE INTL INC,DMAR
3779, , ,4/30/11,Mountlake Terrace,Datamarine Intl Inc,4520,452010,45,45201020,D,USA,334220,3663,180,940, ,WA,DATAMARINE INTL INC,DMAR
3779, , ,5/31/11,Mountlake Terrace,Datamarine Intl Inc,4520,452010,45,45201020,D,USA,334220,3663,180,940, ,WA,DATAMARINE INTL INC,DMAR
3779, , ,6/30/11,Mountlake Terrace,Datamarine Intl Inc,4520,452010,45,45201020,D,USA,334220,3663,180,940, ,WA,DATAMARINE INTL INC,DMAR
3779, , ,7/31/11,Mountlake Terrace,Datamarine Intl Inc,4520,452010,45,45201020,D,USA,334220,3663,180,940, ,WA,DATAMARINE INTL INC,DMAR
3779, , ,8/31/11,Mountlake Terrace,Datamarine Intl Inc,4520,452010,45,45201020,D,USA,334220,3663,180,940, ,WA,DATAMARINE INTL INC,DMAR
3779, , ,9/30/11,Mountlake Terrace,Datamarine Intl Inc,4520,452010,45,45201020,D,USA,334220,3663,180,940, ,WA,DATAMARINE INTL INC,DMAR
3779, , ,10/31/11,Mountlake Terrace,Datamarine Intl Inc,4520,452010,45,45201020,D,USA,334220,3663,180,940, ,WA,DATAMARINE INTL INC,DMAR
3779, , ,11/30/11,Mountlake Terrace,Datamarine Intl Inc,4520,452010,45,45201020,D,USA,334220,3663,180,940, ,WA,DATAMARINE INTL INC,DMAR
3779, , ,12/31/11,Mountlake Terrace,Datamarine Intl Inc,4520,452010,45,45201020,D,USA,334220,3663,180,940, ,WA,DATAMARINE INTL INC,DMAR
3779, , ,1/31/12,Mountlake Terrace,Datamarine Intl Inc,4520,452010,45,45201020,D,USA,334220,3663,180,940, ,WA,DATAMARINE INTL INC,DMAR
3779, , ,2/29/12,Mountlake Terrace,Datamarine Intl Inc,4520,452010,45,45201020,D,USA,334220,3663,180,940, ,WA,DATAMARINE INTL INC,DMAR
3779, , ,3/31/12,Mountlake Terrace,Datamarine Intl Inc,4520,452010,45,45201020,D,USA,334220,3663,180,940, ,WA,DATAMARINE INTL INC,DMAR
3779, , ,4/30/12,Mountlake Terrace,Datamarine Intl Inc,4520,452010,45,45201020,D,USA,334220,3663,180,940, ,WA,DATAMARINE INTL INC,DMAR
3779, , ,5/31/12,Mountlake Terrace,Datamarine Intl Inc,4520,452010,45,45201020,D,USA,334220,3663,180,940, ,WA,DATAMARINE INTL INC,DMAR
3779, , ,6/30/12,Mountlake Terrace,Datamarine Intl Inc,4520,452010,45,45201020,D,USA,334220,3663,180,940, ,WA,DATAMARINE INTL INC,DMAR
3779, , ,7/31/12,Mountlake Terrace,Datamarine Intl Inc,4520,452010,45,45201020,D,USA,334220,3663,180,940, ,WA,DATAMARINE INTL INC,DMAR
3779, , ,8/31/12,Mountlake Terrace,Datamarine Intl Inc,4520,452010,45,45201020,D,USA,334220,3663,180,940, ,WA,DATAMARINE INTL INC,DMAR
3779, , ,9/30/12,Mountlake Terrace,Datamarine Intl Inc,4520,452010,45,45201020,D,USA,334220,3663,180,940, ,WA,DATAMARINE INTL INC,DMAR
3779, , ,10/31/12,Mountlake Terrace,Datamarine Intl Inc,4520,452010,45,45201020,D,USA,334220,3663,180,940, ,WA,DATAMARINE INTL INC,DMAR
3779, , ,11/30/12,Mountlake Terrace,Datamarine Intl Inc,4520,452010,45,45201020,D,USA,334220,3663,180,940, ,WA,DATAMARINE INTL INC,DMAR
3779, , ,12/31/12,Mountlake Terrace,Datamarine Intl Inc,4520,452010,45,45201020,D,USA,334220,3663,180,940, ,WA,DATAMARINE INTL INC,DMAR
3779, , ,1/31/13,Mountlake Terrace,Datamarine Intl Inc,4520,452010,45,45201020,D,USA,334220,3663,180,940, ,WA,DATAMARINE INTL INC,DMAR
3779, , ,2/28/13,Mountlake Terrace,Datamarine Intl Inc,4520,452010,45,45201020,D,USA,334220,3663,180,940, ,WA,DATAMARINE INTL INC,DMAR
3779, , ,3/31/13,Mountlake Terrace,Datamarine Intl Inc,4520,452010,45,45201020,D,USA,334220,3663,180,940, ,WA,DATAMARINE INTL INC,DMAR
3779, , ,4/30/13,Mountlake Terrace,Datamarine Intl Inc,4520,452010,45,45201020,D,USA,334220,3663,180,940, ,WA,DATAMARINE INTL INC,DMAR
3779, , ,5/31/13,Mountlake Terrace,Datamarine Intl Inc,4520,452010,45,45201020,D,USA,334220,3663,180,940, ,WA,DATAMARINE INTL INC,DMAR
3779, , ,6/30/13,Mountlake Terrace,Datamarine Intl Inc,4520,452010,45,45201020,D,USA,334220,3663,180,940, ,WA,DATAMARINE INTL INC,DMAR
3779, , ,7/31/13,Mountlake Terrace,Datamarine Intl Inc,4520,452010,45,45201020,D,USA,334220,3663,180,940, ,WA,DATAMARINE INTL INC,DMAR
3779, , ,8/31/13,Mountlake Terrace,Datamarine Intl Inc,4520,452010,45,45201020,D,USA,334220,3663,180,940, ,WA,DATAMARINE INTL INC,DMAR
3779, , ,9/30/13,Mountlake Terrace,Datamarine Intl Inc,4520,452010,45,45201020,D,USA,334220,3663,180,940, ,WA,DATAMARINE INTL INC,DMAR
3779, , ,10/31/13,Mountlake Terrace,Datamarine Intl Inc,4520,452010,45,45201020,D,USA,334220,3663,180,940, ,WA,DATAMARINE INTL INC,DMAR
3781, , ,1/31/10,Simi Valley,Datametrics Corp,4520,452020,45,45202020,D,USA,334119,3577,188,940,C,CA,DATAMETRICS CORP,DMCP
3781, , ,2/28/10,Simi Valley,Datametrics Corp,4520,452020,45,45202020,D,USA,334119,3577,188,940,C,CA,DATAMETRICS CORP,DMCP
3781, , ,3/31/10,Simi Valley,Datametrics Corp,4520,452020,45,45202020,D,USA,334119,3577,188,940,C,CA,DATAMETRICS CORP,DMCP
3781, , ,4/30/10,Simi Valley,Datametrics Corp,4520,452020,45,45202020,D,USA,334119,3577,188,940,C,CA,DATAMETRICS CORP,DMCP
3781, , ,5/31/10,Simi Valley,Datametrics Corp,4520,452020,45,45202020,D,USA,334119,3577,188,940,C,CA,DATAMETRICS CORP,DMCP
3781, , ,6/30/10,Simi Valley,Datametrics Corp,4520,452020,45,45202020,D,USA,334119,3577,188,940,C,CA,DATAMETRICS CORP,DMCP
3781, , ,7/31/10,Simi Valley,Datametrics Corp,4520,452020,45,45202020,D,USA,334119,3577,188,940,C,CA,DATAMETRICS CORP,DMCP
3781, , ,8/31/10,Simi Valley,Datametrics Corp,4520,452020,45,45202020,D,USA,334119,3577,188,940,C,CA,DATAMETRICS CORP,DMCP
3781, , ,9/30/10,Simi Valley,Datametrics Corp,4520,452020,45,45202020,D,USA,334119,3577,188,940,C,CA,DATAMETRICS CORP,DMCP
3781, , ,10/31/10,Simi Valley,Datametrics Corp,4520,452020,45,45202020,D,USA,334119,3577,188,940,C,CA,DATAMETRICS CORP,DMCP
3781, , ,11/30/10,Simi Valley,Datametrics Corp,4520,452020,45,45202020,D,USA,334119,3577,188,940,C,CA,DATAMETRICS CORP,DMCP
3781, , ,12/31/10,Simi Valley,Datametrics Corp,4520,452020,45,45202020,D,USA,334119,3577,188,940,C,CA,DATAMETRICS CORP,DMCP
3781, , ,1/31/11,Simi Valley,Datametrics Corp,4520,452020,45,45202020,D,USA,334119,3577,188,940,C,CA,DATAMETRICS CORP,DMCP
3781, , ,2/28/11,Simi Valley,Datametrics Corp,4520,452020,45,45202020,D,USA,334119,3577,188,940,C,CA,DATAMETRICS CORP,DMCP
3781, , ,3/31/11,Simi Valley,Datametrics Corp,4520,452020,45,45202020,D,USA,334119,3577,188,940,C,CA,DATAMETRICS CORP,DMCP
3781, , ,4/30/11,Simi Valley,Datametrics Corp,4520,452020,45,45202020,D,USA,334119,3577,188,940,C,CA,DATAMETRICS CORP,DMCP
3781, , ,5/31/11,Simi Valley,Datametrics Corp,4520,452020,45,45202020,D,USA,334119,3577,188,940,C,CA,DATAMETRICS CORP,DMCP
3781, , ,6/30/11,Simi Valley,Datametrics Corp,4520,452020,45,45202020,D,USA,334119,3577,188,940,C,CA,DATAMETRICS CORP,DMCP
3781, , ,7/31/11,Simi Valley,Datametrics Corp,4520,452020,45,45202020,D,USA,334119,3577,188,940,C,CA,DATAMETRICS CORP,DMCP
3781, , ,8/31/11,Simi Valley,Datametrics Corp,4520,452020,45,45202020,D,USA,334119,3577,188,940,C,CA,DATAMETRICS CORP,DMCP
3781, , ,9/30/11,Simi Valley,Datametrics Corp,4520,452020,45,45202020,D,USA,334119,3577,188,940,C,CA,DATAMETRICS CORP,DMCP
3781, , ,10/31/11,Simi Valley,Datametrics Corp,4520,452020,45,45202020,D,USA,334119,3577,188,940,C,CA,DATAMETRICS CORP,DMCP
3781, , ,11/30/11,Simi Valley,Datametrics Corp,4520,452020,45,45202020,D,USA,334119,3577,188,940,C,CA,DATAMETRICS CORP,DMCP
3781, , ,12/31/11,Simi Valley,Datametrics Corp,4520,452020,45,45202020,D,USA,334119,3577,188,940,C,CA,DATAMETRICS CORP,DMCP
3781, , ,1/31/12,Simi Valley,Datametrics Corp,4520,452020,45,45202020,D,USA,334119,3577,188,940,C,CA,DATAMETRICS CORP,DMCP
3781, , ,2/29/12,Simi Valley,Datametrics Corp,4520,452020,45,45202020,D,USA,334119,3577,188,940,C,CA,DATAMETRICS CORP,DMCP
3781, , ,3/31/12,Simi Valley,Datametrics Corp,4520,452020,45,45202020,D,USA,334119,3577,188,940,C,CA,DATAMETRICS CORP,DMCP
3781, , ,4/30/12,Simi Valley,Datametrics Corp,4520,452020,45,45202020,D,USA,334119,3577,188,940,C,CA,DATAMETRICS CORP,DMCP
3781, , ,5/31/12,Simi Valley,Datametrics Corp,4520,452020,45,45202020,D,USA,334119,3577,188,940,C,CA,DATAMETRICS CORP,DMCP
3781, , ,6/30/12,Simi Valley,Datametrics Corp,4520,452020,45,45202020,D,USA,334119,3577,188,940,C,CA,DATAMETRICS CORP,DMCP
3785, , ,1/31/10,Princeton,Dataram Corp,4520,452020,45,45202030,D,USA,334112,3572,188,940,C,NJ,DATARAM CORP,DRAM
3785, , ,2/28/10,Princeton,Dataram Corp,4520,452020,45,45202030,D,USA,334112,3572,188,940,C,NJ,DATARAM CORP,DRAM
3785, , ,3/31/10,Princeton,Dataram Corp,4520,452020,45,45202030,D,USA,334112,3572,188,940,C,NJ,DATARAM CORP,DRAM
3785, , ,4/30/10,Princeton,Dataram Corp,4520,452020,45,45202030,D,USA,334112,3572,188,940,C,NJ,DATARAM CORP,DRAM
3785, , ,5/31/10,Princeton,Dataram Corp,4520,452020,45,45202030,D,USA,334112,3572,188,940,C,NJ,DATARAM CORP,DRAM
3785, , ,6/30/10,Princeton,Dataram Corp,4520,452020,45,45202030,D,USA,334112,3572,188,940,C,NJ,DATARAM CORP,DRAM
3785, , ,7/31/10,Princeton,Dataram Corp,4520,452020,45,45202030,D,USA,334112,3572,188,940,C,NJ,DATARAM CORP,DRAM
3785, , ,8/31/10,Princeton,Dataram Corp,4520,452020,45,45202030,D,USA,334112,3572,188,940,C,NJ,DATARAM CORP,DRAM
3785, , ,9/30/10,Princeton,Dataram Corp,4520,452020,45,45202030,D,USA,334112,3572,188,940,C,NJ,DATARAM CORP,DRAM
3785, , ,10/31/10,Princeton,Dataram Corp,4520,452020,45,45202030,D,USA,334112,3572,188,940,C,NJ,DATARAM CORP,DRAM
3785, , ,11/30/10,Princeton,Dataram Corp,4520,452020,45,45202030,D,USA,334112,3572,188,940,C,NJ,DATARAM CORP,DRAM
3785, , ,12/31/10,Princeton,Dataram Corp,4520,452020,45,45202030,D,USA,334112,3572,188,940,C,NJ,DATARAM CORP,DRAM
3785, , ,1/31/11,Princeton,Dataram Corp,4520,452020,45,45202030,D,USA,334112,3572,188,940,C,NJ,DATARAM CORP,DRAM
3785, , ,2/28/11,Princeton,Dataram Corp,4520,452020,45,45202030,D,USA,334112,3572,188,940,C,NJ,DATARAM CORP,DRAM
3785, , ,3/31/11,Princeton,Dataram Corp,4520,452020,45,45202030,D,USA,334112,3572,188,940,C,NJ,DATARAM CORP,DRAM
3785, , ,4/30/11,Princeton,Dataram Corp,4520,452020,45,45202030,D,USA,334112,3572,188,940,C,NJ,DATARAM CORP,DRAM
3785, , ,5/31/11,Princeton,Dataram Corp,4520,452020,45,45202030,D,USA,334112,3572,188,940,C,NJ,DATARAM CORP,DRAM
3785, , ,6/30/11,Princeton,Dataram Corp,4520,452020,45,45202030,D,USA,334112,3572,188,940,C,NJ,DATARAM CORP,DRAM
3785, , ,7/31/11,Princeton,Dataram Corp,4520,452020,45,45202030,D,USA,334112,3572,188,940,C,NJ,DATARAM CORP,DRAM
3785, , ,8/31/11,Princeton,Dataram Corp,4520,452020,45,45202030,D,USA,334112,3572,188,940,C,NJ,DATARAM CORP,DRAM
3785, , ,9/30/11,Princeton,Dataram Corp,4520,452020,45,45202030,D,USA,334112,3572,188,940,C,NJ,DATARAM CORP,DRAM
3785, , ,10/31/11,Princeton,Dataram Corp,4520,452020,45,45202030,D,USA,334112,3572,188,940,C,NJ,DATARAM CORP,DRAM
3785, , ,11/30/11,Princeton,Dataram Corp,4520,452020,45,45202030,D,USA,334112,3572,188,940,C,NJ,DATARAM CORP,DRAM
3785, , ,12/31/11,Princeton,Dataram Corp,4520,452020,45,45202030,D,USA,334112,3572,188,940,C,NJ,DATARAM CORP,DRAM
3785, , ,1/31/12,Princeton,Dataram Corp,4520,452020,45,45202030,D,USA,334112,3572,188,940,C,NJ,DATARAM CORP,DRAM
3785, , ,2/29/12,Princeton,Dataram Corp,4520,452020,45,45202030,D,USA,334112,3572,188,940,C,NJ,DATARAM CORP,DRAM
3785, , ,3/31/12,Princeton,Dataram Corp,4520,452020,45,45202030,D,USA,334112,3572,188,940,C,NJ,DATARAM CORP,DRAM
3785, , ,4/30/12,Princeton,Dataram Corp,4520,452020,45,45202030,D,USA,334112,3572,188,940,C,NJ,DATARAM CORP,DRAM
3785, , ,5/31/12,Princeton,Dataram Corp,4520,452020,45,45202030,D,USA,334112,3572,188,940,C,NJ,DATARAM CORP,DRAM
3785, , ,6/30/12,Princeton,Dataram Corp,4520,452020,45,45202030,D,USA,334112,3572,188,940,C,NJ,DATARAM CORP,DRAM
3785, , ,7/31/12,Princeton,Dataram Corp,4520,452020,45,45202030,D,USA,334112,3572,188,940,C,NJ,DATARAM CORP,DRAM
3785, , ,8/31/12,Princeton,Dataram Corp,4520,452020,45,45202030,D,USA,334112,3572,188,940,C,NJ,DATARAM CORP,DRAM
3785, , ,9/30/12,Princeton,Dataram Corp,4520,452020,45,45202030,D,USA,334112,3572,188,940,C,NJ,DATARAM CORP,DRAM
3785, , ,10/31/12,Princeton,Dataram Corp,4520,452020,45,45202030,D,USA,334112,3572,188,940,C,NJ,DATARAM CORP,DRAM
3785, , ,11/30/12,Princeton,Dataram Corp,4520,452020,45,45202030,D,USA,334112,3572,188,940,C,NJ,DATARAM CORP,DRAM
3785, , ,12/31/12,Princeton,Dataram Corp,4520,452020,45,45202030,D,USA,334112,3572,188,940,C,NJ,DATARAM CORP,DRAM
3785, , ,1/31/13,Princeton,Dataram Corp,4520,452020,45,45202030,D,USA,334112,3572,188,940,C,NJ,DATARAM CORP,DRAM
3785, , ,2/28/13,Princeton,Dataram Corp,4520,452020,45,45202030,D,USA,334112,3572,188,940,C,NJ,DATARAM CORP,DRAM
3785, , ,3/31/13,Princeton,Dataram Corp,4520,452020,45,45202030,D,USA,334112,3572,188,940,C,NJ,DATARAM CORP,DRAM
3785, , ,4/30/13,Princeton,Dataram Corp,4520,452020,45,45202030,D,USA,334112,3572,188,940,C,NJ,DATARAM CORP,DRAM
3785, , ,5/31/13,Princeton,Dataram Corp,4520,452020,45,45202030,D,USA,334112,3572,188,940,C,NJ,DATARAM CORP,DRAM
3785, , ,6/30/13,Princeton,Dataram Corp,4520,452020,45,45202030,D,USA,334112,3572,188,940,C,NJ,DATARAM CORP,DRAM
3785, , ,7/31/13,Princeton,Dataram Corp,4520,452020,45,45202030,D,USA,334112,3572,188,940,C,NJ,DATARAM CORP,DRAM
3785, , ,8/31/13,Princeton,Dataram Corp,4520,452020,45,45202030,D,USA,334112,3572,188,940,C,NJ,DATARAM CORP,DRAM
3785, , ,9/30/13,Princeton,Dataram Corp,4520,452020,45,45202030,D,USA,334112,3572,188,940,C,NJ,DATARAM CORP,DRAM
3785, , ,10/31/13,Princeton,Dataram Corp,4520,452020,45,45202030,D,USA,334112,3572,188,940,C,NJ,DATARAM CORP,DRAM
3946, , ,1/31/10,North Canton,Diebold Inc,4520,452020,45,45202030,D,USA,334118,3578,357,925,B-,OH,DIEBOLD INC,DBD
3946, , ,2/28/10,North Canton,Diebold Inc,4520,452020,45,45202030,D,USA,334118,3578,357,925,B-,OH,DIEBOLD INC,DBD
3946, , ,3/31/10,North Canton,Diebold Inc,4520,452020,45,45202030,D,USA,334118,3578,357,925,B-,OH,DIEBOLD INC,DBD
3946, , ,4/30/10,North Canton,Diebold Inc,4520,452020,45,45202030,D,USA,334118,3578,357,925,B-,OH,DIEBOLD INC,DBD
3946, , ,5/31/10,North Canton,Diebold Inc,4520,452020,45,45202030,D,USA,334118,3578,357,925,B-,OH,DIEBOLD INC,DBD
3946, , ,6/30/10,North Canton,Diebold Inc,4520,452020,45,45202030,D,USA,334118,3578,357,925,B-,OH,DIEBOLD INC,DBD
3946, , ,7/31/10,North Canton,Diebold Inc,4520,452020,45,45202030,D,USA,334118,3578,357,925,B-,OH,DIEBOLD INC,DBD
3946, , ,8/31/10,North Canton,Diebold Inc,4520,452020,45,45202030,D,USA,334118,3578,357,925,B-,OH,DIEBOLD INC,DBD
3946, , ,9/30/10,North Canton,Diebold Inc,4520,452020,45,45202030,D,USA,334118,3578,357,925,B-,OH,DIEBOLD INC,DBD
3946, , ,10/31/10,North Canton,Diebold Inc,4520,452020,45,45202030,D,USA,334118,3578,357,925,B-,OH,DIEBOLD INC,DBD
3946, , ,11/30/10,North Canton,Diebold Inc,4520,452020,45,45202030,D,USA,334118,3578,357,925,B-,OH,DIEBOLD INC,DBD
3946, , ,12/31/10,North Canton,Diebold Inc,4520,452020,45,45202030,D,USA,334118,3578,357,925,B-,OH,DIEBOLD INC,DBD
3946, , ,1/31/11,North Canton,Diebold Inc,4520,452020,45,45202030,D,USA,334118,3578,357,925,B-,OH,DIEBOLD INC,DBD
3946, , ,2/28/11,North Canton,Diebold Inc,4520,452020,45,45202030,D,USA,334118,3578,357,925,B-,OH,DIEBOLD INC,DBD
3946, , ,3/31/11,North Canton,Diebold Inc,4520,452020,45,45202030,D,USA,334118,3578,357,925,B-,OH,DIEBOLD INC,DBD
3946, , ,4/30/11,North Canton,Diebold Inc,4520,452020,45,45202030,D,USA,334118,3578,357,925,B-,OH,DIEBOLD INC,DBD
3946, , ,5/31/11,North Canton,Diebold Inc,4520,452020,45,45202030,D,USA,334118,3578,357,925,B-,OH,DIEBOLD INC,DBD
3946, , ,6/30/11,North Canton,Diebold Inc,4520,452020,45,45202030,D,USA,334118,3578,357,925,B-,OH,DIEBOLD INC,DBD
3946, , ,7/31/11,North Canton,Diebold Inc,4520,452020,45,45202030,D,USA,334118,3578,357,925,B-,OH,DIEBOLD INC,DBD
3946, , ,8/31/11,North Canton,Diebold Inc,4520,452020,45,45202030,D,USA,334118,3578,357,925,B-,OH,DIEBOLD INC,DBD
3946, , ,9/30/11,North Canton,Diebold Inc,4520,452020,45,45202030,D,USA,334118,3578,357,925,B-,OH,DIEBOLD INC,DBD
3946, , ,10/31/11,North Canton,Diebold Inc,4520,452020,45,45202030,D,USA,334118,3578,357,925,B-,OH,DIEBOLD INC,DBD
3946, , ,11/30/11,North Canton,Diebold Inc,4520,452020,45,45202030,D,USA,334118,3578,357,925,B-,OH,DIEBOLD INC,DBD
3946, , ,12/31/11,North Canton,Diebold Inc,4520,452020,45,45202030,D,USA,334118,3578,357,925,B-,OH,DIEBOLD INC,DBD
3946, , ,1/31/12,North Canton,Diebold Inc,4520,452020,45,45202030,D,USA,334118,3578,357,925,B-,OH,DIEBOLD INC,DBD
3946, , ,2/29/12,North Canton,Diebold Inc,4520,452020,45,45202030,D,USA,334118,3578,357,925,B-,OH,DIEBOLD INC,DBD
3946, , ,3/31/12,North Canton,Diebold Inc,4520,452020,45,45202030,D,USA,334118,3578,357,925,B-,OH,DIEBOLD INC,DBD
3946, , ,4/30/12,North Canton,Diebold Inc,4520,452020,45,45202030,D,USA,334118,3578,357,925,B-,OH,DIEBOLD INC,DBD
3946, , ,5/31/12,North Canton,Diebold Inc,4520,452020,45,45202030,D,USA,334118,3578,357,925,B-,OH,DIEBOLD INC,DBD
3946, , ,6/30/12,North Canton,Diebold Inc,4520,452020,45,45202030,D,USA,334118,3578,357,925,B-,OH,DIEBOLD INC,DBD
3946, , ,7/31/12,North Canton,Diebold Inc,4520,452020,45,45202030,D,USA,334118,3578,357,925,B-,OH,DIEBOLD INC,DBD
3946, , ,8/31/12,North Canton,Diebold Inc,4520,452020,45,45202030,D,USA,334118,3578,357,925,B-,OH,DIEBOLD INC,DBD
3946, , ,9/30/12,North Canton,Diebold Inc,4520,452020,45,45202030,D,USA,334118,3578,357,925,B-,OH,DIEBOLD INC,DBD
3946, , ,10/31/12,North Canton,Diebold Inc,4520,452020,45,45202030,D,USA,334118,3578,357,925,B-,OH,DIEBOLD INC,DBD
3946, , ,11/30/12,North Canton,Diebold Inc,4520,452020,45,45202030,D,USA,334118,3578,357,925,B-,OH,DIEBOLD INC,DBD
3946, , ,12/31/12,North Canton,Diebold Inc,4520,452020,45,45202030,D,USA,334118,3578,357,925,B-,OH,DIEBOLD INC,DBD
3946, , ,1/31/13,North Canton,Diebold Inc,4520,452020,45,45202030,D,USA,334118,3578,357,925,B-,OH,DIEBOLD INC,DBD
3946, , ,2/28/13,North Canton,Diebold Inc,4520,452020,45,45202030,D,USA,334118,3578,357,925,B-,OH,DIEBOLD INC,DBD
3946, , ,3/31/13,North Canton,Diebold Inc,4520,452020,45,45202030,D,USA,334118,3578,357,925,B-,OH,DIEBOLD INC,DBD
3946, , ,4/30/13,North Canton,Diebold Inc,4520,452020,45,45202030,D,USA,334118,3578,357,925,B-,OH,DIEBOLD INC,DBD
3946, , ,5/31/13,North Canton,Diebold Inc,4520,452020,45,45202030,D,USA,334118,3578,357,925,B-,OH,DIEBOLD INC,DBD
3946, , ,6/30/13,North Canton,Diebold Inc,4520,452020,45,45202030,D,USA,334118,3578,357,925,B-,OH,DIEBOLD INC,DBD
3946, , ,7/31/13,North Canton,Diebold Inc,4520,452020,45,45202030,D,USA,334118,3578,357,925,B-,OH,DIEBOLD INC,DBD
3946, , ,8/31/13,North Canton,Diebold Inc,4520,452020,45,45202030,D,USA,334118,3578,357,925,B-,OH,DIEBOLD INC,DBD
3946, , ,9/30/13,North Canton,Diebold Inc,4520,452020,45,45202030,D,USA,334118,3578,357,925,B-,OH,DIEBOLD INC,DBD
3946, , ,10/31/13,North Canton,Diebold Inc,4520,452020,45,45202030,D,USA,334118,3578,357,925,B-,OH,DIEBOLD INC,DBD
3962, , ,1/31/10,Wayzata,Nortech Systems Inc,4520,452030,45,45203020,D,USA,334418,3679,220,925,B,MN,NORTECH SYSTEMS INC,NSYS
3962, , ,2/28/10,Wayzata,Nortech Systems Inc,4520,452030,45,45203020,D,USA,334418,3679,220,925,B,MN,NORTECH SYSTEMS INC,NSYS
3962, , ,3/31/10,Wayzata,Nortech Systems Inc,4520,452030,45,45203020,D,USA,334418,3679,220,925,B,MN,NORTECH SYSTEMS INC,NSYS
3962, , ,4/30/10,Wayzata,Nortech Systems Inc,4520,452030,45,45203020,D,USA,334418,3679,220,925,B,MN,NORTECH SYSTEMS INC,NSYS
3962, , ,5/31/10,Wayzata,Nortech Systems Inc,4520,452030,45,45203020,D,USA,334418,3679,220,925,B,MN,NORTECH SYSTEMS INC,NSYS
3962, , ,6/30/10,Wayzata,Nortech Systems Inc,4520,452030,45,45203020,D,USA,334418,3679,220,925,B,MN,NORTECH SYSTEMS INC,NSYS
3962, , ,7/31/10,Wayzata,Nortech Systems Inc,4520,452030,45,45203020,D,USA,334418,3679,220,925,B,MN,NORTECH SYSTEMS INC,NSYS
3962, , ,8/31/10,Wayzata,Nortech Systems Inc,4520,452030,45,45203020,D,USA,334418,3679,220,925,B,MN,NORTECH SYSTEMS INC,NSYS
3962, , ,9/30/10,Wayzata,Nortech Systems Inc,4520,452030,45,45203020,D,USA,334418,3679,220,925,B,MN,NORTECH SYSTEMS INC,NSYS
3962, , ,10/31/10,Wayzata,Nortech Systems Inc,4520,452030,45,45203020,D,USA,334418,3679,220,925,B,MN,NORTECH SYSTEMS INC,NSYS
3962, , ,11/30/10,Wayzata,Nortech Systems Inc,4520,452030,45,45203020,D,USA,334418,3679,220,925,B,MN,NORTECH SYSTEMS INC,NSYS
3962, , ,12/31/10,Wayzata,Nortech Systems Inc,4520,452030,45,45203020,D,USA,334418,3679,220,925,B,MN,NORTECH SYSTEMS INC,NSYS
3962, , ,1/31/11,Wayzata,Nortech Systems Inc,4520,452030,45,45203020,D,USA,334418,3679,220,925,B,MN,NORTECH SYSTEMS INC,NSYS
3962, , ,2/28/11,Wayzata,Nortech Systems Inc,4520,452030,45,45203020,D,USA,334418,3679,220,925,B,MN,NORTECH SYSTEMS INC,NSYS
3962, , ,3/31/11,Wayzata,Nortech Systems Inc,4520,452030,45,45203020,D,USA,334418,3679,220,925,B,MN,NORTECH SYSTEMS INC,NSYS
3962, , ,4/30/11,Wayzata,Nortech Systems Inc,4520,452030,45,45203020,D,USA,334418,3679,220,925,B,MN,NORTECH SYSTEMS INC,NSYS
3962, , ,5/31/11,Wayzata,Nortech Systems Inc,4520,452030,45,45203020,D,USA,334418,3679,220,925,B,MN,NORTECH SYSTEMS INC,NSYS
3962, , ,6/30/11,Wayzata,Nortech Systems Inc,4520,452030,45,45203020,D,USA,334418,3679,220,925,B,MN,NORTECH SYSTEMS INC,NSYS
3962, , ,7/31/11,Wayzata,Nortech Systems Inc,4520,452030,45,45203020,D,USA,334418,3679,220,925,B,MN,NORTECH SYSTEMS INC,NSYS
3962, , ,8/31/11,Wayzata,Nortech Systems Inc,4520,452030,45,45203020,D,USA,334418,3679,220,925,B,MN,NORTECH SYSTEMS INC,NSYS
3962, , ,9/30/11,Wayzata,Nortech Systems Inc,4520,452030,45,45203020,D,USA,334418,3679,220,925,B,MN,NORTECH SYSTEMS INC,NSYS
3962, , ,10/31/11,Wayzata,Nortech Systems Inc,4520,452030,45,45203020,D,USA,334418,3679,220,925,B,MN,NORTECH SYSTEMS INC,NSYS
3962, , ,11/30/11,Wayzata,Nortech Systems Inc,4520,452030,45,45203020,D,USA,334418,3679,220,925,B,MN,NORTECH SYSTEMS INC,NSYS
3962, , ,12/31/11,Wayzata,Nortech Systems Inc,4520,452030,45,45203020,D,USA,334418,3679,220,925,B,MN,NORTECH SYSTEMS INC,NSYS
3962, , ,1/31/12,Wayzata,Nortech Systems Inc,4520,452030,45,45203020,D,USA,334418,3679,220,925,B,MN,NORTECH SYSTEMS INC,NSYS
3962, , ,2/29/12,Wayzata,Nortech Systems Inc,4520,452030,45,45203020,D,USA,334418,3679,220,925,B,MN,NORTECH SYSTEMS INC,NSYS
3962, , ,3/31/12,Wayzata,Nortech Systems Inc,4520,452030,45,45203020,D,USA,334418,3679,220,925,B,MN,NORTECH SYSTEMS INC,NSYS
3962, , ,4/30/12,Wayzata,Nortech Systems Inc,4520,452030,45,45203020,D,USA,334418,3679,220,925,B,MN,NORTECH SYSTEMS INC,NSYS
3962, , ,5/31/12,Wayzata,Nortech Systems Inc,4520,452030,45,45203020,D,USA,334418,3679,220,925,B,MN,NORTECH SYSTEMS INC,NSYS
3962, , ,6/30/12,Wayzata,Nortech Systems Inc,4520,452030,45,45203020,D,USA,334418,3679,220,925,B,MN,NORTECH SYSTEMS INC,NSYS
3962, , ,7/31/12,Wayzata,Nortech Systems Inc,4520,452030,45,45203020,D,USA,334418,3679,220,925,B,MN,NORTECH SYSTEMS INC,NSYS
3962, , ,8/31/12,Wayzata,Nortech Systems Inc,4520,452030,45,45203020,D,USA,334418,3679,220,925,B,MN,NORTECH SYSTEMS INC,NSYS
3962, , ,9/30/12,Wayzata,Nortech Systems Inc,4520,452030,45,45203020,D,USA,334418,3679,220,925,B,MN,NORTECH SYSTEMS INC,NSYS
3962, , ,10/31/12,Wayzata,Nortech Systems Inc,4520,452030,45,45203020,D,USA,334418,3679,220,925,B,MN,NORTECH SYSTEMS INC,NSYS
3962, , ,11/30/12,Wayzata,Nortech Systems Inc,4520,452030,45,45203020,D,USA,334418,3679,220,925,B,MN,NORTECH SYSTEMS INC,NSYS
3962, , ,12/31/12,Wayzata,Nortech Systems Inc,4520,452030,45,45203020,D,USA,334418,3679,220,925,B,MN,NORTECH SYSTEMS INC,NSYS
3962, , ,1/31/13,Wayzata,Nortech Systems Inc,4520,452030,45,45203020,D,USA,334418,3679,220,925,B,MN,NORTECH SYSTEMS INC,NSYS
3962, , ,2/28/13,Wayzata,Nortech Systems Inc,4520,452030,45,45203020,D,USA,334418,3679,220,925,B,MN,NORTECH SYSTEMS INC,NSYS
3962, , ,3/31/13,Wayzata,Nortech Systems Inc,4520,452030,45,45203020,D,USA,334418,3679,220,925,B,MN,NORTECH SYSTEMS INC,NSYS
3962, , ,4/30/13,Wayzata,Nortech Systems Inc,4520,452030,45,45203020,D,USA,334418,3679,220,925,B,MN,NORTECH SYSTEMS INC,NSYS
3962, , ,5/31/13,Wayzata,Nortech Systems Inc,4520,452030,45,45203020,D,USA,334418,3679,220,925,B,MN,NORTECH SYSTEMS INC,NSYS
3962, , ,6/30/13,Wayzata,Nortech Systems Inc,4520,452030,45,45203020,D,USA,334418,3679,220,925,B,MN,NORTECH SYSTEMS INC,NSYS
3962, , ,7/31/13,Wayzata,Nortech Systems Inc,4520,452030,45,45203020,D,USA,334418,3679,220,925,B,MN,NORTECH SYSTEMS INC,NSYS
3962, , ,8/31/13,Wayzata,Nortech Systems Inc,4520,452030,45,45203020,D,USA,334418,3679,220,925,B,MN,NORTECH SYSTEMS INC,NSYS
3962, , ,9/30/13,Wayzata,Nortech Systems Inc,4520,452030,45,45203020,D,USA,334418,3679,220,925,B,MN,NORTECH SYSTEMS INC,NSYS
3962, , ,10/31/13,Wayzata,Nortech Systems Inc,4520,452030,45,45203020,D,USA,334418,3679,220,925,B,MN,NORTECH SYSTEMS INC,NSYS
3983, , ,1/31/10,Fort Lee,Distinctive Devices Inc,4520,452010,45,45201020,D,USA,334210,3661,185,940, ,NJ,DISTINCTIVE DEVICES INC,DDVS
3983, , ,2/28/10,Fort Lee,Distinctive Devices Inc,4520,452010,45,45201020,D,USA,334210,3661,185,940, ,NJ,DISTINCTIVE DEVICES INC,DDVS
3983, , ,3/31/10,Fort Lee,Distinctive Devices Inc,4520,452010,45,45201020,D,USA,334210,3661,185,940, ,NJ,DISTINCTIVE DEVICES INC,DDVS
3983, , ,4/30/10,Fort Lee,Distinctive Devices Inc,4520,452010,45,45201020,D,USA,334210,3661,185,940, ,NJ,DISTINCTIVE DEVICES INC,DDVS
3983, , ,5/31/10,Fort Lee,Distinctive Devices Inc,4520,452010,45,45201020,D,USA,334210,3661,185,940, ,NJ,DISTINCTIVE DEVICES INC,DDVS
3983, , ,6/30/10,Fort Lee,Distinctive Devices Inc,4520,452010,45,45201020,D,USA,334210,3661,185,940, ,NJ,DISTINCTIVE DEVICES INC,DDVS
3983, , ,7/31/10,Fort Lee,Distinctive Devices Inc,4520,452010,45,45201020,D,USA,334210,3661,185,940, ,NJ,DISTINCTIVE DEVICES INC,DDVS
3983, , ,8/31/10,Fort Lee,Distinctive Devices Inc,4520,452010,45,45201020,D,USA,334210,3661,185,940, ,NJ,DISTINCTIVE DEVICES INC,DDVS
3983, , ,9/30/10,Fort Lee,Distinctive Devices Inc,4520,452010,45,45201020,D,USA,334210,3661,185,940, ,NJ,DISTINCTIVE DEVICES INC,DDVS
3983, , ,10/31/10,Fort Lee,Distinctive Devices Inc,4520,452010,45,45201020,D,USA,334210,3661,185,940, ,NJ,DISTINCTIVE DEVICES INC,DDVS
3983, , ,11/30/10,Fort Lee,Distinctive Devices Inc,4520,452010,45,45201020,D,USA,334210,3661,185,940, ,NJ,DISTINCTIVE DEVICES INC,DDVS
3983, , ,12/31/10,Fort Lee,Distinctive Devices Inc,4520,452010,45,45201020,D,USA,334210,3661,185,940, ,NJ,DISTINCTIVE DEVICES INC,DDVS
3983, , ,1/31/11,Fort Lee,Distinctive Devices Inc,4520,452010,45,45201020,D,USA,334210,3661,185,940, ,NJ,DISTINCTIVE DEVICES INC,DDVS
3983, , ,2/28/11,Fort Lee,Distinctive Devices Inc,4520,452010,45,45201020,D,USA,334210,3661,185,940, ,NJ,DISTINCTIVE DEVICES INC,DDVS
3983, , ,3/31/11,Fort Lee,Distinctive Devices Inc,4520,452010,45,45201020,D,USA,334210,3661,185,940, ,NJ,DISTINCTIVE DEVICES INC,DDVS
3983, , ,4/30/11,Fort Lee,Distinctive Devices Inc,4520,452010,45,45201020,D,USA,334210,3661,185,940, ,NJ,DISTINCTIVE DEVICES INC,DDVS
3983, , ,5/31/11,Fort Lee,Distinctive Devices Inc,4520,452010,45,45201020,D,USA,334210,3661,185,940, ,NJ,DISTINCTIVE DEVICES INC,DDVS
3983, , ,6/30/11,Fort Lee,Distinctive Devices Inc,4520,452010,45,45201020,D,USA,334210,3661,185,940, ,NJ,DISTINCTIVE DEVICES INC,DDVS
4077, , ,1/31/10,Mountain View,Lasercard Corp,4520,452020,45,45202020,D,USA,334112,3572,188,940,B-,CA,LASERCARD CORP,LCRD
4077, , ,2/28/10,Mountain View,Lasercard Corp,4520,452020,45,45202020,D,USA,334112,3572,188,940,B-,CA,LASERCARD CORP,LCRD
4077, , ,3/31/10,Mountain View,Lasercard Corp,4520,452020,45,45202020,D,USA,334112,3572,188,940,B-,CA,LASERCARD CORP,LCRD
4077, , ,4/30/10,Mountain View,Lasercard Corp,4520,452020,45,45202020,D,USA,334112,3572,188,940,B-,CA,LASERCARD CORP,LCRD
4077, , ,5/31/10,Mountain View,Lasercard Corp,4520,452020,45,45202020,D,USA,334112,3572,188,940,B-,CA,LASERCARD CORP,LCRD
4077, , ,6/30/10,Mountain View,Lasercard Corp,4520,452020,45,45202020,D,USA,334112,3572,188,940,B-,CA,LASERCARD CORP,LCRD
4077, , ,7/31/10,Mountain View,Lasercard Corp,4520,452020,45,45202020,D,USA,334112,3572,188,940,B-,CA,LASERCARD CORP,LCRD
4077, , ,8/31/10,Mountain View,Lasercard Corp,4520,452020,45,45202020,D,USA,334112,3572,188,940,B-,CA,LASERCARD CORP,LCRD
4077, , ,9/30/10,Mountain View,Lasercard Corp,4520,452020,45,45202020,D,USA,334112,3572,188,940,B-,CA,LASERCARD CORP,LCRD
4077, , ,10/31/10,Mountain View,Lasercard Corp,4520,452020,45,45202020,D,USA,334112,3572,188,940,B-,CA,LASERCARD CORP,LCRD
4077, , ,11/30/10,Mountain View,Lasercard Corp,4520,452020,45,45202020,D,USA,334112,3572,188,940,B-,CA,LASERCARD CORP,LCRD
4077, , ,12/31/10,Mountain View,Lasercard Corp,4520,452020,45,45202020,D,USA,334112,3572,188,940,B-,CA,LASERCARD CORP,LCRD
4077, , ,1/31/11,Mountain View,Lasercard Corp,4520,452020,45,45202020,D,USA,334112,3572,188,940,B-,CA,LASERCARD CORP,LCRD
4130, , ,1/31/10,Watertown,Dynasil Corp Of America,4520,452030,45,45203010,D,USA,333314,3827,155,976,C,MA,DYNASIL CORP OF AMERICA,DYSL
4130, , ,2/28/10,Watertown,Dynasil Corp Of America,4520,452030,45,45203010,D,USA,333314,3827,155,976,C,MA,DYNASIL CORP OF AMERICA,DYSL
4130, , ,3/31/10,Watertown,Dynasil Corp Of America,4520,452030,45,45203010,D,USA,333314,3827,155,976,C,MA,DYNASIL CORP OF AMERICA,DYSL
4130, , ,4/30/10,Watertown,Dynasil Corp Of America,4520,452030,45,45203010,D,USA,333314,3827,155,976,C,MA,DYNASIL CORP OF AMERICA,DYSL
4130, , ,5/31/10,Watertown,Dynasil Corp Of America,4520,452030,45,45203010,D,USA,333314,3827,155,976,C,MA,DYNASIL CORP OF AMERICA,DYSL
4130, , ,6/30/10,Watertown,Dynasil Corp Of America,4520,452030,45,45203010,D,USA,333314,3827,155,976,C,MA,DYNASIL CORP OF AMERICA,DYSL
4130, , ,7/31/10,Watertown,Dynasil Corp Of America,4520,452030,45,45203010,D,USA,333314,3827,155,976,C,MA,DYNASIL CORP OF AMERICA,DYSL
4130, , ,8/31/10,Watertown,Dynasil Corp Of America,4520,452030,45,45203010,D,USA,333314,3827,155,976,C,MA,DYNASIL CORP OF AMERICA,DYSL
4130, , ,9/30/10,Watertown,Dynasil Corp Of America,4520,452030,45,45203010,D,USA,333314,3827,155,976,C,MA,DYNASIL CORP OF AMERICA,DYSL
4130, , ,10/31/10,Watertown,Dynasil Corp Of America,4520,452030,45,45203010,D,USA,333314,3827,155,976,C,MA,DYNASIL CORP OF AMERICA,DYSL
4130, , ,11/30/10,Watertown,Dynasil Corp Of America,4520,452030,45,45203010,D,USA,333314,3827,155,976,C,MA,DYNASIL CORP OF AMERICA,DYSL
4130, , ,12/31/10,Watertown,Dynasil Corp Of America,4520,452030,45,45203010,D,USA,333314,3827,155,976,C,MA,DYNASIL CORP OF AMERICA,DYSL
4130, , ,1/31/11,Watertown,Dynasil Corp Of America,4520,452030,45,45203010,D,USA,333314,3827,155,976,C,MA,DYNASIL CORP OF AMERICA,DYSL
4130, , ,2/28/11,Watertown,Dynasil Corp Of America,4520,452030,45,45203010,D,USA,333314,3827,155,976,C,MA,DYNASIL CORP OF AMERICA,DYSL
4130, , ,3/31/11,Watertown,Dynasil Corp Of America,4520,452030,45,45203010,D,USA,333314,3827,155,976,C,MA,DYNASIL CORP OF AMERICA,DYSL
4130, , ,4/30/11,Watertown,Dynasil Corp Of America,4520,452030,45,45203010,D,USA,333314,3827,155,976,C,MA,DYNASIL CORP OF AMERICA,DYSL
4130, , ,5/31/11,Watertown,Dynasil Corp Of America,4520,452030,45,45203010,D,USA,333314,3827,155,976,C,MA,DYNASIL CORP OF AMERICA,DYSL
4130, , ,6/30/11,Watertown,Dynasil Corp Of America,4520,452030,45,45203010,D,USA,333314,3827,155,976,C,MA,DYNASIL CORP OF AMERICA,DYSL
4130, , ,7/31/11,Watertown,Dynasil Corp Of America,4520,452030,45,45203010,D,USA,333314,3827,155,976,C,MA,DYNASIL CORP OF AMERICA,DYSL
4130, , ,8/31/11,Watertown,Dynasil Corp Of America,4520,452030,45,45203010,D,USA,333314,3827,155,976,C,MA,DYNASIL CORP OF AMERICA,DYSL
4130, , ,9/30/11,Watertown,Dynasil Corp Of America,4520,452030,45,45203010,D,USA,333314,3827,155,976,C,MA,DYNASIL CORP OF AMERICA,DYSL
4130, , ,10/31/11,Watertown,Dynasil Corp Of America,4520,452030,45,45203010,D,USA,333314,3827,155,976,C,MA,DYNASIL CORP OF AMERICA,DYSL
4130, , ,11/30/11,Watertown,Dynasil Corp Of America,4520,452030,45,45203010,D,USA,333314,3827,155,976,C,MA,DYNASIL CORP OF AMERICA,DYSL
4130, , ,12/31/11,Watertown,Dynasil Corp Of America,4520,452030,45,45203010,D,USA,333314,3827,155,976,C,MA,DYNASIL CORP OF AMERICA,DYSL
4130, , ,1/31/12,Watertown,Dynasil Corp Of America,4520,452030,45,45203010,D,USA,333314,3827,155,976,C,MA,DYNASIL CORP OF AMERICA,DYSL
4130, , ,2/29/12,Watertown,Dynasil Corp Of America,4520,452030,45,45203010,D,USA,333314,3827,155,976,C,MA,DYNASIL CORP OF AMERICA,DYSL
4130, , ,3/31/12,Watertown,Dynasil Corp Of America,4520,452030,45,45203010,D,USA,333314,3827,155,976,C,MA,DYNASIL CORP OF AMERICA,DYSL
4130, , ,4/30/12,Watertown,Dynasil Corp Of America,4520,452030,45,45203010,D,USA,333314,3827,155,976,C,MA,DYNASIL CORP OF AMERICA,DYSL
4130, , ,5/31/12,Watertown,Dynasil Corp Of America,4520,452030,45,45203010,D,USA,333314,3827,155,976,C,MA,DYNASIL CORP OF AMERICA,DYSL
4130, , ,6/30/12,Watertown,Dynasil Corp Of America,4520,452030,45,45203010,D,USA,333314,3827,155,976,C,MA,DYNASIL CORP OF AMERICA,DYSL
4130, , ,7/31/12,Watertown,Dynasil Corp Of America,4520,452030,45,45203010,D,USA,333314,3827,155,976,C,MA,DYNASIL CORP OF AMERICA,DYSL
4130, , ,8/31/12,Watertown,Dynasil Corp Of America,4520,452030,45,45203010,D,USA,333314,3827,155,976,C,MA,DYNASIL CORP OF AMERICA,DYSL
4130, , ,9/30/12,Watertown,Dynasil Corp Of America,4520,452030,45,45203010,D,USA,333314,3827,155,976,C,MA,DYNASIL CORP OF AMERICA,DYSL
4130, , ,10/31/12,Watertown,Dynasil Corp Of America,4520,452030,45,45203010,D,USA,333314,3827,155,976,C,MA,DYNASIL CORP OF AMERICA,DYSL
4130, , ,11/30/12,Watertown,Dynasil Corp Of America,4520,452030,45,45203010,D,USA,333314,3827,155,976,C,MA,DYNASIL CORP OF AMERICA,DYSL
4130, , ,12/31/12,Watertown,Dynasil Corp Of America,4520,452030,45,45203010,D,USA,333314,3827,155,976,C,MA,DYNASIL CORP OF AMERICA,DYSL
4130, , ,1/31/13,Watertown,Dynasil Corp Of America,4520,452030,45,45203010,D,USA,333314,3827,155,976,C,MA,DYNASIL CORP OF AMERICA,DYSL
4130, , ,2/28/13,Watertown,Dynasil Corp Of America,4520,452030,45,45203010,D,USA,333314,3827,155,976,C,MA,DYNASIL CORP OF AMERICA,DYSL
4130, , ,3/31/13,Watertown,Dynasil Corp Of America,4520,452030,45,45203010,D,USA,333314,3827,155,976,C,MA,DYNASIL CORP OF AMERICA,DYSL
4130, , ,4/30/13,Watertown,Dynasil Corp Of America,4520,452030,45,45203010,D,USA,333314,3827,155,976,C,MA,DYNASIL CORP OF AMERICA,DYSL
4130, , ,5/31/13,Watertown,Dynasil Corp Of America,4520,452030,45,45203010,D,USA,333314,3827,155,976,C,MA,DYNASIL CORP OF AMERICA,DYSL
4130, , ,6/30/13,Watertown,Dynasil Corp Of America,4520,452030,45,45203010,D,USA,333314,3827,155,976,C,MA,DYNASIL CORP OF AMERICA,DYSL
4130, , ,7/31/13,Watertown,Dynasil Corp Of America,4520,452030,45,45203010,D,USA,333314,3827,155,976,C,MA,DYNASIL CORP OF AMERICA,DYSL
4130, , ,8/31/13,Watertown,Dynasil Corp Of America,4520,452030,45,45203010,D,USA,333314,3827,155,976,C,MA,DYNASIL CORP OF AMERICA,DYSL
4130, , ,9/30/13,Watertown,Dynasil Corp Of America,4520,452030,45,45203010,D,USA,333314,3827,155,976,C,MA,DYNASIL CORP OF AMERICA,DYSL
4130, , ,10/31/13,Watertown,Dynasil Corp Of America,4520,452030,45,45203010,D,USA,333314,3827,155,976,C,MA,DYNASIL CORP OF AMERICA,DYSL
4169, , ,1/31/10,HAUPPAUGE,Eagle Telephonics Inc,4520,452010,45,45201020,D,USA,334210,3661,180,940, ,NY,EAGLE TELEPHONICS INC,EGLA
4169, , ,2/28/10,HAUPPAUGE,Eagle Telephonics Inc,4520,452010,45,45201020,D,USA,334210,3661,180,940, ,NY,EAGLE TELEPHONICS INC,EGLA
4169, , ,3/31/10,HAUPPAUGE,Eagle Telephonics Inc,4520,452010,45,45201020,D,USA,334210,3661,180,940, ,NY,EAGLE TELEPHONICS INC,EGLA
4169, , ,4/30/10,HAUPPAUGE,Eagle Telephonics Inc,4520,452010,45,45201020,D,USA,334210,3661,180,940, ,NY,EAGLE TELEPHONICS INC,EGLA
4169, , ,5/31/10,HAUPPAUGE,Eagle Telephonics Inc,4520,452010,45,45201020,D,USA,334210,3661,180,940, ,NY,EAGLE TELEPHONICS INC,EGLA
4169, , ,6/30/10,HAUPPAUGE,Eagle Telephonics Inc,4520,452010,45,45201020,D,USA,334210,3661,180,940, ,NY,EAGLE TELEPHONICS INC,EGLA
4169, , ,7/31/10,HAUPPAUGE,Eagle Telephonics Inc,4520,452010,45,45201020,D,USA,334210,3661,180,940, ,NY,EAGLE TELEPHONICS INC,EGLA
4169, , ,8/31/10,HAUPPAUGE,Eagle Telephonics Inc,4520,452010,45,45201020,D,USA,334210,3661,180,940, ,NY,EAGLE TELEPHONICS INC,EGLA
4169, , ,9/30/10,HAUPPAUGE,Eagle Telephonics Inc,4520,452010,45,45201020,D,USA,334210,3661,180,940, ,NY,EAGLE TELEPHONICS INC,EGLA
4169, , ,10/31/10,HAUPPAUGE,Eagle Telephonics Inc,4520,452010,45,45201020,D,USA,334210,3661,180,940, ,NY,EAGLE TELEPHONICS INC,EGLA
4169, , ,11/30/10,HAUPPAUGE,Eagle Telephonics Inc,4520,452010,45,45201020,D,USA,334210,3661,180,940, ,NY,EAGLE TELEPHONICS INC,EGLA
4169, , ,12/31/10,HAUPPAUGE,Eagle Telephonics Inc,4520,452010,45,45201020,D,USA,334210,3661,180,940, ,NY,EAGLE TELEPHONICS INC,EGLA
4169, , ,1/31/11,HAUPPAUGE,Eagle Telephonics Inc,4520,452010,45,45201020,D,USA,334210,3661,180,940, ,NY,EAGLE TELEPHONICS INC,EGLA
4169, , ,2/28/11,HAUPPAUGE,Eagle Telephonics Inc,4520,452010,45,45201020,D,USA,334210,3661,180,940, ,NY,EAGLE TELEPHONICS INC,EGLA
4169, , ,3/31/11,HAUPPAUGE,Eagle Telephonics Inc,4520,452010,45,45201020,D,USA,334210,3661,180,940, ,NY,EAGLE TELEPHONICS INC,EGLA
4169, , ,4/30/11,HAUPPAUGE,Eagle Telephonics Inc,4520,452010,45,45201020,D,USA,334210,3661,180,940, ,NY,EAGLE TELEPHONICS INC,EGLA
4169, , ,5/31/11,HAUPPAUGE,Eagle Telephonics Inc,4520,452010,45,45201020,D,USA,334210,3661,180,940, ,NY,EAGLE TELEPHONICS INC,EGLA
4169, , ,6/30/11,HAUPPAUGE,Eagle Telephonics Inc,4520,452010,45,45201020,D,USA,334210,3661,180,940, ,NY,EAGLE TELEPHONICS INC,EGLA
4169, , ,7/31/11,HAUPPAUGE,Eagle Telephonics Inc,4520,452010,45,45201020,D,USA,334210,3661,180,940, ,NY,EAGLE TELEPHONICS INC,EGLA
4169, , ,8/31/11,HAUPPAUGE,Eagle Telephonics Inc,4520,452010,45,45201020,D,USA,334210,3661,180,940, ,NY,EAGLE TELEPHONICS INC,EGLA
4169, , ,9/30/11,HAUPPAUGE,Eagle Telephonics Inc,4520,452010,45,45201020,D,USA,334210,3661,180,940, ,NY,EAGLE TELEPHONICS INC,EGLA
4169, , ,10/31/11,HAUPPAUGE,Eagle Telephonics Inc,4520,452010,45,45201020,D,USA,334210,3661,180,940, ,NY,EAGLE TELEPHONICS INC,EGLA
4169, , ,11/30/11,HAUPPAUGE,Eagle Telephonics Inc,4520,452010,45,45201020,D,USA,334210,3661,180,940, ,NY,EAGLE TELEPHONICS INC,EGLA
4169, , ,12/31/11,HAUPPAUGE,Eagle Telephonics Inc,4520,452010,45,45201020,D,USA,334210,3661,180,940, ,NY,EAGLE TELEPHONICS INC,EGLA
4169, , ,1/31/12,HAUPPAUGE,Eagle Telephonics Inc,4520,452010,45,45201020,D,USA,334210,3661,180,940, ,NY,EAGLE TELEPHONICS INC,EGLA
4169, , ,2/29/12,HAUPPAUGE,Eagle Telephonics Inc,4520,452010,45,45201020,D,USA,334210,3661,180,940, ,NY,EAGLE TELEPHONICS INC,EGLA
4169, , ,3/31/12,HAUPPAUGE,Eagle Telephonics Inc,4520,452010,45,45201020,D,USA,334210,3661,180,940, ,NY,EAGLE TELEPHONICS INC,EGLA
4169, , ,4/30/12,HAUPPAUGE,Eagle Telephonics Inc,4520,452010,45,45201020,D,USA,334210,3661,180,940, ,NY,EAGLE TELEPHONICS INC,EGLA
4169, , ,5/31/12,HAUPPAUGE,Eagle Telephonics Inc,4520,452010,45,45201020,D,USA,334210,3661,180,940, ,NY,EAGLE TELEPHONICS INC,EGLA
4169, , ,6/30/12,HAUPPAUGE,Eagle Telephonics Inc,4520,452010,45,45201020,D,USA,334210,3661,180,940, ,NY,EAGLE TELEPHONICS INC,EGLA
4169, , ,7/31/12,HAUPPAUGE,Eagle Telephonics Inc,4520,452010,45,45201020,D,USA,334210,3661,180,940, ,NY,EAGLE TELEPHONICS INC,EGLA
4169, , ,8/31/12,HAUPPAUGE,Eagle Telephonics Inc,4520,452010,45,45201020,D,USA,334210,3661,180,940, ,NY,EAGLE TELEPHONICS INC,EGLA
4169, , ,9/30/12,HAUPPAUGE,Eagle Telephonics Inc,4520,452010,45,45201020,D,USA,334210,3661,180,940, ,NY,EAGLE TELEPHONICS INC,EGLA
4169, , ,10/31/12,HAUPPAUGE,Eagle Telephonics Inc,4520,452010,45,45201020,D,USA,334210,3661,180,940, ,NY,EAGLE TELEPHONICS INC,EGLA
4169, , ,11/30/12,HAUPPAUGE,Eagle Telephonics Inc,4520,452010,45,45201020,D,USA,334210,3661,180,940, ,NY,EAGLE TELEPHONICS INC,EGLA
4169, , ,12/31/12,HAUPPAUGE,Eagle Telephonics Inc,4520,452010,45,45201020,D,USA,334210,3661,180,940, ,NY,EAGLE TELEPHONICS INC,EGLA
4169, , ,1/31/13,HAUPPAUGE,Eagle Telephonics Inc,4520,452010,45,45201020,D,USA,334210,3661,180,940, ,NY,EAGLE TELEPHONICS INC,EGLA
4169, , ,2/28/13,HAUPPAUGE,Eagle Telephonics Inc,4520,452010,45,45201020,D,USA,334210,3661,180,940, ,NY,EAGLE TELEPHONICS INC,EGLA
4169, , ,3/31/13,HAUPPAUGE,Eagle Telephonics Inc,4520,452010,45,45201020,D,USA,334210,3661,180,940, ,NY,EAGLE TELEPHONICS INC,EGLA
4169, , ,4/30/13,HAUPPAUGE,Eagle Telephonics Inc,4520,452010,45,45201020,D,USA,334210,3661,180,940, ,NY,EAGLE TELEPHONICS INC,EGLA
4169, , ,5/31/13,HAUPPAUGE,Eagle Telephonics Inc,4520,452010,45,45201020,D,USA,334210,3661,180,940, ,NY,EAGLE TELEPHONICS INC,EGLA
4169, , ,6/30/13,HAUPPAUGE,Eagle Telephonics Inc,4520,452010,45,45201020,D,USA,334210,3661,180,940, ,NY,EAGLE TELEPHONICS INC,EGLA
4169, , ,7/31/13,HAUPPAUGE,Eagle Telephonics Inc,4520,452010,45,45201020,D,USA,334210,3661,180,940, ,NY,EAGLE TELEPHONICS INC,EGLA
4169, , ,8/31/13,HAUPPAUGE,Eagle Telephonics Inc,4520,452010,45,45201020,D,USA,334210,3661,180,940, ,NY,EAGLE TELEPHONICS INC,EGLA
4169, , ,9/30/13,HAUPPAUGE,Eagle Telephonics Inc,4520,452010,45,45201020,D,USA,334210,3661,180,940, ,NY,EAGLE TELEPHONICS INC,EGLA
4169, , ,10/31/13,HAUPPAUGE,Eagle Telephonics Inc,4520,452010,45,45201020,D,USA,334210,3661,180,940, ,NY,EAGLE TELEPHONICS INC,EGLA
4194,B-, ,1/31/10,Rochester,Eastman Kodak Co,4520,452020,45,45202030,B,USA,325992,3861,403,940,D,NY,EASTMAN KODAK CO,KODK
4194,B-, ,2/28/10,Rochester,Eastman Kodak Co,4520,452020,45,45202030,B,USA,325992,3861,403,940,D,NY,EASTMAN KODAK CO,KODK
4194,B-, ,3/31/10,Rochester,Eastman Kodak Co,4520,452020,45,45202030,B,USA,325992,3861,403,940,D,NY,EASTMAN KODAK CO,KODK
4194,B-, ,4/30/10,Rochester,Eastman Kodak Co,4520,452020,45,45202030,B,USA,325992,3861,403,940,D,NY,EASTMAN KODAK CO,KODK
4194,B-, ,5/31/10,Rochester,Eastman Kodak Co,4520,452020,45,45202030,B,USA,325992,3861,403,940,D,NY,EASTMAN KODAK CO,KODK
4194,B-, ,6/30/10,Rochester,Eastman Kodak Co,4520,452020,45,45202030,B,USA,325992,3861,403,940,D,NY,EASTMAN KODAK CO,KODK
4194,B-, ,7/31/10,Rochester,Eastman Kodak Co,4520,452020,45,45202030,B,USA,325992,3861,403,940,D,NY,EASTMAN KODAK CO,KODK
4194,B-, ,8/31/10,Rochester,Eastman Kodak Co,4520,452020,45,45202030,B,USA,325992,3861,403,940,D,NY,EASTMAN KODAK CO,KODK
4194,B-, ,9/30/10,Rochester,Eastman Kodak Co,4520,452020,45,45202030,B,USA,325992,3861,403,940,D,NY,EASTMAN KODAK CO,KODK
4194,B-, ,10/31/10,Rochester,Eastman Kodak Co,4520,452020,45,45202030,B,USA,325992,3861,403,940,D,NY,EASTMAN KODAK CO,KODK
4194,B-, ,11/30/10,Rochester,Eastman Kodak Co,4520,452020,45,45202030,B,USA,325992,3861,403,940,D,NY,EASTMAN KODAK CO,KODK
4194,B-, ,12/31/10,Rochester,Eastman Kodak Co,4520,452020,45,45202030,B,USA,325992,3861,403,940,D,NY,EASTMAN KODAK CO,KODK
4194,B-, ,1/31/11,Rochester,Eastman Kodak Co,4520,452020,45,45202030,B,USA,325992,3861,403,940,D,NY,EASTMAN KODAK CO,KODK
4194,CCC, ,2/28/11,Rochester,Eastman Kodak Co,4520,452020,45,45202030,B,USA,325992,3861,403,940,D,NY,EASTMAN KODAK CO,KODK
4194,CCC, ,3/31/11,Rochester,Eastman Kodak Co,4520,452020,45,45202030,B,USA,325992,3861,403,940,D,NY,EASTMAN KODAK CO,KODK
4194,CCC, ,4/30/11,Rochester,Eastman Kodak Co,4520,452020,45,45202030,B,USA,325992,3861,403,940,D,NY,EASTMAN KODAK CO,KODK
4194,CCC, ,5/31/11,Rochester,Eastman Kodak Co,4520,452020,45,45202030,B,USA,325992,3861,403,940,D,NY,EASTMAN KODAK CO,KODK
4194,CCC, ,6/30/11,Rochester,Eastman Kodak Co,4520,452020,45,45202030,B,USA,325992,3861,403,940,D,NY,EASTMAN KODAK CO,KODK
4194,CCC, ,7/31/11,Rochester,Eastman Kodak Co,4520,452020,45,45202030,B,USA,325992,3861,403,940,D,NY,EASTMAN KODAK CO,KODK
4194,CCC, ,8/31/11,Rochester,Eastman Kodak Co,4520,452020,45,45202030,B,USA,325992,3861,403,940,D,NY,EASTMAN KODAK CO,KODK
4194,CCC, ,9/30/11,Rochester,Eastman Kodak Co,4520,452020,45,45202030,B,USA,325992,3861,403,940,D,NY,EASTMAN KODAK CO,KODK
4194,CCC, ,10/31/11,Rochester,Eastman Kodak Co,4520,452020,45,45202030,B,USA,325992,3861,403,940,D,NY,EASTMAN KODAK CO,KODK
4194,CCC, ,11/30/11,Rochester,Eastman Kodak Co,4520,452020,45,45202030,B,USA,325992,3861,403,940,D,NY,EASTMAN KODAK CO,KODK
4194,CCC, ,12/31/11,Rochester,Eastman Kodak Co,4520,452020,45,45202030,B,USA,325992,3861,403,940,D,NY,EASTMAN KODAK CO,KODK
4194,D, ,1/31/12,Rochester,Eastman Kodak Co,4520,452020,45,45202030,B,USA,325992,3861,403,940,D,NY,EASTMAN KODAK CO,KODK
4194,D, ,2/29/12,Rochester,Eastman Kodak Co,4520,452020,45,45202030,B,USA,325992,3861,403,940,D,NY,EASTMAN KODAK CO,KODK
4194, , ,3/31/12,Rochester,Eastman Kodak Co,4520,452020,45,45202030,B,USA,325992,3861,403,940,D,NY,EASTMAN KODAK CO,KODK
4194, , ,4/30/12,Rochester,Eastman Kodak Co,4520,452020,45,45202030,B,USA,325992,3861,403,940,D,NY,EASTMAN KODAK CO,KODK
4194, , ,5/31/12,Rochester,Eastman Kodak Co,4520,452020,45,45202030,B,USA,325992,3861,403,940,D,NY,EASTMAN KODAK CO,KODK
4194, , ,6/30/12,Rochester,Eastman Kodak Co,4520,452020,45,45202030,B,USA,325992,3861,403,940,D,NY,EASTMAN KODAK CO,KODK
4194, , ,7/31/12,Rochester,Eastman Kodak Co,4520,452020,45,45202030,B,USA,325992,3861,403,940,D,NY,EASTMAN KODAK CO,KODK
4194, , ,8/31/12,Rochester,Eastman Kodak Co,4520,452020,45,45202030,B,USA,325992,3861,403,940,D,NY,EASTMAN KODAK CO,KODK
4194, , ,9/30/12,Rochester,Eastman Kodak Co,4520,452020,45,45202030,B,USA,325992,3861,403,940,D,NY,EASTMAN KODAK CO,KODK
4194, , ,10/31/12,Rochester,Eastman Kodak Co,4520,452020,45,45202030,B,USA,325992,3861,403,940,D,NY,EASTMAN KODAK CO,KODK
4194, , ,11/30/12,Rochester,Eastman Kodak Co,4520,452020,45,45202030,B,USA,325992,3861,403,940,D,NY,EASTMAN KODAK CO,KODK
4194, , ,12/31/12,Rochester,Eastman Kodak Co,4520,452020,45,45202030,B,USA,325992,3861,403,940,D,NY,EASTMAN KODAK CO,KODK
4194, , ,1/31/13,Rochester,Eastman Kodak Co,4520,452020,45,45202030,B,USA,325992,3861,403,940,D,NY,EASTMAN KODAK CO,KODK
4194, , ,2/28/13,Rochester,Eastman Kodak Co,4520,452020,45,45202030,B,USA,325992,3861,403,940,D,NY,EASTMAN KODAK CO,KODK
4194, , ,3/31/13,Rochester,Eastman Kodak Co,4520,452020,45,45202030,B,USA,325992,3861,403,940,D,NY,EASTMAN KODAK CO,KODK
4194, , ,4/30/13,Rochester,Eastman Kodak Co,4520,452020,45,45202030,B,USA,325992,3861,403,940,D,NY,EASTMAN KODAK CO,KODK
4194, , ,5/31/13,Rochester,Eastman Kodak Co,4520,452020,45,45202030,B,USA,325992,3861,403,940,D,NY,EASTMAN KODAK CO,KODK
4194, , ,6/30/13,Rochester,Eastman Kodak Co,4520,452020,45,45202030,B,USA,325992,3861,403,940,D,NY,EASTMAN KODAK CO,KODK
4194, , ,7/31/13,Rochester,Eastman Kodak Co,4520,452020,45,45202030,B,USA,325992,3861,403,940,D,NY,EASTMAN KODAK CO,KODK
4194, , ,8/31/13,Rochester,Eastman Kodak Co,4520,452020,45,45202030,B,USA,325992,3861,403,940,D,NY,EASTMAN KODAK CO,KODK
4194, , ,9/30/13,Rochester,Eastman Kodak Co,4520,452020,45,45202030,B,USA,325992,3861,403,940,D,NY,EASTMAN KODAK CO,KODK
4194,B-, ,10/31/13,Rochester,Eastman Kodak Co,4520,452020,45,45202030,B,USA,325992,3861,403,940,D,NY,EASTMAN KODAK CO,KODK
4194,B-, ,11/30/13,Rochester,Eastman Kodak Co,4520,452020,45,45202030,B,USA,325992,3861,403,940,D,NY,EASTMAN KODAK CO,KODK
4194,B-, ,12/31/13,Rochester,Eastman Kodak Co,4520,452020,45,45202030,B,USA,325992,3861,403,940,D,NY,EASTMAN KODAK CO,KODK
4194,B-, ,1/31/14,Rochester,Eastman Kodak Co,4520,452020,45,45202030,B,USA,325992,3861,403,940,D,NY,EASTMAN KODAK CO,KODK
4194,B-, ,2/28/14,Rochester,Eastman Kodak Co,4520,452020,45,45202030,B,USA,325992,3861,403,940,D,NY,EASTMAN KODAK CO,KODK
4194,B-, ,3/31/14,Rochester,Eastman Kodak Co,4520,452020,45,45202030,B,USA,325992,3861,403,940,D,NY,EASTMAN KODAK CO,KODK
4194,B-, ,4/30/14,Rochester,Eastman Kodak Co,4520,452020,45,45202030,B,USA,325992,3861,403,940,D,NY,EASTMAN KODAK CO,KODK
4194,B-, ,5/31/14,Rochester,Eastman Kodak Co,4520,452020,45,45202030,B,USA,325992,3861,403,940,D,NY,EASTMAN KODAK CO,KODK
4194,B-, ,6/30/14,Rochester,Eastman Kodak Co,4520,452020,45,45202030,B,USA,325992,3861,403,940,D,NY,EASTMAN KODAK CO,KODK
4273, , ,1/31/10,Van Nuys,Electro Rent Corp,4520,452030,45,45203030,D,USA,532210,7359,175,976,B,CA,ELECTRO RENT CORP,ELRC
4273, , ,2/28/10,Van Nuys,Electro Rent Corp,4520,452030,45,45203030,D,USA,532210,7359,175,976,B,CA,ELECTRO RENT CORP,ELRC
4273, , ,3/31/10,Van Nuys,Electro Rent Corp,4520,452030,45,45203030,D,USA,532210,7359,175,976,B,CA,ELECTRO RENT CORP,ELRC
4273, , ,4/30/10,Van Nuys,Electro Rent Corp,4520,452030,45,45203030,D,USA,532210,7359,175,976,B,CA,ELECTRO RENT CORP,ELRC
4273, , ,5/31/10,Van Nuys,Electro Rent Corp,4520,452030,45,45203030,D,USA,532210,7359,175,976,B,CA,ELECTRO RENT CORP,ELRC
4273, , ,6/30/10,Van Nuys,Electro Rent Corp,4520,452030,45,45203030,D,USA,532210,7359,175,976,B,CA,ELECTRO RENT CORP,ELRC
4273, , ,7/31/10,Van Nuys,Electro Rent Corp,4520,452030,45,45203030,D,USA,532210,7359,175,976,B,CA,ELECTRO RENT CORP,ELRC
4273, , ,8/31/10,Van Nuys,Electro Rent Corp,4520,452030,45,45203030,D,USA,532210,7359,175,976,B,CA,ELECTRO RENT CORP,ELRC
4273, , ,9/30/10,Van Nuys,Electro Rent Corp,4520,452030,45,45203030,D,USA,532210,7359,175,976,B,CA,ELECTRO RENT CORP,ELRC
4273, , ,10/31/10,Van Nuys,Electro Rent Corp,4520,452030,45,45203030,D,USA,532210,7359,175,976,B,CA,ELECTRO RENT CORP,ELRC
4273, , ,11/30/10,Van Nuys,Electro Rent Corp,4520,452030,45,45203030,D,USA,532210,7359,175,976,B,CA,ELECTRO RENT CORP,ELRC
4273, , ,12/31/10,Van Nuys,Electro Rent Corp,4520,452030,45,45203030,D,USA,532210,7359,175,976,B,CA,ELECTRO RENT CORP,ELRC
4273, , ,1/31/11,Van Nuys,Electro Rent Corp,4520,452030,45,45203030,D,USA,532210,7359,175,976,B,CA,ELECTRO RENT CORP,ELRC
4273, , ,2/28/11,Van Nuys,Electro Rent Corp,4520,452030,45,45203030,D,USA,532210,7359,175,976,B,CA,ELECTRO RENT CORP,ELRC
4273, , ,3/31/11,Van Nuys,Electro Rent Corp,4520,452030,45,45203030,D,USA,532210,7359,175,976,B,CA,ELECTRO RENT CORP,ELRC
4273, , ,4/30/11,Van Nuys,Electro Rent Corp,4520,452030,45,45203030,D,USA,532210,7359,175,976,B,CA,ELECTRO RENT CORP,ELRC
4273, , ,5/31/11,Van Nuys,Electro Rent Corp,4520,452030,45,45203030,D,USA,532210,7359,175,976,B,CA,ELECTRO RENT CORP,ELRC
4273, , ,6/30/11,Van Nuys,Electro Rent Corp,4520,452030,45,45203030,D,USA,532210,7359,175,976,B,CA,ELECTRO RENT CORP,ELRC
4273, , ,7/31/11,Van Nuys,Electro Rent Corp,4520,452030,45,45203030,D,USA,532210,7359,175,976,B,CA,ELECTRO RENT CORP,ELRC
4273, , ,8/31/11,Van Nuys,Electro Rent Corp,4520,452030,45,45203030,D,USA,532210,7359,175,976,B,CA,ELECTRO RENT CORP,ELRC
4273, , ,9/30/11,Van Nuys,Electro Rent Corp,4520,452030,45,45203030,D,USA,532210,7359,175,976,B,CA,ELECTRO RENT CORP,ELRC
4273, , ,10/31/11,Van Nuys,Electro Rent Corp,4520,452030,45,45203030,D,USA,532210,7359,175,976,B,CA,ELECTRO RENT CORP,ELRC
4273, , ,11/30/11,Van Nuys,Electro Rent Corp,4520,452030,45,45203030,D,USA,532210,7359,175,976,B,CA,ELECTRO RENT CORP,ELRC
4273, , ,12/31/11,Van Nuys,Electro Rent Corp,4520,452030,45,45203030,D,USA,532210,7359,175,976,B,CA,ELECTRO RENT CORP,ELRC
4273, , ,1/31/12,Van Nuys,Electro Rent Corp,4520,452030,45,45203030,D,USA,532210,7359,175,976,B,CA,ELECTRO RENT CORP,ELRC
4273, , ,2/29/12,Van Nuys,Electro Rent Corp,4520,452030,45,45203030,D,USA,532210,7359,175,976,B,CA,ELECTRO RENT CORP,ELRC
4273, , ,3/31/12,Van Nuys,Electro Rent Corp,4520,452030,45,45203030,D,USA,532210,7359,175,976,B,CA,ELECTRO RENT CORP,ELRC
4273, , ,4/30/12,Van Nuys,Electro Rent Corp,4520,452030,45,45203030,D,USA,532210,7359,175,976,B,CA,ELECTRO RENT CORP,ELRC
4273, , ,5/31/12,Van Nuys,Electro Rent Corp,4520,452030,45,45203030,D,USA,532210,7359,175,976,B,CA,ELECTRO RENT CORP,ELRC
4273, , ,6/30/12,Van Nuys,Electro Rent Corp,4520,452030,45,45203030,D,USA,532210,7359,175,976,B,CA,ELECTRO RENT CORP,ELRC
4273, , ,7/31/12,Van Nuys,Electro Rent Corp,4520,452030,45,45203030,D,USA,532210,7359,175,976,B,CA,ELECTRO RENT CORP,ELRC
4273, , ,8/31/12,Van Nuys,Electro Rent Corp,4520,452030,45,45203030,D,USA,532210,7359,175,976,B,CA,ELECTRO RENT CORP,ELRC
4273, , ,9/30/12,Van Nuys,Electro Rent Corp,4520,452030,45,45203030,D,USA,532210,7359,175,976,B,CA,ELECTRO RENT CORP,ELRC
4273, , ,10/31/12,Van Nuys,Electro Rent Corp,4520,452030,45,45203030,D,USA,532210,7359,175,976,B,CA,ELECTRO RENT CORP,ELRC
4273, , ,11/30/12,Van Nuys,Electro Rent Corp,4520,452030,45,45203030,D,USA,532210,7359,175,976,B,CA,ELECTRO RENT CORP,ELRC
4273, , ,12/31/12,Van Nuys,Electro Rent Corp,4520,452030,45,45203030,D,USA,532210,7359,175,976,B,CA,ELECTRO RENT CORP,ELRC
4273, , ,1/31/13,Van Nuys,Electro Rent Corp,4520,452030,45,45203030,D,USA,532210,7359,175,976,B,CA,ELECTRO RENT CORP,ELRC
4273, , ,2/28/13,Van Nuys,Electro Rent Corp,4520,452030,45,45203030,D,USA,532210,7359,175,976,B,CA,ELECTRO RENT CORP,ELRC
4273, , ,3/31/13,Van Nuys,Electro Rent Corp,4520,452030,45,45203030,D,USA,532210,7359,175,976,B,CA,ELECTRO RENT CORP,ELRC
4273, , ,4/30/13,Van Nuys,Electro Rent Corp,4520,452030,45,45203030,D,USA,532210,7359,175,976,B,CA,ELECTRO RENT CORP,ELRC
4273, , ,5/31/13,Van Nuys,Electro Rent Corp,4520,452030,45,45203030,D,USA,532210,7359,175,976,B,CA,ELECTRO RENT CORP,ELRC
4273, , ,6/30/13,Van Nuys,Electro Rent Corp,4520,452030,45,45203030,D,USA,532210,7359,175,976,B,CA,ELECTRO RENT CORP,ELRC
4273, , ,7/31/13,Van Nuys,Electro Rent Corp,4520,452030,45,45203030,D,USA,532210,7359,175,976,B,CA,ELECTRO RENT CORP,ELRC
4273, , ,8/31/13,Van Nuys,Electro Rent Corp,4520,452030,45,45203030,D,USA,532210,7359,175,976,B,CA,ELECTRO RENT CORP,ELRC
4273, , ,9/30/13,Van Nuys,Electro Rent Corp,4520,452030,45,45203030,D,USA,532210,7359,175,976,B,CA,ELECTRO RENT CORP,ELRC
4273, , ,10/31/13,Van Nuys,Electro Rent Corp,4520,452030,45,45203030,D,USA,532210,7359,175,976,B,CA,ELECTRO RENT CORP,ELRC
4274, , ,1/31/10,Portland,Electro Scientific Industries Inc,4520,452030,45,45203010,D,USA,335999,3690,220,925,B-,OR,ELECTRO SCIENTIFIC INDS INC,ESIO
4274, , ,2/28/10,Portland,Electro Scientific Industries Inc,4520,452030,45,45203010,D,USA,335999,3690,220,925,B-,OR,ELECTRO SCIENTIFIC INDS INC,ESIO
4274, , ,3/31/10,Portland,Electro Scientific Industries Inc,4520,452030,45,45203010,D,USA,335999,3690,220,925,B-,OR,ELECTRO SCIENTIFIC INDS INC,ESIO
4274, , ,4/30/10,Portland,Electro Scientific Industries Inc,4520,452030,45,45203010,D,USA,335999,3690,220,925,B-,OR,ELECTRO SCIENTIFIC INDS INC,ESIO
4274, , ,5/31/10,Portland,Electro Scientific Industries Inc,4520,452030,45,45203010,D,USA,335999,3690,220,925,B-,OR,ELECTRO SCIENTIFIC INDS INC,ESIO
4274, , ,6/30/10,Portland,Electro Scientific Industries Inc,4520,452030,45,45203010,D,USA,335999,3690,220,925,B-,OR,ELECTRO SCIENTIFIC INDS INC,ESIO
4274, , ,7/31/10,Portland,Electro Scientific Industries Inc,4520,452030,45,45203010,D,USA,335999,3690,220,925,B-,OR,ELECTRO SCIENTIFIC INDS INC,ESIO
4274, , ,8/31/10,Portland,Electro Scientific Industries Inc,4520,452030,45,45203010,D,USA,335999,3690,220,925,B-,OR,ELECTRO SCIENTIFIC INDS INC,ESIO
4274, , ,9/30/10,Portland,Electro Scientific Industries Inc,4520,452030,45,45203010,D,USA,335999,3690,220,925,B-,OR,ELECTRO SCIENTIFIC INDS INC,ESIO
4274, , ,10/31/10,Portland,Electro Scientific Industries Inc,4520,452030,45,45203010,D,USA,335999,3690,220,925,B-,OR,ELECTRO SCIENTIFIC INDS INC,ESIO
4274, , ,11/30/10,Portland,Electro Scientific Industries Inc,4520,452030,45,45203010,D,USA,335999,3690,220,925,B-,OR,ELECTRO SCIENTIFIC INDS INC,ESIO
4274, , ,12/31/10,Portland,Electro Scientific Industries Inc,4520,452030,45,45203010,D,USA,335999,3690,220,925,B-,OR,ELECTRO SCIENTIFIC INDS INC,ESIO
4274, , ,1/31/11,Portland,Electro Scientific Industries Inc,4520,452030,45,45203010,D,USA,335999,3690,220,925,B-,OR,ELECTRO SCIENTIFIC INDS INC,ESIO
4274, , ,2/28/11,Portland,Electro Scientific Industries Inc,4520,452030,45,45203010,D,USA,335999,3690,220,925,B-,OR,ELECTRO SCIENTIFIC INDS INC,ESIO
4274, , ,3/31/11,Portland,Electro Scientific Industries Inc,4520,452030,45,45203010,D,USA,335999,3690,220,925,B-,OR,ELECTRO SCIENTIFIC INDS INC,ESIO
4274, , ,4/30/11,Portland,Electro Scientific Industries Inc,4520,452030,45,45203010,D,USA,335999,3690,220,925,B-,OR,ELECTRO SCIENTIFIC INDS INC,ESIO
4274, , ,5/31/11,Portland,Electro Scientific Industries Inc,4520,452030,45,45203010,D,USA,335999,3690,220,925,B-,OR,ELECTRO SCIENTIFIC INDS INC,ESIO
4274, , ,6/30/11,Portland,Electro Scientific Industries Inc,4520,452030,45,45203010,D,USA,335999,3690,220,925,B-,OR,ELECTRO SCIENTIFIC INDS INC,ESIO
4274, , ,7/31/11,Portland,Electro Scientific Industries Inc,4520,452030,45,45203010,D,USA,335999,3690,220,925,B-,OR,ELECTRO SCIENTIFIC INDS INC,ESIO
4274, , ,8/31/11,Portland,Electro Scientific Industries Inc,4520,452030,45,45203010,D,USA,335999,3690,220,925,B-,OR,ELECTRO SCIENTIFIC INDS INC,ESIO
4274, , ,9/30/11,Portland,Electro Scientific Industries Inc,4520,452030,45,45203010,D,USA,335999,3690,220,925,B-,OR,ELECTRO SCIENTIFIC INDS INC,ESIO
4274, , ,10/31/11,Portland,Electro Scientific Industries Inc,4520,452030,45,45203010,D,USA,335999,3690,220,925,B-,OR,ELECTRO SCIENTIFIC INDS INC,ESIO
4274, , ,11/30/11,Portland,Electro Scientific Industries Inc,4520,452030,45,45203010,D,USA,335999,3690,220,925,B-,OR,ELECTRO SCIENTIFIC INDS INC,ESIO
4274, , ,12/31/11,Portland,Electro Scientific Industries Inc,4520,452030,45,45203010,D,USA,335999,3690,220,925,B-,OR,ELECTRO SCIENTIFIC INDS INC,ESIO
4274, , ,1/31/12,Portland,Electro Scientific Industries Inc,4520,452030,45,45203010,D,USA,335999,3690,220,925,B-,OR,ELECTRO SCIENTIFIC INDS INC,ESIO
4274, , ,2/29/12,Portland,Electro Scientific Industries Inc,4520,452030,45,45203010,D,USA,335999,3690,220,925,B-,OR,ELECTRO SCIENTIFIC INDS INC,ESIO
4274, , ,3/31/12,Portland,Electro Scientific Industries Inc,4520,452030,45,45203010,D,USA,335999,3690,220,925,B-,OR,ELECTRO SCIENTIFIC INDS INC,ESIO
4274, , ,4/30/12,Portland,Electro Scientific Industries Inc,4520,452030,45,45203010,D,USA,335999,3690,220,925,B-,OR,ELECTRO SCIENTIFIC INDS INC,ESIO
4274, , ,5/31/12,Portland,Electro Scientific Industries Inc,4520,452030,45,45203010,D,USA,335999,3690,220,925,B-,OR,ELECTRO SCIENTIFIC INDS INC,ESIO
4274, , ,6/30/12,Portland,Electro Scientific Industries Inc,4520,452030,45,45203010,D,USA,335999,3690,220,925,B-,OR,ELECTRO SCIENTIFIC INDS INC,ESIO
4274, , ,7/31/12,Portland,Electro Scientific Industries Inc,4520,452030,45,45203010,D,USA,335999,3690,220,925,B-,OR,ELECTRO SCIENTIFIC INDS INC,ESIO
4274, , ,8/31/12,Portland,Electro Scientific Industries Inc,4520,452030,45,45203010,D,USA,335999,3690,220,925,B-,OR,ELECTRO SCIENTIFIC INDS INC,ESIO
4274, , ,9/30/12,Portland,Electro Scientific Industries Inc,4520,452030,45,45203010,D,USA,335999,3690,220,925,B-,OR,ELECTRO SCIENTIFIC INDS INC,ESIO
4274, , ,10/31/12,Portland,Electro Scientific Industries Inc,4520,452030,45,45203010,D,USA,335999,3690,220,925,B-,OR,ELECTRO SCIENTIFIC INDS INC,ESIO
4274, , ,11/30/12,Portland,Electro Scientific Industries Inc,4520,452030,45,45203010,D,USA,335999,3690,220,925,B-,OR,ELECTRO SCIENTIFIC INDS INC,ESIO
4274, , ,12/31/12,Portland,Electro Scientific Industries Inc,4520,452030,45,45203010,D,USA,335999,3690,220,925,B-,OR,ELECTRO SCIENTIFIC INDS INC,ESIO
4274, , ,1/31/13,Portland,Electro Scientific Industries Inc,4520,452030,45,45203010,D,USA,335999,3690,220,925,B-,OR,ELECTRO SCIENTIFIC INDS INC,ESIO
4274, , ,2/28/13,Portland,Electro Scientific Industries Inc,4520,452030,45,45203010,D,USA,335999,3690,220,925,B-,OR,ELECTRO SCIENTIFIC INDS INC,ESIO
4274, , ,3/31/13,Portland,Electro Scientific Industries Inc,4520,452030,45,45203010,D,USA,335999,3690,220,925,B-,OR,ELECTRO SCIENTIFIC INDS INC,ESIO
4274, , ,4/30/13,Portland,Electro Scientific Industries Inc,4520,452030,45,45203010,D,USA,335999,3690,220,925,B-,OR,ELECTRO SCIENTIFIC INDS INC,ESIO
4274, , ,5/31/13,Portland,Electro Scientific Industries Inc,4520,452030,45,45203010,D,USA,335999,3690,220,925,B-,OR,ELECTRO SCIENTIFIC INDS INC,ESIO
4274, , ,6/30/13,Portland,Electro Scientific Industries Inc,4520,452030,45,45203010,D,USA,335999,3690,220,925,B-,OR,ELECTRO SCIENTIFIC INDS INC,ESIO
4274, , ,7/31/13,Portland,Electro Scientific Industries Inc,4520,452030,45,45203010,D,USA,335999,3690,220,925,B-,OR,ELECTRO SCIENTIFIC INDS INC,ESIO
4274, , ,8/31/13,Portland,Electro Scientific Industries Inc,4520,452030,45,45203010,D,USA,335999,3690,220,925,B-,OR,ELECTRO SCIENTIFIC INDS INC,ESIO
4274, , ,9/30/13,Portland,Electro Scientific Industries Inc,4520,452030,45,45203010,D,USA,335999,3690,220,925,B-,OR,ELECTRO SCIENTIFIC INDS INC,ESIO
4274, , ,10/31/13,Portland,Electro Scientific Industries Inc,4520,452030,45,45203010,D,USA,335999,3690,220,925,B-,OR,ELECTRO SCIENTIFIC INDS INC,ESIO
4275, , ,1/31/10,Minnetonka,Electro-Sensors Inc,4520,452030,45,45203010,D,USA,334513,3823,230,940,B-,MN,ELECTRO-SENSORS INC,ELSE
4275, , ,2/28/10,Minnetonka,Electro-Sensors Inc,4520,452030,45,45203010,D,USA,334513,3823,230,940,B-,MN,ELECTRO-SENSORS INC,ELSE
4275, , ,3/31/10,Minnetonka,Electro-Sensors Inc,4520,452030,45,45203010,D,USA,334513,3823,230,940,B-,MN,ELECTRO-SENSORS INC,ELSE
4275, , ,4/30/10,Minnetonka,Electro-Sensors Inc,4520,452030,45,45203010,D,USA,334513,3823,230,940,B-,MN,ELECTRO-SENSORS INC,ELSE
4275, , ,5/31/10,Minnetonka,Electro-Sensors Inc,4520,452030,45,45203010,D,USA,334513,3823,230,940,B-,MN,ELECTRO-SENSORS INC,ELSE
4275, , ,6/30/10,Minnetonka,Electro-Sensors Inc,4520,452030,45,45203010,D,USA,334513,3823,230,940,B-,MN,ELECTRO-SENSORS INC,ELSE
4275, , ,7/31/10,Minnetonka,Electro-Sensors Inc,4520,452030,45,45203010,D,USA,334513,3823,230,940,B-,MN,ELECTRO-SENSORS INC,ELSE
4275, , ,8/31/10,Minnetonka,Electro-Sensors Inc,4520,452030,45,45203010,D,USA,334513,3823,230,940,B-,MN,ELECTRO-SENSORS INC,ELSE
4275, , ,9/30/10,Minnetonka,Electro-Sensors Inc,4520,452030,45,45203010,D,USA,334513,3823,230,940,B-,MN,ELECTRO-SENSORS INC,ELSE
4275, , ,10/31/10,Minnetonka,Electro-Sensors Inc,4520,452030,45,45203010,D,USA,334513,3823,230,940,B-,MN,ELECTRO-SENSORS INC,ELSE
4275, , ,11/30/10,Minnetonka,Electro-Sensors Inc,4520,452030,45,45203010,D,USA,334513,3823,230,940,B-,MN,ELECTRO-SENSORS INC,ELSE
4275, , ,12/31/10,Minnetonka,Electro-Sensors Inc,4520,452030,45,45203010,D,USA,334513,3823,230,940,B-,MN,ELECTRO-SENSORS INC,ELSE
4275, , ,1/31/11,Minnetonka,Electro-Sensors Inc,4520,452030,45,45203010,D,USA,334513,3823,230,940,B-,MN,ELECTRO-SENSORS INC,ELSE
4275, , ,2/28/11,Minnetonka,Electro-Sensors Inc,4520,452030,45,45203010,D,USA,334513,3823,230,940,B-,MN,ELECTRO-SENSORS INC,ELSE
4275, , ,3/31/11,Minnetonka,Electro-Sensors Inc,4520,452030,45,45203010,D,USA,334513,3823,230,940,B-,MN,ELECTRO-SENSORS INC,ELSE
4275, , ,4/30/11,Minnetonka,Electro-Sensors Inc,4520,452030,45,45203010,D,USA,334513,3823,230,940,B-,MN,ELECTRO-SENSORS INC,ELSE
4275, , ,5/31/11,Minnetonka,Electro-Sensors Inc,4520,452030,45,45203010,D,USA,334513,3823,230,940,B-,MN,ELECTRO-SENSORS INC,ELSE
4275, , ,6/30/11,Minnetonka,Electro-Sensors Inc,4520,452030,45,45203010,D,USA,334513,3823,230,940,B-,MN,ELECTRO-SENSORS INC,ELSE
4275, , ,7/31/11,Minnetonka,Electro-Sensors Inc,4520,452030,45,45203010,D,USA,334513,3823,230,940,B-,MN,ELECTRO-SENSORS INC,ELSE
4275, , ,8/31/11,Minnetonka,Electro-Sensors Inc,4520,452030,45,45203010,D,USA,334513,3823,230,940,B-,MN,ELECTRO-SENSORS INC,ELSE
4275, , ,9/30/11,Minnetonka,Electro-Sensors Inc,4520,452030,45,45203010,D,USA,334513,3823,230,940,B-,MN,ELECTRO-SENSORS INC,ELSE
4275, , ,10/31/11,Minnetonka,Electro-Sensors Inc,4520,452030,45,45203010,D,USA,334513,3823,230,940,B-,MN,ELECTRO-SENSORS INC,ELSE
4275, , ,11/30/11,Minnetonka,Electro-Sensors Inc,4520,452030,45,45203010,D,USA,334513,3823,230,940,B-,MN,ELECTRO-SENSORS INC,ELSE
4275, , ,12/31/11,Minnetonka,Electro-Sensors Inc,4520,452030,45,45203010,D,USA,334513,3823,230,940,B-,MN,ELECTRO-SENSORS INC,ELSE
4275, , ,1/31/12,Minnetonka,Electro-Sensors Inc,4520,452030,45,45203010,D,USA,334513,3823,230,940,B-,MN,ELECTRO-SENSORS INC,ELSE
4275, , ,2/29/12,Minnetonka,Electro-Sensors Inc,4520,452030,45,45203010,D,USA,334513,3823,230,940,B-,MN,ELECTRO-SENSORS INC,ELSE
4275, , ,3/31/12,Minnetonka,Electro-Sensors Inc,4520,452030,45,45203010,D,USA,334513,3823,230,940,B-,MN,ELECTRO-SENSORS INC,ELSE
4275, , ,4/30/12,Minnetonka,Electro-Sensors Inc,4520,452030,45,45203010,D,USA,334513,3823,230,940,B-,MN,ELECTRO-SENSORS INC,ELSE
4275, , ,5/31/12,Minnetonka,Electro-Sensors Inc,4520,452030,45,45203010,D,USA,334513,3823,230,940,B-,MN,ELECTRO-SENSORS INC,ELSE
4275, , ,6/30/12,Minnetonka,Electro-Sensors Inc,4520,452030,45,45203010,D,USA,334513,3823,230,940,B-,MN,ELECTRO-SENSORS INC,ELSE
4275, , ,7/31/12,Minnetonka,Electro-Sensors Inc,4520,452030,45,45203010,D,USA,334513,3823,230,940,B-,MN,ELECTRO-SENSORS INC,ELSE
4275, , ,8/31/12,Minnetonka,Electro-Sensors Inc,4520,452030,45,45203010,D,USA,334513,3823,230,940,B-,MN,ELECTRO-SENSORS INC,ELSE
4275, , ,9/30/12,Minnetonka,Electro-Sensors Inc,4520,452030,45,45203010,D,USA,334513,3823,230,940,B-,MN,ELECTRO-SENSORS INC,ELSE
4275, , ,10/31/12,Minnetonka,Electro-Sensors Inc,4520,452030,45,45203010,D,USA,334513,3823,230,940,B-,MN,ELECTRO-SENSORS INC,ELSE
4275, , ,11/30/12,Minnetonka,Electro-Sensors Inc,4520,452030,45,45203010,D,USA,334513,3823,230,940,B-,MN,ELECTRO-SENSORS INC,ELSE
4275, , ,12/31/12,Minnetonka,Electro-Sensors Inc,4520,452030,45,45203010,D,USA,334513,3823,230,940,B-,MN,ELECTRO-SENSORS INC,ELSE
4275, , ,1/31/13,Minnetonka,Electro-Sensors Inc,4520,452030,45,45203010,D,USA,334513,3823,230,940,B-,MN,ELECTRO-SENSORS INC,ELSE
4275, , ,2/28/13,Minnetonka,Electro-Sensors Inc,4520,452030,45,45203010,D,USA,334513,3823,230,940,B-,MN,ELECTRO-SENSORS INC,ELSE
4275, , ,3/31/13,Minnetonka,Electro-Sensors Inc,4520,452030,45,45203010,D,USA,334513,3823,230,940,B-,MN,ELECTRO-SENSORS INC,ELSE
4275, , ,4/30/13,Minnetonka,Electro-Sensors Inc,4520,452030,45,45203010,D,USA,334513,3823,230,940,B-,MN,ELECTRO-SENSORS INC,ELSE
4275, , ,5/31/13,Minnetonka,Electro-Sensors Inc,4520,452030,45,45203010,D,USA,334513,3823,230,940,B-,MN,ELECTRO-SENSORS INC,ELSE
4275, , ,6/30/13,Minnetonka,Electro-Sensors Inc,4520,452030,45,45203010,D,USA,334513,3823,230,940,B-,MN,ELECTRO-SENSORS INC,ELSE
4275, , ,7/31/13,Minnetonka,Electro-Sensors Inc,4520,452030,45,45203010,D,USA,334513,3823,230,940,B-,MN,ELECTRO-SENSORS INC,ELSE
4275, , ,8/31/13,Minnetonka,Electro-Sensors Inc,4520,452030,45,45203010,D,USA,334513,3823,230,940,B-,MN,ELECTRO-SENSORS INC,ELSE
4275, , ,9/30/13,Minnetonka,Electro-Sensors Inc,4520,452030,45,45203010,D,USA,334513,3823,230,940,B-,MN,ELECTRO-SENSORS INC,ELSE
4275, , ,10/31/13,Minnetonka,Electro-Sensors Inc,4520,452030,45,45203010,D,USA,334513,3823,230,940,B-,MN,ELECTRO-SENSORS INC,ELSE
4279, , ,1/31/10,Norcross,EMS Technologies Inc,4520,452010,45,45201020,D,USA,334220,3663,180,940,B-,GA,EMS TECHNOLOGIES INC,ELMG
4279, , ,2/28/10,Norcross,EMS Technologies Inc,4520,452010,45,45201020,D,USA,334220,3663,180,940,B-,GA,EMS TECHNOLOGIES INC,ELMG
4279, , ,3/31/10,Norcross,EMS Technologies Inc,4520,452010,45,45201020,D,USA,334220,3663,180,940,B-,GA,EMS TECHNOLOGIES INC,ELMG
4279, , ,4/30/10,Norcross,EMS Technologies Inc,4520,452010,45,45201020,D,USA,334220,3663,180,940,B-,GA,EMS TECHNOLOGIES INC,ELMG
4279, , ,5/31/10,Norcross,EMS Technologies Inc,4520,452010,45,45201020,D,USA,334220,3663,180,940,B-,GA,EMS TECHNOLOGIES INC,ELMG
4279, , ,6/30/10,Norcross,EMS Technologies Inc,4520,452010,45,45201020,D,USA,334220,3663,180,940,B-,GA,EMS TECHNOLOGIES INC,ELMG
4279, , ,7/31/10,Norcross,EMS Technologies Inc,4520,452010,45,45201020,D,USA,334220,3663,180,940,B-,GA,EMS TECHNOLOGIES INC,ELMG
4279, , ,8/31/10,Norcross,EMS Technologies Inc,4520,452010,45,45201020,D,USA,334220,3663,180,940,B-,GA,EMS TECHNOLOGIES INC,ELMG
4279, , ,9/30/10,Norcross,EMS Technologies Inc,4520,452010,45,45201020,D,USA,334220,3663,180,940,B-,GA,EMS TECHNOLOGIES INC,ELMG
4279, , ,10/31/10,Norcross,EMS Technologies Inc,4520,452010,45,45201020,D,USA,334220,3663,180,940,B-,GA,EMS TECHNOLOGIES INC,ELMG
4279, , ,11/30/10,Norcross,EMS Technologies Inc,4520,452010,45,45201020,D,USA,334220,3663,180,940,B-,GA,EMS TECHNOLOGIES INC,ELMG
4279, , ,12/31/10,Norcross,EMS Technologies Inc,4520,452010,45,45201020,D,USA,334220,3663,180,940,B-,GA,EMS TECHNOLOGIES INC,ELMG
4279, , ,1/31/11,Norcross,EMS Technologies Inc,4520,452010,45,45201020,D,USA,334220,3663,180,940,B-,GA,EMS TECHNOLOGIES INC,ELMG
4279, , ,2/28/11,Norcross,EMS Technologies Inc,4520,452010,45,45201020,D,USA,334220,3663,180,940,B-,GA,EMS TECHNOLOGIES INC,ELMG
4279, , ,3/31/11,Norcross,EMS Technologies Inc,4520,452010,45,45201020,D,USA,334220,3663,180,940,B-,GA,EMS TECHNOLOGIES INC,ELMG
4279, , ,4/30/11,Norcross,EMS Technologies Inc,4520,452010,45,45201020,D,USA,334220,3663,180,940,B-,GA,EMS TECHNOLOGIES INC,ELMG
4279, , ,5/31/11,Norcross,EMS Technologies Inc,4520,452010,45,45201020,D,USA,334220,3663,180,940,B-,GA,EMS TECHNOLOGIES INC,ELMG
4279, , ,6/30/11,Norcross,EMS Technologies Inc,4520,452010,45,45201020,D,USA,334220,3663,180,940,B-,GA,EMS TECHNOLOGIES INC,ELMG
4279, , ,7/31/11,Norcross,EMS Technologies Inc,4520,452010,45,45201020,D,USA,334220,3663,180,940,B-,GA,EMS TECHNOLOGIES INC,ELMG
4279, , ,8/31/11,Norcross,EMS Technologies Inc,4520,452010,45,45201020,D,USA,334220,3663,180,940,B-,GA,EMS TECHNOLOGIES INC,ELMG
4292, , ,1/31/10,Waukesha,Electronic Tele-Communications Inc.,4520,452010,45,45201020,D,USA,334210,3661,180,940,B,WI,ELECTR TELE-COMMUNCTN,ETCIA
4292, , ,2/28/10,Waukesha,Electronic Tele-Communications Inc.,4520,452010,45,45201020,D,USA,334210,3661,180,940,B,WI,ELECTR TELE-COMMUNCTN,ETCIA
4292, , ,3/31/10,Waukesha,Electronic Tele-Communications Inc.,4520,452010,45,45201020,D,USA,334210,3661,180,940,B,WI,ELECTR TELE-COMMUNCTN,ETCIA
4292, , ,4/30/10,Waukesha,Electronic Tele-Communications Inc.,4520,452010,45,45201020,D,USA,334210,3661,180,940,B,WI,ELECTR TELE-COMMUNCTN,ETCIA
4292, , ,5/31/10,Waukesha,Electronic Tele-Communications Inc.,4520,452010,45,45201020,D,USA,334210,3661,180,940,B,WI,ELECTR TELE-COMMUNCTN,ETCIA
4292, , ,6/30/10,Waukesha,Electronic Tele-Communications Inc.,4520,452010,45,45201020,D,USA,334210,3661,180,940,B,WI,ELECTR TELE-COMMUNCTN,ETCIA
4292, , ,7/31/10,Waukesha,Electronic Tele-Communications Inc.,4520,452010,45,45201020,D,USA,334210,3661,180,940,B,WI,ELECTR TELE-COMMUNCTN,ETCIA
4292, , ,8/31/10,Waukesha,Electronic Tele-Communications Inc.,4520,452010,45,45201020,D,USA,334210,3661,180,940,B,WI,ELECTR TELE-COMMUNCTN,ETCIA
4292, , ,9/30/10,Waukesha,Electronic Tele-Communications Inc.,4520,452010,45,45201020,D,USA,334210,3661,180,940,B,WI,ELECTR TELE-COMMUNCTN,ETCIA
4292, , ,10/31/10,Waukesha,Electronic Tele-Communications Inc.,4520,452010,45,45201020,D,USA,334210,3661,180,940,B,WI,ELECTR TELE-COMMUNCTN,ETCIA
4292, , ,11/30/10,Waukesha,Electronic Tele-Communications Inc.,4520,452010,45,45201020,D,USA,334210,3661,180,940,B,WI,ELECTR TELE-COMMUNCTN,ETCIA
4292, , ,12/31/10,Waukesha,Electronic Tele-Communications Inc.,4520,452010,45,45201020,D,USA,334210,3661,180,940,B,WI,ELECTR TELE-COMMUNCTN,ETCIA
4292, , ,1/31/11,Waukesha,Electronic Tele-Communications Inc.,4520,452010,45,45201020,D,USA,334210,3661,180,940,B,WI,ELECTR TELE-COMMUNCTN,ETCIA
4292, , ,2/28/11,Waukesha,Electronic Tele-Communications Inc.,4520,452010,45,45201020,D,USA,334210,3661,180,940,B,WI,ELECTR TELE-COMMUNCTN,ETCIA
4292, , ,3/31/11,Waukesha,Electronic Tele-Communications Inc.,4520,452010,45,45201020,D,USA,334210,3661,180,940,B,WI,ELECTR TELE-COMMUNCTN,ETCIA
4292, , ,4/30/11,Waukesha,Electronic Tele-Communications Inc.,4520,452010,45,45201020,D,USA,334210,3661,180,940,B,WI,ELECTR TELE-COMMUNCTN,ETCIA
4292, , ,5/31/11,Waukesha,Electronic Tele-Communications Inc.,4520,452010,45,45201020,D,USA,334210,3661,180,940,B,WI,ELECTR TELE-COMMUNCTN,ETCIA
4292, , ,6/30/11,Waukesha,Electronic Tele-Communications Inc.,4520,452010,45,45201020,D,USA,334210,3661,180,940,B,WI,ELECTR TELE-COMMUNCTN,ETCIA
4292, , ,7/31/11,Waukesha,Electronic Tele-Communications Inc.,4520,452010,45,45201020,D,USA,334210,3661,180,940,B,WI,ELECTR TELE-COMMUNCTN,ETCIA
4292, , ,8/31/11,Waukesha,Electronic Tele-Communications Inc.,4520,452010,45,45201020,D,USA,334210,3661,180,940,B,WI,ELECTR TELE-COMMUNCTN,ETCIA
4292, , ,9/30/11,Waukesha,Electronic Tele-Communications Inc.,4520,452010,45,45201020,D,USA,334210,3661,180,940,B,WI,ELECTR TELE-COMMUNCTN,ETCIA
4292, , ,10/31/11,Waukesha,Electronic Tele-Communications Inc.,4520,452010,45,45201020,D,USA,334210,3661,180,940,B,WI,ELECTR TELE-COMMUNCTN,ETCIA
4292, , ,11/30/11,Waukesha,Electronic Tele-Communications Inc.,4520,452010,45,45201020,D,USA,334210,3661,180,940,B,WI,ELECTR TELE-COMMUNCTN,ETCIA
4292, , ,12/31/11,Waukesha,Electronic Tele-Communications Inc.,4520,452010,45,45201020,D,USA,334210,3661,180,940,B,WI,ELECTR TELE-COMMUNCTN,ETCIA
4292, , ,1/31/12,Waukesha,Electronic Tele-Communications Inc.,4520,452010,45,45201020,D,USA,334210,3661,180,940,B,WI,ELECTR TELE-COMMUNCTN,ETCIA
4292, , ,2/29/12,Waukesha,Electronic Tele-Communications Inc.,4520,452010,45,45201020,D,USA,334210,3661,180,940,B,WI,ELECTR TELE-COMMUNCTN,ETCIA
4292, , ,3/31/12,Waukesha,Electronic Tele-Communications Inc.,4520,452010,45,45201020,D,USA,334210,3661,180,940,B,WI,ELECTR TELE-COMMUNCTN,ETCIA
4292, , ,4/30/12,Waukesha,Electronic Tele-Communications Inc.,4520,452010,45,45201020,D,USA,334210,3661,180,940,B,WI,ELECTR TELE-COMMUNCTN,ETCIA
4292, , ,5/31/12,Waukesha,Electronic Tele-Communications Inc.,4520,452010,45,45201020,D,USA,334210,3661,180,940,B,WI,ELECTR TELE-COMMUNCTN,ETCIA
4292, , ,6/30/12,Waukesha,Electronic Tele-Communications Inc.,4520,452010,45,45201020,D,USA,334210,3661,180,940,B,WI,ELECTR TELE-COMMUNCTN,ETCIA
4292, , ,7/31/12,Waukesha,Electronic Tele-Communications Inc.,4520,452010,45,45201020,D,USA,334210,3661,180,940,B,WI,ELECTR TELE-COMMUNCTN,ETCIA
4292, , ,8/31/12,Waukesha,Electronic Tele-Communications Inc.,4520,452010,45,45201020,D,USA,334210,3661,180,940,B,WI,ELECTR TELE-COMMUNCTN,ETCIA
4292, , ,9/30/12,Waukesha,Electronic Tele-Communications Inc.,4520,452010,45,45201020,D,USA,334210,3661,180,940,B,WI,ELECTR TELE-COMMUNCTN,ETCIA
4292, , ,10/31/12,Waukesha,Electronic Tele-Communications Inc.,4520,452010,45,45201020,D,USA,334210,3661,180,940,B,WI,ELECTR TELE-COMMUNCTN,ETCIA
4292, , ,11/30/12,Waukesha,Electronic Tele-Communications Inc.,4520,452010,45,45201020,D,USA,334210,3661,180,940,B,WI,ELECTR TELE-COMMUNCTN,ETCIA
4292, , ,12/31/12,Waukesha,Electronic Tele-Communications Inc.,4520,452010,45,45201020,D,USA,334210,3661,180,940,B,WI,ELECTR TELE-COMMUNCTN,ETCIA
4292, , ,1/31/13,Waukesha,Electronic Tele-Communications Inc.,4520,452010,45,45201020,D,USA,334210,3661,180,940,B,WI,ELECTR TELE-COMMUNCTN,ETCIA
4292, , ,2/28/13,Waukesha,Electronic Tele-Communications Inc.,4520,452010,45,45201020,D,USA,334210,3661,180,940,B,WI,ELECTR TELE-COMMUNCTN,ETCIA
4292, , ,3/31/13,Waukesha,Electronic Tele-Communications Inc.,4520,452010,45,45201020,D,USA,334210,3661,180,940,B,WI,ELECTR TELE-COMMUNCTN,ETCIA
4292, , ,4/30/13,Waukesha,Electronic Tele-Communications Inc.,4520,452010,45,45201020,D,USA,334210,3661,180,940,B,WI,ELECTR TELE-COMMUNCTN,ETCIA
4292, , ,5/31/13,Waukesha,Electronic Tele-Communications Inc.,4520,452010,45,45201020,D,USA,334210,3661,180,940,B,WI,ELECTR TELE-COMMUNCTN,ETCIA
4292, , ,6/30/13,Waukesha,Electronic Tele-Communications Inc.,4520,452010,45,45201020,D,USA,334210,3661,180,940,B,WI,ELECTR TELE-COMMUNCTN,ETCIA
4292, , ,7/31/13,Waukesha,Electronic Tele-Communications Inc.,4520,452010,45,45201020,D,USA,334210,3661,180,940,B,WI,ELECTR TELE-COMMUNCTN,ETCIA
4292, , ,8/31/13,Waukesha,Electronic Tele-Communications Inc.,4520,452010,45,45201020,D,USA,334210,3661,180,940,B,WI,ELECTR TELE-COMMUNCTN,ETCIA
4292, , ,9/30/13,Waukesha,Electronic Tele-Communications Inc.,4520,452010,45,45201020,D,USA,334210,3661,180,940,B,WI,ELECTR TELE-COMMUNCTN,ETCIA
4292, , ,10/31/13,Waukesha,Electronic Tele-Communications Inc.,4520,452010,45,45201020,D,USA,334210,3661,180,940,B,WI,ELECTR TELE-COMMUNCTN,ETCIA
4296, , ,1/31/10,White Haven,Emcee Broadcast Products Inc,4520,452030,45,45203010,D,USA,334220,3663,180,940, ,PA,EMCEE BROADCAST PRODUCTS INC,ECIN
4296, , ,2/28/10,White Haven,Emcee Broadcast Products Inc,4520,452030,45,45203010,D,USA,334220,3663,180,940, ,PA,EMCEE BROADCAST PRODUCTS INC,ECIN
4296, , ,3/31/10,White Haven,Emcee Broadcast Products Inc,4520,452030,45,45203010,D,USA,334220,3663,180,940, ,PA,EMCEE BROADCAST PRODUCTS INC,ECIN
4296, , ,4/30/10,White Haven,Emcee Broadcast Products Inc,4520,452030,45,45203010,D,USA,334220,3663,180,940, ,PA,EMCEE BROADCAST PRODUCTS INC,ECIN
4296, , ,5/31/10,White Haven,Emcee Broadcast Products Inc,4520,452030,45,45203010,D,USA,334220,3663,180,940, ,PA,EMCEE BROADCAST PRODUCTS INC,ECIN
4296, , ,6/30/10,White Haven,Emcee Broadcast Products Inc,4520,452030,45,45203010,D,USA,334220,3663,180,940, ,PA,EMCEE BROADCAST PRODUCTS INC,ECIN
4296, , ,7/31/10,White Haven,Emcee Broadcast Products Inc,4520,452030,45,45203010,D,USA,334220,3663,180,940, ,PA,EMCEE BROADCAST PRODUCTS INC,ECIN
4340, , ,1/31/10,Costa Mesa,Emulex Corp.,4520,452010,45,45201020,D,USA,3342,3576,190,940,C,CA,EMULEX CORP,ELX
4340, , ,2/28/10,Costa Mesa,Emulex Corp.,4520,452010,45,45201020,D,USA,3342,3576,190,940,C,CA,EMULEX CORP,ELX
4340, , ,3/31/10,Costa Mesa,Emulex Corp.,4520,452010,45,45201020,D,USA,3342,3576,190,940,C,CA,EMULEX CORP,ELX
4340, , ,4/30/10,Costa Mesa,Emulex Corp.,4520,452010,45,45201020,D,USA,3342,3576,190,940,C,CA,EMULEX CORP,ELX
4340, , ,5/31/10,Costa Mesa,Emulex Corp.,4520,452010,45,45201020,D,USA,3342,3576,190,940,C,CA,EMULEX CORP,ELX
4340, , ,6/30/10,Costa Mesa,Emulex Corp.,4520,452010,45,45201020,D,USA,3342,3576,190,940,C,CA,EMULEX CORP,ELX
4340, , ,7/31/10,Costa Mesa,Emulex Corp.,4520,452010,45,45201020,D,USA,3342,3576,190,940,C,CA,EMULEX CORP,ELX
4340, , ,8/31/10,Costa Mesa,Emulex Corp.,4520,452010,45,45201020,D,USA,3342,3576,190,940,C,CA,EMULEX CORP,ELX
4340, , ,9/30/10,Costa Mesa,Emulex Corp.,4520,452010,45,45201020,D,USA,3342,3576,190,940,C,CA,EMULEX CORP,ELX
4340, , ,10/31/10,Costa Mesa,Emulex Corp.,4520,452010,45,45201020,D,USA,3342,3576,190,940,C,CA,EMULEX CORP,ELX
4340, , ,11/30/10,Costa Mesa,Emulex Corp.,4520,452010,45,45201020,D,USA,3342,3576,190,940,C,CA,EMULEX CORP,ELX
4340, , ,12/31/10,Costa Mesa,Emulex Corp.,4520,452010,45,45201020,D,USA,3342,3576,190,940,C,CA,EMULEX CORP,ELX
4340, , ,1/31/11,Costa Mesa,Emulex Corp.,4520,452010,45,45201020,D,USA,3342,3576,190,940,C,CA,EMULEX CORP,ELX
4340, , ,2/28/11,Costa Mesa,Emulex Corp.,4520,452010,45,45201020,D,USA,3342,3576,190,940,C,CA,EMULEX CORP,ELX
4340, , ,3/31/11,Costa Mesa,Emulex Corp.,4520,452010,45,45201020,D,USA,3342,3576,190,940,C,CA,EMULEX CORP,ELX
4340, , ,4/30/11,Costa Mesa,Emulex Corp.,4520,452010,45,45201020,D,USA,3342,3576,190,940,C,CA,EMULEX CORP,ELX
4340, , ,5/31/11,Costa Mesa,Emulex Corp.,4520,452010,45,45201020,D,USA,3342,3576,190,940,C,CA,EMULEX CORP,ELX
4340, , ,6/30/11,Costa Mesa,Emulex Corp.,4520,452010,45,45201020,D,USA,3342,3576,190,940,C,CA,EMULEX CORP,ELX
4340, , ,7/31/11,Costa Mesa,Emulex Corp.,4520,452010,45,45201020,D,USA,3342,3576,190,940,C,CA,EMULEX CORP,ELX
4340, , ,8/31/11,Costa Mesa,Emulex Corp.,4520,452010,45,45201020,D,USA,3342,3576,190,940,C,CA,EMULEX CORP,ELX
4340, , ,9/30/11,Costa Mesa,Emulex Corp.,4520,452010,45,45201020,D,USA,3342,3576,190,940,C,CA,EMULEX CORP,ELX
4340, , ,10/31/11,Costa Mesa,Emulex Corp.,4520,452010,45,45201020,D,USA,3342,3576,190,940,C,CA,EMULEX CORP,ELX
4340, , ,11/30/11,Costa Mesa,Emulex Corp.,4520,452010,45,45201020,D,USA,3342,3576,190,940,C,CA,EMULEX CORP,ELX
4340, , ,12/31/11,Costa Mesa,Emulex Corp.,4520,452010,45,45201020,D,USA,3342,3576,190,940,C,CA,EMULEX CORP,ELX
4340, , ,1/31/12,Costa Mesa,Emulex Corp.,4520,452010,45,45201020,D,USA,3342,3576,190,940,C,CA,EMULEX CORP,ELX
4340, , ,2/29/12,Costa Mesa,Emulex Corp.,4520,452010,45,45201020,D,USA,3342,3576,190,940,C,CA,EMULEX CORP,ELX
4340, , ,3/31/12,Costa Mesa,Emulex Corp.,4520,452010,45,45201020,D,USA,3342,3576,190,940,C,CA,EMULEX CORP,ELX
4340, , ,4/30/12,Costa Mesa,Emulex Corp.,4520,452010,45,45201020,D,USA,3342,3576,190,940,C,CA,EMULEX CORP,ELX
4340, , ,5/31/12,Costa Mesa,Emulex Corp.,4520,452010,45,45201020,D,USA,3342,3576,190,940,C,CA,EMULEX CORP,ELX
4340, , ,6/30/12,Costa Mesa,Emulex Corp.,4520,452010,45,45201020,D,USA,3342,3576,190,940,C,CA,EMULEX CORP,ELX
4340, , ,7/31/12,Costa Mesa,Emulex Corp.,4520,452010,45,45201020,D,USA,3342,3576,190,940,C,CA,EMULEX CORP,ELX
4340, , ,8/31/12,Costa Mesa,Emulex Corp.,4520,452010,45,45201020,D,USA,3342,3576,190,940,C,CA,EMULEX CORP,ELX
4340, , ,9/30/12,Costa Mesa,Emulex Corp.,4520,452010,45,45201020,D,USA,3342,3576,190,940,C,CA,EMULEX CORP,ELX
4340, , ,10/31/12,Costa Mesa,Emulex Corp.,4520,452010,45,45201020,D,USA,3342,3576,190,940,C,CA,EMULEX CORP,ELX
4340, , ,11/30/12,Costa Mesa,Emulex Corp.,4520,452010,45,45201020,D,USA,3342,3576,190,940,C,CA,EMULEX CORP,ELX
4340, , ,12/31/12,Costa Mesa,Emulex Corp.,4520,452010,45,45201020,D,USA,3342,3576,190,940,C,CA,EMULEX CORP,ELX
4340, , ,1/31/13,Costa Mesa,Emulex Corp.,4520,452010,45,45201020,D,USA,3342,3576,190,940,C,CA,EMULEX CORP,ELX
4340, , ,2/28/13,Costa Mesa,Emulex Corp.,4520,452010,45,45201020,D,USA,3342,3576,190,940,C,CA,EMULEX CORP,ELX
4340, , ,3/31/13,Costa Mesa,Emulex Corp.,4520,452010,45,45201020,D,USA,3342,3576,190,940,C,CA,EMULEX CORP,ELX
4340, , ,4/30/13,Costa Mesa,Emulex Corp.,4520,452010,45,45201020,D,USA,3342,3576,190,940,C,CA,EMULEX CORP,ELX
4340, , ,5/31/13,Costa Mesa,Emulex Corp.,4520,452010,45,45201020,D,USA,3342,3576,190,940,C,CA,EMULEX CORP,ELX
4340, , ,6/30/13,Costa Mesa,Emulex Corp.,4520,452010,45,45201020,D,USA,3342,3576,190,940,C,CA,EMULEX CORP,ELX
4340, , ,7/31/13,Costa Mesa,Emulex Corp.,4520,452010,45,45201020,D,USA,3342,3576,190,940,C,CA,EMULEX CORP,ELX
4340, , ,8/31/13,Costa Mesa,Emulex Corp.,4520,452010,45,45201020,D,USA,3342,3576,190,940,C,CA,EMULEX CORP,ELX
4340, , ,9/30/13,Costa Mesa,Emulex Corp.,4520,452010,45,45201020,D,USA,3342,3576,190,940,C,CA,EMULEX CORP,ELX
4340, , ,10/31/13,Costa Mesa,Emulex Corp.,4520,452010,45,45201020,D,USA,3342,3576,190,940,C,CA,EMULEX CORP,ELX
4439,BBB+,A-2,1/31/10,Stockholm,Ericsson,4520,452010,45,45201020,B,SWE,334220,3663,180,940, , ,ERICSSON,ERIC
4439,BBB+,A-2,2/28/10,Stockholm,Ericsson,4520,452010,45,45201020,B,SWE,334220,3663,180,940, , ,ERICSSON,ERIC
4439,BBB+,A-2,3/31/10,Stockholm,Ericsson,4520,452010,45,45201020,B,SWE,334220,3663,180,940, , ,ERICSSON,ERIC
4439,BBB+,A-2,4/30/10,Stockholm,Ericsson,4520,452010,45,45201020,B,SWE,334220,3663,180,940, , ,ERICSSON,ERIC
4439,BBB+,A-2,5/31/10,Stockholm,Ericsson,4520,452010,45,45201020,B,SWE,334220,3663,180,940, , ,ERICSSON,ERIC
4439,BBB+,A-2,6/30/10,Stockholm,Ericsson,4520,452010,45,45201020,B,SWE,334220,3663,180,940, , ,ERICSSON,ERIC
4439,BBB+,A-2,7/31/10,Stockholm,Ericsson,4520,452010,45,45201020,B,SWE,334220,3663,180,940, , ,ERICSSON,ERIC
4439,BBB+,A-2,8/31/10,Stockholm,Ericsson,4520,452010,45,45201020,B,SWE,334220,3663,180,940, , ,ERICSSON,ERIC
4439,BBB+,A-2,9/30/10,Stockholm,Ericsson,4520,452010,45,45201020,B,SWE,334220,3663,180,940, , ,ERICSSON,ERIC
4439,BBB+,A-2,10/31/10,Stockholm,Ericsson,4520,452010,45,45201020,B,SWE,334220,3663,180,940, , ,ERICSSON,ERIC
4439,BBB+,A-2,11/30/10,Stockholm,Ericsson,4520,452010,45,45201020,B,SWE,334220,3663,180,940, , ,ERICSSON,ERIC
4439,BBB+,A-2,12/31/10,Stockholm,Ericsson,4520,452010,45,45201020,B,SWE,334220,3663,180,940, , ,ERICSSON,ERIC
4439,BBB+,A-2,1/31/11,Stockholm,Ericsson,4520,452010,45,45201020,B,SWE,334220,3663,180,940, , ,ERICSSON,ERIC
4439,BBB+,A-2,2/28/11,Stockholm,Ericsson,4520,452010,45,45201020,B,SWE,334220,3663,180,940, , ,ERICSSON,ERIC
4439,BBB+,A-2,3/31/11,Stockholm,Ericsson,4520,452010,45,45201020,B,SWE,334220,3663,180,940, , ,ERICSSON,ERIC
4439,BBB+,A-2,4/30/11,Stockholm,Ericsson,4520,452010,45,45201020,B,SWE,334220,3663,180,940, , ,ERICSSON,ERIC
4439,BBB+,A-2,5/31/11,Stockholm,Ericsson,4520,452010,45,45201020,B,SWE,334220,3663,180,940, , ,ERICSSON,ERIC
4439,BBB+,A-2,6/30/11,Stockholm,Ericsson,4520,452010,45,45201020,B,SWE,334220,3663,180,940, , ,ERICSSON,ERIC
4439,BBB+,A-2,7/31/11,Stockholm,Ericsson,4520,452010,45,45201020,B,SWE,334220,3663,180,940, , ,ERICSSON,ERIC
4439,BBB+,A-2,8/31/11,Stockholm,Ericsson,4520,452010,45,45201020,B,SWE,334220,3663,180,940, , ,ERICSSON,ERIC
4439,BBB+,A-2,9/30/11,Stockholm,Ericsson,4520,452010,45,45201020,B,SWE,334220,3663,180,940, , ,ERICSSON,ERIC
4439,BBB+,A-2,10/31/11,Stockholm,Ericsson,4520,452010,45,45201020,B,SWE,334220,3663,180,940, , ,ERICSSON,ERIC
4439,BBB+,A-2,11/30/11,Stockholm,Ericsson,4520,452010,45,45201020,B,SWE,334220,3663,180,940, , ,ERICSSON,ERIC
4439,BBB+,A-2,12/31/11,Stockholm,Ericsson,4520,452010,45,45201020,B,SWE,334220,3663,180,940, , ,ERICSSON,ERIC
4439,BBB+,A-2,1/31/12,Stockholm,Ericsson,4520,452010,45,45201020,B,SWE,334220,3663,180,940, , ,ERICSSON,ERIC
4439,BBB+,A-2,2/29/12,Stockholm,Ericsson,4520,452010,45,45201020,B,SWE,334220,3663,180,940, , ,ERICSSON,ERIC
4439,BBB+,A-2,3/31/12,Stockholm,Ericsson,4520,452010,45,45201020,B,SWE,334220,3663,180,940, , ,ERICSSON,ERIC
4439,BBB+,A-2,4/30/12,Stockholm,Ericsson,4520,452010,45,45201020,B,SWE,334220,3663,180,940, , ,ERICSSON,ERIC
4439,BBB+,A-2,5/31/12,Stockholm,Ericsson,4520,452010,45,45201020,B,SWE,334220,3663,180,940, , ,ERICSSON,ERIC
4439,BBB+,A-2,6/30/12,Stockholm,Ericsson,4520,452010,45,45201020,B,SWE,334220,3663,180,940, , ,ERICSSON,ERIC
4439,BBB+,A-2,7/31/12,Stockholm,Ericsson,4520,452010,45,45201020,B,SWE,334220,3663,180,940, , ,ERICSSON,ERIC
4439,BBB+,A-2,8/31/12,Stockholm,Ericsson,4520,452010,45,45201020,B,SWE,334220,3663,180,940, , ,ERICSSON,ERIC
4439,BBB+,A-2,9/30/12,Stockholm,Ericsson,4520,452010,45,45201020,B,SWE,334220,3663,180,940, , ,ERICSSON,ERIC
4439,BBB+,A-2,10/31/12,Stockholm,Ericsson,4520,452010,45,45201020,B,SWE,334220,3663,180,940, , ,ERICSSON,ERIC
4439,BBB+,A-2,11/30/12,Stockholm,Ericsson,4520,452010,45,45201020,B,SWE,334220,3663,180,940, , ,ERICSSON,ERIC
4439,BBB+,A-2,12/31/12,Stockholm,Ericsson,4520,452010,45,45201020,B,SWE,334220,3663,180,940, , ,ERICSSON,ERIC
4439,BBB+,A-2,1/31/13,Stockholm,Ericsson,4520,452010,45,45201020,B,SWE,334220,3663,180,940, , ,ERICSSON,ERIC
4439,BBB+,A-2,2/28/13,Stockholm,Ericsson,4520,452010,45,45201020,B,SWE,334220,3663,180,940, , ,ERICSSON,ERIC
4439,BBB+,A-2,3/31/13,Stockholm,Ericsson,4520,452010,45,45201020,B,SWE,334220,3663,180,940, , ,ERICSSON,ERIC
4439,BBB+,A-2,4/30/13,Stockholm,Ericsson,4520,452010,45,45201020,B,SWE,334220,3663,180,940, , ,ERICSSON,ERIC
4439,BBB+,A-2,5/31/13,Stockholm,Ericsson,4520,452010,45,45201020,B,SWE,334220,3663,180,940, , ,ERICSSON,ERIC
4439,BBB+,A-2,6/30/13,Stockholm,Ericsson,4520,452010,45,45201020,B,SWE,334220,3663,180,940, , ,ERICSSON,ERIC
4439,BBB+,A-2,7/31/13,Stockholm,Ericsson,4520,452010,45,45201020,B,SWE,334220,3663,180,940, , ,ERICSSON,ERIC
4439,BBB+,A-2,8/31/13,Stockholm,Ericsson,4520,452010,45,45201020,B,SWE,334220,3663,180,940, , ,ERICSSON,ERIC
4439,BBB+,A-2,9/30/13,Stockholm,Ericsson,4520,452010,45,45201020,B,SWE,334220,3663,180,940, , ,ERICSSON,ERIC
4439,BBB+,A-2,10/31/13,Stockholm,Ericsson,4520,452010,45,45201020,B,SWE,334220,3663,180,940, , ,ERICSSON,ERIC
4439,BBB+,A-2,11/30/13,Stockholm,Ericsson,4520,452010,45,45201020,B,SWE,334220,3663,180,940, , ,ERICSSON,ERIC
4439,BBB+,A-2,12/31/13,Stockholm,Ericsson,4520,452010,45,45201020,B,SWE,334220,3663,180,940, , ,ERICSSON,ERIC
4439,BBB+,A-2,1/31/14,Stockholm,Ericsson,4520,452010,45,45201020,B,SWE,334220,3663,180,940, , ,ERICSSON,ERIC
4439,BBB+,A-2,2/28/14,Stockholm,Ericsson,4520,452010,45,45201020,B,SWE,334220,3663,180,940, , ,ERICSSON,ERIC
4439,BBB+,A-2,3/31/14,Stockholm,Ericsson,4520,452010,45,45201020,B,SWE,334220,3663,180,940, , ,ERICSSON,ERIC
4439,BBB+,A-2,4/30/14,Stockholm,Ericsson,4520,452010,45,45201020,B,SWE,334220,3663,180,940, , ,ERICSSON,ERIC
4439,BBB+,A-2,5/31/14,Stockholm,Ericsson,4520,452010,45,45201020,B,SWE,334220,3663,180,940, , ,ERICSSON,ERIC
4439,BBB+,A-2,6/30/14,Stockholm,Ericsson,4520,452010,45,45201020,B,SWE,334220,3663,180,940, , ,ERICSSON,ERIC
4467, , ,1/31/10,Salt Lake City,Evans & Sutherland Computer Corp,4520,452030,45,45203010,D,USA,335999,3690,220,925,C,UT,EVANS & SUTHERLAND CMP CORP,ESCC
4467, , ,2/28/10,Salt Lake City,Evans & Sutherland Computer Corp,4520,452030,45,45203010,D,USA,335999,3690,220,925,C,UT,EVANS & SUTHERLAND CMP CORP,ESCC
4467, , ,3/31/10,Salt Lake City,Evans & Sutherland Computer Corp,4520,452030,45,45203010,D,USA,335999,3690,220,925,C,UT,EVANS & SUTHERLAND CMP CORP,ESCC
4467, , ,4/30/10,Salt Lake City,Evans & Sutherland Computer Corp,4520,452030,45,45203010,D,USA,335999,3690,220,925,C,UT,EVANS & SUTHERLAND CMP CORP,ESCC
4467, , ,5/31/10,Salt Lake City,Evans & Sutherland Computer Corp,4520,452030,45,45203010,D,USA,335999,3690,220,925,C,UT,EVANS & SUTHERLAND CMP CORP,ESCC
4467, , ,6/30/10,Salt Lake City,Evans & Sutherland Computer Corp,4520,452030,45,45203010,D,USA,335999,3690,220,925,C,UT,EVANS & SUTHERLAND CMP CORP,ESCC
4467, , ,7/31/10,Salt Lake City,Evans & Sutherland Computer Corp,4520,452030,45,45203010,D,USA,335999,3690,220,925,C,UT,EVANS & SUTHERLAND CMP CORP,ESCC
4467, , ,8/31/10,Salt Lake City,Evans & Sutherland Computer Corp,4520,452030,45,45203010,D,USA,335999,3690,220,925,C,UT,EVANS & SUTHERLAND CMP CORP,ESCC
4467, , ,9/30/10,Salt Lake City,Evans & Sutherland Computer Corp,4520,452030,45,45203010,D,USA,335999,3690,220,925,C,UT,EVANS & SUTHERLAND CMP CORP,ESCC
4467, , ,10/31/10,Salt Lake City,Evans & Sutherland Computer Corp,4520,452030,45,45203010,D,USA,335999,3690,220,925,C,UT,EVANS & SUTHERLAND CMP CORP,ESCC
4467, , ,11/30/10,Salt Lake City,Evans & Sutherland Computer Corp,4520,452030,45,45203010,D,USA,335999,3690,220,925,C,UT,EVANS & SUTHERLAND CMP CORP,ESCC
4467, , ,12/31/10,Salt Lake City,Evans & Sutherland Computer Corp,4520,452030,45,45203010,D,USA,335999,3690,220,925,C,UT,EVANS & SUTHERLAND CMP CORP,ESCC
4467, , ,1/31/11,Salt Lake City,Evans & Sutherland Computer Corp,4520,452030,45,45203010,D,USA,335999,3690,220,925,C,UT,EVANS & SUTHERLAND CMP CORP,ESCC
4467, , ,2/28/11,Salt Lake City,Evans & Sutherland Computer Corp,4520,452030,45,45203010,D,USA,335999,3690,220,925,C,UT,EVANS & SUTHERLAND CMP CORP,ESCC
4467, , ,3/31/11,Salt Lake City,Evans & Sutherland Computer Corp,4520,452030,45,45203010,D,USA,335999,3690,220,925,C,UT,EVANS & SUTHERLAND CMP CORP,ESCC
4467, , ,4/30/11,Salt Lake City,Evans & Sutherland Computer Corp,4520,452030,45,45203010,D,USA,335999,3690,220,925,C,UT,EVANS & SUTHERLAND CMP CORP,ESCC
4467, , ,5/31/11,Salt Lake City,Evans & Sutherland Computer Corp,4520,452030,45,45203010,D,USA,335999,3690,220,925,C,UT,EVANS & SUTHERLAND CMP CORP,ESCC
4467, , ,6/30/11,Salt Lake City,Evans & Sutherland Computer Corp,4520,452030,45,45203010,D,USA,335999,3690,220,925,C,UT,EVANS & SUTHERLAND CMP CORP,ESCC
4467, , ,7/31/11,Salt Lake City,Evans & Sutherland Computer Corp,4520,452030,45,45203010,D,USA,335999,3690,220,925,C,UT,EVANS & SUTHERLAND CMP CORP,ESCC
4467, , ,8/31/11,Salt Lake City,Evans & Sutherland Computer Corp,4520,452030,45,45203010,D,USA,335999,3690,220,925,C,UT,EVANS & SUTHERLAND CMP CORP,ESCC
4467, , ,9/30/11,Salt Lake City,Evans & Sutherland Computer Corp,4520,452030,45,45203010,D,USA,335999,3690,220,925,C,UT,EVANS & SUTHERLAND CMP CORP,ESCC
4467, , ,10/31/11,Salt Lake City,Evans & Sutherland Computer Corp,4520,452030,45,45203010,D,USA,335999,3690,220,925,C,UT,EVANS & SUTHERLAND CMP CORP,ESCC
4467, , ,11/30/11,Salt Lake City,Evans & Sutherland Computer Corp,4520,452030,45,45203010,D,USA,335999,3690,220,925,C,UT,EVANS & SUTHERLAND CMP CORP,ESCC
4467, , ,12/31/11,Salt Lake City,Evans & Sutherland Computer Corp,4520,452030,45,45203010,D,USA,335999,3690,220,925,C,UT,EVANS & SUTHERLAND CMP CORP,ESCC
4467, , ,1/31/12,Salt Lake City,Evans & Sutherland Computer Corp,4520,452030,45,45203010,D,USA,335999,3690,220,925,C,UT,EVANS & SUTHERLAND CMP CORP,ESCC
4467, , ,2/29/12,Salt Lake City,Evans & Sutherland Computer Corp,4520,452030,45,45203010,D,USA,335999,3690,220,925,C,UT,EVANS & SUTHERLAND CMP CORP,ESCC
4467, , ,3/31/12,Salt Lake City,Evans & Sutherland Computer Corp,4520,452030,45,45203010,D,USA,335999,3690,220,925,C,UT,EVANS & SUTHERLAND CMP CORP,ESCC
4467, , ,4/30/12,Salt Lake City,Evans & Sutherland Computer Corp,4520,452030,45,45203010,D,USA,335999,3690,220,925,C,UT,EVANS & SUTHERLAND CMP CORP,ESCC
4467, , ,5/31/12,Salt Lake City,Evans & Sutherland Computer Corp,4520,452030,45,45203010,D,USA,335999,3690,220,925,C,UT,EVANS & SUTHERLAND CMP CORP,ESCC
4467, , ,6/30/12,Salt Lake City,Evans & Sutherland Computer Corp,4520,452030,45,45203010,D,USA,335999,3690,220,925,C,UT,EVANS & SUTHERLAND CMP CORP,ESCC
4467, , ,7/31/12,Salt Lake City,Evans & Sutherland Computer Corp,4520,452030,45,45203010,D,USA,335999,3690,220,925,C,UT,EVANS & SUTHERLAND CMP CORP,ESCC
4467, , ,8/31/12,Salt Lake City,Evans & Sutherland Computer Corp,4520,452030,45,45203010,D,USA,335999,3690,220,925,C,UT,EVANS & SUTHERLAND CMP CORP,ESCC
4467, , ,9/30/12,Salt Lake City,Evans & Sutherland Computer Corp,4520,452030,45,45203010,D,USA,335999,3690,220,925,C,UT,EVANS & SUTHERLAND CMP CORP,ESCC
4467, , ,10/31/12,Salt Lake City,Evans & Sutherland Computer Corp,4520,452030,45,45203010,D,USA,335999,3690,220,925,C,UT,EVANS & SUTHERLAND CMP CORP,ESCC
4467, , ,11/30/12,Salt Lake City,Evans & Sutherland Computer Corp,4520,452030,45,45203010,D,USA,335999,3690,220,925,C,UT,EVANS & SUTHERLAND CMP CORP,ESCC
4467, , ,12/31/12,Salt Lake City,Evans & Sutherland Computer Corp,4520,452030,45,45203010,D,USA,335999,3690,220,925,C,UT,EVANS & SUTHERLAND CMP CORP,ESCC
4467, , ,1/31/13,Salt Lake City,Evans & Sutherland Computer Corp,4520,452030,45,45203010,D,USA,335999,3690,220,925,C,UT,EVANS & SUTHERLAND CMP CORP,ESCC
4467, , ,2/28/13,Salt Lake City,Evans & Sutherland Computer Corp,4520,452030,45,45203010,D,USA,335999,3690,220,925,C,UT,EVANS & SUTHERLAND CMP CORP,ESCC
4467, , ,3/31/13,Salt Lake City,Evans & Sutherland Computer Corp,4520,452030,45,45203010,D,USA,335999,3690,220,925,C,UT,EVANS & SUTHERLAND CMP CORP,ESCC
4467, , ,4/30/13,Salt Lake City,Evans & Sutherland Computer Corp,4520,452030,45,45203010,D,USA,335999,3690,220,925,C,UT,EVANS & SUTHERLAND CMP CORP,ESCC
4467, , ,5/31/13,Salt Lake City,Evans & Sutherland Computer Corp,4520,452030,45,45203010,D,USA,335999,3690,220,925,C,UT,EVANS & SUTHERLAND CMP CORP,ESCC
4467, , ,6/30/13,Salt Lake City,Evans & Sutherland Computer Corp,4520,452030,45,45203010,D,USA,335999,3690,220,925,C,UT,EVANS & SUTHERLAND CMP CORP,ESCC
4467, , ,7/31/13,Salt Lake City,Evans & Sutherland Computer Corp,4520,452030,45,45203010,D,USA,335999,3690,220,925,C,UT,EVANS & SUTHERLAND CMP CORP,ESCC
4467, , ,8/31/13,Salt Lake City,Evans & Sutherland Computer Corp,4520,452030,45,45203010,D,USA,335999,3690,220,925,C,UT,EVANS & SUTHERLAND CMP CORP,ESCC
4467, , ,9/30/13,Salt Lake City,Evans & Sutherland Computer Corp,4520,452030,45,45203010,D,USA,335999,3690,220,925,C,UT,EVANS & SUTHERLAND CMP CORP,ESCC
4467, , ,10/31/13,Salt Lake City,Evans & Sutherland Computer Corp,4520,452030,45,45203010,D,USA,335999,3690,220,925,C,UT,EVANS & SUTHERLAND CMP CORP,ESCC
4492, , ,1/31/10,Gaithersburg,Exotech Inc,4520,452030,45,45203010,D,USA,334514,3824,230,940, ,MD,EXOTECH INC,EXTC
4492, , ,2/28/10,Gaithersburg,Exotech Inc,4520,452030,45,45203010,D,USA,334514,3824,230,940, ,MD,EXOTECH INC,EXTC
4492, , ,3/31/10,Gaithersburg,Exotech Inc,4520,452030,45,45203010,D,USA,334514,3824,230,940, ,MD,EXOTECH INC,EXTC
4492, , ,4/30/10,Gaithersburg,Exotech Inc,4520,452030,45,45203010,D,USA,334514,3824,230,940, ,MD,EXOTECH INC,EXTC
4492, , ,5/31/10,Gaithersburg,Exotech Inc,4520,452030,45,45203010,D,USA,334514,3824,230,940, ,MD,EXOTECH INC,EXTC
4492, , ,6/30/10,Gaithersburg,Exotech Inc,4520,452030,45,45203010,D,USA,334514,3824,230,940, ,MD,EXOTECH INC,EXTC
4492, , ,7/31/10,Gaithersburg,Exotech Inc,4520,452030,45,45203010,D,USA,334514,3824,230,940, ,MD,EXOTECH INC,EXTC
4528, , ,1/31/10,Warrington,FCG Inc,4520,452050,45,45205020,D,USA,334412,3672,220,925, ,PA,FCG INC,FCGN
4528, , ,2/28/10,Warrington,FCG Inc,4520,452050,45,45205020,D,USA,334412,3672,220,925, ,PA,FCG INC,FCGN
4528, , ,3/31/10,Warrington,FCG Inc,4520,452050,45,45205020,D,USA,334412,3672,220,925, ,PA,FCG INC,FCGN
4528, , ,4/30/10,Warrington,FCG Inc,4520,452050,45,45205020,D,USA,334412,3672,220,925, ,PA,FCG INC,FCGN
4528, , ,5/31/10,Warrington,FCG Inc,4520,452050,45,45205020,D,USA,334412,3672,220,925, ,PA,FCG INC,FCGN
4528, , ,6/30/10,Warrington,FCG Inc,4520,452050,45,45205020,D,USA,334412,3672,220,925, ,PA,FCG INC,FCGN
4528, , ,7/31/10,Warrington,FCG Inc,4520,452050,45,45205020,D,USA,334412,3672,220,925, ,PA,FCG INC,FCGN
4528, , ,8/31/10,Warrington,FCG Inc,4520,452050,45,45205020,D,USA,334412,3672,220,925, ,PA,FCG INC,FCGN
4528, , ,9/30/10,Warrington,FCG Inc,4520,452050,45,45205020,D,USA,334412,3672,220,925, ,PA,FCG INC,FCGN
4528, , ,10/31/10,Warrington,FCG Inc,4520,452050,45,45205020,D,USA,334412,3672,220,925, ,PA,FCG INC,FCGN
4528, , ,11/30/10,Warrington,FCG Inc,4520,452050,45,45205020,D,USA,334412,3672,220,925, ,PA,FCG INC,FCGN
4528, , ,12/31/10,Warrington,FCG Inc,4520,452050,45,45205020,D,USA,334412,3672,220,925, ,PA,FCG INC,FCGN
4528, , ,1/31/11,Warrington,FCG Inc,4520,452050,45,45205020,D,USA,334412,3672,220,925, ,PA,FCG INC,FCGN
4528, , ,2/28/11,Warrington,FCG Inc,4520,452050,45,45205020,D,USA,334412,3672,220,925, ,PA,FCG INC,FCGN
4528, , ,3/31/11,Warrington,FCG Inc,4520,452050,45,45205020,D,USA,334412,3672,220,925, ,PA,FCG INC,FCGN
4528, , ,4/30/11,Warrington,FCG Inc,4520,452050,45,45205020,D,USA,334412,3672,220,925, ,PA,FCG INC,FCGN
4528, , ,5/31/11,Warrington,FCG Inc,4520,452050,45,45205020,D,USA,334412,3672,220,925, ,PA,FCG INC,FCGN
4528, , ,6/30/11,Warrington,FCG Inc,4520,452050,45,45205020,D,USA,334412,3672,220,925, ,PA,FCG INC,FCGN
4528, , ,7/31/11,Warrington,FCG Inc,4520,452050,45,45205020,D,USA,334412,3672,220,925, ,PA,FCG INC,FCGN
4528, , ,8/31/11,Warrington,FCG Inc,4520,452050,45,45205020,D,USA,334412,3672,220,925, ,PA,FCG INC,FCGN
4528, , ,9/30/11,Warrington,FCG Inc,4520,452050,45,45205020,D,USA,334412,3672,220,925, ,PA,FCG INC,FCGN
4528, , ,10/31/11,Warrington,FCG Inc,4520,452050,45,45205020,D,USA,334412,3672,220,925, ,PA,FCG INC,FCGN
4528, , ,11/30/11,Warrington,FCG Inc,4520,452050,45,45205020,D,USA,334412,3672,220,925, ,PA,FCG INC,FCGN
4528, , ,12/31/11,Warrington,FCG Inc,4520,452050,45,45205020,D,USA,334412,3672,220,925, ,PA,FCG INC,FCGN
4528, , ,1/31/12,Warrington,FCG Inc,4520,452050,45,45205020,D,USA,334412,3672,220,925, ,PA,FCG INC,FCGN
4528, , ,2/29/12,Warrington,FCG Inc,4520,452050,45,45205020,D,USA,334412,3672,220,925, ,PA,FCG INC,FCGN
4528, , ,3/31/12,Warrington,FCG Inc,4520,452050,45,45205020,D,USA,334412,3672,220,925, ,PA,FCG INC,FCGN
4528, , ,4/30/12,Warrington,FCG Inc,4520,452050,45,45205020,D,USA,334412,3672,220,925, ,PA,FCG INC,FCGN
4528, , ,5/31/12,Warrington,FCG Inc,4520,452050,45,45205020,D,USA,334412,3672,220,925, ,PA,FCG INC,FCGN
4528, , ,6/30/12,Warrington,FCG Inc,4520,452050,45,45205020,D,USA,334412,3672,220,925, ,PA,FCG INC,FCGN
4528, , ,7/31/12,Warrington,FCG Inc,4520,452050,45,45205020,D,USA,334412,3672,220,925, ,PA,FCG INC,FCGN
4528, , ,8/31/12,Warrington,FCG Inc,4520,452050,45,45205020,D,USA,334412,3672,220,925, ,PA,FCG INC,FCGN
4528, , ,9/30/12,Warrington,FCG Inc,4520,452050,45,45205020,D,USA,334412,3672,220,925, ,PA,FCG INC,FCGN
4528, , ,10/31/12,Warrington,FCG Inc,4520,452050,45,45205020,D,USA,334412,3672,220,925, ,PA,FCG INC,FCGN
4528, , ,11/30/12,Warrington,FCG Inc,4520,452050,45,45205020,D,USA,334412,3672,220,925, ,PA,FCG INC,FCGN
4528, , ,12/31/12,Warrington,FCG Inc,4520,452050,45,45205020,D,USA,334412,3672,220,925, ,PA,FCG INC,FCGN
4528, , ,1/31/13,Warrington,FCG Inc,4520,452050,45,45205020,D,USA,334412,3672,220,925, ,PA,FCG INC,FCGN
4528, , ,2/28/13,Warrington,FCG Inc,4520,452050,45,45205020,D,USA,334412,3672,220,925, ,PA,FCG INC,FCGN
4528, , ,3/31/13,Warrington,FCG Inc,4520,452050,45,45205020,D,USA,334412,3672,220,925, ,PA,FCG INC,FCGN
4528, , ,4/30/13,Warrington,FCG Inc,4520,452050,45,45205020,D,USA,334412,3672,220,925, ,PA,FCG INC,FCGN
4528, , ,5/31/13,Warrington,FCG Inc,4520,452050,45,45205020,D,USA,334412,3672,220,925, ,PA,FCG INC,FCGN
4528, , ,6/30/13,Warrington,FCG Inc,4520,452050,45,45205020,D,USA,334412,3672,220,925, ,PA,FCG INC,FCGN
4528, , ,7/31/13,Warrington,FCG Inc,4520,452050,45,45205020,D,USA,334412,3672,220,925, ,PA,FCG INC,FCGN
4528, , ,8/31/13,Warrington,FCG Inc,4520,452050,45,45205020,D,USA,334412,3672,220,925, ,PA,FCG INC,FCGN
4528, , ,9/30/13,Warrington,FCG Inc,4520,452050,45,45205020,D,USA,334412,3672,220,925, ,PA,FCG INC,FCGN
4528, , ,10/31/13,Warrington,FCG Inc,4520,452050,45,45205020,D,USA,334412,3672,220,925, ,PA,FCG INC,FCGN
4900, , ,1/31/10,Mitchel Field,Frequency Electronics Inc.,4520,452030,45,45203010,D,USA,334515,3825,230,940,B-,NY,FREQUENCY ELECTRONICS INC,FEIM
4900, , ,2/28/10,Mitchel Field,Frequency Electronics Inc.,4520,452030,45,45203010,D,USA,334515,3825,230,940,B-,NY,FREQUENCY ELECTRONICS INC,FEIM
4900, , ,3/31/10,Mitchel Field,Frequency Electronics Inc.,4520,452030,45,45203010,D,USA,334515,3825,230,940,B-,NY,FREQUENCY ELECTRONICS INC,FEIM
4900, , ,4/30/10,Mitchel Field,Frequency Electronics Inc.,4520,452030,45,45203010,D,USA,334515,3825,230,940,B-,NY,FREQUENCY ELECTRONICS INC,FEIM
4900, , ,5/31/10,Mitchel Field,Frequency Electronics Inc.,4520,452030,45,45203010,D,USA,334515,3825,230,940,B-,NY,FREQUENCY ELECTRONICS INC,FEIM
4900, , ,6/30/10,Mitchel Field,Frequency Electronics Inc.,4520,452030,45,45203010,D,USA,334515,3825,230,940,B-,NY,FREQUENCY ELECTRONICS INC,FEIM
4900, , ,7/31/10,Mitchel Field,Frequency Electronics Inc.,4520,452030,45,45203010,D,USA,334515,3825,230,940,B-,NY,FREQUENCY ELECTRONICS INC,FEIM
4900, , ,8/31/10,Mitchel Field,Frequency Electronics Inc.,4520,452030,45,45203010,D,USA,334515,3825,230,940,B-,NY,FREQUENCY ELECTRONICS INC,FEIM
4900, , ,9/30/10,Mitchel Field,Frequency Electronics Inc.,4520,452030,45,45203010,D,USA,334515,3825,230,940,B-,NY,FREQUENCY ELECTRONICS INC,FEIM
4900, , ,10/31/10,Mitchel Field,Frequency Electronics Inc.,4520,452030,45,45203010,D,USA,334515,3825,230,940,B-,NY,FREQUENCY ELECTRONICS INC,FEIM
4900, , ,11/30/10,Mitchel Field,Frequency Electronics Inc.,4520,452030,45,45203010,D,USA,334515,3825,230,940,B-,NY,FREQUENCY ELECTRONICS INC,FEIM
4900, , ,12/31/10,Mitchel Field,Frequency Electronics Inc.,4520,452030,45,45203010,D,USA,334515,3825,230,940,B-,NY,FREQUENCY ELECTRONICS INC,FEIM
4900, , ,1/31/11,Mitchel Field,Frequency Electronics Inc.,4520,452030,45,45203010,D,USA,334515,3825,230,940,B-,NY,FREQUENCY ELECTRONICS INC,FEIM
4900, , ,2/28/11,Mitchel Field,Frequency Electronics Inc.,4520,452030,45,45203010,D,USA,334515,3825,230,940,B-,NY,FREQUENCY ELECTRONICS INC,FEIM
4900, , ,3/31/11,Mitchel Field,Frequency Electronics Inc.,4520,452030,45,45203010,D,USA,334515,3825,230,940,B-,NY,FREQUENCY ELECTRONICS INC,FEIM
4900, , ,4/30/11,Mitchel Field,Frequency Electronics Inc.,4520,452030,45,45203010,D,USA,334515,3825,230,940,B-,NY,FREQUENCY ELECTRONICS INC,FEIM
4900, , ,5/31/11,Mitchel Field,Frequency Electronics Inc.,4520,452030,45,45203010,D,USA,334515,3825,230,940,B-,NY,FREQUENCY ELECTRONICS INC,FEIM
4900, , ,6/30/11,Mitchel Field,Frequency Electronics Inc.,4520,452030,45,45203010,D,USA,334515,3825,230,940,B-,NY,FREQUENCY ELECTRONICS INC,FEIM
4900, , ,7/31/11,Mitchel Field,Frequency Electronics Inc.,4520,452030,45,45203010,D,USA,334515,3825,230,940,B-,NY,FREQUENCY ELECTRONICS INC,FEIM
4900, , ,8/31/11,Mitchel Field,Frequency Electronics Inc.,4520,452030,45,45203010,D,USA,334515,3825,230,940,B-,NY,FREQUENCY ELECTRONICS INC,FEIM
4900, , ,9/30/11,Mitchel Field,Frequency Electronics Inc.,4520,452030,45,45203010,D,USA,334515,3825,230,940,B-,NY,FREQUENCY ELECTRONICS INC,FEIM
4900, , ,10/31/11,Mitchel Field,Frequency Electronics Inc.,4520,452030,45,45203010,D,USA,334515,3825,230,940,B-,NY,FREQUENCY ELECTRONICS INC,FEIM
4900, , ,11/30/11,Mitchel Field,Frequency Electronics Inc.,4520,452030,45,45203010,D,USA,334515,3825,230,940,B-,NY,FREQUENCY ELECTRONICS INC,FEIM
4900, , ,12/31/11,Mitchel Field,Frequency Electronics Inc.,4520,452030,45,45203010,D,USA,334515,3825,230,940,B-,NY,FREQUENCY ELECTRONICS INC,FEIM
4900, , ,1/31/12,Mitchel Field,Frequency Electronics Inc.,4520,452030,45,45203010,D,USA,334515,3825,230,940,B-,NY,FREQUENCY ELECTRONICS INC,FEIM
4900, , ,2/29/12,Mitchel Field,Frequency Electronics Inc.,4520,452030,45,45203010,D,USA,334515,3825,230,940,B-,NY,FREQUENCY ELECTRONICS INC,FEIM
4900, , ,3/31/12,Mitchel Field,Frequency Electronics Inc.,4520,452030,45,45203010,D,USA,334515,3825,230,940,B-,NY,FREQUENCY ELECTRONICS INC,FEIM
4900, , ,4/30/12,Mitchel Field,Frequency Electronics Inc.,4520,452030,45,45203010,D,USA,334515,3825,230,940,B-,NY,FREQUENCY ELECTRONICS INC,FEIM
4900, , ,5/31/12,Mitchel Field,Frequency Electronics Inc.,4520,452030,45,45203010,D,USA,334515,3825,230,940,B-,NY,FREQUENCY ELECTRONICS INC,FEIM
4900, , ,6/30/12,Mitchel Field,Frequency Electronics Inc.,4520,452030,45,45203010,D,USA,334515,3825,230,940,B-,NY,FREQUENCY ELECTRONICS INC,FEIM
4900, , ,7/31/12,Mitchel Field,Frequency Electronics Inc.,4520,452030,45,45203010,D,USA,334515,3825,230,940,B-,NY,FREQUENCY ELECTRONICS INC,FEIM
4900, , ,8/31/12,Mitchel Field,Frequency Electronics Inc.,4520,452030,45,45203010,D,USA,334515,3825,230,940,B-,NY,FREQUENCY ELECTRONICS INC,FEIM
4900, , ,9/30/12,Mitchel Field,Frequency Electronics Inc.,4520,452030,45,45203010,D,USA,334515,3825,230,940,B-,NY,FREQUENCY ELECTRONICS INC,FEIM
4900, , ,10/31/12,Mitchel Field,Frequency Electronics Inc.,4520,452030,45,45203010,D,USA,334515,3825,230,940,B-,NY,FREQUENCY ELECTRONICS INC,FEIM
4900, , ,11/30/12,Mitchel Field,Frequency Electronics Inc.,4520,452030,45,45203010,D,USA,334515,3825,230,940,B-,NY,FREQUENCY ELECTRONICS INC,FEIM
4900, , ,12/31/12,Mitchel Field,Frequency Electronics Inc.,4520,452030,45,45203010,D,USA,334515,3825,230,940,B-,NY,FREQUENCY ELECTRONICS INC,FEIM
4900, , ,1/31/13,Mitchel Field,Frequency Electronics Inc.,4520,452030,45,45203010,D,USA,334515,3825,230,940,B-,NY,FREQUENCY ELECTRONICS INC,FEIM
4900, , ,2/28/13,Mitchel Field,Frequency Electronics Inc.,4520,452030,45,45203010,D,USA,334515,3825,230,940,B-,NY,FREQUENCY ELECTRONICS INC,FEIM
4900, , ,3/31/13,Mitchel Field,Frequency Electronics Inc.,4520,452030,45,45203010,D,USA,334515,3825,230,940,B-,NY,FREQUENCY ELECTRONICS INC,FEIM
4900, , ,4/30/13,Mitchel Field,Frequency Electronics Inc.,4520,452030,45,45203010,D,USA,334515,3825,230,940,B-,NY,FREQUENCY ELECTRONICS INC,FEIM
4900, , ,5/31/13,Mitchel Field,Frequency Electronics Inc.,4520,452030,45,45203010,D,USA,334515,3825,230,940,B-,NY,FREQUENCY ELECTRONICS INC,FEIM
4900, , ,6/30/13,Mitchel Field,Frequency Electronics Inc.,4520,452030,45,45203010,D,USA,334515,3825,230,940,B-,NY,FREQUENCY ELECTRONICS INC,FEIM
4900, , ,7/31/13,Mitchel Field,Frequency Electronics Inc.,4520,452030,45,45203010,D,USA,334515,3825,230,940,B-,NY,FREQUENCY ELECTRONICS INC,FEIM
4900, , ,8/31/13,Mitchel Field,Frequency Electronics Inc.,4520,452030,45,45203010,D,USA,334515,3825,230,940,B-,NY,FREQUENCY ELECTRONICS INC,FEIM
4900, , ,9/30/13,Mitchel Field,Frequency Electronics Inc.,4520,452030,45,45203010,D,USA,334515,3825,230,940,B-,NY,FREQUENCY ELECTRONICS INC,FEIM
4900, , ,10/31/13,Mitchel Field,Frequency Electronics Inc.,4520,452030,45,45203010,D,USA,334515,3825,230,940,B-,NY,FREQUENCY ELECTRONICS INC,FEIM
4925,AA-,A-1+,1/31/10,Tokyo,Fujifilm Holdings Corp,4520,452030,45,45203010,B,JPN,333316,3861,403,940, , ,FUJIFILM HLDGS CORP,FUJIY
4925,AA-,A-1+,2/28/10,Tokyo,Fujifilm Holdings Corp,4520,452030,45,45203010,B,JPN,333316,3861,403,940, , ,FUJIFILM HLDGS CORP,FUJIY
4925,AA-,A-1+,3/31/10,Tokyo,Fujifilm Holdings Corp,4520,452030,45,45203010,B,JPN,333316,3861,403,940, , ,FUJIFILM HLDGS CORP,FUJIY
4925,AA-,A-1+,4/30/10,Tokyo,Fujifilm Holdings Corp,4520,452030,45,45203010,B,JPN,333316,3861,403,940, , ,FUJIFILM HLDGS CORP,FUJIY
4925,AA-,A-1+,5/31/10,Tokyo,Fujifilm Holdings Corp,4520,452030,45,45203010,B,JPN,333316,3861,403,940, , ,FUJIFILM HLDGS CORP,FUJIY
4925,AA-,A-1+,6/30/10,Tokyo,Fujifilm Holdings Corp,4520,452030,45,45203010,B,JPN,333316,3861,403,940, , ,FUJIFILM HLDGS CORP,FUJIY
4925,AA-,A-1+,7/31/10,Tokyo,Fujifilm Holdings Corp,4520,452030,45,45203010,B,JPN,333316,3861,403,940, , ,FUJIFILM HLDGS CORP,FUJIY
4925,AA-,A-1+,8/31/10,Tokyo,Fujifilm Holdings Corp,4520,452030,45,45203010,B,JPN,333316,3861,403,940, , ,FUJIFILM HLDGS CORP,FUJIY
4925,AA-,A-1+,9/30/10,Tokyo,Fujifilm Holdings Corp,4520,452030,45,45203010,B,JPN,333316,3861,403,940, , ,FUJIFILM HLDGS CORP,FUJIY
4925,AA-,A-1+,10/31/10,Tokyo,Fujifilm Holdings Corp,4520,452030,45,45203010,B,JPN,333316,3861,403,940, , ,FUJIFILM HLDGS CORP,FUJIY
4925,AA-,A-1+,11/30/10,Tokyo,Fujifilm Holdings Corp,4520,452030,45,45203010,B,JPN,333316,3861,403,940, , ,FUJIFILM HLDGS CORP,FUJIY
4925,AA-,A-1+,12/31/10,Tokyo,Fujifilm Holdings Corp,4520,452030,45,45203010,B,JPN,333316,3861,403,940, , ,FUJIFILM HLDGS CORP,FUJIY
4925,AA-,A-1+,1/31/11,Tokyo,Fujifilm Holdings Corp,4520,452030,45,45203010,B,JPN,333316,3861,403,940, , ,FUJIFILM HLDGS CORP,FUJIY
4925,AA-,A-1+,2/28/11,Tokyo,Fujifilm Holdings Corp,4520,452030,45,45203010,B,JPN,333316,3861,403,940, , ,FUJIFILM HLDGS CORP,FUJIY
4925,AA-,A-1+,3/31/11,Tokyo,Fujifilm Holdings Corp,4520,452030,45,45203010,B,JPN,333316,3861,403,940, , ,FUJIFILM HLDGS CORP,FUJIY
4925,AA-,A-1+,4/30/11,Tokyo,Fujifilm Holdings Corp,4520,452030,45,45203010,B,JPN,333316,3861,403,940, , ,FUJIFILM HLDGS CORP,FUJIY
4925,AA-,A-1+,5/31/11,Tokyo,Fujifilm Holdings Corp,4520,452030,45,45203010,B,JPN,333316,3861,403,940, , ,FUJIFILM HLDGS CORP,FUJIY
4925,AA-,A-1+,6/30/11,Tokyo,Fujifilm Holdings Corp,4520,452030,45,45203010,B,JPN,333316,3861,403,940, , ,FUJIFILM HLDGS CORP,FUJIY
4925,AA-,A-1+,7/31/11,Tokyo,Fujifilm Holdings Corp,4520,452030,45,45203010,B,JPN,333316,3861,403,940, , ,FUJIFILM HLDGS CORP,FUJIY
4925,AA-,A-1+,8/31/11,Tokyo,Fujifilm Holdings Corp,4520,452030,45,45203010,B,JPN,333316,3861,403,940, , ,FUJIFILM HLDGS CORP,FUJIY
4925,AA-,A-1+,9/30/11,Tokyo,Fujifilm Holdings Corp,4520,452030,45,45203010,B,JPN,333316,3861,403,940, , ,FUJIFILM HLDGS CORP,FUJIY
4925,AA-,A-1+,10/31/11,Tokyo,Fujifilm Holdings Corp,4520,452030,45,45203010,B,JPN,333316,3861,403,940, , ,FUJIFILM HLDGS CORP,FUJIY
4925,AA-,A-1+,11/30/11,Tokyo,Fujifilm Holdings Corp,4520,452030,45,45203010,B,JPN,333316,3861,403,940, , ,FUJIFILM HLDGS CORP,FUJIY
4925,AA-,A-1+,12/31/11,Tokyo,Fujifilm Holdings Corp,4520,452030,45,45203010,B,JPN,333316,3861,403,940, , ,FUJIFILM HLDGS CORP,FUJIY
4925,AA-,A-1+,1/31/12,Tokyo,Fujifilm Holdings Corp,4520,452030,45,45203010,B,JPN,333316,3861,403,940, , ,FUJIFILM HLDGS CORP,FUJIY
4925,AA-,A-1+,2/29/12,Tokyo,Fujifilm Holdings Corp,4520,452030,45,45203010,B,JPN,333316,3861,403,940, , ,FUJIFILM HLDGS CORP,FUJIY
4925,AA-,A-1+,3/31/12,Tokyo,Fujifilm Holdings Corp,4520,452030,45,45203010,B,JPN,333316,3861,403,940, , ,FUJIFILM HLDGS CORP,FUJIY
4925,AA-,A-1+,4/30/12,Tokyo,Fujifilm Holdings Corp,4520,452030,45,45203010,B,JPN,333316,3861,403,940, , ,FUJIFILM HLDGS CORP,FUJIY
4925,AA-,A-1+,5/31/12,Tokyo,Fujifilm Holdings Corp,4520,452030,45,45203010,B,JPN,333316,3861,403,940, , ,FUJIFILM HLDGS CORP,FUJIY
4925,AA-,A-1+,6/30/12,Tokyo,Fujifilm Holdings Corp,4520,452030,45,45203010,B,JPN,333316,3861,403,940, , ,FUJIFILM HLDGS CORP,FUJIY
4925,AA-,A-1+,7/31/12,Tokyo,Fujifilm Holdings Corp,4520,452030,45,45203010,B,JPN,333316,3861,403,940, , ,FUJIFILM HLDGS CORP,FUJIY
4925,AA-,A-1+,8/31/12,Tokyo,Fujifilm Holdings Corp,4520,452030,45,45203010,B,JPN,333316,3861,403,940, , ,FUJIFILM HLDGS CORP,FUJIY
4925,AA-,A-1+,9/30/12,Tokyo,Fujifilm Holdings Corp,4520,452030,45,45203010,B,JPN,333316,3861,403,940, , ,FUJIFILM HLDGS CORP,FUJIY
4925,AA-,A-1+,10/31/12,Tokyo,Fujifilm Holdings Corp,4520,452030,45,45203010,B,JPN,333316,3861,403,940, , ,FUJIFILM HLDGS CORP,FUJIY
4925,AA-,A-1+,11/30/12,Tokyo,Fujifilm Holdings Corp,4520,452030,45,45203010,B,JPN,333316,3861,403,940, , ,FUJIFILM HLDGS CORP,FUJIY
4925,AA-,A-1+,12/31/12,Tokyo,Fujifilm Holdings Corp,4520,452030,45,45203010,B,JPN,333316,3861,403,940, , ,FUJIFILM HLDGS CORP,FUJIY
4925,AA-,A-1+,1/31/13,Tokyo,Fujifilm Holdings Corp,4520,452030,45,45203010,B,JPN,333316,3861,403,940, , ,FUJIFILM HLDGS CORP,FUJIY
4925,AA-,A-1+,2/28/13,Tokyo,Fujifilm Holdings Corp,4520,452030,45,45203010,B,JPN,333316,3861,403,940, , ,FUJIFILM HLDGS CORP,FUJIY
4925,AA-,A-1+,3/31/13,Tokyo,Fujifilm Holdings Corp,4520,452030,45,45203010,B,JPN,333316,3861,403,940, , ,FUJIFILM HLDGS CORP,FUJIY
4925,AA-,A-1+,4/30/13,Tokyo,Fujifilm Holdings Corp,4520,452030,45,45203010,B,JPN,333316,3861,403,940, , ,FUJIFILM HLDGS CORP,FUJIY
4925,AA-,A-1+,5/31/13,Tokyo,Fujifilm Holdings Corp,4520,452030,45,45203010,B,JPN,333316,3861,403,940, , ,FUJIFILM HLDGS CORP,FUJIY
4925,AA-,A-1+,6/30/13,Tokyo,Fujifilm Holdings Corp,4520,452030,45,45203010,B,JPN,333316,3861,403,940, , ,FUJIFILM HLDGS CORP,FUJIY
4925,AA-,A-1+,7/31/13,Tokyo,Fujifilm Holdings Corp,4520,452030,45,45203010,B,JPN,333316,3861,403,940, , ,FUJIFILM HLDGS CORP,FUJIY
4925,AA-,A-1+,8/31/13,Tokyo,Fujifilm Holdings Corp,4520,452030,45,45203010,B,JPN,333316,3861,403,940, , ,FUJIFILM HLDGS CORP,FUJIY
4925,AA-,A-1+,9/30/13,Tokyo,Fujifilm Holdings Corp,4520,452030,45,45203010,B,JPN,333316,3861,403,940, , ,FUJIFILM HLDGS CORP,FUJIY
4925,AA-,A-1+,10/31/13,Tokyo,Fujifilm Holdings Corp,4520,452030,45,45203010,B,JPN,333316,3861,403,940, , ,FUJIFILM HLDGS CORP,FUJIY
4925,AA-,A-1+,11/30/13,Tokyo,Fujifilm Holdings Corp,4520,452030,45,45203010,B,JPN,333316,3861,403,940, , ,FUJIFILM HLDGS CORP,FUJIY
4925,AA-,A-1+,12/31/13,Tokyo,Fujifilm Holdings Corp,4520,452030,45,45203010,B,JPN,333316,3861,403,940, , ,FUJIFILM HLDGS CORP,FUJIY
4925,AA-,A-1+,1/31/14,Tokyo,Fujifilm Holdings Corp,4520,452030,45,45203010,B,JPN,333316,3861,403,940, , ,FUJIFILM HLDGS CORP,FUJIY
4925,AA-,A-1+,2/28/14,Tokyo,Fujifilm Holdings Corp,4520,452030,45,45203010,B,JPN,333316,3861,403,940, , ,FUJIFILM HLDGS CORP,FUJIY
4925,AA-,A-1+,3/31/14,Tokyo,Fujifilm Holdings Corp,4520,452030,45,45203010,B,JPN,333316,3861,403,940, , ,FUJIFILM HLDGS CORP,FUJIY
4925,AA-,A-1+,4/30/14,Tokyo,Fujifilm Holdings Corp,4520,452030,45,45203010,B,JPN,333316,3861,403,940, , ,FUJIFILM HLDGS CORP,FUJIY
4925,AA-,A-1+,5/31/14,Tokyo,Fujifilm Holdings Corp,4520,452030,45,45203010,B,JPN,333316,3861,403,940, , ,FUJIFILM HLDGS CORP,FUJIY
4925,AA-,A-1+,6/30/14,Tokyo,Fujifilm Holdings Corp,4520,452030,45,45203010,B,JPN,333316,3861,403,940, , ,FUJIFILM HLDGS CORP,FUJIY
4991, , ,1/31/10,Yaphank,Gap Instrument Corp,4520,452030,45,45203010,D,USA,334515,3825,230,940, ,NY,GAP INSTRUMENT CORP,GAPN
4991, , ,2/28/10,Yaphank,Gap Instrument Corp,4520,452030,45,45203010,D,USA,334515,3825,230,940, ,NY,GAP INSTRUMENT CORP,GAPN
4991, , ,3/31/10,Yaphank,Gap Instrument Corp,4520,452030,45,45203010,D,USA,334515,3825,230,940, ,NY,GAP INSTRUMENT CORP,GAPN
4991, , ,4/30/10,Yaphank,Gap Instrument Corp,4520,452030,45,45203010,D,USA,334515,3825,230,940, ,NY,GAP INSTRUMENT CORP,GAPN
4991, , ,5/31/10,Yaphank,Gap Instrument Corp,4520,452030,45,45203010,D,USA,334515,3825,230,940, ,NY,GAP INSTRUMENT CORP,GAPN
4991, , ,6/30/10,Yaphank,Gap Instrument Corp,4520,452030,45,45203010,D,USA,334515,3825,230,940, ,NY,GAP INSTRUMENT CORP,GAPN
5043, , ,1/31/10,Naugatuck,General DataComm Industries Inc,4520,452010,45,45201020,D,USA,334210,3661,180,940, ,CT,GENERAL DATACOMM INDUSTRIES,GNRD
5043, , ,2/28/10,Naugatuck,General DataComm Industries Inc,4520,452010,45,45201020,D,USA,334210,3661,180,940, ,CT,GENERAL DATACOMM INDUSTRIES,GNRD
5043, , ,3/31/10,Naugatuck,General DataComm Industries Inc,4520,452010,45,45201020,D,USA,334210,3661,180,940, ,CT,GENERAL DATACOMM INDUSTRIES,GNRD
5043, , ,4/30/10,Naugatuck,General DataComm Industries Inc,4520,452010,45,45201020,D,USA,334210,3661,180,940, ,CT,GENERAL DATACOMM INDUSTRIES,GNRD
5043, , ,5/31/10,Naugatuck,General DataComm Industries Inc,4520,452010,45,45201020,D,USA,334210,3661,180,940, ,CT,GENERAL DATACOMM INDUSTRIES,GNRD
5043, , ,6/30/10,Naugatuck,General DataComm Industries Inc,4520,452010,45,45201020,D,USA,334210,3661,180,940, ,CT,GENERAL DATACOMM INDUSTRIES,GNRD
5043, , ,7/31/10,Naugatuck,General DataComm Industries Inc,4520,452010,45,45201020,D,USA,334210,3661,180,940, ,CT,GENERAL DATACOMM INDUSTRIES,GNRD
5043, , ,8/31/10,Naugatuck,General DataComm Industries Inc,4520,452010,45,45201020,D,USA,334210,3661,180,940, ,CT,GENERAL DATACOMM INDUSTRIES,GNRD
5043, , ,9/30/10,Naugatuck,General DataComm Industries Inc,4520,452010,45,45201020,D,USA,334210,3661,180,940, ,CT,GENERAL DATACOMM INDUSTRIES,GNRD
5043, , ,10/31/10,Naugatuck,General DataComm Industries Inc,4520,452010,45,45201020,D,USA,334210,3661,180,940, ,CT,GENERAL DATACOMM INDUSTRIES,GNRD
5043, , ,11/30/10,Naugatuck,General DataComm Industries Inc,4520,452010,45,45201020,D,USA,334210,3661,180,940, ,CT,GENERAL DATACOMM INDUSTRIES,GNRD
5043, , ,12/31/10,Naugatuck,General DataComm Industries Inc,4520,452010,45,45201020,D,USA,334210,3661,180,940, ,CT,GENERAL DATACOMM INDUSTRIES,GNRD
5043, , ,1/31/11,Naugatuck,General DataComm Industries Inc,4520,452010,45,45201020,D,USA,334210,3661,180,940, ,CT,GENERAL DATACOMM INDUSTRIES,GNRD
5043, , ,2/28/11,Naugatuck,General DataComm Industries Inc,4520,452010,45,45201020,D,USA,334210,3661,180,940, ,CT,GENERAL DATACOMM INDUSTRIES,GNRD
5043, , ,3/31/11,Naugatuck,General DataComm Industries Inc,4520,452010,45,45201020,D,USA,334210,3661,180,940, ,CT,GENERAL DATACOMM INDUSTRIES,GNRD
5043, , ,4/30/11,Naugatuck,General DataComm Industries Inc,4520,452010,45,45201020,D,USA,334210,3661,180,940, ,CT,GENERAL DATACOMM INDUSTRIES,GNRD
5043, , ,5/31/11,Naugatuck,General DataComm Industries Inc,4520,452010,45,45201020,D,USA,334210,3661,180,940, ,CT,GENERAL DATACOMM INDUSTRIES,GNRD
5043, , ,6/30/11,Naugatuck,General DataComm Industries Inc,4520,452010,45,45201020,D,USA,334210,3661,180,940, ,CT,GENERAL DATACOMM INDUSTRIES,GNRD
5043, , ,7/31/11,Naugatuck,General DataComm Industries Inc,4520,452010,45,45201020,D,USA,334210,3661,180,940, ,CT,GENERAL DATACOMM INDUSTRIES,GNRD
5043, , ,8/31/11,Naugatuck,General DataComm Industries Inc,4520,452010,45,45201020,D,USA,334210,3661,180,940, ,CT,GENERAL DATACOMM INDUSTRIES,GNRD
5043, , ,9/30/11,Naugatuck,General DataComm Industries Inc,4520,452010,45,45201020,D,USA,334210,3661,180,940, ,CT,GENERAL DATACOMM INDUSTRIES,GNRD
5043, , ,10/31/11,Naugatuck,General DataComm Industries Inc,4520,452010,45,45201020,D,USA,334210,3661,180,940, ,CT,GENERAL DATACOMM INDUSTRIES,GNRD
5043, , ,11/30/11,Naugatuck,General DataComm Industries Inc,4520,452010,45,45201020,D,USA,334210,3661,180,940, ,CT,GENERAL DATACOMM INDUSTRIES,GNRD
5043, , ,12/31/11,Naugatuck,General DataComm Industries Inc,4520,452010,45,45201020,D,USA,334210,3661,180,940, ,CT,GENERAL DATACOMM INDUSTRIES,GNRD
5043, , ,1/31/12,Naugatuck,General DataComm Industries Inc,4520,452010,45,45201020,D,USA,334210,3661,180,940, ,CT,GENERAL DATACOMM INDUSTRIES,GNRD
5043, , ,2/29/12,Naugatuck,General DataComm Industries Inc,4520,452010,45,45201020,D,USA,334210,3661,180,940, ,CT,GENERAL DATACOMM INDUSTRIES,GNRD
5043, , ,3/31/12,Naugatuck,General DataComm Industries Inc,4520,452010,45,45201020,D,USA,334210,3661,180,940, ,CT,GENERAL DATACOMM INDUSTRIES,GNRD
5043, , ,4/30/12,Naugatuck,General DataComm Industries Inc,4520,452010,45,45201020,D,USA,334210,3661,180,940, ,CT,GENERAL DATACOMM INDUSTRIES,GNRD
5043, , ,5/31/12,Naugatuck,General DataComm Industries Inc,4520,452010,45,45201020,D,USA,334210,3661,180,940, ,CT,GENERAL DATACOMM INDUSTRIES,GNRD
5043, , ,6/30/12,Naugatuck,General DataComm Industries Inc,4520,452010,45,45201020,D,USA,334210,3661,180,940, ,CT,GENERAL DATACOMM INDUSTRIES,GNRD
5043, , ,7/31/12,Naugatuck,General DataComm Industries Inc,4520,452010,45,45201020,D,USA,334210,3661,180,940, ,CT,GENERAL DATACOMM INDUSTRIES,GNRD
5043, , ,8/31/12,Naugatuck,General DataComm Industries Inc,4520,452010,45,45201020,D,USA,334210,3661,180,940, ,CT,GENERAL DATACOMM INDUSTRIES,GNRD
5043, , ,9/30/12,Naugatuck,General DataComm Industries Inc,4520,452010,45,45201020,D,USA,334210,3661,180,940, ,CT,GENERAL DATACOMM INDUSTRIES,GNRD
5043, , ,10/31/12,Naugatuck,General DataComm Industries Inc,4520,452010,45,45201020,D,USA,334210,3661,180,940, ,CT,GENERAL DATACOMM INDUSTRIES,GNRD
5043, , ,11/30/12,Naugatuck,General DataComm Industries Inc,4520,452010,45,45201020,D,USA,334210,3661,180,940, ,CT,GENERAL DATACOMM INDUSTRIES,GNRD
5043, , ,12/31/12,Naugatuck,General DataComm Industries Inc,4520,452010,45,45201020,D,USA,334210,3661,180,940, ,CT,GENERAL DATACOMM INDUSTRIES,GNRD
5043, , ,1/31/13,Naugatuck,General DataComm Industries Inc,4520,452010,45,45201020,D,USA,334210,3661,180,940, ,CT,GENERAL DATACOMM INDUSTRIES,GNRD
5043, , ,2/28/13,Naugatuck,General DataComm Industries Inc,4520,452010,45,45201020,D,USA,334210,3661,180,940, ,CT,GENERAL DATACOMM INDUSTRIES,GNRD
5043, , ,3/31/13,Naugatuck,General DataComm Industries Inc,4520,452010,45,45201020,D,USA,334210,3661,180,940, ,CT,GENERAL DATACOMM INDUSTRIES,GNRD
5043, , ,4/30/13,Naugatuck,General DataComm Industries Inc,4520,452010,45,45201020,D,USA,334210,3661,180,940, ,CT,GENERAL DATACOMM INDUSTRIES,GNRD
5043, , ,5/31/13,Naugatuck,General DataComm Industries Inc,4520,452010,45,45201020,D,USA,334210,3661,180,940, ,CT,GENERAL DATACOMM INDUSTRIES,GNRD
5043, , ,6/30/13,Naugatuck,General DataComm Industries Inc,4520,452010,45,45201020,D,USA,334210,3661,180,940, ,CT,GENERAL DATACOMM INDUSTRIES,GNRD
5043, , ,7/31/13,Naugatuck,General DataComm Industries Inc,4520,452010,45,45201020,D,USA,334210,3661,180,940, ,CT,GENERAL DATACOMM INDUSTRIES,GNRD
5043, , ,8/31/13,Naugatuck,General DataComm Industries Inc,4520,452010,45,45201020,D,USA,334210,3661,180,940, ,CT,GENERAL DATACOMM INDUSTRIES,GNRD
5043, , ,9/30/13,Naugatuck,General DataComm Industries Inc,4520,452010,45,45201020,D,USA,334210,3661,180,940, ,CT,GENERAL DATACOMM INDUSTRIES,GNRD
5043, , ,10/31/13,Naugatuck,General DataComm Industries Inc,4520,452010,45,45201020,D,USA,334210,3661,180,940, ,CT,GENERAL DATACOMM INDUSTRIES,GNRD
5138, , ,1/31/10,HAUPPAUGE,Geotel Inc,4520,452010,45,45201020,D,USA,334220,3663,180,940, ,NY,GEOTEL INC,3GETE
5138, , ,2/28/10,HAUPPAUGE,Geotel Inc,4520,452010,45,45201020,D,USA,334220,3663,180,940, ,NY,GEOTEL INC,3GETE
5138, , ,3/31/10,HAUPPAUGE,Geotel Inc,4520,452010,45,45201020,D,USA,334220,3663,180,940, ,NY,GEOTEL INC,3GETE
5138, , ,4/30/10,HAUPPAUGE,Geotel Inc,4520,452010,45,45201020,D,USA,334220,3663,180,940, ,NY,GEOTEL INC,3GETE
5138, , ,5/31/10,HAUPPAUGE,Geotel Inc,4520,452010,45,45201020,D,USA,334220,3663,180,940, ,NY,GEOTEL INC,3GETE
5138, , ,6/30/10,HAUPPAUGE,Geotel Inc,4520,452010,45,45201020,D,USA,334220,3663,180,940, ,NY,GEOTEL INC,3GETE
5138, , ,7/31/10,HAUPPAUGE,Geotel Inc,4520,452010,45,45201020,D,USA,334220,3663,180,940, ,NY,GEOTEL INC,3GETE
5138, , ,8/31/10,HAUPPAUGE,Geotel Inc,4520,452010,45,45201020,D,USA,334220,3663,180,940, ,NY,GEOTEL INC,3GETE
5138, , ,9/30/10,HAUPPAUGE,Geotel Inc,4520,452010,45,45201020,D,USA,334220,3663,180,940, ,NY,GEOTEL INC,3GETE
5138, , ,10/31/10,HAUPPAUGE,Geotel Inc,4520,452010,45,45201020,D,USA,334220,3663,180,940, ,NY,GEOTEL INC,3GETE
5138, , ,11/30/10,HAUPPAUGE,Geotel Inc,4520,452010,45,45201020,D,USA,334220,3663,180,940, ,NY,GEOTEL INC,3GETE
5138, , ,12/31/10,HAUPPAUGE,Geotel Inc,4520,452010,45,45201020,D,USA,334220,3663,180,940, ,NY,GEOTEL INC,3GETE
5138, , ,1/31/11,HAUPPAUGE,Geotel Inc,4520,452010,45,45201020,D,USA,334220,3663,180,940, ,NY,GEOTEL INC,3GETE
5138, , ,2/28/11,HAUPPAUGE,Geotel Inc,4520,452010,45,45201020,D,USA,334220,3663,180,940, ,NY,GEOTEL INC,3GETE
5138, , ,3/31/11,HAUPPAUGE,Geotel Inc,4520,452010,45,45201020,D,USA,334220,3663,180,940, ,NY,GEOTEL INC,3GETE
5138, , ,4/30/11,HAUPPAUGE,Geotel Inc,4520,452010,45,45201020,D,USA,334220,3663,180,940, ,NY,GEOTEL INC,3GETE
5138, , ,5/31/11,HAUPPAUGE,Geotel Inc,4520,452010,45,45201020,D,USA,334220,3663,180,940, ,NY,GEOTEL INC,3GETE
5138, , ,6/30/11,HAUPPAUGE,Geotel Inc,4520,452010,45,45201020,D,USA,334220,3663,180,940, ,NY,GEOTEL INC,3GETE
5138, , ,7/31/11,HAUPPAUGE,Geotel Inc,4520,452010,45,45201020,D,USA,334220,3663,180,940, ,NY,GEOTEL INC,3GETE
5138, , ,8/31/11,HAUPPAUGE,Geotel Inc,4520,452010,45,45201020,D,USA,334220,3663,180,940, ,NY,GEOTEL INC,3GETE
5138, , ,9/30/11,HAUPPAUGE,Geotel Inc,4520,452010,45,45201020,D,USA,334220,3663,180,940, ,NY,GEOTEL INC,3GETE
5138, , ,10/31/11,HAUPPAUGE,Geotel Inc,4520,452010,45,45201020,D,USA,334220,3663,180,940, ,NY,GEOTEL INC,3GETE
5138, , ,11/30/11,HAUPPAUGE,Geotel Inc,4520,452010,45,45201020,D,USA,334220,3663,180,940, ,NY,GEOTEL INC,3GETE
5138, , ,12/31/11,HAUPPAUGE,Geotel Inc,4520,452010,45,45201020,D,USA,334220,3663,180,940, ,NY,GEOTEL INC,3GETE
5138, , ,1/31/12,HAUPPAUGE,Geotel Inc,4520,452010,45,45201020,D,USA,334220,3663,180,940, ,NY,GEOTEL INC,3GETE
5138, , ,2/29/12,HAUPPAUGE,Geotel Inc,4520,452010,45,45201020,D,USA,334220,3663,180,940, ,NY,GEOTEL INC,3GETE
5138, , ,3/31/12,HAUPPAUGE,Geotel Inc,4520,452010,45,45201020,D,USA,334220,3663,180,940, ,NY,GEOTEL INC,3GETE
5138, , ,4/30/12,HAUPPAUGE,Geotel Inc,4520,452010,45,45201020,D,USA,334220,3663,180,940, ,NY,GEOTEL INC,3GETE
5138, , ,5/31/12,HAUPPAUGE,Geotel Inc,4520,452010,45,45201020,D,USA,334220,3663,180,940, ,NY,GEOTEL INC,3GETE
5138, , ,6/30/12,HAUPPAUGE,Geotel Inc,4520,452010,45,45201020,D,USA,334220,3663,180,940, ,NY,GEOTEL INC,3GETE
5138, , ,7/31/12,HAUPPAUGE,Geotel Inc,4520,452010,45,45201020,D,USA,334220,3663,180,940, ,NY,GEOTEL INC,3GETE
5138, , ,8/31/12,HAUPPAUGE,Geotel Inc,4520,452010,45,45201020,D,USA,334220,3663,180,940, ,NY,GEOTEL INC,3GETE
5138, , ,9/30/12,HAUPPAUGE,Geotel Inc,4520,452010,45,45201020,D,USA,334220,3663,180,940, ,NY,GEOTEL INC,3GETE
5138, , ,10/31/12,HAUPPAUGE,Geotel Inc,4520,452010,45,45201020,D,USA,334220,3663,180,940, ,NY,GEOTEL INC,3GETE
5138, , ,11/30/12,HAUPPAUGE,Geotel Inc,4520,452010,45,45201020,D,USA,334220,3663,180,940, ,NY,GEOTEL INC,3GETE
5138, , ,12/31/12,HAUPPAUGE,Geotel Inc,4520,452010,45,45201020,D,USA,334220,3663,180,940, ,NY,GEOTEL INC,3GETE
5138, , ,1/31/13,HAUPPAUGE,Geotel Inc,4520,452010,45,45201020,D,USA,334220,3663,180,940, ,NY,GEOTEL INC,3GETE
5138, , ,2/28/13,HAUPPAUGE,Geotel Inc,4520,452010,45,45201020,D,USA,334220,3663,180,940, ,NY,GEOTEL INC,3GETE
5138, , ,3/31/13,HAUPPAUGE,Geotel Inc,4520,452010,45,45201020,D,USA,334220,3663,180,940, ,NY,GEOTEL INC,3GETE
5138, , ,4/30/13,HAUPPAUGE,Geotel Inc,4520,452010,45,45201020,D,USA,334220,3663,180,940, ,NY,GEOTEL INC,3GETE
5138, , ,5/31/13,HAUPPAUGE,Geotel Inc,4520,452010,45,45201020,D,USA,334220,3663,180,940, ,NY,GEOTEL INC,3GETE
5138, , ,6/30/13,HAUPPAUGE,Geotel Inc,4520,452010,45,45201020,D,USA,334220,3663,180,940, ,NY,GEOTEL INC,3GETE
5138, , ,7/31/13,HAUPPAUGE,Geotel Inc,4520,452010,45,45201020,D,USA,334220,3663,180,940, ,NY,GEOTEL INC,3GETE
5138, , ,8/31/13,HAUPPAUGE,Geotel Inc,4520,452010,45,45201020,D,USA,334220,3663,180,940, ,NY,GEOTEL INC,3GETE
5138, , ,9/30/13,HAUPPAUGE,Geotel Inc,4520,452010,45,45201020,D,USA,334220,3663,180,940, ,NY,GEOTEL INC,3GETE
5138, , ,10/31/13,HAUPPAUGE,Geotel Inc,4520,452010,45,45201020,D,USA,334220,3663,180,940, ,NY,GEOTEL INC,3GETE
5142, , ,1/31/10,Tolland,Gerber Scientific Inc,4520,452030,45,45203010,D,USA,333319,3559,454,940,C,CT,GERBER SCIENTIFIC INC,GRB
5142, , ,2/28/10,Tolland,Gerber Scientific Inc,4520,452030,45,45203010,D,USA,333319,3559,454,940,C,CT,GERBER SCIENTIFIC INC,GRB
5142, , ,3/31/10,Tolland,Gerber Scientific Inc,4520,452030,45,45203010,D,USA,333319,3559,454,940,C,CT,GERBER SCIENTIFIC INC,GRB
5142, , ,4/30/10,Tolland,Gerber Scientific Inc,4520,452030,45,45203010,D,USA,333319,3559,454,940,C,CT,GERBER SCIENTIFIC INC,GRB
5142, , ,5/31/10,Tolland,Gerber Scientific Inc,4520,452030,45,45203010,D,USA,333319,3559,454,940,C,CT,GERBER SCIENTIFIC INC,GRB
5142, , ,6/30/10,Tolland,Gerber Scientific Inc,4520,452030,45,45203010,D,USA,333319,3559,454,940,C,CT,GERBER SCIENTIFIC INC,GRB
5142, , ,7/31/10,Tolland,Gerber Scientific Inc,4520,452030,45,45203010,D,USA,333319,3559,454,940,C,CT,GERBER SCIENTIFIC INC,GRB
5142, , ,8/31/10,Tolland,Gerber Scientific Inc,4520,452030,45,45203010,D,USA,333319,3559,454,940,C,CT,GERBER SCIENTIFIC INC,GRB
5142, , ,9/30/10,Tolland,Gerber Scientific Inc,4520,452030,45,45203010,D,USA,333319,3559,454,940,C,CT,GERBER SCIENTIFIC INC,GRB
5142, , ,10/31/10,Tolland,Gerber Scientific Inc,4520,452030,45,45203010,D,USA,333319,3559,454,940,C,CT,GERBER SCIENTIFIC INC,GRB
5142, , ,11/30/10,Tolland,Gerber Scientific Inc,4520,452030,45,45203010,D,USA,333319,3559,454,940,C,CT,GERBER SCIENTIFIC INC,GRB
5142, , ,12/31/10,Tolland,Gerber Scientific Inc,4520,452030,45,45203010,D,USA,333319,3559,454,940,C,CT,GERBER SCIENTIFIC INC,GRB
5142, , ,1/31/11,Tolland,Gerber Scientific Inc,4520,452030,45,45203010,D,USA,333319,3559,454,940,C,CT,GERBER SCIENTIFIC INC,GRB
5142, , ,2/28/11,Tolland,Gerber Scientific Inc,4520,452030,45,45203010,D,USA,333319,3559,454,940,C,CT,GERBER SCIENTIFIC INC,GRB
5142, , ,3/31/11,Tolland,Gerber Scientific Inc,4520,452030,45,45203010,D,USA,333319,3559,454,940,C,CT,GERBER SCIENTIFIC INC,GRB
5142, , ,4/30/11,Tolland,Gerber Scientific Inc,4520,452030,45,45203010,D,USA,333319,3559,454,940,C,CT,GERBER SCIENTIFIC INC,GRB
5142, , ,5/31/11,Tolland,Gerber Scientific Inc,4520,452030,45,45203010,D,USA,333319,3559,454,940,C,CT,GERBER SCIENTIFIC INC,GRB
5142, , ,6/30/11,Tolland,Gerber Scientific Inc,4520,452030,45,45203010,D,USA,333319,3559,454,940,C,CT,GERBER SCIENTIFIC INC,GRB
5142, , ,7/31/11,Tolland,Gerber Scientific Inc,4520,452030,45,45203010,D,USA,333319,3559,454,940,C,CT,GERBER SCIENTIFIC INC,GRB
5142, , ,8/31/11,Tolland,Gerber Scientific Inc,4520,452030,45,45203010,D,USA,333319,3559,454,940,C,CT,GERBER SCIENTIFIC INC,GRB
5165, , ,1/31/10,San Ramon,Giga-Tronics Inc,4520,452030,45,45203010,D,USA,334515,3825,230,940,C,CA,GIGA-TRONICS INC,GIGA
5165, , ,2/28/10,San Ramon,Giga-Tronics Inc,4520,452030,45,45203010,D,USA,334515,3825,230,940,C,CA,GIGA-TRONICS INC,GIGA
5165, , ,3/31/10,San Ramon,Giga-Tronics Inc,4520,452030,45,45203010,D,USA,334515,3825,230,940,C,CA,GIGA-TRONICS INC,GIGA
5165, , ,4/30/10,San Ramon,Giga-Tronics Inc,4520,452030,45,45203010,D,USA,334515,3825,230,940,C,CA,GIGA-TRONICS INC,GIGA
5165, , ,5/31/10,San Ramon,Giga-Tronics Inc,4520,452030,45,45203010,D,USA,334515,3825,230,940,C,CA,GIGA-TRONICS INC,GIGA
5165, , ,6/30/10,San Ramon,Giga-Tronics Inc,4520,452030,45,45203010,D,USA,334515,3825,230,940,C,CA,GIGA-TRONICS INC,GIGA
5165, , ,7/31/10,San Ramon,Giga-Tronics Inc,4520,452030,45,45203010,D,USA,334515,3825,230,940,C,CA,GIGA-TRONICS INC,GIGA
5165, , ,8/31/10,San Ramon,Giga-Tronics Inc,4520,452030,45,45203010,D,USA,334515,3825,230,940,C,CA,GIGA-TRONICS INC,GIGA
5165, , ,9/30/10,San Ramon,Giga-Tronics Inc,4520,452030,45,45203010,D,USA,334515,3825,230,940,C,CA,GIGA-TRONICS INC,GIGA
5165, , ,10/31/10,San Ramon,Giga-Tronics Inc,4520,452030,45,45203010,D,USA,334515,3825,230,940,C,CA,GIGA-TRONICS INC,GIGA
5165, , ,11/30/10,San Ramon,Giga-Tronics Inc,4520,452030,45,45203010,D,USA,334515,3825,230,940,C,CA,GIGA-TRONICS INC,GIGA
5165, , ,12/31/10,San Ramon,Giga-Tronics Inc,4520,452030,45,45203010,D,USA,334515,3825,230,940,C,CA,GIGA-TRONICS INC,GIGA
5165, , ,1/31/11,San Ramon,Giga-Tronics Inc,4520,452030,45,45203010,D,USA,334515,3825,230,940,C,CA,GIGA-TRONICS INC,GIGA
5165, , ,2/28/11,San Ramon,Giga-Tronics Inc,4520,452030,45,45203010,D,USA,334515,3825,230,940,C,CA,GIGA-TRONICS INC,GIGA
5165, , ,3/31/11,San Ramon,Giga-Tronics Inc,4520,452030,45,45203010,D,USA,334515,3825,230,940,C,CA,GIGA-TRONICS INC,GIGA
5165, , ,4/30/11,San Ramon,Giga-Tronics Inc,4520,452030,45,45203010,D,USA,334515,3825,230,940,C,CA,GIGA-TRONICS INC,GIGA
5165, , ,5/31/11,San Ramon,Giga-Tronics Inc,4520,452030,45,45203010,D,USA,334515,3825,230,940,C,CA,GIGA-TRONICS INC,GIGA
5165, , ,6/30/11,San Ramon,Giga-Tronics Inc,4520,452030,45,45203010,D,USA,334515,3825,230,940,C,CA,GIGA-TRONICS INC,GIGA
5165, , ,7/31/11,San Ramon,Giga-Tronics Inc,4520,452030,45,45203010,D,USA,334515,3825,230,940,C,CA,GIGA-TRONICS INC,GIGA
5165, , ,8/31/11,San Ramon,Giga-Tronics Inc,4520,452030,45,45203010,D,USA,334515,3825,230,940,C,CA,GIGA-TRONICS INC,GIGA
5165, , ,9/30/11,San Ramon,Giga-Tronics Inc,4520,452030,45,45203010,D,USA,334515,3825,230,940,C,CA,GIGA-TRONICS INC,GIGA
5165, , ,10/31/11,San Ramon,Giga-Tronics Inc,4520,452030,45,45203010,D,USA,334515,3825,230,940,C,CA,GIGA-TRONICS INC,GIGA
5165, , ,11/30/11,San Ramon,Giga-Tronics Inc,4520,452030,45,45203010,D,USA,334515,3825,230,940,C,CA,GIGA-TRONICS INC,GIGA
5165, , ,12/31/11,San Ramon,Giga-Tronics Inc,4520,452030,45,45203010,D,USA,334515,3825,230,940,C,CA,GIGA-TRONICS INC,GIGA
5165, , ,1/31/12,San Ramon,Giga-Tronics Inc,4520,452030,45,45203010,D,USA,334515,3825,230,940,C,CA,GIGA-TRONICS INC,GIGA
5165, , ,2/29/12,San Ramon,Giga-Tronics Inc,4520,452030,45,45203010,D,USA,334515,3825,230,940,C,CA,GIGA-TRONICS INC,GIGA
5165, , ,3/31/12,San Ramon,Giga-Tronics Inc,4520,452030,45,45203010,D,USA,334515,3825,230,940,C,CA,GIGA-TRONICS INC,GIGA
5165, , ,4/30/12,San Ramon,Giga-Tronics Inc,4520,452030,45,45203010,D,USA,334515,3825,230,940,C,CA,GIGA-TRONICS INC,GIGA
5165, , ,5/31/12,San Ramon,Giga-Tronics Inc,4520,452030,45,45203010,D,USA,334515,3825,230,940,C,CA,GIGA-TRONICS INC,GIGA
5165, , ,6/30/12,San Ramon,Giga-Tronics Inc,4520,452030,45,45203010,D,USA,334515,3825,230,940,C,CA,GIGA-TRONICS INC,GIGA
5165, , ,7/31/12,San Ramon,Giga-Tronics Inc,4520,452030,45,45203010,D,USA,334515,3825,230,940,C,CA,GIGA-TRONICS INC,GIGA
5165, , ,8/31/12,San Ramon,Giga-Tronics Inc,4520,452030,45,45203010,D,USA,334515,3825,230,940,C,CA,GIGA-TRONICS INC,GIGA
5165, , ,9/30/12,San Ramon,Giga-Tronics Inc,4520,452030,45,45203010,D,USA,334515,3825,230,940,C,CA,GIGA-TRONICS INC,GIGA
5165, , ,10/31/12,San Ramon,Giga-Tronics Inc,4520,452030,45,45203010,D,USA,334515,3825,230,940,C,CA,GIGA-TRONICS INC,GIGA
5165, , ,11/30/12,San Ramon,Giga-Tronics Inc,4520,452030,45,45203010,D,USA,334515,3825,230,940,C,CA,GIGA-TRONICS INC,GIGA
5165, , ,12/31/12,San Ramon,Giga-Tronics Inc,4520,452030,45,45203010,D,USA,334515,3825,230,940,C,CA,GIGA-TRONICS INC,GIGA
5165, , ,1/31/13,San Ramon,Giga-Tronics Inc,4520,452030,45,45203010,D,USA,334515,3825,230,940,C,CA,GIGA-TRONICS INC,GIGA
5165, , ,2/28/13,San Ramon,Giga-Tronics Inc,4520,452030,45,45203010,D,USA,334515,3825,230,940,C,CA,GIGA-TRONICS INC,GIGA
5165, , ,3/31/13,San Ramon,Giga-Tronics Inc,4520,452030,45,45203010,D,USA,334515,3825,230,940,C,CA,GIGA-TRONICS INC,GIGA
5165, , ,4/30/13,San Ramon,Giga-Tronics Inc,4520,452030,45,45203010,D,USA,334515,3825,230,940,C,CA,GIGA-TRONICS INC,GIGA
5165, , ,5/31/13,San Ramon,Giga-Tronics Inc,4520,452030,45,45203010,D,USA,334515,3825,230,940,C,CA,GIGA-TRONICS INC,GIGA
5165, , ,6/30/13,San Ramon,Giga-Tronics Inc,4520,452030,45,45203010,D,USA,334515,3825,230,940,C,CA,GIGA-TRONICS INC,GIGA
5165, , ,7/31/13,San Ramon,Giga-Tronics Inc,4520,452030,45,45203010,D,USA,334515,3825,230,940,C,CA,GIGA-TRONICS INC,GIGA
5165, , ,8/31/13,San Ramon,Giga-Tronics Inc,4520,452030,45,45203010,D,USA,334515,3825,230,940,C,CA,GIGA-TRONICS INC,GIGA
5165, , ,9/30/13,San Ramon,Giga-Tronics Inc,4520,452030,45,45203010,D,USA,334515,3825,230,940,C,CA,GIGA-TRONICS INC,GIGA
5165, , ,10/31/13,San Ramon,Giga-Tronics Inc,4520,452030,45,45203010,D,USA,334515,3825,230,940,C,CA,GIGA-TRONICS INC,GIGA
5404, , ,1/31/10,Victoria,HEI Inc,4520,452030,45,45203020,D,USA,334413,3674,235,940,B-,MN,HEI INC,HEII
5404, , ,2/28/10,Victoria,HEI Inc,4520,452030,45,45203020,D,USA,334413,3674,235,940,B-,MN,HEI INC,HEII
5404, , ,3/31/10,Victoria,HEI Inc,4520,452030,45,45203020,D,USA,334413,3674,235,940,B-,MN,HEI INC,HEII
5404, , ,4/30/10,Victoria,HEI Inc,4520,452030,45,45203020,D,USA,334413,3674,235,940,B-,MN,HEI INC,HEII
5404, , ,5/31/10,Victoria,HEI Inc,4520,452030,45,45203020,D,USA,334413,3674,235,940,B-,MN,HEI INC,HEII
5404, , ,6/30/10,Victoria,HEI Inc,4520,452030,45,45203020,D,USA,334413,3674,235,940,B-,MN,HEI INC,HEII
5404, , ,7/31/10,Victoria,HEI Inc,4520,452030,45,45203020,D,USA,334413,3674,235,940,B-,MN,HEI INC,HEII
5404, , ,8/31/10,Victoria,HEI Inc,4520,452030,45,45203020,D,USA,334413,3674,235,940,B-,MN,HEI INC,HEII
5404, , ,9/30/10,Victoria,HEI Inc,4520,452030,45,45203020,D,USA,334413,3674,235,940,B-,MN,HEI INC,HEII
5404, , ,10/31/10,Victoria,HEI Inc,4520,452030,45,45203020,D,USA,334413,3674,235,940,B-,MN,HEI INC,HEII
5404, , ,11/30/10,Victoria,HEI Inc,4520,452030,45,45203020,D,USA,334413,3674,235,940,B-,MN,HEI INC,HEII
5404, , ,12/31/10,Victoria,HEI Inc,4520,452030,45,45203020,D,USA,334413,3674,235,940,B-,MN,HEI INC,HEII
5404, , ,1/31/11,Victoria,HEI Inc,4520,452030,45,45203020,D,USA,334413,3674,235,940,B-,MN,HEI INC,HEII
5404, , ,2/28/11,Victoria,HEI Inc,4520,452030,45,45203020,D,USA,334413,3674,235,940,B-,MN,HEI INC,HEII
5404, , ,3/31/11,Victoria,HEI Inc,4520,452030,45,45203020,D,USA,334413,3674,235,940,B-,MN,HEI INC,HEII
5404, , ,4/30/11,Victoria,HEI Inc,4520,452030,45,45203020,D,USA,334413,3674,235,940,B-,MN,HEI INC,HEII
5404, , ,5/31/11,Victoria,HEI Inc,4520,452030,45,45203020,D,USA,334413,3674,235,940,B-,MN,HEI INC,HEII
5404, , ,6/30/11,Victoria,HEI Inc,4520,452030,45,45203020,D,USA,334413,3674,235,940,B-,MN,HEI INC,HEII
5404, , ,7/31/11,Victoria,HEI Inc,4520,452030,45,45203020,D,USA,334413,3674,235,940,B-,MN,HEI INC,HEII
5404, , ,8/31/11,Victoria,HEI Inc,4520,452030,45,45203020,D,USA,334413,3674,235,940,B-,MN,HEI INC,HEII
5404, , ,9/30/11,Victoria,HEI Inc,4520,452030,45,45203020,D,USA,334413,3674,235,940,B-,MN,HEI INC,HEII
5404, , ,10/31/11,Victoria,HEI Inc,4520,452030,45,45203020,D,USA,334413,3674,235,940,B-,MN,HEI INC,HEII
5404, , ,11/30/11,Victoria,HEI Inc,4520,452030,45,45203020,D,USA,334413,3674,235,940,B-,MN,HEI INC,HEII
5404, , ,12/31/11,Victoria,HEI Inc,4520,452030,45,45203020,D,USA,334413,3674,235,940,B-,MN,HEI INC,HEII
5404, , ,1/31/12,Victoria,HEI Inc,4520,452030,45,45203020,D,USA,334413,3674,235,940,B-,MN,HEI INC,HEII
5404, , ,2/29/12,Victoria,HEI Inc,4520,452030,45,45203020,D,USA,334413,3674,235,940,B-,MN,HEI INC,HEII
5404, , ,3/31/12,Victoria,HEI Inc,4520,452030,45,45203020,D,USA,334413,3674,235,940,B-,MN,HEI INC,HEII
5404, , ,4/30/12,Victoria,HEI Inc,4520,452030,45,45203020,D,USA,334413,3674,235,940,B-,MN,HEI INC,HEII
5404, , ,5/31/12,Victoria,HEI Inc,4520,452030,45,45203020,D,USA,334413,3674,235,940,B-,MN,HEI INC,HEII
5404, , ,6/30/12,Victoria,HEI Inc,4520,452030,45,45203020,D,USA,334413,3674,235,940,B-,MN,HEI INC,HEII
5404, , ,7/31/12,Victoria,HEI Inc,4520,452030,45,45203020,D,USA,334413,3674,235,940,B-,MN,HEI INC,HEII
5404, , ,8/31/12,Victoria,HEI Inc,4520,452030,45,45203020,D,USA,334413,3674,235,940,B-,MN,HEI INC,HEII
5404, , ,9/30/12,Victoria,HEI Inc,4520,452030,45,45203020,D,USA,334413,3674,235,940,B-,MN,HEI INC,HEII
5404, , ,10/31/12,Victoria,HEI Inc,4520,452030,45,45203020,D,USA,334413,3674,235,940,B-,MN,HEI INC,HEII
5404, , ,11/30/12,Victoria,HEI Inc,4520,452030,45,45203020,D,USA,334413,3674,235,940,B-,MN,HEI INC,HEII
5404, , ,12/31/12,Victoria,HEI Inc,4520,452030,45,45203020,D,USA,334413,3674,235,940,B-,MN,HEI INC,HEII
5404, , ,1/31/13,Victoria,HEI Inc,4520,452030,45,45203020,D,USA,334413,3674,235,940,B-,MN,HEI INC,HEII
5404, , ,2/28/13,Victoria,HEI Inc,4520,452030,45,45203020,D,USA,334413,3674,235,940,B-,MN,HEI INC,HEII
5404, , ,3/31/13,Victoria,HEI Inc,4520,452030,45,45203020,D,USA,334413,3674,235,940,B-,MN,HEI INC,HEII
5404, , ,4/30/13,Victoria,HEI Inc,4520,452030,45,45203020,D,USA,334413,3674,235,940,B-,MN,HEI INC,HEII
5404, , ,5/31/13,Victoria,HEI Inc,4520,452030,45,45203020,D,USA,334413,3674,235,940,B-,MN,HEI INC,HEII
5404, , ,6/30/13,Victoria,HEI Inc,4520,452030,45,45203020,D,USA,334413,3674,235,940,B-,MN,HEI INC,HEII
5404, , ,7/31/13,Victoria,HEI Inc,4520,452030,45,45203020,D,USA,334413,3674,235,940,B-,MN,HEI INC,HEII
5404, , ,8/31/13,Victoria,HEI Inc,4520,452030,45,45203020,D,USA,334413,3674,235,940,B-,MN,HEI INC,HEII
5404, , ,9/30/13,Victoria,HEI Inc,4520,452030,45,45203020,D,USA,334413,3674,235,940,B-,MN,HEI INC,HEII
5404, , ,10/31/13,Victoria,HEI Inc,4520,452030,45,45203020,D,USA,334413,3674,235,940,B-,MN,HEI INC,HEII
5492,BBB+,A-2,1/31/10,Melbourne,Harris Corp,4520,452010,45,45201020,D,USA,334220,3663,220,925,B+,FL,HARRIS CORP,HRS
5492,BBB+,A-2,2/28/10,Melbourne,Harris Corp,4520,452010,45,45201020,D,USA,334220,3663,220,925,B+,FL,HARRIS CORP,HRS
5492,BBB+,A-2,3/31/10,Melbourne,Harris Corp,4520,452010,45,45201020,D,USA,334220,3663,220,925,B+,FL,HARRIS CORP,HRS
5492,BBB+,A-2,4/30/10,Melbourne,Harris Corp,4520,452010,45,45201020,D,USA,334220,3663,220,925,B+,FL,HARRIS CORP,HRS
5492,BBB+,A-2,5/31/10,Melbourne,Harris Corp,4520,452010,45,45201020,D,USA,334220,3663,220,925,B+,FL,HARRIS CORP,HRS
5492,BBB+,A-2,6/30/10,Melbourne,Harris Corp,4520,452010,45,45201020,D,USA,334220,3663,220,925,B+,FL,HARRIS CORP,HRS
5492,BBB+,A-2,7/31/10,Melbourne,Harris Corp,4520,452010,45,45201020,D,USA,334220,3663,220,925,B+,FL,HARRIS CORP,HRS
5492,BBB+,A-2,8/31/10,Melbourne,Harris Corp,4520,452010,45,45201020,D,USA,334220,3663,220,925,B+,FL,HARRIS CORP,HRS
5492,BBB+,A-2,9/30/10,Melbourne,Harris Corp,4520,452010,45,45201020,D,USA,334220,3663,220,925,B+,FL,HARRIS CORP,HRS
5492,BBB+,A-2,10/31/10,Melbourne,Harris Corp,4520,452010,45,45201020,D,USA,334220,3663,220,925,B+,FL,HARRIS CORP,HRS
5492,BBB+,A-2,11/30/10,Melbourne,Harris Corp,4520,452010,45,45201020,D,USA,334220,3663,220,925,B+,FL,HARRIS CORP,HRS
5492,BBB+,A-2,12/31/10,Melbourne,Harris Corp,4520,452010,45,45201020,D,USA,334220,3663,220,925,B+,FL,HARRIS CORP,HRS
5492,BBB+,A-2,1/31/11,Melbourne,Harris Corp,4520,452010,45,45201020,D,USA,334220,3663,220,925,B+,FL,HARRIS CORP,HRS
5492,BBB+,A-2,2/28/11,Melbourne,Harris Corp,4520,452010,45,45201020,D,USA,334220,3663,220,925,B+,FL,HARRIS CORP,HRS
5492,BBB+,A-2,3/31/11,Melbourne,Harris Corp,4520,452010,45,45201020,D,USA,334220,3663,220,925,B+,FL,HARRIS CORP,HRS
5492,BBB+,A-2,4/30/11,Melbourne,Harris Corp,4520,452010,45,45201020,D,USA,334220,3663,220,925,B+,FL,HARRIS CORP,HRS
5492,BBB+,A-2,5/31/11,Melbourne,Harris Corp,4520,452010,45,45201020,D,USA,334220,3663,220,925,B+,FL,HARRIS CORP,HRS
5492,BBB+,A-2,6/30/11,Melbourne,Harris Corp,4520,452010,45,45201020,D,USA,334220,3663,220,925,B+,FL,HARRIS CORP,HRS
5492,BBB+,A-2,7/31/11,Melbourne,Harris Corp,4520,452010,45,45201020,D,USA,334220,3663,220,925,B+,FL,HARRIS CORP,HRS
5492,BBB+,A-2,8/31/11,Melbourne,Harris Corp,4520,452010,45,45201020,D,USA,334220,3663,220,925,B+,FL,HARRIS CORP,HRS
5492,BBB+,A-2,9/30/11,Melbourne,Harris Corp,4520,452010,45,45201020,D,USA,334220,3663,220,925,B+,FL,HARRIS CORP,HRS
5492,BBB+,A-2,10/31/11,Melbourne,Harris Corp,4520,452010,45,45201020,D,USA,334220,3663,220,925,B+,FL,HARRIS CORP,HRS
5492,BBB+,A-2,11/30/11,Melbourne,Harris Corp,4520,452010,45,45201020,D,USA,334220,3663,220,925,B+,FL,HARRIS CORP,HRS
5492,BBB+,A-2,12/31/11,Melbourne,Harris Corp,4520,452010,45,45201020,D,USA,334220,3663,220,925,B+,FL,HARRIS CORP,HRS
5492,BBB+,A-2,1/31/12,Melbourne,Harris Corp,4520,452010,45,45201020,D,USA,334220,3663,220,925,B+,FL,HARRIS CORP,HRS
5492,BBB+,A-2,2/29/12,Melbourne,Harris Corp,4520,452010,45,45201020,D,USA,334220,3663,220,925,B+,FL,HARRIS CORP,HRS
5492,BBB+,A-2,3/31/12,Melbourne,Harris Corp,4520,452010,45,45201020,D,USA,334220,3663,220,925,B+,FL,HARRIS CORP,HRS
5492,BBB+,A-2,4/30/12,Melbourne,Harris Corp,4520,452010,45,45201020,D,USA,334220,3663,220,925,B+,FL,HARRIS CORP,HRS
5492,BBB+,A-2,5/31/12,Melbourne,Harris Corp,4520,452010,45,45201020,D,USA,334220,3663,220,925,B+,FL,HARRIS CORP,HRS
5492,BBB+,A-2,6/30/12,Melbourne,Harris Corp,4520,452010,45,45201020,D,USA,334220,3663,220,925,B+,FL,HARRIS CORP,HRS
5492,BBB+,A-2,7/31/12,Melbourne,Harris Corp,4520,452010,45,45201020,D,USA,334220,3663,220,925,B+,FL,HARRIS CORP,HRS
5492,BBB+,A-2,8/31/12,Melbourne,Harris Corp,4520,452010,45,45201020,D,USA,334220,3663,220,925,B+,FL,HARRIS CORP,HRS
5492,BBB+,A-2,9/30/12,Melbourne,Harris Corp,4520,452010,45,45201020,D,USA,334220,3663,220,925,B+,FL,HARRIS CORP,HRS
5492,BBB+,A-2,10/31/12,Melbourne,Harris Corp,4520,452010,45,45201020,D,USA,334220,3663,220,925,B+,FL,HARRIS CORP,HRS
5492,BBB+,A-2,11/30/12,Melbourne,Harris Corp,4520,452010,45,45201020,D,USA,334220,3663,220,925,B+,FL,HARRIS CORP,HRS
5492,BBB+,A-2,12/31/12,Melbourne,Harris Corp,4520,452010,45,45201020,D,USA,334220,3663,220,925,B+,FL,HARRIS CORP,HRS
5492,BBB+,A-2,1/31/13,Melbourne,Harris Corp,4520,452010,45,45201020,D,USA,334220,3663,220,925,B+,FL,HARRIS CORP,HRS
5492,BBB+,A-2,2/28/13,Melbourne,Harris Corp,4520,452010,45,45201020,D,USA,334220,3663,220,925,B+,FL,HARRIS CORP,HRS
5492,BBB+,A-2,3/31/13,Melbourne,Harris Corp,4520,452010,45,45201020,D,USA,334220,3663,220,925,B+,FL,HARRIS CORP,HRS
5492,BBB+,A-2,4/30/13,Melbourne,Harris Corp,4520,452010,45,45201020,D,USA,334220,3663,220,925,B+,FL,HARRIS CORP,HRS
5492,BBB+,A-2,5/31/13,Melbourne,Harris Corp,4520,452010,45,45201020,D,USA,334220,3663,220,925,B+,FL,HARRIS CORP,HRS
5492,BBB+,A-2,6/30/13,Melbourne,Harris Corp,4520,452010,45,45201020,D,USA,334220,3663,220,925,B+,FL,HARRIS CORP,HRS
5492,BBB+,A-2,7/31/13,Melbourne,Harris Corp,4520,452010,45,45201020,D,USA,334220,3663,220,925,B+,FL,HARRIS CORP,HRS
5492,BBB+,A-2,8/31/13,Melbourne,Harris Corp,4520,452010,45,45201020,D,USA,334220,3663,220,925,B+,FL,HARRIS CORP,HRS
5492,BBB+,A-2,9/30/13,Melbourne,Harris Corp,4520,452010,45,45201020,D,USA,334220,3663,220,925,B+,FL,HARRIS CORP,HRS
5492,BBB+,A-2,10/31/13,Melbourne,Harris Corp,4520,452010,45,45201020,D,USA,334220,3663,220,925,B+,FL,HARRIS CORP,HRS
5492,BBB+,A-2,11/30/13,Melbourne,Harris Corp,4520,452010,45,45201020,D,USA,334220,3663,220,925,B+,FL,HARRIS CORP,HRS
5492,BBB+,A-2,12/31/13,Melbourne,Harris Corp,4520,452010,45,45201020,D,USA,334220,3663,220,925,B+,FL,HARRIS CORP,HRS
5492,BBB+,A-2,1/31/14,Melbourne,Harris Corp,4520,452010,45,45201020,D,USA,334220,3663,220,925,B+,FL,HARRIS CORP,HRS
5492,BBB+,A-2,2/28/14,Melbourne,Harris Corp,4520,452010,45,45201020,D,USA,334220,3663,220,925,B+,FL,HARRIS CORP,HRS
5492,BBB+,A-2,3/31/14,Melbourne,Harris Corp,4520,452010,45,45201020,D,USA,334220,3663,220,925,B+,FL,HARRIS CORP,HRS
5492,BBB+,A-2,4/30/14,Melbourne,Harris Corp,4520,452010,45,45201020,D,USA,334220,3663,220,925,B+,FL,HARRIS CORP,HRS
5492,BBB+,A-2,5/31/14,Melbourne,Harris Corp,4520,452010,45,45201020,D,USA,334220,3663,220,925,B+,FL,HARRIS CORP,HRS
5492,BBB+,A-2,6/30/14,Melbourne,Harris Corp,4520,452010,45,45201020,D,USA,334220,3663,220,925,B+,FL,HARRIS CORP,HRS
5606,A,A-1,1/31/10,Palo Alto,Hewlett-Packard Co,4520,452020,45,45202030,D,USA,3341,3570,190,940,B+,CA,HEWLETT-PACKARD CO,HPQ
5606,A,A-1,2/28/10,Palo Alto,Hewlett-Packard Co,4520,452020,45,45202030,D,USA,3341,3570,190,940,B+,CA,HEWLETT-PACKARD CO,HPQ
5606,A,A-1,3/31/10,Palo Alto,Hewlett-Packard Co,4520,452020,45,45202030,D,USA,3341,3570,190,940,B+,CA,HEWLETT-PACKARD CO,HPQ
5606,A,A-1,4/30/10,Palo Alto,Hewlett-Packard Co,4520,452020,45,45202030,D,USA,3341,3570,190,940,B+,CA,HEWLETT-PACKARD CO,HPQ
5606,A,A-1,5/31/10,Palo Alto,Hewlett-Packard Co,4520,452020,45,45202030,D,USA,3341,3570,190,940,B+,CA,HEWLETT-PACKARD CO,HPQ
5606,A,A-1,6/30/10,Palo Alto,Hewlett-Packard Co,4520,452020,45,45202030,D,USA,3341,3570,190,940,B+,CA,HEWLETT-PACKARD CO,HPQ
5606,A,A-1,7/31/10,Palo Alto,Hewlett-Packard Co,4520,452020,45,45202030,D,USA,3341,3570,190,940,B+,CA,HEWLETT-PACKARD CO,HPQ
5606,A,A-1,8/31/10,Palo Alto,Hewlett-Packard Co,4520,452020,45,45202030,D,USA,3341,3570,190,940,B+,CA,HEWLETT-PACKARD CO,HPQ
5606,A,A-1,9/30/10,Palo Alto,Hewlett-Packard Co,4520,452020,45,45202030,D,USA,3341,3570,190,940,B+,CA,HEWLETT-PACKARD CO,HPQ
5606,A,A-1,10/31/10,Palo Alto,Hewlett-Packard Co,4520,452020,45,45202030,D,USA,3341,3570,190,940,B+,CA,HEWLETT-PACKARD CO,HPQ
5606,A,A-1,11/30/10,Palo Alto,Hewlett-Packard Co,4520,452020,45,45202030,D,USA,3341,3570,190,940,B+,CA,HEWLETT-PACKARD CO,HPQ
5606,A,A-1,12/31/10,Palo Alto,Hewlett-Packard Co,4520,452020,45,45202030,D,USA,3341,3570,190,940,B+,CA,HEWLETT-PACKARD CO,HPQ
5606,A,A-1,1/31/11,Palo Alto,Hewlett-Packard Co,4520,452020,45,45202030,D,USA,3341,3570,190,940,B+,CA,HEWLETT-PACKARD CO,HPQ
5606,A,A-1,2/28/11,Palo Alto,Hewlett-Packard Co,4520,452020,45,45202030,D,USA,3341,3570,190,940,B+,CA,HEWLETT-PACKARD CO,HPQ
5606,A,A-1,3/31/11,Palo Alto,Hewlett-Packard Co,4520,452020,45,45202030,D,USA,3341,3570,190,940,B+,CA,HEWLETT-PACKARD CO,HPQ
5606,A,A-1,4/30/11,Palo Alto,Hewlett-Packard Co,4520,452020,45,45202030,D,USA,3341,3570,190,940,B+,CA,HEWLETT-PACKARD CO,HPQ
5606,A,A-1,5/31/11,Palo Alto,Hewlett-Packard Co,4520,452020,45,45202030,D,USA,3341,3570,190,940,B+,CA,HEWLETT-PACKARD CO,HPQ
5606,A,A-1,6/30/11,Palo Alto,Hewlett-Packard Co,4520,452020,45,45202030,D,USA,3341,3570,190,940,B+,CA,HEWLETT-PACKARD CO,HPQ
5606,A,A-1,7/31/11,Palo Alto,Hewlett-Packard Co,4520,452020,45,45202030,D,USA,3341,3570,190,940,B+,CA,HEWLETT-PACKARD CO,HPQ
5606,A,A-1,8/31/11,Palo Alto,Hewlett-Packard Co,4520,452020,45,45202030,D,USA,3341,3570,190,940,B+,CA,HEWLETT-PACKARD CO,HPQ
5606,A,A-1,9/30/11,Palo Alto,Hewlett-Packard Co,4520,452020,45,45202030,D,USA,3341,3570,190,940,B+,CA,HEWLETT-PACKARD CO,HPQ
5606,A,A-1,10/31/11,Palo Alto,Hewlett-Packard Co,4520,452020,45,45202030,D,USA,3341,3570,190,940,B+,CA,HEWLETT-PACKARD CO,HPQ
5606,BBB+,A-2,11/30/11,Palo Alto,Hewlett-Packard Co,4520,452020,45,45202030,D,USA,3341,3570,190,940,B+,CA,HEWLETT-PACKARD CO,HPQ
5606,BBB+,A-2,12/31/11,Palo Alto,Hewlett-Packard Co,4520,452020,45,45202030,D,USA,3341,3570,190,940,B+,CA,HEWLETT-PACKARD CO,HPQ
5606,BBB+,A-2,1/31/12,Palo Alto,Hewlett-Packard Co,4520,452020,45,45202030,D,USA,3341,3570,190,940,B+,CA,HEWLETT-PACKARD CO,HPQ
5606,BBB+,A-2,2/29/12,Palo Alto,Hewlett-Packard Co,4520,452020,45,45202030,D,USA,3341,3570,190,940,B+,CA,HEWLETT-PACKARD CO,HPQ
5606,BBB+,A-2,3/31/12,Palo Alto,Hewlett-Packard Co,4520,452020,45,45202030,D,USA,3341,3570,190,940,B+,CA,HEWLETT-PACKARD CO,HPQ
5606,BBB+,A-2,4/30/12,Palo Alto,Hewlett-Packard Co,4520,452020,45,45202030,D,USA,3341,3570,190,940,B+,CA,HEWLETT-PACKARD CO,HPQ
5606,BBB+,A-2,5/31/12,Palo Alto,Hewlett-Packard Co,4520,452020,45,45202030,D,USA,3341,3570,190,940,B+,CA,HEWLETT-PACKARD CO,HPQ
5606,BBB+,A-2,6/30/12,Palo Alto,Hewlett-Packard Co,4520,452020,45,45202030,D,USA,3341,3570,190,940,B+,CA,HEWLETT-PACKARD CO,HPQ
5606,BBB+,A-2,7/31/12,Palo Alto,Hewlett-Packard Co,4520,452020,45,45202030,D,USA,3341,3570,190,940,B+,CA,HEWLETT-PACKARD CO,HPQ
5606,BBB+,A-2,8/31/12,Palo Alto,Hewlett-Packard Co,4520,452020,45,45202030,D,USA,3341,3570,190,940,B+,CA,HEWLETT-PACKARD CO,HPQ
5606,BBB+,A-2,9/30/12,Palo Alto,Hewlett-Packard Co,4520,452020,45,45202030,D,USA,3341,3570,190,940,B+,CA,HEWLETT-PACKARD CO,HPQ
5606,BBB+,A-2,10/31/12,Palo Alto,Hewlett-Packard Co,4520,452020,45,45202030,D,USA,3341,3570,190,940,B+,CA,HEWLETT-PACKARD CO,HPQ
5606,BBB+,A-2,11/30/12,Palo Alto,Hewlett-Packard Co,4520,452020,45,45202030,D,USA,3341,3570,190,940,B+,CA,HEWLETT-PACKARD CO,HPQ
5606,BBB+,A-2,12/31/12,Palo Alto,Hewlett-Packard Co,4520,452020,45,45202030,D,USA,3341,3570,190,940,B+,CA,HEWLETT-PACKARD CO,HPQ
5606,BBB+,A-2,1/31/13,Palo Alto,Hewlett-Packard Co,4520,452020,45,45202030,D,USA,3341,3570,190,940,B+,CA,HEWLETT-PACKARD CO,HPQ
5606,BBB+,A-2,2/28/13,Palo Alto,Hewlett-Packard Co,4520,452020,45,45202030,D,USA,3341,3570,190,940,B+,CA,HEWLETT-PACKARD CO,HPQ
5606,BBB+,A-2,3/31/13,Palo Alto,Hewlett-Packard Co,4520,452020,45,45202030,D,USA,3341,3570,190,940,B+,CA,HEWLETT-PACKARD CO,HPQ
5606,BBB+,A-2,4/30/13,Palo Alto,Hewlett-Packard Co,4520,452020,45,45202030,D,USA,3341,3570,190,940,B+,CA,HEWLETT-PACKARD CO,HPQ
5606,BBB+,A-2,5/31/13,Palo Alto,Hewlett-Packard Co,4520,452020,45,45202030,D,USA,3341,3570,190,940,B+,CA,HEWLETT-PACKARD CO,HPQ
5606,BBB+,A-2,6/30/13,Palo Alto,Hewlett-Packard Co,4520,452020,45,45202030,D,USA,3341,3570,190,940,B+,CA,HEWLETT-PACKARD CO,HPQ
5606,BBB+,A-2,7/31/13,Palo Alto,Hewlett-Packard Co,4520,452020,45,45202030,D,USA,3341,3570,190,940,B+,CA,HEWLETT-PACKARD CO,HPQ
5606,BBB+,A-2,8/31/13,Palo Alto,Hewlett-Packard Co,4520,452020,45,45202030,D,USA,3341,3570,190,940,B+,CA,HEWLETT-PACKARD CO,HPQ
5606,BBB+,A-2,9/30/13,Palo Alto,Hewlett-Packard Co,4520,452020,45,45202030,D,USA,3341,3570,190,940,B+,CA,HEWLETT-PACKARD CO,HPQ
5606,BBB+,A-2,10/31/13,Palo Alto,Hewlett-Packard Co,4520,452020,45,45202030,D,USA,3341,3570,190,940,B+,CA,HEWLETT-PACKARD CO,HPQ
5606,BBB+,A-2,11/30/13,Palo Alto,Hewlett-Packard Co,4520,452020,45,45202030,D,USA,3341,3570,190,940,B+,CA,HEWLETT-PACKARD CO,HPQ
5606,BBB+,A-2,12/31/13,Palo Alto,Hewlett-Packard Co,4520,452020,45,45202030,D,USA,3341,3570,190,940,B+,CA,HEWLETT-PACKARD CO,HPQ
5606,BBB+,A-2,1/31/14,Palo Alto,Hewlett-Packard Co,4520,452020,45,45202030,D,USA,3341,3570,190,940,B+,CA,HEWLETT-PACKARD CO,HPQ
5606,BBB+,A-2,2/28/14,Palo Alto,Hewlett-Packard Co,4520,452020,45,45202030,D,USA,3341,3570,190,940,B+,CA,HEWLETT-PACKARD CO,HPQ
5606,BBB+,A-2,3/31/14,Palo Alto,Hewlett-Packard Co,4520,452020,45,45202030,D,USA,3341,3570,190,940,B+,CA,HEWLETT-PACKARD CO,HPQ
5606,BBB+,A-2,4/30/14,Palo Alto,Hewlett-Packard Co,4520,452020,45,45202030,D,USA,3341,3570,190,940,B+,CA,HEWLETT-PACKARD CO,HPQ
5606,BBB+,A-2,5/31/14,Palo Alto,Hewlett-Packard Co,4520,452020,45,45202030,D,USA,3341,3570,190,940,B+,CA,HEWLETT-PACKARD CO,HPQ
5606,BBB+,A-2,6/30/14,Palo Alto,Hewlett-Packard Co,4520,452020,45,45202030,D,USA,3341,3570,190,940,B+,CA,HEWLETT-PACKARD CO,HPQ
5621, , ,1/31/10,Cleveland,Hickok Inc,4520,452030,45,45203010,D,USA,334515,3825,230,940,C,OH,HICKOK INC  -CL A,HICKA
5621, , ,2/28/10,Cleveland,Hickok Inc,4520,452030,45,45203010,D,USA,334515,3825,230,940,C,OH,HICKOK INC  -CL A,HICKA
5621, , ,3/31/10,Cleveland,Hickok Inc,4520,452030,45,45203010,D,USA,334515,3825,230,940,C,OH,HICKOK INC  -CL A,HICKA
5621, , ,4/30/10,Cleveland,Hickok Inc,4520,452030,45,45203010,D,USA,334515,3825,230,940,C,OH,HICKOK INC  -CL A,HICKA
5621, , ,5/31/10,Cleveland,Hickok Inc,4520,452030,45,45203010,D,USA,334515,3825,230,940,C,OH,HICKOK INC  -CL A,HICKA
5621, , ,6/30/10,Cleveland,Hickok Inc,4520,452030,45,45203010,D,USA,334515,3825,230,940,C,OH,HICKOK INC  -CL A,HICKA
5621, , ,7/31/10,Cleveland,Hickok Inc,4520,452030,45,45203010,D,USA,334515,3825,230,940,C,OH,HICKOK INC  -CL A,HICKA
5621, , ,8/31/10,Cleveland,Hickok Inc,4520,452030,45,45203010,D,USA,334515,3825,230,940,C,OH,HICKOK INC  -CL A,HICKA
5621, , ,9/30/10,Cleveland,Hickok Inc,4520,452030,45,45203010,D,USA,334515,3825,230,940,C,OH,HICKOK INC  -CL A,HICKA
5621, , ,10/31/10,Cleveland,Hickok Inc,4520,452030,45,45203010,D,USA,334515,3825,230,940,C,OH,HICKOK INC  -CL A,HICKA
5621, , ,11/30/10,Cleveland,Hickok Inc,4520,452030,45,45203010,D,USA,334515,3825,230,940,C,OH,HICKOK INC  -CL A,HICKA
5621, , ,12/31/10,Cleveland,Hickok Inc,4520,452030,45,45203010,D,USA,334515,3825,230,940,C,OH,HICKOK INC  -CL A,HICKA
5621, , ,1/31/11,Cleveland,Hickok Inc,4520,452030,45,45203010,D,USA,334515,3825,230,940,C,OH,HICKOK INC  -CL A,HICKA
5621, , ,2/28/11,Cleveland,Hickok Inc,4520,452030,45,45203010,D,USA,334515,3825,230,940,C,OH,HICKOK INC  -CL A,HICKA
5621, , ,3/31/11,Cleveland,Hickok Inc,4520,452030,45,45203010,D,USA,334515,3825,230,940,C,OH,HICKOK INC  -CL A,HICKA
5621, , ,4/30/11,Cleveland,Hickok Inc,4520,452030,45,45203010,D,USA,334515,3825,230,940,C,OH,HICKOK INC  -CL A,HICKA
5621, , ,5/31/11,Cleveland,Hickok Inc,4520,452030,45,45203010,D,USA,334515,3825,230,940,C,OH,HICKOK INC  -CL A,HICKA
5621, , ,6/30/11,Cleveland,Hickok Inc,4520,452030,45,45203010,D,USA,334515,3825,230,940,C,OH,HICKOK INC  -CL A,HICKA
5621, , ,7/31/11,Cleveland,Hickok Inc,4520,452030,45,45203010,D,USA,334515,3825,230,940,C,OH,HICKOK INC  -CL A,HICKA
5621, , ,8/31/11,Cleveland,Hickok Inc,4520,452030,45,45203010,D,USA,334515,3825,230,940,C,OH,HICKOK INC  -CL A,HICKA
5621, , ,9/30/11,Cleveland,Hickok Inc,4520,452030,45,45203010,D,USA,334515,3825,230,940,C,OH,HICKOK INC  -CL A,HICKA
5621, , ,10/31/11,Cleveland,Hickok Inc,4520,452030,45,45203010,D,USA,334515,3825,230,940,C,OH,HICKOK INC  -CL A,HICKA
5621, , ,11/30/11,Cleveland,Hickok Inc,4520,452030,45,45203010,D,USA,334515,3825,230,940,C,OH,HICKOK INC  -CL A,HICKA
5621, , ,12/31/11,Cleveland,Hickok Inc,4520,452030,45,45203010,D,USA,334515,3825,230,940,C,OH,HICKOK INC  -CL A,HICKA
5621, , ,1/31/12,Cleveland,Hickok Inc,4520,452030,45,45203010,D,USA,334515,3825,230,940,C,OH,HICKOK INC  -CL A,HICKA
5621, , ,2/29/12,Cleveland,Hickok Inc,4520,452030,45,45203010,D,USA,334515,3825,230,940,C,OH,HICKOK INC  -CL A,HICKA
5621, , ,3/31/12,Cleveland,Hickok Inc,4520,452030,45,45203010,D,USA,334515,3825,230,940,C,OH,HICKOK INC  -CL A,HICKA
5621, , ,4/30/12,Cleveland,Hickok Inc,4520,452030,45,45203010,D,USA,334515,3825,230,940,C,OH,HICKOK INC  -CL A,HICKA
5621, , ,5/31/12,Cleveland,Hickok Inc,4520,452030,45,45203010,D,USA,334515,3825,230,940,C,OH,HICKOK INC  -CL A,HICKA
5621, , ,6/30/12,Cleveland,Hickok Inc,4520,452030,45,45203010,D,USA,334515,3825,230,940,C,OH,HICKOK INC  -CL A,HICKA
5621, , ,7/31/12,Cleveland,Hickok Inc,4520,452030,45,45203010,D,USA,334515,3825,230,940,C,OH,HICKOK INC  -CL A,HICKA
5621, , ,8/31/12,Cleveland,Hickok Inc,4520,452030,45,45203010,D,USA,334515,3825,230,940,C,OH,HICKOK INC  -CL A,HICKA
5621, , ,9/30/12,Cleveland,Hickok Inc,4520,452030,45,45203010,D,USA,334515,3825,230,940,C,OH,HICKOK INC  -CL A,HICKA
5621, , ,10/31/12,Cleveland,Hickok Inc,4520,452030,45,45203010,D,USA,334515,3825,230,940,C,OH,HICKOK INC  -CL A,HICKA
5621, , ,11/30/12,Cleveland,Hickok Inc,4520,452030,45,45203010,D,USA,334515,3825,230,940,C,OH,HICKOK INC  -CL A,HICKA
5621, , ,12/31/12,Cleveland,Hickok Inc,4520,452030,45,45203010,D,USA,334515,3825,230,940,C,OH,HICKOK INC  -CL A,HICKA
5621, , ,1/31/13,Cleveland,Hickok Inc,4520,452030,45,45203010,D,USA,334515,3825,230,940,C,OH,HICKOK INC  -CL A,HICKA
5621, , ,2/28/13,Cleveland,Hickok Inc,4520,452030,45,45203010,D,USA,334515,3825,230,940,C,OH,HICKOK INC  -CL A,HICKA
5621, , ,3/31/13,Cleveland,Hickok Inc,4520,452030,45,45203010,D,USA,334515,3825,230,940,C,OH,HICKOK INC  -CL A,HICKA
5621, , ,4/30/13,Cleveland,Hickok Inc,4520,452030,45,45203010,D,USA,334515,3825,230,940,C,OH,HICKOK INC  -CL A,HICKA
5621, , ,5/31/13,Cleveland,Hickok Inc,4520,452030,45,45203010,D,USA,334515,3825,230,940,C,OH,HICKOK INC  -CL A,HICKA
5621, , ,6/30/13,Cleveland,Hickok Inc,4520,452030,45,45203010,D,USA,334515,3825,230,940,C,OH,HICKOK INC  -CL A,HICKA
5621, , ,7/31/13,Cleveland,Hickok Inc,4520,452030,45,45203010,D,USA,334515,3825,230,940,C,OH,HICKOK INC  -CL A,HICKA
5621, , ,8/31/13,Cleveland,Hickok Inc,4520,452030,45,45203010,D,USA,334515,3825,230,940,C,OH,HICKOK INC  -CL A,HICKA
5621, , ,9/30/13,Cleveland,Hickok Inc,4520,452030,45,45203010,D,USA,334515,3825,230,940,C,OH,HICKOK INC  -CL A,HICKA
5621, , ,10/31/13,Cleveland,Hickok Inc,4520,452030,45,45203010,D,USA,334515,3825,230,940,C,OH,HICKOK INC  -CL A,HICKA
5650,BBB+,A-2,1/31/10,Tokyo,Hitachi Ltd,4520,452030,45,45203010,B,JPN,3341,3570,190,940, , ,HITACHI LTD,HTHIY
5650,BBB+,A-2,2/28/10,Tokyo,Hitachi Ltd,4520,452030,45,45203010,B,JPN,3341,3570,190,940, , ,HITACHI LTD,HTHIY
5650,BBB+,A-2,3/31/10,Tokyo,Hitachi Ltd,4520,452030,45,45203010,B,JPN,3341,3570,190,940, , ,HITACHI LTD,HTHIY
5650,BBB+,A-2,4/30/10,Tokyo,Hitachi Ltd,4520,452030,45,45203010,B,JPN,3341,3570,190,940, , ,HITACHI LTD,HTHIY
5650,BBB+,A-2,5/31/10,Tokyo,Hitachi Ltd,4520,452030,45,45203010,B,JPN,3341,3570,190,940, , ,HITACHI LTD,HTHIY
5650,BBB+,A-2,6/30/10,Tokyo,Hitachi Ltd,4520,452030,45,45203010,B,JPN,3341,3570,190,940, , ,HITACHI LTD,HTHIY
5650,BBB+,A-2,7/31/10,Tokyo,Hitachi Ltd,4520,452030,45,45203010,B,JPN,3341,3570,190,940, , ,HITACHI LTD,HTHIY
5650,BBB+,A-2,8/31/10,Tokyo,Hitachi Ltd,4520,452030,45,45203010,B,JPN,3341,3570,190,940, , ,HITACHI LTD,HTHIY
5650,BBB+,A-2,9/30/10,Tokyo,Hitachi Ltd,4520,452030,45,45203010,B,JPN,3341,3570,190,940, , ,HITACHI LTD,HTHIY
5650,BBB+,A-2,10/31/10,Tokyo,Hitachi Ltd,4520,452030,45,45203010,B,JPN,3341,3570,190,940, , ,HITACHI LTD,HTHIY
5650,BBB+,A-2,11/30/10,Tokyo,Hitachi Ltd,4520,452030,45,45203010,B,JPN,3341,3570,190,940, , ,HITACHI LTD,HTHIY
5650,BBB+,A-2,12/31/10,Tokyo,Hitachi Ltd,4520,452030,45,45203010,B,JPN,3341,3570,190,940, , ,HITACHI LTD,HTHIY
5650,BBB+,A-2,1/31/11,Tokyo,Hitachi Ltd,4520,452030,45,45203010,B,JPN,3341,3570,190,940, , ,HITACHI LTD,HTHIY
5650,BBB+,A-2,2/28/11,Tokyo,Hitachi Ltd,4520,452030,45,45203010,B,JPN,3341,3570,190,940, , ,HITACHI LTD,HTHIY
5650,BBB+,A-2,3/31/11,Tokyo,Hitachi Ltd,4520,452030,45,45203010,B,JPN,3341,3570,190,940, , ,HITACHI LTD,HTHIY
5650,BBB+,A-2,4/30/11,Tokyo,Hitachi Ltd,4520,452030,45,45203010,B,JPN,3341,3570,190,940, , ,HITACHI LTD,HTHIY
5650,BBB+,A-2,5/31/11,Tokyo,Hitachi Ltd,4520,452030,45,45203010,B,JPN,3341,3570,190,940, , ,HITACHI LTD,HTHIY
5650,BBB+,A-2,6/30/11,Tokyo,Hitachi Ltd,4520,452030,45,45203010,B,JPN,3341,3570,190,940, , ,HITACHI LTD,HTHIY
5650,BBB+,A-2,7/31/11,Tokyo,Hitachi Ltd,4520,452030,45,45203010,B,JPN,3341,3570,190,940, , ,HITACHI LTD,HTHIY
5650,BBB+,A-2,8/31/11,Tokyo,Hitachi Ltd,4520,452030,45,45203010,B,JPN,3341,3570,190,940, , ,HITACHI LTD,HTHIY
5650,BBB+,A-2,9/30/11,Tokyo,Hitachi Ltd,4520,452030,45,45203010,B,JPN,3341,3570,190,940, , ,HITACHI LTD,HTHIY
5650,BBB+,A-2,10/31/11,Tokyo,Hitachi Ltd,4520,452030,45,45203010,B,JPN,3341,3570,190,940, , ,HITACHI LTD,HTHIY
5650,BBB+,A-2,11/30/11,Tokyo,Hitachi Ltd,4520,452030,45,45203010,B,JPN,3341,3570,190,940, , ,HITACHI LTD,HTHIY
5650,BBB+,A-2,12/31/11,Tokyo,Hitachi Ltd,4520,452030,45,45203010,B,JPN,3341,3570,190,940, , ,HITACHI LTD,HTHIY
5650,BBB+,A-2,1/31/12,Tokyo,Hitachi Ltd,4520,452030,45,45203010,B,JPN,3341,3570,190,940, , ,HITACHI LTD,HTHIY
5650,BBB+,A-2,2/29/12,Tokyo,Hitachi Ltd,4520,452030,45,45203010,B,JPN,3341,3570,190,940, , ,HITACHI LTD,HTHIY
5650,BBB+,A-2,3/31/12,Tokyo,Hitachi Ltd,4520,452030,45,45203010,B,JPN,3341,3570,190,940, , ,HITACHI LTD,HTHIY
5650,BBB+,A-2,4/30/12,Tokyo,Hitachi Ltd,4520,452030,45,45203010,B,JPN,3341,3570,190,940, , ,HITACHI LTD,HTHIY
5650,BBB+,A-2,5/31/12,Tokyo,Hitachi Ltd,4520,452030,45,45203010,B,JPN,3341,3570,190,940, , ,HITACHI LTD,HTHIY
5650,BBB+,A-2,6/30/12,Tokyo,Hitachi Ltd,4520,452030,45,45203010,B,JPN,3341,3570,190,940, , ,HITACHI LTD,HTHIY
5650,BBB+,A-2,7/31/12,Tokyo,Hitachi Ltd,4520,452030,45,45203010,B,JPN,3341,3570,190,940, , ,HITACHI LTD,HTHIY
5650,BBB+,A-2,8/31/12,Tokyo,Hitachi Ltd,4520,452030,45,45203010,B,JPN,3341,3570,190,940, , ,HITACHI LTD,HTHIY
5650,BBB+,A-2,9/30/12,Tokyo,Hitachi Ltd,4520,452030,45,45203010,B,JPN,3341,3570,190,940, , ,HITACHI LTD,HTHIY
5650,BBB+,A-2,10/31/12,Tokyo,Hitachi Ltd,4520,452030,45,45203010,B,JPN,3341,3570,190,940, , ,HITACHI LTD,HTHIY
5650,BBB+,A-2,11/30/12,Tokyo,Hitachi Ltd,4520,452030,45,45203010,B,JPN,3341,3570,190,940, , ,HITACHI LTD,HTHIY
5650,BBB+,A-2,12/31/12,Tokyo,Hitachi Ltd,4520,452030,45,45203010,B,JPN,3341,3570,190,940, , ,HITACHI LTD,HTHIY
5650,BBB+,A-2,1/31/13,Tokyo,Hitachi Ltd,4520,452030,45,45203010,B,JPN,3341,3570,190,940, , ,HITACHI LTD,HTHIY
5650,BBB+,A-2,2/28/13,Tokyo,Hitachi Ltd,4520,452030,45,45203010,B,JPN,3341,3570,190,940, , ,HITACHI LTD,HTHIY
5650,BBB+,A-2,3/31/13,Tokyo,Hitachi Ltd,4520,452030,45,45203010,B,JPN,3341,3570,190,940, , ,HITACHI LTD,HTHIY
5650,BBB+,A-2,4/30/13,Tokyo,Hitachi Ltd,4520,452030,45,45203010,B,JPN,3341,3570,190,940, , ,HITACHI LTD,HTHIY
5650,BBB+,A-2,5/31/13,Tokyo,Hitachi Ltd,4520,452030,45,45203010,B,JPN,3341,3570,190,940, , ,HITACHI LTD,HTHIY
5650,BBB+,A-2,6/30/13,Tokyo,Hitachi Ltd,4520,452030,45,45203010,B,JPN,3341,3570,190,940, , ,HITACHI LTD,HTHIY
5650,BBB+,A-2,7/31/13,Tokyo,Hitachi Ltd,4520,452030,45,45203010,B,JPN,3341,3570,190,940, , ,HITACHI LTD,HTHIY
5650,A-,A-2,8/31/13,Tokyo,Hitachi Ltd,4520,452030,45,45203010,B,JPN,3341,3570,190,940, , ,HITACHI LTD,HTHIY
5650,A-,A-2,9/30/13,Tokyo,Hitachi Ltd,4520,452030,45,45203010,B,JPN,3341,3570,190,940, , ,HITACHI LTD,HTHIY
5650,A-,A-2,10/31/13,Tokyo,Hitachi Ltd,4520,452030,45,45203010,B,JPN,3341,3570,190,940, , ,HITACHI LTD,HTHIY
5650,A-,A-2,11/30/13,Tokyo,Hitachi Ltd,4520,452030,45,45203010,B,JPN,3341,3570,190,940, , ,HITACHI LTD,HTHIY
5650,A-,A-2,12/31/13,Tokyo,Hitachi Ltd,4520,452030,45,45203010,B,JPN,3341,3570,190,940, , ,HITACHI LTD,HTHIY
5650,A-,A-2,1/31/14,Tokyo,Hitachi Ltd,4520,452030,45,45203010,B,JPN,3341,3570,190,940, , ,HITACHI LTD,HTHIY
5650,A-,A-2,2/28/14,Tokyo,Hitachi Ltd,4520,452030,45,45203010,B,JPN,3341,3570,190,940, , ,HITACHI LTD,HTHIY
5650,A-,A-2,3/31/14,Tokyo,Hitachi Ltd,4520,452030,45,45203010,B,JPN,3341,3570,190,940, , ,HITACHI LTD,HTHIY
5650,A-,A-2,4/30/14,Tokyo,Hitachi Ltd,4520,452030,45,45203010,B,JPN,3341,3570,190,940, , ,HITACHI LTD,HTHIY
5650,A-,A-2,5/31/14,Tokyo,Hitachi Ltd,4520,452030,45,45203010,B,JPN,3341,3570,190,940, , ,HITACHI LTD,HTHIY
5650,A-,A-2,6/30/14,Tokyo,Hitachi Ltd,4520,452030,45,45203010,B,JPN,3341,3570,190,940, , ,HITACHI LTD,HTHIY
5791, , ,1/31/10,Hutchinson,Hutchinson Technology Inc,4520,452020,45,45202030,D,USA,334418,3679,188,940,C,MN,HUTCHINSON TECHNOLOGY INC,HTCH
5791, , ,2/28/10,Hutchinson,Hutchinson Technology Inc,4520,452020,45,45202030,D,USA,334418,3679,188,940,C,MN,HUTCHINSON TECHNOLOGY INC,HTCH
5791, , ,3/31/10,Hutchinson,Hutchinson Technology Inc,4520,452020,45,45202030,D,USA,334418,3679,188,940,C,MN,HUTCHINSON TECHNOLOGY INC,HTCH
5791, , ,4/30/10,Hutchinson,Hutchinson Technology Inc,4520,452020,45,45202030,D,USA,334418,3679,188,940,C,MN,HUTCHINSON TECHNOLOGY INC,HTCH
5791, , ,5/31/10,Hutchinson,Hutchinson Technology Inc,4520,452020,45,45202030,D,USA,334418,3679,188,940,C,MN,HUTCHINSON TECHNOLOGY INC,HTCH
5791, , ,6/30/10,Hutchinson,Hutchinson Technology Inc,4520,452020,45,45202030,D,USA,334418,3679,188,940,C,MN,HUTCHINSON TECHNOLOGY INC,HTCH
5791, , ,7/31/10,Hutchinson,Hutchinson Technology Inc,4520,452020,45,45202030,D,USA,334418,3679,188,940,C,MN,HUTCHINSON TECHNOLOGY INC,HTCH
5791, , ,8/31/10,Hutchinson,Hutchinson Technology Inc,4520,452020,45,45202030,D,USA,334418,3679,188,940,C,MN,HUTCHINSON TECHNOLOGY INC,HTCH
5791, , ,9/30/10,Hutchinson,Hutchinson Technology Inc,4520,452020,45,45202030,D,USA,334418,3679,188,940,C,MN,HUTCHINSON TECHNOLOGY INC,HTCH
5791, , ,10/31/10,Hutchinson,Hutchinson Technology Inc,4520,452020,45,45202030,D,USA,334418,3679,188,940,C,MN,HUTCHINSON TECHNOLOGY INC,HTCH
5791, , ,11/30/10,Hutchinson,Hutchinson Technology Inc,4520,452020,45,45202030,D,USA,334418,3679,188,940,C,MN,HUTCHINSON TECHNOLOGY INC,HTCH
5791, , ,12/31/10,Hutchinson,Hutchinson Technology Inc,4520,452020,45,45202030,D,USA,334418,3679,188,940,C,MN,HUTCHINSON TECHNOLOGY INC,HTCH
5791, , ,1/31/11,Hutchinson,Hutchinson Technology Inc,4520,452020,45,45202030,D,USA,334418,3679,188,940,C,MN,HUTCHINSON TECHNOLOGY INC,HTCH
5791, , ,2/28/11,Hutchinson,Hutchinson Technology Inc,4520,452020,45,45202030,D,USA,334418,3679,188,940,C,MN,HUTCHINSON TECHNOLOGY INC,HTCH
5791, , ,3/31/11,Hutchinson,Hutchinson Technology Inc,4520,452020,45,45202030,D,USA,334418,3679,188,940,C,MN,HUTCHINSON TECHNOLOGY INC,HTCH
5791, , ,4/30/11,Hutchinson,Hutchinson Technology Inc,4520,452020,45,45202030,D,USA,334418,3679,188,940,C,MN,HUTCHINSON TECHNOLOGY INC,HTCH
5791, , ,5/31/11,Hutchinson,Hutchinson Technology Inc,4520,452020,45,45202030,D,USA,334418,3679,188,940,C,MN,HUTCHINSON TECHNOLOGY INC,HTCH
5791, , ,6/30/11,Hutchinson,Hutchinson Technology Inc,4520,452020,45,45202030,D,USA,334418,3679,188,940,C,MN,HUTCHINSON TECHNOLOGY INC,HTCH
5791, , ,7/31/11,Hutchinson,Hutchinson Technology Inc,4520,452020,45,45202030,D,USA,334418,3679,188,940,C,MN,HUTCHINSON TECHNOLOGY INC,HTCH
5791, , ,8/31/11,Hutchinson,Hutchinson Technology Inc,4520,452020,45,45202030,D,USA,334418,3679,188,940,C,MN,HUTCHINSON TECHNOLOGY INC,HTCH
5791, , ,9/30/11,Hutchinson,Hutchinson Technology Inc,4520,452020,45,45202030,D,USA,334418,3679,188,940,C,MN,HUTCHINSON TECHNOLOGY INC,HTCH
5791, , ,10/31/11,Hutchinson,Hutchinson Technology Inc,4520,452020,45,45202030,D,USA,334418,3679,188,940,C,MN,HUTCHINSON TECHNOLOGY INC,HTCH
5791, , ,11/30/11,Hutchinson,Hutchinson Technology Inc,4520,452020,45,45202030,D,USA,334418,3679,188,940,C,MN,HUTCHINSON TECHNOLOGY INC,HTCH
5791, , ,12/31/11,Hutchinson,Hutchinson Technology Inc,4520,452020,45,45202030,D,USA,334418,3679,188,940,C,MN,HUTCHINSON TECHNOLOGY INC,HTCH
5791, , ,1/31/12,Hutchinson,Hutchinson Technology Inc,4520,452020,45,45202030,D,USA,334418,3679,188,940,C,MN,HUTCHINSON TECHNOLOGY INC,HTCH
5791, , ,2/29/12,Hutchinson,Hutchinson Technology Inc,4520,452020,45,45202030,D,USA,334418,3679,188,940,C,MN,HUTCHINSON TECHNOLOGY INC,HTCH
5791, , ,3/31/12,Hutchinson,Hutchinson Technology Inc,4520,452020,45,45202030,D,USA,334418,3679,188,940,C,MN,HUTCHINSON TECHNOLOGY INC,HTCH
5791, , ,4/30/12,Hutchinson,Hutchinson Technology Inc,4520,452020,45,45202030,D,USA,334418,3679,188,940,C,MN,HUTCHINSON TECHNOLOGY INC,HTCH
5791, , ,5/31/12,Hutchinson,Hutchinson Technology Inc,4520,452020,45,45202030,D,USA,334418,3679,188,940,C,MN,HUTCHINSON TECHNOLOGY INC,HTCH
5791, , ,6/30/12,Hutchinson,Hutchinson Technology Inc,4520,452020,45,45202030,D,USA,334418,3679,188,940,C,MN,HUTCHINSON TECHNOLOGY INC,HTCH
5791, , ,7/31/12,Hutchinson,Hutchinson Technology Inc,4520,452020,45,45202030,D,USA,334418,3679,188,940,C,MN,HUTCHINSON TECHNOLOGY INC,HTCH
5791, , ,8/31/12,Hutchinson,Hutchinson Technology Inc,4520,452020,45,45202030,D,USA,334418,3679,188,940,C,MN,HUTCHINSON TECHNOLOGY INC,HTCH
5791, , ,9/30/12,Hutchinson,Hutchinson Technology Inc,4520,452020,45,45202030,D,USA,334418,3679,188,940,C,MN,HUTCHINSON TECHNOLOGY INC,HTCH
5791, , ,10/31/12,Hutchinson,Hutchinson Technology Inc,4520,452020,45,45202030,D,USA,334418,3679,188,940,C,MN,HUTCHINSON TECHNOLOGY INC,HTCH
5791, , ,11/30/12,Hutchinson,Hutchinson Technology Inc,4520,452020,45,45202030,D,USA,334418,3679,188,940,C,MN,HUTCHINSON TECHNOLOGY INC,HTCH
5791, , ,12/31/12,Hutchinson,Hutchinson Technology Inc,4520,452020,45,45202030,D,USA,334418,3679,188,940,C,MN,HUTCHINSON TECHNOLOGY INC,HTCH
5791, , ,1/31/13,Hutchinson,Hutchinson Technology Inc,4520,452020,45,45202030,D,USA,334418,3679,188,940,C,MN,HUTCHINSON TECHNOLOGY INC,HTCH
5791, , ,2/28/13,Hutchinson,Hutchinson Technology Inc,4520,452020,45,45202030,D,USA,334418,3679,188,940,C,MN,HUTCHINSON TECHNOLOGY INC,HTCH
5791, , ,3/31/13,Hutchinson,Hutchinson Technology Inc,4520,452020,45,45202030,D,USA,334418,3679,188,940,C,MN,HUTCHINSON TECHNOLOGY INC,HTCH
5791, , ,4/30/13,Hutchinson,Hutchinson Technology Inc,4520,452020,45,45202030,D,USA,334418,3679,188,940,C,MN,HUTCHINSON TECHNOLOGY INC,HTCH
5791, , ,5/31/13,Hutchinson,Hutchinson Technology Inc,4520,452020,45,45202030,D,USA,334418,3679,188,940,C,MN,HUTCHINSON TECHNOLOGY INC,HTCH
5791, , ,6/30/13,Hutchinson,Hutchinson Technology Inc,4520,452020,45,45202030,D,USA,334418,3679,188,940,C,MN,HUTCHINSON TECHNOLOGY INC,HTCH
5791, , ,7/31/13,Hutchinson,Hutchinson Technology Inc,4520,452020,45,45202030,D,USA,334418,3679,188,940,C,MN,HUTCHINSON TECHNOLOGY INC,HTCH
5791, , ,8/31/13,Hutchinson,Hutchinson Technology Inc,4520,452020,45,45202030,D,USA,334418,3679,188,940,C,MN,HUTCHINSON TECHNOLOGY INC,HTCH
5791, , ,9/30/13,Hutchinson,Hutchinson Technology Inc,4520,452020,45,45202030,D,USA,334418,3679,188,940,C,MN,HUTCHINSON TECHNOLOGY INC,HTCH
5791, , ,10/31/13,Hutchinson,Hutchinson Technology Inc,4520,452020,45,45202030,D,USA,334418,3679,188,940,C,MN,HUTCHINSON TECHNOLOGY INC,HTCH
5831, , ,1/31/10,Newark,IEC Electronics Corp,4520,452030,45,45203020,D,USA,334412,3672,220,925,B-,NY,IEC ELECTRONICS CORP,IEC
5831, , ,2/28/10,Newark,IEC Electronics Corp,4520,452030,45,45203020,D,USA,334412,3672,220,925,B-,NY,IEC ELECTRONICS CORP,IEC
5831, , ,3/31/10,Newark,IEC Electronics Corp,4520,452030,45,45203020,D,USA,334412,3672,220,925,B-,NY,IEC ELECTRONICS CORP,IEC
5831, , ,4/30/10,Newark,IEC Electronics Corp,4520,452030,45,45203020,D,USA,334412,3672,220,925,B-,NY,IEC ELECTRONICS CORP,IEC
5831, , ,5/31/10,Newark,IEC Electronics Corp,4520,452030,45,45203020,D,USA,334412,3672,220,925,B-,NY,IEC ELECTRONICS CORP,IEC
5831, , ,6/30/10,Newark,IEC Electronics Corp,4520,452030,45,45203020,D,USA,334412,3672,220,925,B-,NY,IEC ELECTRONICS CORP,IEC
5831, , ,7/31/10,Newark,IEC Electronics Corp,4520,452030,45,45203020,D,USA,334412,3672,220,925,B-,NY,IEC ELECTRONICS CORP,IEC
5831, , ,8/31/10,Newark,IEC Electronics Corp,4520,452030,45,45203020,D,USA,334412,3672,220,925,B-,NY,IEC ELECTRONICS CORP,IEC
5831, , ,9/30/10,Newark,IEC Electronics Corp,4520,452030,45,45203020,D,USA,334412,3672,220,925,B-,NY,IEC ELECTRONICS CORP,IEC
5831, , ,10/31/10,Newark,IEC Electronics Corp,4520,452030,45,45203020,D,USA,334412,3672,220,925,B-,NY,IEC ELECTRONICS CORP,IEC
5831, , ,11/30/10,Newark,IEC Electronics Corp,4520,452030,45,45203020,D,USA,334412,3672,220,925,B-,NY,IEC ELECTRONICS CORP,IEC
5831, , ,12/31/10,Newark,IEC Electronics Corp,4520,452030,45,45203020,D,USA,334412,3672,220,925,B-,NY,IEC ELECTRONICS CORP,IEC
5831, , ,1/31/11,Newark,IEC Electronics Corp,4520,452030,45,45203020,D,USA,334412,3672,220,925,B-,NY,IEC ELECTRONICS CORP,IEC
5831, , ,2/28/11,Newark,IEC Electronics Corp,4520,452030,45,45203020,D,USA,334412,3672,220,925,B-,NY,IEC ELECTRONICS CORP,IEC
5831, , ,3/31/11,Newark,IEC Electronics Corp,4520,452030,45,45203020,D,USA,334412,3672,220,925,B-,NY,IEC ELECTRONICS CORP,IEC
5831, , ,4/30/11,Newark,IEC Electronics Corp,4520,452030,45,45203020,D,USA,334412,3672,220,925,B-,NY,IEC ELECTRONICS CORP,IEC
5831, , ,5/31/11,Newark,IEC Electronics Corp,4520,452030,45,45203020,D,USA,334412,3672,220,925,B-,NY,IEC ELECTRONICS CORP,IEC
5831, , ,6/30/11,Newark,IEC Electronics Corp,4520,452030,45,45203020,D,USA,334412,3672,220,925,B-,NY,IEC ELECTRONICS CORP,IEC
5831, , ,7/31/11,Newark,IEC Electronics Corp,4520,452030,45,45203020,D,USA,334412,3672,220,925,B-,NY,IEC ELECTRONICS CORP,IEC
5831, , ,8/31/11,Newark,IEC Electronics Corp,4520,452030,45,45203020,D,USA,334412,3672,220,925,B-,NY,IEC ELECTRONICS CORP,IEC
5831, , ,9/30/11,Newark,IEC Electronics Corp,4520,452030,45,45203020,D,USA,334412,3672,220,925,B-,NY,IEC ELECTRONICS CORP,IEC
5831, , ,10/31/11,Newark,IEC Electronics Corp,4520,452030,45,45203020,D,USA,334412,3672,220,925,B-,NY,IEC ELECTRONICS CORP,IEC
5831, , ,11/30/11,Newark,IEC Electronics Corp,4520,452030,45,45203020,D,USA,334412,3672,220,925,B-,NY,IEC ELECTRONICS CORP,IEC
5831, , ,12/31/11,Newark,IEC Electronics Corp,4520,452030,45,45203020,D,USA,334412,3672,220,925,B-,NY,IEC ELECTRONICS CORP,IEC
5831, , ,1/31/12,Newark,IEC Electronics Corp,4520,452030,45,45203020,D,USA,334412,3672,220,925,B-,NY,IEC ELECTRONICS CORP,IEC
5831, , ,2/29/12,Newark,IEC Electronics Corp,4520,452030,45,45203020,D,USA,334412,3672,220,925,B-,NY,IEC ELECTRONICS CORP,IEC
5831, , ,3/31/12,Newark,IEC Electronics Corp,4520,452030,45,45203020,D,USA,334412,3672,220,925,B-,NY,IEC ELECTRONICS CORP,IEC
5831, , ,4/30/12,Newark,IEC Electronics Corp,4520,452030,45,45203020,D,USA,334412,3672,220,925,B-,NY,IEC ELECTRONICS CORP,IEC
5831, , ,5/31/12,Newark,IEC Electronics Corp,4520,452030,45,45203020,D,USA,334412,3672,220,925,B-,NY,IEC ELECTRONICS CORP,IEC
5831, , ,6/30/12,Newark,IEC Electronics Corp,4520,452030,45,45203020,D,USA,334412,3672,220,925,B-,NY,IEC ELECTRONICS CORP,IEC
5831, , ,7/31/12,Newark,IEC Electronics Corp,4520,452030,45,45203020,D,USA,334412,3672,220,925,B-,NY,IEC ELECTRONICS CORP,IEC
5831, , ,8/31/12,Newark,IEC Electronics Corp,4520,452030,45,45203020,D,USA,334412,3672,220,925,B-,NY,IEC ELECTRONICS CORP,IEC
5831, , ,9/30/12,Newark,IEC Electronics Corp,4520,452030,45,45203020,D,USA,334412,3672,220,925,B-,NY,IEC ELECTRONICS CORP,IEC
5831, , ,10/31/12,Newark,IEC Electronics Corp,4520,452030,45,45203020,D,USA,334412,3672,220,925,B-,NY,IEC ELECTRONICS CORP,IEC
5831, , ,11/30/12,Newark,IEC Electronics Corp,4520,452030,45,45203020,D,USA,334412,3672,220,925,B-,NY,IEC ELECTRONICS CORP,IEC
5831, , ,12/31/12,Newark,IEC Electronics Corp,4520,452030,45,45203020,D,USA,334412,3672,220,925,B-,NY,IEC ELECTRONICS CORP,IEC
5831, , ,1/31/13,Newark,IEC Electronics Corp,4520,452030,45,45203020,D,USA,334412,3672,220,925,B-,NY,IEC ELECTRONICS CORP,IEC
5831, , ,2/28/13,Newark,IEC Electronics Corp,4520,452030,45,45203020,D,USA,334412,3672,220,925,B-,NY,IEC ELECTRONICS CORP,IEC
5831, , ,3/31/13,Newark,IEC Electronics Corp,4520,452030,45,45203020,D,USA,334412,3672,220,925,B-,NY,IEC ELECTRONICS CORP,IEC
5831, , ,4/30/13,Newark,IEC Electronics Corp,4520,452030,45,45203020,D,USA,334412,3672,220,925,B-,NY,IEC ELECTRONICS CORP,IEC
5831, , ,5/31/13,Newark,IEC Electronics Corp,4520,452030,45,45203020,D,USA,334412,3672,220,925,B-,NY,IEC ELECTRONICS CORP,IEC
5831, , ,6/30/13,Newark,IEC Electronics Corp,4520,452030,45,45203020,D,USA,334412,3672,220,925,B-,NY,IEC ELECTRONICS CORP,IEC
5831, , ,7/31/13,Newark,IEC Electronics Corp,4520,452030,45,45203020,D,USA,334412,3672,220,925,B-,NY,IEC ELECTRONICS CORP,IEC
5831, , ,8/31/13,Newark,IEC Electronics Corp,4520,452030,45,45203020,D,USA,334412,3672,220,925,B-,NY,IEC ELECTRONICS CORP,IEC
5831, , ,9/30/13,Newark,IEC Electronics Corp,4520,452030,45,45203020,D,USA,334412,3672,220,925,B-,NY,IEC ELECTRONICS CORP,IEC
5831, , ,10/31/13,Newark,IEC Electronics Corp,4520,452030,45,45203020,D,USA,334412,3672,220,925,B-,NY,IEC ELECTRONICS CORP,IEC
5837, , ,1/31/10,Ramat Gan,LIS Intelligent Information Systems Ltd,4520,452020,45,45202020,B,ISR,334113,3575,190,940,C, ,IIS-INTELLIGENT INFORMATION,IISLF
5837, , ,2/28/10,Ramat Gan,LIS Intelligent Information Systems Ltd,4520,452020,45,45202020,B,ISR,334113,3575,190,940,C, ,IIS-INTELLIGENT INFORMATION,IISLF
5837, , ,3/31/10,Ramat Gan,LIS Intelligent Information Systems Ltd,4520,452020,45,45202020,B,ISR,334113,3575,190,940,C, ,IIS-INTELLIGENT INFORMATION,IISLF
5837, , ,4/30/10,Ramat Gan,LIS Intelligent Information Systems Ltd,4520,452020,45,45202020,B,ISR,334113,3575,190,940,C, ,IIS-INTELLIGENT INFORMATION,IISLF
5837, , ,5/31/10,Ramat Gan,LIS Intelligent Information Systems Ltd,4520,452020,45,45202020,B,ISR,334113,3575,190,940,C, ,IIS-INTELLIGENT INFORMATION,IISLF
5837, , ,6/30/10,Ramat Gan,LIS Intelligent Information Systems Ltd,4520,452020,45,45202020,B,ISR,334113,3575,190,940,C, ,IIS-INTELLIGENT INFORMATION,IISLF
5837, , ,7/31/10,Ramat Gan,LIS Intelligent Information Systems Ltd,4520,452020,45,45202020,B,ISR,334113,3575,190,940,C, ,IIS-INTELLIGENT INFORMATION,IISLF
5837, , ,8/31/10,Ramat Gan,LIS Intelligent Information Systems Ltd,4520,452020,45,45202020,B,ISR,334113,3575,190,940,C, ,IIS-INTELLIGENT INFORMATION,IISLF
5837, , ,9/30/10,Ramat Gan,LIS Intelligent Information Systems Ltd,4520,452020,45,45202020,B,ISR,334113,3575,190,940,C, ,IIS-INTELLIGENT INFORMATION,IISLF
5837, , ,10/31/10,Ramat Gan,LIS Intelligent Information Systems Ltd,4520,452020,45,45202020,B,ISR,334113,3575,190,940,C, ,IIS-INTELLIGENT INFORMATION,IISLF
5837, , ,11/30/10,Ramat Gan,LIS Intelligent Information Systems Ltd,4520,452020,45,45202020,B,ISR,334113,3575,190,940,C, ,IIS-INTELLIGENT INFORMATION,IISLF
5837, , ,12/31/10,Ramat Gan,LIS Intelligent Information Systems Ltd,4520,452020,45,45202020,B,ISR,334113,3575,190,940,C, ,IIS-INTELLIGENT INFORMATION,IISLF
5837, , ,1/31/11,Ramat Gan,LIS Intelligent Information Systems Ltd,4520,452020,45,45202020,B,ISR,334113,3575,190,940,C, ,IIS-INTELLIGENT INFORMATION,IISLF
5837, , ,2/28/11,Ramat Gan,LIS Intelligent Information Systems Ltd,4520,452020,45,45202020,B,ISR,334113,3575,190,940,C, ,IIS-INTELLIGENT INFORMATION,IISLF
5837, , ,3/31/11,Ramat Gan,LIS Intelligent Information Systems Ltd,4520,452020,45,45202020,B,ISR,334113,3575,190,940,C, ,IIS-INTELLIGENT INFORMATION,IISLF
5837, , ,4/30/11,Ramat Gan,LIS Intelligent Information Systems Ltd,4520,452020,45,45202020,B,ISR,334113,3575,190,940,C, ,IIS-INTELLIGENT INFORMATION,IISLF
5837, , ,5/31/11,Ramat Gan,LIS Intelligent Information Systems Ltd,4520,452020,45,45202020,B,ISR,334113,3575,190,940,C, ,IIS-INTELLIGENT INFORMATION,IISLF
5837, , ,6/30/11,Ramat Gan,LIS Intelligent Information Systems Ltd,4520,452020,45,45202020,B,ISR,334113,3575,190,940,C, ,IIS-INTELLIGENT INFORMATION,IISLF
5837, , ,7/31/11,Ramat Gan,LIS Intelligent Information Systems Ltd,4520,452020,45,45202020,B,ISR,334113,3575,190,940,C, ,IIS-INTELLIGENT INFORMATION,IISLF
5837, , ,8/31/11,Ramat Gan,LIS Intelligent Information Systems Ltd,4520,452020,45,45202020,B,ISR,334113,3575,190,940,C, ,IIS-INTELLIGENT INFORMATION,IISLF
5837, , ,9/30/11,Ramat Gan,LIS Intelligent Information Systems Ltd,4520,452020,45,45202020,B,ISR,334113,3575,190,940,C, ,IIS-INTELLIGENT INFORMATION,IISLF
5837, , ,10/31/11,Ramat Gan,LIS Intelligent Information Systems Ltd,4520,452020,45,45202020,B,ISR,334113,3575,190,940,C, ,IIS-INTELLIGENT INFORMATION,IISLF
5837, , ,11/30/11,Ramat Gan,LIS Intelligent Information Systems Ltd,4520,452020,45,45202020,B,ISR,334113,3575,190,940,C, ,IIS-INTELLIGENT INFORMATION,IISLF
5837, , ,12/31/11,Ramat Gan,LIS Intelligent Information Systems Ltd,4520,452020,45,45202020,B,ISR,334113,3575,190,940,C, ,IIS-INTELLIGENT INFORMATION,IISLF
5837, , ,1/31/12,Ramat Gan,LIS Intelligent Information Systems Ltd,4520,452020,45,45202020,B,ISR,334113,3575,190,940,C, ,IIS-INTELLIGENT INFORMATION,IISLF
5837, , ,2/29/12,Ramat Gan,LIS Intelligent Information Systems Ltd,4520,452020,45,45202020,B,ISR,334113,3575,190,940,C, ,IIS-INTELLIGENT INFORMATION,IISLF
5837, , ,3/31/12,Ramat Gan,LIS Intelligent Information Systems Ltd,4520,452020,45,45202020,B,ISR,334113,3575,190,940,C, ,IIS-INTELLIGENT INFORMATION,IISLF
5837, , ,4/30/12,Ramat Gan,LIS Intelligent Information Systems Ltd,4520,452020,45,45202020,B,ISR,334113,3575,190,940,C, ,IIS-INTELLIGENT INFORMATION,IISLF
5837, , ,5/31/12,Ramat Gan,LIS Intelligent Information Systems Ltd,4520,452020,45,45202020,B,ISR,334113,3575,190,940,C, ,IIS-INTELLIGENT INFORMATION,IISLF
5837, , ,6/30/12,Ramat Gan,LIS Intelligent Information Systems Ltd,4520,452020,45,45202020,B,ISR,334113,3575,190,940,C, ,IIS-INTELLIGENT INFORMATION,IISLF
5837, , ,7/31/12,Ramat Gan,LIS Intelligent Information Systems Ltd,4520,452020,45,45202020,B,ISR,334113,3575,190,940,C, ,IIS-INTELLIGENT INFORMATION,IISLF
5837, , ,8/31/12,Ramat Gan,LIS Intelligent Information Systems Ltd,4520,452020,45,45202020,B,ISR,334113,3575,190,940,C, ,IIS-INTELLIGENT INFORMATION,IISLF
5837, , ,9/30/12,Ramat Gan,LIS Intelligent Information Systems Ltd,4520,452020,45,45202020,B,ISR,334113,3575,190,940,C, ,IIS-INTELLIGENT INFORMATION,IISLF
5837, , ,10/31/12,Ramat Gan,LIS Intelligent Information Systems Ltd,4520,452020,45,45202020,B,ISR,334113,3575,190,940,C, ,IIS-INTELLIGENT INFORMATION,IISLF
5837, , ,11/30/12,Ramat Gan,LIS Intelligent Information Systems Ltd,4520,452020,45,45202020,B,ISR,334113,3575,190,940,C, ,IIS-INTELLIGENT INFORMATION,IISLF
5837, , ,12/31/12,Ramat Gan,LIS Intelligent Information Systems Ltd,4520,452020,45,45202020,B,ISR,334113,3575,190,940,C, ,IIS-INTELLIGENT INFORMATION,IISLF
5837, , ,1/31/13,Ramat Gan,LIS Intelligent Information Systems Ltd,4520,452020,45,45202020,B,ISR,334113,3575,190,940,C, ,IIS-INTELLIGENT INFORMATION,IISLF
5837, , ,2/28/13,Ramat Gan,LIS Intelligent Information Systems Ltd,4520,452020,45,45202020,B,ISR,334113,3575,190,940,C, ,IIS-INTELLIGENT INFORMATION,IISLF
5837, , ,3/31/13,Ramat Gan,LIS Intelligent Information Systems Ltd,4520,452020,45,45202020,B,ISR,334113,3575,190,940,C, ,IIS-INTELLIGENT INFORMATION,IISLF
5837, , ,4/30/13,Ramat Gan,LIS Intelligent Information Systems Ltd,4520,452020,45,45202020,B,ISR,334113,3575,190,940,C, ,IIS-INTELLIGENT INFORMATION,IISLF
5837, , ,5/31/13,Ramat Gan,LIS Intelligent Information Systems Ltd,4520,452020,45,45202020,B,ISR,334113,3575,190,940,C, ,IIS-INTELLIGENT INFORMATION,IISLF
5837, , ,6/30/13,Ramat Gan,LIS Intelligent Information Systems Ltd,4520,452020,45,45202020,B,ISR,334113,3575,190,940,C, ,IIS-INTELLIGENT INFORMATION,IISLF
5837, , ,7/31/13,Ramat Gan,LIS Intelligent Information Systems Ltd,4520,452020,45,45202020,B,ISR,334113,3575,190,940,C, ,IIS-INTELLIGENT INFORMATION,IISLF
5837, , ,8/31/13,Ramat Gan,LIS Intelligent Information Systems Ltd,4520,452020,45,45202020,B,ISR,334113,3575,190,940,C, ,IIS-INTELLIGENT INFORMATION,IISLF
5837, , ,9/30/13,Ramat Gan,LIS Intelligent Information Systems Ltd,4520,452020,45,45202020,B,ISR,334113,3575,190,940,C, ,IIS-INTELLIGENT INFORMATION,IISLF
5837, , ,10/31/13,Ramat Gan,LIS Intelligent Information Systems Ltd,4520,452020,45,45202020,B,ISR,334113,3575,190,940,C, ,IIS-INTELLIGENT INFORMATION,IISLF
5932, , ,1/31/10,Brooklyn,IEH Corp,4520,452030,45,45203015,D,USA,334417,3678,220,925, ,NY,IEH CORP,IEHC
5932, , ,2/28/10,Brooklyn,IEH Corp,4520,452030,45,45203015,D,USA,334417,3678,220,925, ,NY,IEH CORP,IEHC
5932, , ,3/31/10,Brooklyn,IEH Corp,4520,452030,45,45203015,D,USA,334417,3678,220,925, ,NY,IEH CORP,IEHC
5932, , ,4/30/10,Brooklyn,IEH Corp,4520,452030,45,45203015,D,USA,334417,3678,220,925, ,NY,IEH CORP,IEHC
5932, , ,5/31/10,Brooklyn,IEH Corp,4520,452030,45,45203015,D,USA,334417,3678,220,925, ,NY,IEH CORP,IEHC
5932, , ,6/30/10,Brooklyn,IEH Corp,4520,452030,45,45203015,D,USA,334417,3678,220,925, ,NY,IEH CORP,IEHC
5932, , ,7/31/10,Brooklyn,IEH Corp,4520,452030,45,45203015,D,USA,334417,3678,220,925, ,NY,IEH CORP,IEHC
5932, , ,8/31/10,Brooklyn,IEH Corp,4520,452030,45,45203015,D,USA,334417,3678,220,925, ,NY,IEH CORP,IEHC
5932, , ,9/30/10,Brooklyn,IEH Corp,4520,452030,45,45203015,D,USA,334417,3678,220,925, ,NY,IEH CORP,IEHC
5932, , ,10/31/10,Brooklyn,IEH Corp,4520,452030,45,45203015,D,USA,334417,3678,220,925, ,NY,IEH CORP,IEHC
5932, , ,11/30/10,Brooklyn,IEH Corp,4520,452030,45,45203015,D,USA,334417,3678,220,925, ,NY,IEH CORP,IEHC
5932, , ,12/31/10,Brooklyn,IEH Corp,4520,452030,45,45203015,D,USA,334417,3678,220,925, ,NY,IEH CORP,IEHC
5932, , ,1/31/11,Brooklyn,IEH Corp,4520,452030,45,45203015,D,USA,334417,3678,220,925, ,NY,IEH CORP,IEHC
5932, , ,2/28/11,Brooklyn,IEH Corp,4520,452030,45,45203015,D,USA,334417,3678,220,925, ,NY,IEH CORP,IEHC
5932, , ,3/31/11,Brooklyn,IEH Corp,4520,452030,45,45203015,D,USA,334417,3678,220,925, ,NY,IEH CORP,IEHC
5932, , ,4/30/11,Brooklyn,IEH Corp,4520,452030,45,45203015,D,USA,334417,3678,220,925, ,NY,IEH CORP,IEHC
5932, , ,5/31/11,Brooklyn,IEH Corp,4520,452030,45,45203015,D,USA,334417,3678,220,925, ,NY,IEH CORP,IEHC
5932, , ,6/30/11,Brooklyn,IEH Corp,4520,452030,45,45203015,D,USA,334417,3678,220,925, ,NY,IEH CORP,IEHC
5932, , ,7/31/11,Brooklyn,IEH Corp,4520,452030,45,45203015,D,USA,334417,3678,220,925, ,NY,IEH CORP,IEHC
5932, , ,8/31/11,Brooklyn,IEH Corp,4520,452030,45,45203015,D,USA,334417,3678,220,925, ,NY,IEH CORP,IEHC
5932, , ,9/30/11,Brooklyn,IEH Corp,4520,452030,45,45203015,D,USA,334417,3678,220,925, ,NY,IEH CORP,IEHC
5932, , ,10/31/11,Brooklyn,IEH Corp,4520,452030,45,45203015,D,USA,334417,3678,220,925, ,NY,IEH CORP,IEHC
5932, , ,11/30/11,Brooklyn,IEH Corp,4520,452030,45,45203015,D,USA,334417,3678,220,925, ,NY,IEH CORP,IEHC
5932, , ,12/31/11,Brooklyn,IEH Corp,4520,452030,45,45203015,D,USA,334417,3678,220,925, ,NY,IEH CORP,IEHC
5932, , ,1/31/12,Brooklyn,IEH Corp,4520,452030,45,45203015,D,USA,334417,3678,220,925, ,NY,IEH CORP,IEHC
5932, , ,2/29/12,Brooklyn,IEH Corp,4520,452030,45,45203015,D,USA,334417,3678,220,925, ,NY,IEH CORP,IEHC
5932, , ,3/31/12,Brooklyn,IEH Corp,4520,452030,45,45203015,D,USA,334417,3678,220,925, ,NY,IEH CORP,IEHC
5932, , ,4/30/12,Brooklyn,IEH Corp,4520,452030,45,45203015,D,USA,334417,3678,220,925, ,NY,IEH CORP,IEHC
5932, , ,5/31/12,Brooklyn,IEH Corp,4520,452030,45,45203015,D,USA,334417,3678,220,925, ,NY,IEH CORP,IEHC
5932, , ,6/30/12,Brooklyn,IEH Corp,4520,452030,45,45203015,D,USA,334417,3678,220,925, ,NY,IEH CORP,IEHC
5932, , ,7/31/12,Brooklyn,IEH Corp,4520,452030,45,45203015,D,USA,334417,3678,220,925, ,NY,IEH CORP,IEHC
5932, , ,8/31/12,Brooklyn,IEH Corp,4520,452030,45,45203015,D,USA,334417,3678,220,925, ,NY,IEH CORP,IEHC
5932, , ,9/30/12,Brooklyn,IEH Corp,4520,452030,45,45203015,D,USA,334417,3678,220,925, ,NY,IEH CORP,IEHC
5932, , ,10/31/12,Brooklyn,IEH Corp,4520,452030,45,45203015,D,USA,334417,3678,220,925, ,NY,IEH CORP,IEHC
5932, , ,11/30/12,Brooklyn,IEH Corp,4520,452030,45,45203015,D,USA,334417,3678,220,925, ,NY,IEH CORP,IEHC
5932, , ,12/31/12,Brooklyn,IEH Corp,4520,452030,45,45203015,D,USA,334417,3678,220,925, ,NY,IEH CORP,IEHC
5932, , ,1/31/13,Brooklyn,IEH Corp,4520,452030,45,45203015,D,USA,334417,3678,220,925, ,NY,IEH CORP,IEHC
5932, , ,2/28/13,Brooklyn,IEH Corp,4520,452030,45,45203015,D,USA,334417,3678,220,925, ,NY,IEH CORP,IEHC
5932, , ,3/31/13,Brooklyn,IEH Corp,4520,452030,45,45203015,D,USA,334417,3678,220,925, ,NY,IEH CORP,IEHC
5932, , ,4/30/13,Brooklyn,IEH Corp,4520,452030,45,45203015,D,USA,334417,3678,220,925, ,NY,IEH CORP,IEHC
5932, , ,5/31/13,Brooklyn,IEH Corp,4520,452030,45,45203015,D,USA,334417,3678,220,925, ,NY,IEH CORP,IEHC
5932, , ,6/30/13,Brooklyn,IEH Corp,4520,452030,45,45203015,D,USA,334417,3678,220,925, ,NY,IEH CORP,IEHC
5932, , ,7/31/13,Brooklyn,IEH Corp,4520,452030,45,45203015,D,USA,334417,3678,220,925, ,NY,IEH CORP,IEHC
5932, , ,8/31/13,Brooklyn,IEH Corp,4520,452030,45,45203015,D,USA,334417,3678,220,925, ,NY,IEH CORP,IEHC
5932, , ,9/30/13,Brooklyn,IEH Corp,4520,452030,45,45203015,D,USA,334417,3678,220,925, ,NY,IEH CORP,IEHC
5932, , ,10/31/13,Brooklyn,IEH Corp,4520,452030,45,45203015,D,USA,334417,3678,220,925, ,NY,IEH CORP,IEHC
5973, , ,1/31/10,Plymouth,Innovex Inc,4520,452020,45,45202020,D,USA,334413,3674,188,940,C,MN,INNOVEX INC,INVX
5973, , ,2/28/10,Plymouth,Innovex Inc,4520,452020,45,45202020,D,USA,334413,3674,188,940,C,MN,INNOVEX INC,INVX
5973, , ,3/31/10,Plymouth,Innovex Inc,4520,452020,45,45202020,D,USA,334413,3674,188,940,C,MN,INNOVEX INC,INVX
5973, , ,4/30/10,Plymouth,Innovex Inc,4520,452020,45,45202020,D,USA,334413,3674,188,940,C,MN,INNOVEX INC,INVX
5973, , ,5/31/10,Plymouth,Innovex Inc,4520,452020,45,45202020,D,USA,334413,3674,188,940,C,MN,INNOVEX INC,INVX
5973, , ,6/30/10,Plymouth,Innovex Inc,4520,452020,45,45202020,D,USA,334413,3674,188,940,C,MN,INNOVEX INC,INVX
5973, , ,7/31/10,Plymouth,Innovex Inc,4520,452020,45,45202020,D,USA,334413,3674,188,940,C,MN,INNOVEX INC,INVX
5973, , ,8/31/10,Plymouth,Innovex Inc,4520,452020,45,45202020,D,USA,334413,3674,188,940,C,MN,INNOVEX INC,INVX
5973, , ,9/30/10,Plymouth,Innovex Inc,4520,452020,45,45202020,D,USA,334413,3674,188,940,C,MN,INNOVEX INC,INVX
5973, , ,10/31/10,Plymouth,Innovex Inc,4520,452020,45,45202020,D,USA,334413,3674,188,940,C,MN,INNOVEX INC,INVX
5973, , ,11/30/10,Plymouth,Innovex Inc,4520,452020,45,45202020,D,USA,334413,3674,188,940,C,MN,INNOVEX INC,INVX
5973, , ,12/31/10,Plymouth,Innovex Inc,4520,452020,45,45202020,D,USA,334413,3674,188,940,C,MN,INNOVEX INC,INVX
5973, , ,1/31/11,Plymouth,Innovex Inc,4520,452020,45,45202020,D,USA,334413,3674,188,940,C,MN,INNOVEX INC,INVX
5973, , ,2/28/11,Plymouth,Innovex Inc,4520,452020,45,45202020,D,USA,334413,3674,188,940,C,MN,INNOVEX INC,INVX
5973, , ,3/31/11,Plymouth,Innovex Inc,4520,452020,45,45202020,D,USA,334413,3674,188,940,C,MN,INNOVEX INC,INVX
5973, , ,4/30/11,Plymouth,Innovex Inc,4520,452020,45,45202020,D,USA,334413,3674,188,940,C,MN,INNOVEX INC,INVX
5973, , ,5/31/11,Plymouth,Innovex Inc,4520,452020,45,45202020,D,USA,334413,3674,188,940,C,MN,INNOVEX INC,INVX
5973, , ,6/30/11,Plymouth,Innovex Inc,4520,452020,45,45202020,D,USA,334413,3674,188,940,C,MN,INNOVEX INC,INVX
5973, , ,7/31/11,Plymouth,Innovex Inc,4520,452020,45,45202020,D,USA,334413,3674,188,940,C,MN,INNOVEX INC,INVX
5973, , ,8/31/11,Plymouth,Innovex Inc,4520,452020,45,45202020,D,USA,334413,3674,188,940,C,MN,INNOVEX INC,INVX
5973, , ,9/30/11,Plymouth,Innovex Inc,4520,452020,45,45202020,D,USA,334413,3674,188,940,C,MN,INNOVEX INC,INVX
5973, , ,10/31/11,Plymouth,Innovex Inc,4520,452020,45,45202020,D,USA,334413,3674,188,940,C,MN,INNOVEX INC,INVX
5973, , ,11/30/11,Plymouth,Innovex Inc,4520,452020,45,45202020,D,USA,334413,3674,188,940,C,MN,INNOVEX INC,INVX
5973, , ,12/31/11,Plymouth,Innovex Inc,4520,452020,45,45202020,D,USA,334413,3674,188,940,C,MN,INNOVEX INC,INVX
5973, , ,1/31/12,Plymouth,Innovex Inc,4520,452020,45,45202020,D,USA,334413,3674,188,940,C,MN,INNOVEX INC,INVX
5973, , ,2/29/12,Plymouth,Innovex Inc,4520,452020,45,45202020,D,USA,334413,3674,188,940,C,MN,INNOVEX INC,INVX
5973, , ,3/31/12,Plymouth,Innovex Inc,4520,452020,45,45202020,D,USA,334413,3674,188,940,C,MN,INNOVEX INC,INVX
5973, , ,4/30/12,Plymouth,Innovex Inc,4520,452020,45,45202020,D,USA,334413,3674,188,940,C,MN,INNOVEX INC,INVX
5973, , ,5/31/12,Plymouth,Innovex Inc,4520,452020,45,45202020,D,USA,334413,3674,188,940,C,MN,INNOVEX INC,INVX
5973, , ,6/30/12,Plymouth,Innovex Inc,4520,452020,45,45202020,D,USA,334413,3674,188,940,C,MN,INNOVEX INC,INVX
5973, , ,7/31/12,Plymouth,Innovex Inc,4520,452020,45,45202020,D,USA,334413,3674,188,940,C,MN,INNOVEX INC,INVX
5973, , ,8/31/12,Plymouth,Innovex Inc,4520,452020,45,45202020,D,USA,334413,3674,188,940,C,MN,INNOVEX INC,INVX
5973, , ,9/30/12,Plymouth,Innovex Inc,4520,452020,45,45202020,D,USA,334413,3674,188,940,C,MN,INNOVEX INC,INVX
5973, , ,10/31/12,Plymouth,Innovex Inc,4520,452020,45,45202020,D,USA,334413,3674,188,940,C,MN,INNOVEX INC,INVX
5973, , ,11/30/12,Plymouth,Innovex Inc,4520,452020,45,45202020,D,USA,334413,3674,188,940,C,MN,INNOVEX INC,INVX
5973, , ,12/31/12,Plymouth,Innovex Inc,4520,452020,45,45202020,D,USA,334413,3674,188,940,C,MN,INNOVEX INC,INVX
5973, , ,1/31/13,Plymouth,Innovex Inc,4520,452020,45,45202020,D,USA,334413,3674,188,940,C,MN,INNOVEX INC,INVX
5973, , ,2/28/13,Plymouth,Innovex Inc,4520,452020,45,45202020,D,USA,334413,3674,188,940,C,MN,INNOVEX INC,INVX
5973, , ,3/31/13,Plymouth,Innovex Inc,4520,452020,45,45202020,D,USA,334413,3674,188,940,C,MN,INNOVEX INC,INVX
5973, , ,4/30/13,Plymouth,Innovex Inc,4520,452020,45,45202020,D,USA,334413,3674,188,940,C,MN,INNOVEX INC,INVX
5973, , ,5/31/13,Plymouth,Innovex Inc,4520,452020,45,45202020,D,USA,334413,3674,188,940,C,MN,INNOVEX INC,INVX
5973, , ,6/30/13,Plymouth,Innovex Inc,4520,452020,45,45202020,D,USA,334413,3674,188,940,C,MN,INNOVEX INC,INVX
5973, , ,7/31/13,Plymouth,Innovex Inc,4520,452020,45,45202020,D,USA,334413,3674,188,940,C,MN,INNOVEX INC,INVX
5973, , ,8/31/13,Plymouth,Innovex Inc,4520,452020,45,45202020,D,USA,334413,3674,188,940,C,MN,INNOVEX INC,INVX
5973, , ,9/30/13,Plymouth,Innovex Inc,4520,452020,45,45202020,D,USA,334413,3674,188,940,C,MN,INNOVEX INC,INVX
6021, , ,1/31/10,Northvale,Inrad Optics Inc,4520,452030,45,45203015,D,USA,334419,3679,220,925, ,NJ,INRAD OPTICS INC,INRD
6021, , ,2/28/10,Northvale,Inrad Optics Inc,4520,452030,45,45203015,D,USA,334419,3679,220,925, ,NJ,INRAD OPTICS INC,INRD
6021, , ,3/31/10,Northvale,Inrad Optics Inc,4520,452030,45,45203015,D,USA,334419,3679,220,925, ,NJ,INRAD OPTICS INC,INRD
6021, , ,4/30/10,Northvale,Inrad Optics Inc,4520,452030,45,45203015,D,USA,334419,3679,220,925, ,NJ,INRAD OPTICS INC,INRD
6021, , ,5/31/10,Northvale,Inrad Optics Inc,4520,452030,45,45203015,D,USA,334419,3679,220,925, ,NJ,INRAD OPTICS INC,INRD
6021, , ,6/30/10,Northvale,Inrad Optics Inc,4520,452030,45,45203015,D,USA,334419,3679,220,925, ,NJ,INRAD OPTICS INC,INRD
6021, , ,7/31/10,Northvale,Inrad Optics Inc,4520,452030,45,45203015,D,USA,334419,3679,220,925, ,NJ,INRAD OPTICS INC,INRD
6021, , ,8/31/10,Northvale,Inrad Optics Inc,4520,452030,45,45203015,D,USA,334419,3679,220,925, ,NJ,INRAD OPTICS INC,INRD
6021, , ,9/30/10,Northvale,Inrad Optics Inc,4520,452030,45,45203015,D,USA,334419,3679,220,925, ,NJ,INRAD OPTICS INC,INRD
6021, , ,10/31/10,Northvale,Inrad Optics Inc,4520,452030,45,45203015,D,USA,334419,3679,220,925, ,NJ,INRAD OPTICS INC,INRD
6021, , ,11/30/10,Northvale,Inrad Optics Inc,4520,452030,45,45203015,D,USA,334419,3679,220,925, ,NJ,INRAD OPTICS INC,INRD
6021, , ,12/31/10,Northvale,Inrad Optics Inc,4520,452030,45,45203015,D,USA,334419,3679,220,925, ,NJ,INRAD OPTICS INC,INRD
6021, , ,1/31/11,Northvale,Inrad Optics Inc,4520,452030,45,45203015,D,USA,334419,3679,220,925, ,NJ,INRAD OPTICS INC,INRD
6021, , ,2/28/11,Northvale,Inrad Optics Inc,4520,452030,45,45203015,D,USA,334419,3679,220,925, ,NJ,INRAD OPTICS INC,INRD
6021, , ,3/31/11,Northvale,Inrad Optics Inc,4520,452030,45,45203015,D,USA,334419,3679,220,925, ,NJ,INRAD OPTICS INC,INRD
6021, , ,4/30/11,Northvale,Inrad Optics Inc,4520,452030,45,45203015,D,USA,334419,3679,220,925, ,NJ,INRAD OPTICS INC,INRD
6021, , ,5/31/11,Northvale,Inrad Optics Inc,4520,452030,45,45203015,D,USA,334419,3679,220,925, ,NJ,INRAD OPTICS INC,INRD
6021, , ,6/30/11,Northvale,Inrad Optics Inc,4520,452030,45,45203015,D,USA,334419,3679,220,925, ,NJ,INRAD OPTICS INC,INRD
6021, , ,7/31/11,Northvale,Inrad Optics Inc,4520,452030,45,45203015,D,USA,334419,3679,220,925, ,NJ,INRAD OPTICS INC,INRD
6021, , ,8/31/11,Northvale,Inrad Optics Inc,4520,452030,45,45203015,D,USA,334419,3679,220,925, ,NJ,INRAD OPTICS INC,INRD
6021, , ,9/30/11,Northvale,Inrad Optics Inc,4520,452030,45,45203015,D,USA,334419,3679,220,925, ,NJ,INRAD OPTICS INC,INRD
6021, , ,10/31/11,Northvale,Inrad Optics Inc,4520,452030,45,45203015,D,USA,334419,3679,220,925, ,NJ,INRAD OPTICS INC,INRD
6021, , ,11/30/11,Northvale,Inrad Optics Inc,4520,452030,45,45203015,D,USA,334419,3679,220,925, ,NJ,INRAD OPTICS INC,INRD
6021, , ,12/31/11,Northvale,Inrad Optics Inc,4520,452030,45,45203015,D,USA,334419,3679,220,925, ,NJ,INRAD OPTICS INC,INRD
6021, , ,1/31/12,Northvale,Inrad Optics Inc,4520,452030,45,45203015,D,USA,334419,3679,220,925, ,NJ,INRAD OPTICS INC,INRD
6021, , ,2/29/12,Northvale,Inrad Optics Inc,4520,452030,45,45203015,D,USA,334419,3679,220,925, ,NJ,INRAD OPTICS INC,INRD
6021, , ,3/31/12,Northvale,Inrad Optics Inc,4520,452030,45,45203015,D,USA,334419,3679,220,925, ,NJ,INRAD OPTICS INC,INRD
6021, , ,4/30/12,Northvale,Inrad Optics Inc,4520,452030,45,45203015,D,USA,334419,3679,220,925, ,NJ,INRAD OPTICS INC,INRD
6021, , ,5/31/12,Northvale,Inrad Optics Inc,4520,452030,45,45203015,D,USA,334419,3679,220,925, ,NJ,INRAD OPTICS INC,INRD
6021, , ,6/30/12,Northvale,Inrad Optics Inc,4520,452030,45,45203015,D,USA,334419,3679,220,925, ,NJ,INRAD OPTICS INC,INRD
6021, , ,7/31/12,Northvale,Inrad Optics Inc,4520,452030,45,45203015,D,USA,334419,3679,220,925, ,NJ,INRAD OPTICS INC,INRD
6021, , ,8/31/12,Northvale,Inrad Optics Inc,4520,452030,45,45203015,D,USA,334419,3679,220,925, ,NJ,INRAD OPTICS INC,INRD
6021, , ,9/30/12,Northvale,Inrad Optics Inc,4520,452030,45,45203015,D,USA,334419,3679,220,925, ,NJ,INRAD OPTICS INC,INRD
6021, , ,10/31/12,Northvale,Inrad Optics Inc,4520,452030,45,45203015,D,USA,334419,3679,220,925, ,NJ,INRAD OPTICS INC,INRD
6021, , ,11/30/12,Northvale,Inrad Optics Inc,4520,452030,45,45203015,D,USA,334419,3679,220,925, ,NJ,INRAD OPTICS INC,INRD
6021, , ,12/31/12,Northvale,Inrad Optics Inc,4520,452030,45,45203015,D,USA,334419,3679,220,925, ,NJ,INRAD OPTICS INC,INRD
6021, , ,1/31/13,Northvale,Inrad Optics Inc,4520,452030,45,45203015,D,USA,334419,3679,220,925, ,NJ,INRAD OPTICS INC,INRD
6021, , ,2/28/13,Northvale,Inrad Optics Inc,4520,452030,45,45203015,D,USA,334419,3679,220,925, ,NJ,INRAD OPTICS INC,INRD
6021, , ,3/31/13,Northvale,Inrad Optics Inc,4520,452030,45,45203015,D,USA,334419,3679,220,925, ,NJ,INRAD OPTICS INC,INRD
6021, , ,4/30/13,Northvale,Inrad Optics Inc,4520,452030,45,45203015,D,USA,334419,3679,220,925, ,NJ,INRAD OPTICS INC,INRD
6021, , ,5/31/13,Northvale,Inrad Optics Inc,4520,452030,45,45203015,D,USA,334419,3679,220,925, ,NJ,INRAD OPTICS INC,INRD
6021, , ,6/30/13,Northvale,Inrad Optics Inc,4520,452030,45,45203015,D,USA,334419,3679,220,925, ,NJ,INRAD OPTICS INC,INRD
6021, , ,7/31/13,Northvale,Inrad Optics Inc,4520,452030,45,45203015,D,USA,334419,3679,220,925, ,NJ,INRAD OPTICS INC,INRD
6021, , ,8/31/13,Northvale,Inrad Optics Inc,4520,452030,45,45203015,D,USA,334419,3679,220,925, ,NJ,INRAD OPTICS INC,INRD
6021, , ,9/30/13,Northvale,Inrad Optics Inc,4520,452030,45,45203015,D,USA,334419,3679,220,925, ,NJ,INRAD OPTICS INC,INRD
6021, , ,10/31/13,Northvale,Inrad Optics Inc,4520,452030,45,45203015,D,USA,334419,3679,220,925, ,NJ,INRAD OPTICS INC,INRD
6023, , ,1/31/10,Newport News,Interand Corp,4520,452010,45,45201020,D,USA,334210,3661,180,940, ,VA,INTERAND CORP,INVB
6023, , ,2/28/10,Newport News,Interand Corp,4520,452010,45,45201020,D,USA,334210,3661,180,940, ,VA,INTERAND CORP,INVB
6023, , ,3/31/10,Newport News,Interand Corp,4520,452010,45,45201020,D,USA,334210,3661,180,940, ,VA,INTERAND CORP,INVB
6023, , ,4/30/10,Newport News,Interand Corp,4520,452010,45,45201020,D,USA,334210,3661,180,940, ,VA,INTERAND CORP,INVB
6023, , ,5/31/10,Newport News,Interand Corp,4520,452010,45,45201020,D,USA,334210,3661,180,940, ,VA,INTERAND CORP,INVB
6023, , ,6/30/10,Newport News,Interand Corp,4520,452010,45,45201020,D,USA,334210,3661,180,940, ,VA,INTERAND CORP,INVB
6023, , ,7/31/10,Newport News,Interand Corp,4520,452010,45,45201020,D,USA,334210,3661,180,940, ,VA,INTERAND CORP,INVB
6023, , ,8/31/10,Newport News,Interand Corp,4520,452010,45,45201020,D,USA,334210,3661,180,940, ,VA,INTERAND CORP,INVB
6023, , ,9/30/10,Newport News,Interand Corp,4520,452010,45,45201020,D,USA,334210,3661,180,940, ,VA,INTERAND CORP,INVB
6023, , ,10/31/10,Newport News,Interand Corp,4520,452010,45,45201020,D,USA,334210,3661,180,940, ,VA,INTERAND CORP,INVB
6023, , ,11/30/10,Newport News,Interand Corp,4520,452010,45,45201020,D,USA,334210,3661,180,940, ,VA,INTERAND CORP,INVB
6023, , ,12/31/10,Newport News,Interand Corp,4520,452010,45,45201020,D,USA,334210,3661,180,940, ,VA,INTERAND CORP,INVB
6023, , ,1/31/11,Newport News,Interand Corp,4520,452010,45,45201020,D,USA,334210,3661,180,940, ,VA,INTERAND CORP,INVB
6023, , ,2/28/11,Newport News,Interand Corp,4520,452010,45,45201020,D,USA,334210,3661,180,940, ,VA,INTERAND CORP,INVB
6023, , ,3/31/11,Newport News,Interand Corp,4520,452010,45,45201020,D,USA,334210,3661,180,940, ,VA,INTERAND CORP,INVB
6023, , ,4/30/11,Newport News,Interand Corp,4520,452010,45,45201020,D,USA,334210,3661,180,940, ,VA,INTERAND CORP,INVB
6023, , ,5/31/11,Newport News,Interand Corp,4520,452010,45,45201020,D,USA,334210,3661,180,940, ,VA,INTERAND CORP,INVB
6100, , ,1/31/10,Wilmington,InterDigital Inc,4520,452010,45,45201020,D,USA,533110,6794,175,976,B,DE,INTERDIGITAL INC,IDCC
6100, , ,2/28/10,Wilmington,InterDigital Inc,4520,452010,45,45201020,D,USA,533110,6794,175,976,B,DE,INTERDIGITAL INC,IDCC
6100, , ,3/31/10,Wilmington,InterDigital Inc,4520,452010,45,45201020,D,USA,533110,6794,175,976,B,DE,INTERDIGITAL INC,IDCC
6100, , ,4/30/10,Wilmington,InterDigital Inc,4520,452010,45,45201020,D,USA,533110,6794,175,976,B,DE,INTERDIGITAL INC,IDCC
6100, , ,5/31/10,Wilmington,InterDigital Inc,4520,452010,45,45201020,D,USA,533110,6794,175,976,B,DE,INTERDIGITAL INC,IDCC
6100, , ,6/30/10,Wilmington,InterDigital Inc,4520,452010,45,45201020,D,USA,533110,6794,175,976,B,DE,INTERDIGITAL INC,IDCC
6100, , ,7/31/10,Wilmington,InterDigital Inc,4520,452010,45,45201020,D,USA,533110,6794,175,976,B,DE,INTERDIGITAL INC,IDCC
6100, , ,8/31/10,Wilmington,InterDigital Inc,4520,452010,45,45201020,D,USA,533110,6794,175,976,B,DE,INTERDIGITAL INC,IDCC
6100, , ,9/30/10,Wilmington,InterDigital Inc,4520,452010,45,45201020,D,USA,533110,6794,175,976,B,DE,INTERDIGITAL INC,IDCC
6100, , ,10/31/10,Wilmington,InterDigital Inc,4520,452010,45,45201020,D,USA,533110,6794,175,976,B,DE,INTERDIGITAL INC,IDCC
6100, , ,11/30/10,Wilmington,InterDigital Inc,4520,452010,45,45201020,D,USA,533110,6794,175,976,B,DE,INTERDIGITAL INC,IDCC
6100, , ,12/31/10,Wilmington,InterDigital Inc,4520,452010,45,45201020,D,USA,533110,6794,175,976,B,DE,INTERDIGITAL INC,IDCC
6100, , ,1/31/11,Wilmington,InterDigital Inc,4520,452010,45,45201020,D,USA,533110,6794,175,976,B,DE,INTERDIGITAL INC,IDCC
6100, , ,2/28/11,Wilmington,InterDigital Inc,4520,452010,45,45201020,D,USA,533110,6794,175,976,B,DE,INTERDIGITAL INC,IDCC
6100, , ,3/31/11,Wilmington,InterDigital Inc,4520,452010,45,45201020,D,USA,533110,6794,175,976,B,DE,INTERDIGITAL INC,IDCC
6100, , ,4/30/11,Wilmington,InterDigital Inc,4520,452010,45,45201020,D,USA,533110,6794,175,976,B,DE,INTERDIGITAL INC,IDCC
6100, , ,5/31/11,Wilmington,InterDigital Inc,4520,452010,45,45201020,D,USA,533110,6794,175,976,B,DE,INTERDIGITAL INC,IDCC
6100, , ,6/30/11,Wilmington,InterDigital Inc,4520,452010,45,45201020,D,USA,533110,6794,175,976,B,DE,INTERDIGITAL INC,IDCC
6100, , ,7/31/11,Wilmington,InterDigital Inc,4520,452010,45,45201020,D,USA,533110,6794,175,976,B,DE,INTERDIGITAL INC,IDCC
6100, , ,8/31/11,Wilmington,InterDigital Inc,4520,452010,45,45201020,D,USA,533110,6794,175,976,B,DE,INTERDIGITAL INC,IDCC
6100, , ,9/30/11,Wilmington,InterDigital Inc,4520,452010,45,45201020,D,USA,533110,6794,175,976,B,DE,INTERDIGITAL INC,IDCC
6100, , ,10/31/11,Wilmington,InterDigital Inc,4520,452010,45,45201020,D,USA,533110,6794,175,976,B,DE,INTERDIGITAL INC,IDCC
6100, , ,11/30/11,Wilmington,InterDigital Inc,4520,452010,45,45201020,D,USA,533110,6794,175,976,B,DE,INTERDIGITAL INC,IDCC
6100, , ,12/31/11,Wilmington,InterDigital Inc,4520,452010,45,45201020,D,USA,533110,6794,175,976,B,DE,INTERDIGITAL INC,IDCC
6100, , ,1/31/12,Wilmington,InterDigital Inc,4520,452010,45,45201020,D,USA,533110,6794,175,976,B,DE,INTERDIGITAL INC,IDCC
6100, , ,2/29/12,Wilmington,InterDigital Inc,4520,452010,45,45201020,D,USA,533110,6794,175,976,B,DE,INTERDIGITAL INC,IDCC
6100, , ,3/31/12,Wilmington,InterDigital Inc,4520,452010,45,45201020,D,USA,533110,6794,175,976,B,DE,INTERDIGITAL INC,IDCC
6100, , ,4/30/12,Wilmington,InterDigital Inc,4520,452010,45,45201020,D,USA,533110,6794,175,976,B,DE,INTERDIGITAL INC,IDCC
6100, , ,5/31/12,Wilmington,InterDigital Inc,4520,452010,45,45201020,D,USA,533110,6794,175,976,B,DE,INTERDIGITAL INC,IDCC
6100, , ,6/30/12,Wilmington,InterDigital Inc,4520,452010,45,45201020,D,USA,533110,6794,175,976,B,DE,INTERDIGITAL INC,IDCC
6100, , ,7/31/12,Wilmington,InterDigital Inc,4520,452010,45,45201020,D,USA,533110,6794,175,976,B,DE,INTERDIGITAL INC,IDCC
6100, , ,8/31/12,Wilmington,InterDigital Inc,4520,452010,45,45201020,D,USA,533110,6794,175,976,B,DE,INTERDIGITAL INC,IDCC
6100, , ,9/30/12,Wilmington,InterDigital Inc,4520,452010,45,45201020,D,USA,533110,6794,175,976,B,DE,INTERDIGITAL INC,IDCC
6100, , ,10/31/12,Wilmington,InterDigital Inc,4520,452010,45,45201020,D,USA,533110,6794,175,976,B,DE,INTERDIGITAL INC,IDCC
6100, , ,11/30/12,Wilmington,InterDigital Inc,4520,452010,45,45201020,D,USA,533110,6794,175,976,B,DE,INTERDIGITAL INC,IDCC
6100, , ,12/31/12,Wilmington,InterDigital Inc,4520,452010,45,45201020,D,USA,533110,6794,175,976,B,DE,INTERDIGITAL INC,IDCC
6100, , ,1/31/13,Wilmington,InterDigital Inc,4520,452010,45,45201020,D,USA,533110,6794,175,976,B,DE,INTERDIGITAL INC,IDCC
6100, , ,2/28/13,Wilmington,InterDigital Inc,4520,452010,45,45201020,D,USA,533110,6794,175,976,B,DE,INTERDIGITAL INC,IDCC
6100, , ,3/31/13,Wilmington,InterDigital Inc,4520,452010,45,45201020,D,USA,533110,6794,175,976,B,DE,INTERDIGITAL INC,IDCC
6100, , ,4/30/13,Wilmington,InterDigital Inc,4520,452010,45,45201020,D,USA,533110,6794,175,976,B,DE,INTERDIGITAL INC,IDCC
6100, , ,5/31/13,Wilmington,InterDigital Inc,4520,452010,45,45201020,D,USA,533110,6794,175,976,B,DE,INTERDIGITAL INC,IDCC
6100, , ,6/30/13,Wilmington,InterDigital Inc,4520,452010,45,45201020,D,USA,533110,6794,175,976,B,DE,INTERDIGITAL INC,IDCC
6100, , ,7/31/13,Wilmington,InterDigital Inc,4520,452010,45,45201020,D,USA,533110,6794,175,976,B,DE,INTERDIGITAL INC,IDCC
6100, , ,8/31/13,Wilmington,InterDigital Inc,4520,452010,45,45201020,D,USA,533110,6794,175,976,B,DE,INTERDIGITAL INC,IDCC
6100, , ,9/30/13,Wilmington,InterDigital Inc,4520,452010,45,45201020,D,USA,533110,6794,175,976,B,DE,INTERDIGITAL INC,IDCC
6100, , ,10/31/13,Wilmington,InterDigital Inc,4520,452010,45,45201020,D,USA,533110,6794,175,976,B,DE,INTERDIGITAL INC,IDCC
6125, , ,1/31/10,Vista,International Lottery & Totalizator Systems Inc,4520,452030,45,45203010,D,USA,334118,3578,370,925,B-,CA,INTL LOTTERY & TOTALIZATOR,ITSI
6125, , ,2/28/10,Vista,International Lottery & Totalizator Systems Inc,4520,452030,45,45203010,D,USA,334118,3578,370,925,B-,CA,INTL LOTTERY & TOTALIZATOR,ITSI
6125, , ,3/31/10,Vista,International Lottery & Totalizator Systems Inc,4520,452030,45,45203010,D,USA,334118,3578,370,925,B-,CA,INTL LOTTERY & TOTALIZATOR,ITSI
6125, , ,4/30/10,Vista,International Lottery & Totalizator Systems Inc,4520,452030,45,45203010,D,USA,334118,3578,370,925,B-,CA,INTL LOTTERY & TOTALIZATOR,ITSI
6125, , ,5/31/10,Vista,International Lottery & Totalizator Systems Inc,4520,452030,45,45203010,D,USA,334118,3578,370,925,B-,CA,INTL LOTTERY & TOTALIZATOR,ITSI
6125, , ,6/30/10,Vista,International Lottery & Totalizator Systems Inc,4520,452030,45,45203010,D,USA,334118,3578,370,925,B-,CA,INTL LOTTERY & TOTALIZATOR,ITSI
6125, , ,7/31/10,Vista,International Lottery & Totalizator Systems Inc,4520,452030,45,45203010,D,USA,334118,3578,370,925,B-,CA,INTL LOTTERY & TOTALIZATOR,ITSI
6125, , ,8/31/10,Vista,International Lottery & Totalizator Systems Inc,4520,452030,45,45203010,D,USA,334118,3578,370,925,B-,CA,INTL LOTTERY & TOTALIZATOR,ITSI
6125, , ,9/30/10,Vista,International Lottery & Totalizator Systems Inc,4520,452030,45,45203010,D,USA,334118,3578,370,925,B-,CA,INTL LOTTERY & TOTALIZATOR,ITSI
6125, , ,10/31/10,Vista,International Lottery & Totalizator Systems Inc,4520,452030,45,45203010,D,USA,334118,3578,370,925,B-,CA,INTL LOTTERY & TOTALIZATOR,ITSI
6125, , ,11/30/10,Vista,International Lottery & Totalizator Systems Inc,4520,452030,45,45203010,D,USA,334118,3578,370,925,B-,CA,INTL LOTTERY & TOTALIZATOR,ITSI
6125, , ,12/31/10,Vista,International Lottery & Totalizator Systems Inc,4520,452030,45,45203010,D,USA,334118,3578,370,925,B-,CA,INTL LOTTERY & TOTALIZATOR,ITSI
6125, , ,1/31/11,Vista,International Lottery & Totalizator Systems Inc,4520,452030,45,45203010,D,USA,334118,3578,370,925,B-,CA,INTL LOTTERY & TOTALIZATOR,ITSI
6125, , ,2/28/11,Vista,International Lottery & Totalizator Systems Inc,4520,452030,45,45203010,D,USA,334118,3578,370,925,B-,CA,INTL LOTTERY & TOTALIZATOR,ITSI
6125, , ,3/31/11,Vista,International Lottery & Totalizator Systems Inc,4520,452030,45,45203010,D,USA,334118,3578,370,925,B-,CA,INTL LOTTERY & TOTALIZATOR,ITSI
6125, , ,4/30/11,Vista,International Lottery & Totalizator Systems Inc,4520,452030,45,45203010,D,USA,334118,3578,370,925,B-,CA,INTL LOTTERY & TOTALIZATOR,ITSI
6125, , ,5/31/11,Vista,International Lottery & Totalizator Systems Inc,4520,452030,45,45203010,D,USA,334118,3578,370,925,B-,CA,INTL LOTTERY & TOTALIZATOR,ITSI
6125, , ,6/30/11,Vista,International Lottery & Totalizator Systems Inc,4520,452030,45,45203010,D,USA,334118,3578,370,925,B-,CA,INTL LOTTERY & TOTALIZATOR,ITSI
6125, , ,7/31/11,Vista,International Lottery & Totalizator Systems Inc,4520,452030,45,45203010,D,USA,334118,3578,370,925,B-,CA,INTL LOTTERY & TOTALIZATOR,ITSI
6125, , ,8/31/11,Vista,International Lottery & Totalizator Systems Inc,4520,452030,45,45203010,D,USA,334118,3578,370,925,B-,CA,INTL LOTTERY & TOTALIZATOR,ITSI
6125, , ,9/30/11,Vista,International Lottery & Totalizator Systems Inc,4520,452030,45,45203010,D,USA,334118,3578,370,925,B-,CA,INTL LOTTERY & TOTALIZATOR,ITSI
6125, , ,10/31/11,Vista,International Lottery & Totalizator Systems Inc,4520,452030,45,45203010,D,USA,334118,3578,370,925,B-,CA,INTL LOTTERY & TOTALIZATOR,ITSI
6125, , ,11/30/11,Vista,International Lottery & Totalizator Systems Inc,4520,452030,45,45203010,D,USA,334118,3578,370,925,B-,CA,INTL LOTTERY & TOTALIZATOR,ITSI
6125, , ,12/31/11,Vista,International Lottery & Totalizator Systems Inc,4520,452030,45,45203010,D,USA,334118,3578,370,925,B-,CA,INTL LOTTERY & TOTALIZATOR,ITSI
6125, , ,1/31/12,Vista,International Lottery & Totalizator Systems Inc,4520,452030,45,45203010,D,USA,334118,3578,370,925,B-,CA,INTL LOTTERY & TOTALIZATOR,ITSI
6125, , ,2/29/12,Vista,International Lottery & Totalizator Systems Inc,4520,452030,45,45203010,D,USA,334118,3578,370,925,B-,CA,INTL LOTTERY & TOTALIZATOR,ITSI
6125, , ,3/31/12,Vista,International Lottery & Totalizator Systems Inc,4520,452030,45,45203010,D,USA,334118,3578,370,925,B-,CA,INTL LOTTERY & TOTALIZATOR,ITSI
6125, , ,4/30/12,Vista,International Lottery & Totalizator Systems Inc,4520,452030,45,45203010,D,USA,334118,3578,370,925,B-,CA,INTL LOTTERY & TOTALIZATOR,ITSI
6125, , ,5/31/12,Vista,International Lottery & Totalizator Systems Inc,4520,452030,45,45203010,D,USA,334118,3578,370,925,B-,CA,INTL LOTTERY & TOTALIZATOR,ITSI
6125, , ,6/30/12,Vista,International Lottery & Totalizator Systems Inc,4520,452030,45,45203010,D,USA,334118,3578,370,925,B-,CA,INTL LOTTERY & TOTALIZATOR,ITSI
6125, , ,7/31/12,Vista,International Lottery & Totalizator Systems Inc,4520,452030,45,45203010,D,USA,334118,3578,370,925,B-,CA,INTL LOTTERY & TOTALIZATOR,ITSI
6125, , ,8/31/12,Vista,International Lottery & Totalizator Systems Inc,4520,452030,45,45203010,D,USA,334118,3578,370,925,B-,CA,INTL LOTTERY & TOTALIZATOR,ITSI
6125, , ,9/30/12,Vista,International Lottery & Totalizator Systems Inc,4520,452030,45,45203010,D,USA,334118,3578,370,925,B-,CA,INTL LOTTERY & TOTALIZATOR,ITSI
6125, , ,10/31/12,Vista,International Lottery & Totalizator Systems Inc,4520,452030,45,45203010,D,USA,334118,3578,370,925,B-,CA,INTL LOTTERY & TOTALIZATOR,ITSI
6125, , ,11/30/12,Vista,International Lottery & Totalizator Systems Inc,4520,452030,45,45203010,D,USA,334118,3578,370,925,B-,CA,INTL LOTTERY & TOTALIZATOR,ITSI
6125, , ,12/31/12,Vista,International Lottery & Totalizator Systems Inc,4520,452030,45,45203010,D,USA,334118,3578,370,925,B-,CA,INTL LOTTERY & TOTALIZATOR,ITSI
6125, , ,1/31/13,Vista,International Lottery & Totalizator Systems Inc,4520,452030,45,45203010,D,USA,334118,3578,370,925,B-,CA,INTL LOTTERY & TOTALIZATOR,ITSI
6125, , ,2/28/13,Vista,International Lottery & Totalizator Systems Inc,4520,452030,45,45203010,D,USA,334118,3578,370,925,B-,CA,INTL LOTTERY & TOTALIZATOR,ITSI
6125, , ,3/31/13,Vista,International Lottery & Totalizator Systems Inc,4520,452030,45,45203010,D,USA,334118,3578,370,925,B-,CA,INTL LOTTERY & TOTALIZATOR,ITSI
6125, , ,4/30/13,Vista,International Lottery & Totalizator Systems Inc,4520,452030,45,45203010,D,USA,334118,3578,370,925,B-,CA,INTL LOTTERY & TOTALIZATOR,ITSI
6125, , ,5/31/13,Vista,International Lottery & Totalizator Systems Inc,4520,452030,45,45203010,D,USA,334118,3578,370,925,B-,CA,INTL LOTTERY & TOTALIZATOR,ITSI
6125, , ,6/30/13,Vista,International Lottery & Totalizator Systems Inc,4520,452030,45,45203010,D,USA,334118,3578,370,925,B-,CA,INTL LOTTERY & TOTALIZATOR,ITSI
6125, , ,7/31/13,Vista,International Lottery & Totalizator Systems Inc,4520,452030,45,45203010,D,USA,334118,3578,370,925,B-,CA,INTL LOTTERY & TOTALIZATOR,ITSI
6125, , ,8/31/13,Vista,International Lottery & Totalizator Systems Inc,4520,452030,45,45203010,D,USA,334118,3578,370,925,B-,CA,INTL LOTTERY & TOTALIZATOR,ITSI
6125, , ,9/30/13,Vista,International Lottery & Totalizator Systems Inc,4520,452030,45,45203010,D,USA,334118,3578,370,925,B-,CA,INTL LOTTERY & TOTALIZATOR,ITSI
6125, , ,10/31/13,Vista,International Lottery & Totalizator Systems Inc,4520,452030,45,45203010,D,USA,334118,3578,370,925,B-,CA,INTL LOTTERY & TOTALIZATOR,ITSI
6130, , ,1/31/10,Carrollton,Interphase Corp,4520,452010,45,45201020,D,USA,3342,3576,190,940,C,TX,INTERPHASE CORP,INPH
6130, , ,2/28/10,Carrollton,Interphase Corp,4520,452010,45,45201020,D,USA,3342,3576,190,940,C,TX,INTERPHASE CORP,INPH
6130, , ,3/31/10,Carrollton,Interphase Corp,4520,452010,45,45201020,D,USA,3342,3576,190,940,C,TX,INTERPHASE CORP,INPH
6130, , ,4/30/10,Carrollton,Interphase Corp,4520,452010,45,45201020,D,USA,3342,3576,190,940,C,TX,INTERPHASE CORP,INPH
6130, , ,5/31/10,Carrollton,Interphase Corp,4520,452010,45,45201020,D,USA,3342,3576,190,940,C,TX,INTERPHASE CORP,INPH
6130, , ,6/30/10,Carrollton,Interphase Corp,4520,452010,45,45201020,D,USA,3342,3576,190,940,C,TX,INTERPHASE CORP,INPH
6130, , ,7/31/10,Carrollton,Interphase Corp,4520,452010,45,45201020,D,USA,3342,3576,190,940,C,TX,INTERPHASE CORP,INPH
6130, , ,8/31/10,Carrollton,Interphase Corp,4520,452010,45,45201020,D,USA,3342,3576,190,940,C,TX,INTERPHASE CORP,INPH
6130, , ,9/30/10,Carrollton,Interphase Corp,4520,452010,45,45201020,D,USA,3342,3576,190,940,C,TX,INTERPHASE CORP,INPH
6130, , ,10/31/10,Carrollton,Interphase Corp,4520,452010,45,45201020,D,USA,3342,3576,190,940,C,TX,INTERPHASE CORP,INPH
6130, , ,11/30/10,Carrollton,Interphase Corp,4520,452010,45,45201020,D,USA,3342,3576,190,940,C,TX,INTERPHASE CORP,INPH
6130, , ,12/31/10,Carrollton,Interphase Corp,4520,452010,45,45201020,D,USA,3342,3576,190,940,C,TX,INTERPHASE CORP,INPH
6130, , ,1/31/11,Carrollton,Interphase Corp,4520,452010,45,45201020,D,USA,3342,3576,190,940,C,TX,INTERPHASE CORP,INPH
6130, , ,2/28/11,Carrollton,Interphase Corp,4520,452010,45,45201020,D,USA,3342,3576,190,940,C,TX,INTERPHASE CORP,INPH
6130, , ,3/31/11,Carrollton,Interphase Corp,4520,452010,45,45201020,D,USA,3342,3576,190,940,C,TX,INTERPHASE CORP,INPH
6130, , ,4/30/11,Carrollton,Interphase Corp,4520,452010,45,45201020,D,USA,3342,3576,190,940,C,TX,INTERPHASE CORP,INPH
6130, , ,5/31/11,Carrollton,Interphase Corp,4520,452010,45,45201020,D,USA,3342,3576,190,940,C,TX,INTERPHASE CORP,INPH
6130, , ,6/30/11,Carrollton,Interphase Corp,4520,452010,45,45201020,D,USA,3342,3576,190,940,C,TX,INTERPHASE CORP,INPH
6130, , ,7/31/11,Carrollton,Interphase Corp,4520,452010,45,45201020,D,USA,3342,3576,190,940,C,TX,INTERPHASE CORP,INPH
6130, , ,8/31/11,Carrollton,Interphase Corp,4520,452010,45,45201020,D,USA,3342,3576,190,940,C,TX,INTERPHASE CORP,INPH
6130, , ,9/30/11,Carrollton,Interphase Corp,4520,452010,45,45201020,D,USA,3342,3576,190,940,C,TX,INTERPHASE CORP,INPH
6130, , ,10/31/11,Carrollton,Interphase Corp,4520,452010,45,45201020,D,USA,3342,3576,190,940,C,TX,INTERPHASE CORP,INPH
6130, , ,11/30/11,Carrollton,Interphase Corp,4520,452010,45,45201020,D,USA,3342,3576,190,940,C,TX,INTERPHASE CORP,INPH
6130, , ,12/31/11,Carrollton,Interphase Corp,4520,452010,45,45201020,D,USA,3342,3576,190,940,C,TX,INTERPHASE CORP,INPH
6130, , ,1/31/12,Carrollton,Interphase Corp,4520,452010,45,45201020,D,USA,3342,3576,190,940,C,TX,INTERPHASE CORP,INPH
6130, , ,2/29/12,Carrollton,Interphase Corp,4520,452010,45,45201020,D,USA,3342,3576,190,940,C,TX,INTERPHASE CORP,INPH
6130, , ,3/31/12,Carrollton,Interphase Corp,4520,452010,45,45201020,D,USA,3342,3576,190,940,C,TX,INTERPHASE CORP,INPH
6130, , ,4/30/12,Carrollton,Interphase Corp,4520,452010,45,45201020,D,USA,3342,3576,190,940,C,TX,INTERPHASE CORP,INPH
6130, , ,5/31/12,Carrollton,Interphase Corp,4520,452010,45,45201020,D,USA,3342,3576,190,940,C,TX,INTERPHASE CORP,INPH
6130, , ,6/30/12,Carrollton,Interphase Corp,4520,452010,45,45201020,D,USA,3342,3576,190,940,C,TX,INTERPHASE CORP,INPH
6130, , ,7/31/12,Carrollton,Interphase Corp,4520,452010,45,45201020,D,USA,3342,3576,190,940,C,TX,INTERPHASE CORP,INPH
6130, , ,8/31/12,Carrollton,Interphase Corp,4520,452010,45,45201020,D,USA,3342,3576,190,940,C,TX,INTERPHASE CORP,INPH
6130, , ,9/30/12,Carrollton,Interphase Corp,4520,452010,45,45201020,D,USA,3342,3576,190,940,C,TX,INTERPHASE CORP,INPH
6130, , ,10/31/12,Carrollton,Interphase Corp,4520,452010,45,45201020,D,USA,3342,3576,190,940,C,TX,INTERPHASE CORP,INPH
6130, , ,11/30/12,Carrollton,Interphase Corp,4520,452010,45,45201020,D,USA,3342,3576,190,940,C,TX,INTERPHASE CORP,INPH
6130, , ,12/31/12,Carrollton,Interphase Corp,4520,452010,45,45201020,D,USA,3342,3576,190,940,C,TX,INTERPHASE CORP,INPH
6130, , ,1/31/13,Carrollton,Interphase Corp,4520,452010,45,45201020,D,USA,3342,3576,190,940,C,TX,INTERPHASE CORP,INPH
6130, , ,2/28/13,Carrollton,Interphase Corp,4520,452010,45,45201020,D,USA,3342,3576,190,940,C,TX,INTERPHASE CORP,INPH
6130, , ,3/31/13,Carrollton,Interphase Corp,4520,452010,45,45201020,D,USA,3342,3576,190,940,C,TX,INTERPHASE CORP,INPH
6130, , ,4/30/13,Carrollton,Interphase Corp,4520,452010,45,45201020,D,USA,3342,3576,190,940,C,TX,INTERPHASE CORP,INPH
6130, , ,5/31/13,Carrollton,Interphase Corp,4520,452010,45,45201020,D,USA,3342,3576,190,940,C,TX,INTERPHASE CORP,INPH
6130, , ,6/30/13,Carrollton,Interphase Corp,4520,452010,45,45201020,D,USA,3342,3576,190,940,C,TX,INTERPHASE CORP,INPH
6130, , ,7/31/13,Carrollton,Interphase Corp,4520,452010,45,45201020,D,USA,3342,3576,190,940,C,TX,INTERPHASE CORP,INPH
6130, , ,8/31/13,Carrollton,Interphase Corp,4520,452010,45,45201020,D,USA,3342,3576,190,940,C,TX,INTERPHASE CORP,INPH
6130, , ,9/30/13,Carrollton,Interphase Corp,4520,452010,45,45201020,D,USA,3342,3576,190,940,C,TX,INTERPHASE CORP,INPH
6130, , ,10/31/13,Carrollton,Interphase Corp,4520,452010,45,45201020,D,USA,3342,3576,190,940,C,TX,INTERPHASE CORP,INPH
6193, , ,1/31/10,Springfield,Isomet Corp,4520,452020,45,45202020,D,USA,334119,3577,188,940,C,VA,ISOMET CORP,IOMT
6193, , ,2/28/10,Springfield,Isomet Corp,4520,452020,45,45202020,D,USA,334119,3577,188,940,C,VA,ISOMET CORP,IOMT
6193, , ,3/31/10,Springfield,Isomet Corp,4520,452020,45,45202020,D,USA,334119,3577,188,940,C,VA,ISOMET CORP,IOMT
6193, , ,4/30/10,Springfield,Isomet Corp,4520,452020,45,45202020,D,USA,334119,3577,188,940,C,VA,ISOMET CORP,IOMT
6193, , ,5/31/10,Springfield,Isomet Corp,4520,452020,45,45202020,D,USA,334119,3577,188,940,C,VA,ISOMET CORP,IOMT
6193, , ,6/30/10,Springfield,Isomet Corp,4520,452020,45,45202020,D,USA,334119,3577,188,940,C,VA,ISOMET CORP,IOMT
6193, , ,7/31/10,Springfield,Isomet Corp,4520,452020,45,45202020,D,USA,334119,3577,188,940,C,VA,ISOMET CORP,IOMT
6193, , ,8/31/10,Springfield,Isomet Corp,4520,452020,45,45202020,D,USA,334119,3577,188,940,C,VA,ISOMET CORP,IOMT
6193, , ,9/30/10,Springfield,Isomet Corp,4520,452020,45,45202020,D,USA,334119,3577,188,940,C,VA,ISOMET CORP,IOMT
6193, , ,10/31/10,Springfield,Isomet Corp,4520,452020,45,45202020,D,USA,334119,3577,188,940,C,VA,ISOMET CORP,IOMT
6193, , ,11/30/10,Springfield,Isomet Corp,4520,452020,45,45202020,D,USA,334119,3577,188,940,C,VA,ISOMET CORP,IOMT
6193, , ,12/31/10,Springfield,Isomet Corp,4520,452020,45,45202020,D,USA,334119,3577,188,940,C,VA,ISOMET CORP,IOMT
6193, , ,1/31/11,Springfield,Isomet Corp,4520,452020,45,45202020,D,USA,334119,3577,188,940,C,VA,ISOMET CORP,IOMT
6193, , ,2/28/11,Springfield,Isomet Corp,4520,452020,45,45202020,D,USA,334119,3577,188,940,C,VA,ISOMET CORP,IOMT
6193, , ,3/31/11,Springfield,Isomet Corp,4520,452020,45,45202020,D,USA,334119,3577,188,940,C,VA,ISOMET CORP,IOMT
6193, , ,4/30/11,Springfield,Isomet Corp,4520,452020,45,45202020,D,USA,334119,3577,188,940,C,VA,ISOMET CORP,IOMT
6193, , ,5/31/11,Springfield,Isomet Corp,4520,452020,45,45202020,D,USA,334119,3577,188,940,C,VA,ISOMET CORP,IOMT
6193, , ,6/30/11,Springfield,Isomet Corp,4520,452020,45,45202020,D,USA,334119,3577,188,940,C,VA,ISOMET CORP,IOMT
6193, , ,7/31/11,Springfield,Isomet Corp,4520,452020,45,45202020,D,USA,334119,3577,188,940,C,VA,ISOMET CORP,IOMT
6193, , ,8/31/11,Springfield,Isomet Corp,4520,452020,45,45202020,D,USA,334119,3577,188,940,C,VA,ISOMET CORP,IOMT
6193, , ,9/30/11,Springfield,Isomet Corp,4520,452020,45,45202020,D,USA,334119,3577,188,940,C,VA,ISOMET CORP,IOMT
6193, , ,10/31/11,Springfield,Isomet Corp,4520,452020,45,45202020,D,USA,334119,3577,188,940,C,VA,ISOMET CORP,IOMT
6193, , ,11/30/11,Springfield,Isomet Corp,4520,452020,45,45202020,D,USA,334119,3577,188,940,C,VA,ISOMET CORP,IOMT
6193, , ,12/31/11,Springfield,Isomet Corp,4520,452020,45,45202020,D,USA,334119,3577,188,940,C,VA,ISOMET CORP,IOMT
6193, , ,1/31/12,Springfield,Isomet Corp,4520,452020,45,45202020,D,USA,334119,3577,188,940,C,VA,ISOMET CORP,IOMT
6193, , ,2/29/12,Springfield,Isomet Corp,4520,452020,45,45202020,D,USA,334119,3577,188,940,C,VA,ISOMET CORP,IOMT
6193, , ,3/31/12,Springfield,Isomet Corp,4520,452020,45,45202020,D,USA,334119,3577,188,940,C,VA,ISOMET CORP,IOMT
6193, , ,4/30/12,Springfield,Isomet Corp,4520,452020,45,45202020,D,USA,334119,3577,188,940,C,VA,ISOMET CORP,IOMT
6193, , ,5/31/12,Springfield,Isomet Corp,4520,452020,45,45202020,D,USA,334119,3577,188,940,C,VA,ISOMET CORP,IOMT
6193, , ,6/30/12,Springfield,Isomet Corp,4520,452020,45,45202020,D,USA,334119,3577,188,940,C,VA,ISOMET CORP,IOMT
6193, , ,7/31/12,Springfield,Isomet Corp,4520,452020,45,45202020,D,USA,334119,3577,188,940,C,VA,ISOMET CORP,IOMT
6193, , ,8/31/12,Springfield,Isomet Corp,4520,452020,45,45202020,D,USA,334119,3577,188,940,C,VA,ISOMET CORP,IOMT
6193, , ,9/30/12,Springfield,Isomet Corp,4520,452020,45,45202020,D,USA,334119,3577,188,940,C,VA,ISOMET CORP,IOMT
6193, , ,10/31/12,Springfield,Isomet Corp,4520,452020,45,45202020,D,USA,334119,3577,188,940,C,VA,ISOMET CORP,IOMT
6193, , ,11/30/12,Springfield,Isomet Corp,4520,452020,45,45202020,D,USA,334119,3577,188,940,C,VA,ISOMET CORP,IOMT
6193, , ,12/31/12,Springfield,Isomet Corp,4520,452020,45,45202020,D,USA,334119,3577,188,940,C,VA,ISOMET CORP,IOMT
6193, , ,1/31/13,Springfield,Isomet Corp,4520,452020,45,45202020,D,USA,334119,3577,188,940,C,VA,ISOMET CORP,IOMT
6193, , ,2/28/13,Springfield,Isomet Corp,4520,452020,45,45202020,D,USA,334119,3577,188,940,C,VA,ISOMET CORP,IOMT
6193, , ,3/31/13,Springfield,Isomet Corp,4520,452020,45,45202020,D,USA,334119,3577,188,940,C,VA,ISOMET CORP,IOMT
6193, , ,4/30/13,Springfield,Isomet Corp,4520,452020,45,45202020,D,USA,334119,3577,188,940,C,VA,ISOMET CORP,IOMT
6193, , ,5/31/13,Springfield,Isomet Corp,4520,452020,45,45202020,D,USA,334119,3577,188,940,C,VA,ISOMET CORP,IOMT
6196,BB+, ,1/31/10,Glenview,Anixter International Inc,4520,452030,45,45203030,D,USA,423610,5063,180,940,B,IL,ANIXTER INTL INC,AXE
6196,BB+, ,2/28/10,Glenview,Anixter International Inc,4520,452030,45,45203030,D,USA,423610,5063,180,940,B,IL,ANIXTER INTL INC,AXE
6196,BB+, ,3/31/10,Glenview,Anixter International Inc,4520,452030,45,45203030,D,USA,423610,5063,180,940,B,IL,ANIXTER INTL INC,AXE
6196,BB+, ,4/30/10,Glenview,Anixter International Inc,4520,452030,45,45203030,D,USA,423610,5063,180,940,B,IL,ANIXTER INTL INC,AXE
6196,BB+, ,5/31/10,Glenview,Anixter International Inc,4520,452030,45,45203030,D,USA,423610,5063,180,940,B,IL,ANIXTER INTL INC,AXE
6196,BB, ,6/30/10,Glenview,Anixter International Inc,4520,452030,45,45203030,D,USA,423610,5063,180,940,B,IL,ANIXTER INTL INC,AXE
6196,BB, ,7/31/10,Glenview,Anixter International Inc,4520,452030,45,45203030,D,USA,423610,5063,180,940,B,IL,ANIXTER INTL INC,AXE
6196,BB, ,8/31/10,Glenview,Anixter International Inc,4520,452030,45,45203030,D,USA,423610,5063,180,940,B,IL,ANIXTER INTL INC,AXE
6196,BB, ,9/30/10,Glenview,Anixter International Inc,4520,452030,45,45203030,D,USA,423610,5063,180,940,B,IL,ANIXTER INTL INC,AXE
6196,BB, ,10/31/10,Glenview,Anixter International Inc,4520,452030,45,45203030,D,USA,423610,5063,180,940,B,IL,ANIXTER INTL INC,AXE
6196,BB, ,11/30/10,Glenview,Anixter International Inc,4520,452030,45,45203030,D,USA,423610,5063,180,940,B,IL,ANIXTER INTL INC,AXE
6196,BB, ,12/31/10,Glenview,Anixter International Inc,4520,452030,45,45203030,D,USA,423610,5063,180,940,B,IL,ANIXTER INTL INC,AXE
6196,BB, ,1/31/11,Glenview,Anixter International Inc,4520,452030,45,45203030,D,USA,423610,5063,180,940,B,IL,ANIXTER INTL INC,AXE
6196,BB, ,2/28/11,Glenview,Anixter International Inc,4520,452030,45,45203030,D,USA,423610,5063,180,940,B,IL,ANIXTER INTL INC,AXE
6196,BB, ,3/31/11,Glenview,Anixter International Inc,4520,452030,45,45203030,D,USA,423610,5063,180,940,B,IL,ANIXTER INTL INC,AXE
6196,BB, ,4/30/11,Glenview,Anixter International Inc,4520,452030,45,45203030,D,USA,423610,5063,180,940,B,IL,ANIXTER INTL INC,AXE
6196,BB, ,5/31/11,Glenview,Anixter International Inc,4520,452030,45,45203030,D,USA,423610,5063,180,940,B,IL,ANIXTER INTL INC,AXE
6196,BB, ,6/30/11,Glenview,Anixter International Inc,4520,452030,45,45203030,D,USA,423610,5063,180,940,B,IL,ANIXTER INTL INC,AXE
6196,BB, ,7/31/11,Glenview,Anixter International Inc,4520,452030,45,45203030,D,USA,423610,5063,180,940,B,IL,ANIXTER INTL INC,AXE
6196,BB, ,8/31/11,Glenview,Anixter International Inc,4520,452030,45,45203030,D,USA,423610,5063,180,940,B,IL,ANIXTER INTL INC,AXE
6196,BB, ,9/30/11,Glenview,Anixter International Inc,4520,452030,45,45203030,D,USA,423610,5063,180,940,B,IL,ANIXTER INTL INC,AXE
6196,BB, ,10/31/11,Glenview,Anixter International Inc,4520,452030,45,45203030,D,USA,423610,5063,180,940,B,IL,ANIXTER INTL INC,AXE
6196,BB, ,11/30/11,Glenview,Anixter International Inc,4520,452030,45,45203030,D,USA,423610,5063,180,940,B,IL,ANIXTER INTL INC,AXE
6196,BB, ,12/31/11,Glenview,Anixter International Inc,4520,452030,45,45203030,D,USA,423610,5063,180,940,B,IL,ANIXTER INTL INC,AXE
6196,BB, ,1/31/12,Glenview,Anixter International Inc,4520,452030,45,45203030,D,USA,423610,5063,180,940,B,IL,ANIXTER INTL INC,AXE
6196,BB, ,2/29/12,Glenview,Anixter International Inc,4520,452030,45,45203030,D,USA,423610,5063,180,940,B,IL,ANIXTER INTL INC,AXE
6196,BB, ,3/31/12,Glenview,Anixter International Inc,4520,452030,45,45203030,D,USA,423610,5063,180,940,B,IL,ANIXTER INTL INC,AXE
6196,BB, ,4/30/12,Glenview,Anixter International Inc,4520,452030,45,45203030,D,USA,423610,5063,180,940,B,IL,ANIXTER INTL INC,AXE
6196,BB, ,5/31/12,Glenview,Anixter International Inc,4520,452030,45,45203030,D,USA,423610,5063,180,940,B,IL,ANIXTER INTL INC,AXE
6196,BB, ,6/30/12,Glenview,Anixter International Inc,4520,452030,45,45203030,D,USA,423610,5063,180,940,B,IL,ANIXTER INTL INC,AXE
6196,BB, ,7/31/12,Glenview,Anixter International Inc,4520,452030,45,45203030,D,USA,423610,5063,180,940,B,IL,ANIXTER INTL INC,AXE
6196,BB, ,8/31/12,Glenview,Anixter International Inc,4520,452030,45,45203030,D,USA,423610,5063,180,940,B,IL,ANIXTER INTL INC,AXE
6196,BB, ,9/30/12,Glenview,Anixter International Inc,4520,452030,45,45203030,D,USA,423610,5063,180,940,B,IL,ANIXTER INTL INC,AXE
6196,BB, ,10/31/12,Glenview,Anixter International Inc,4520,452030,45,45203030,D,USA,423610,5063,180,940,B,IL,ANIXTER INTL INC,AXE
6196,BB, ,11/30/12,Glenview,Anixter International Inc,4520,452030,45,45203030,D,USA,423610,5063,180,940,B,IL,ANIXTER INTL INC,AXE
6196,BB, ,12/31/12,Glenview,Anixter International Inc,4520,452030,45,45203030,D,USA,423610,5063,180,940,B,IL,ANIXTER INTL INC,AXE
6196,BB, ,1/31/13,Glenview,Anixter International Inc,4520,452030,45,45203030,D,USA,423610,5063,180,940,B,IL,ANIXTER INTL INC,AXE
6196,BB, ,2/28/13,Glenview,Anixter International Inc,4520,452030,45,45203030,D,USA,423610,5063,180,940,B,IL,ANIXTER INTL INC,AXE
6196,BB, ,3/31/13,Glenview,Anixter International Inc,4520,452030,45,45203030,D,USA,423610,5063,180,940,B,IL,ANIXTER INTL INC,AXE
6196,BB, ,4/30/13,Glenview,Anixter International Inc,4520,452030,45,45203030,D,USA,423610,5063,180,940,B,IL,ANIXTER INTL INC,AXE
6196,BB, ,5/31/13,Glenview,Anixter International Inc,4520,452030,45,45203030,D,USA,423610,5063,180,940,B,IL,ANIXTER INTL INC,AXE
6196,BB, ,6/30/13,Glenview,Anixter International Inc,4520,452030,45,45203030,D,USA,423610,5063,180,940,B,IL,ANIXTER INTL INC,AXE
6196,BB, ,7/31/13,Glenview,Anixter International Inc,4520,452030,45,45203030,D,USA,423610,5063,180,940,B,IL,ANIXTER INTL INC,AXE
6196,BB, ,8/31/13,Glenview,Anixter International Inc,4520,452030,45,45203030,D,USA,423610,5063,180,940,B,IL,ANIXTER INTL INC,AXE
6196,BB, ,9/30/13,Glenview,Anixter International Inc,4520,452030,45,45203030,D,USA,423610,5063,180,940,B,IL,ANIXTER INTL INC,AXE
6196,BB, ,10/31/13,Glenview,Anixter International Inc,4520,452030,45,45203030,D,USA,423610,5063,180,940,B,IL,ANIXTER INTL INC,AXE
6196,BB, ,11/30/13,Glenview,Anixter International Inc,4520,452030,45,45203030,D,USA,423610,5063,180,940,B,IL,ANIXTER INTL INC,AXE
6196,BB, ,12/31/13,Glenview,Anixter International Inc,4520,452030,45,45203030,D,USA,423610,5063,180,940,B,IL,ANIXTER INTL INC,AXE
6196,BB, ,1/31/14,Glenview,Anixter International Inc,4520,452030,45,45203030,D,USA,423610,5063,180,940,B,IL,ANIXTER INTL INC,AXE
6196,BB, ,2/28/14,Glenview,Anixter International Inc,4520,452030,45,45203030,D,USA,423610,5063,180,940,B,IL,ANIXTER INTL INC,AXE
6196,BB, ,3/31/14,Glenview,Anixter International Inc,4520,452030,45,45203030,D,USA,423610,5063,180,940,B,IL,ANIXTER INTL INC,AXE
6196,BB, ,4/30/14,Glenview,Anixter International Inc,4520,452030,45,45203030,D,USA,423610,5063,180,940,B,IL,ANIXTER INTL INC,AXE
6196,BB, ,5/31/14,Glenview,Anixter International Inc,4520,452030,45,45203030,D,USA,423610,5063,180,940,B,IL,ANIXTER INTL INC,AXE
6196,BB, ,6/30/14,Glenview,Anixter International Inc,4520,452030,45,45203030,D,USA,423610,5063,180,940,B,IL,ANIXTER INTL INC,AXE
6215, , ,1/31/10,Hauppauge,Jaco Electronics Inc,4520,452030,45,45203030,D,USA,423690,5065,222,940,C,NY,JACO ELECTRONICS INC,JACO
6215, , ,2/28/10,Hauppauge,Jaco Electronics Inc,4520,452030,45,45203030,D,USA,423690,5065,222,940,C,NY,JACO ELECTRONICS INC,JACO
6215, , ,3/31/10,Hauppauge,Jaco Electronics Inc,4520,452030,45,45203030,D,USA,423690,5065,222,940,C,NY,JACO ELECTRONICS INC,JACO
6215, , ,4/30/10,Hauppauge,Jaco Electronics Inc,4520,452030,45,45203030,D,USA,423690,5065,222,940,C,NY,JACO ELECTRONICS INC,JACO
6215, , ,5/31/10,Hauppauge,Jaco Electronics Inc,4520,452030,45,45203030,D,USA,423690,5065,222,940,C,NY,JACO ELECTRONICS INC,JACO
6215, , ,6/30/10,Hauppauge,Jaco Electronics Inc,4520,452030,45,45203030,D,USA,423690,5065,222,940,C,NY,JACO ELECTRONICS INC,JACO
6215, , ,7/31/10,Hauppauge,Jaco Electronics Inc,4520,452030,45,45203030,D,USA,423690,5065,222,940,C,NY,JACO ELECTRONICS INC,JACO
6215, , ,8/31/10,Hauppauge,Jaco Electronics Inc,4520,452030,45,45203030,D,USA,423690,5065,222,940,C,NY,JACO ELECTRONICS INC,JACO
6215, , ,9/30/10,Hauppauge,Jaco Electronics Inc,4520,452030,45,45203030,D,USA,423690,5065,222,940,C,NY,JACO ELECTRONICS INC,JACO
6215, , ,10/31/10,Hauppauge,Jaco Electronics Inc,4520,452030,45,45203030,D,USA,423690,5065,222,940,C,NY,JACO ELECTRONICS INC,JACO
6215, , ,11/30/10,Hauppauge,Jaco Electronics Inc,4520,452030,45,45203030,D,USA,423690,5065,222,940,C,NY,JACO ELECTRONICS INC,JACO
6215, , ,12/31/10,Hauppauge,Jaco Electronics Inc,4520,452030,45,45203030,D,USA,423690,5065,222,940,C,NY,JACO ELECTRONICS INC,JACO
6215, , ,1/31/11,Hauppauge,Jaco Electronics Inc,4520,452030,45,45203030,D,USA,423690,5065,222,940,C,NY,JACO ELECTRONICS INC,JACO
6215, , ,2/28/11,Hauppauge,Jaco Electronics Inc,4520,452030,45,45203030,D,USA,423690,5065,222,940,C,NY,JACO ELECTRONICS INC,JACO
6215, , ,3/31/11,Hauppauge,Jaco Electronics Inc,4520,452030,45,45203030,D,USA,423690,5065,222,940,C,NY,JACO ELECTRONICS INC,JACO
6215, , ,4/30/11,Hauppauge,Jaco Electronics Inc,4520,452030,45,45203030,D,USA,423690,5065,222,940,C,NY,JACO ELECTRONICS INC,JACO
6215, , ,5/31/11,Hauppauge,Jaco Electronics Inc,4520,452030,45,45203030,D,USA,423690,5065,222,940,C,NY,JACO ELECTRONICS INC,JACO
6215, , ,6/30/11,Hauppauge,Jaco Electronics Inc,4520,452030,45,45203030,D,USA,423690,5065,222,940,C,NY,JACO ELECTRONICS INC,JACO
6215, , ,7/31/11,Hauppauge,Jaco Electronics Inc,4520,452030,45,45203030,D,USA,423690,5065,222,940,C,NY,JACO ELECTRONICS INC,JACO
6215, , ,8/31/11,Hauppauge,Jaco Electronics Inc,4520,452030,45,45203030,D,USA,423690,5065,222,940,C,NY,JACO ELECTRONICS INC,JACO
6215, , ,9/30/11,Hauppauge,Jaco Electronics Inc,4520,452030,45,45203030,D,USA,423690,5065,222,940,C,NY,JACO ELECTRONICS INC,JACO
6215, , ,10/31/11,Hauppauge,Jaco Electronics Inc,4520,452030,45,45203030,D,USA,423690,5065,222,940,C,NY,JACO ELECTRONICS INC,JACO
6215, , ,11/30/11,Hauppauge,Jaco Electronics Inc,4520,452030,45,45203030,D,USA,423690,5065,222,940,C,NY,JACO ELECTRONICS INC,JACO
6215, , ,12/31/11,Hauppauge,Jaco Electronics Inc,4520,452030,45,45203030,D,USA,423690,5065,222,940,C,NY,JACO ELECTRONICS INC,JACO
6215, , ,1/31/12,Hauppauge,Jaco Electronics Inc,4520,452030,45,45203030,D,USA,423690,5065,222,940,C,NY,JACO ELECTRONICS INC,JACO
6215, , ,2/29/12,Hauppauge,Jaco Electronics Inc,4520,452030,45,45203030,D,USA,423690,5065,222,940,C,NY,JACO ELECTRONICS INC,JACO
6215, , ,3/31/12,Hauppauge,Jaco Electronics Inc,4520,452030,45,45203030,D,USA,423690,5065,222,940,C,NY,JACO ELECTRONICS INC,JACO
6215, , ,4/30/12,Hauppauge,Jaco Electronics Inc,4520,452030,45,45203030,D,USA,423690,5065,222,940,C,NY,JACO ELECTRONICS INC,JACO
6215, , ,5/31/12,Hauppauge,Jaco Electronics Inc,4520,452030,45,45203030,D,USA,423690,5065,222,940,C,NY,JACO ELECTRONICS INC,JACO
6215, , ,6/30/12,Hauppauge,Jaco Electronics Inc,4520,452030,45,45203030,D,USA,423690,5065,222,940,C,NY,JACO ELECTRONICS INC,JACO
6215, , ,7/31/12,Hauppauge,Jaco Electronics Inc,4520,452030,45,45203030,D,USA,423690,5065,222,940,C,NY,JACO ELECTRONICS INC,JACO
6215, , ,8/31/12,Hauppauge,Jaco Electronics Inc,4520,452030,45,45203030,D,USA,423690,5065,222,940,C,NY,JACO ELECTRONICS INC,JACO
6215, , ,9/30/12,Hauppauge,Jaco Electronics Inc,4520,452030,45,45203030,D,USA,423690,5065,222,940,C,NY,JACO ELECTRONICS INC,JACO
6215, , ,10/31/12,Hauppauge,Jaco Electronics Inc,4520,452030,45,45203030,D,USA,423690,5065,222,940,C,NY,JACO ELECTRONICS INC,JACO
6215, , ,11/30/12,Hauppauge,Jaco Electronics Inc,4520,452030,45,45203030,D,USA,423690,5065,222,940,C,NY,JACO ELECTRONICS INC,JACO
6215, , ,12/31/12,Hauppauge,Jaco Electronics Inc,4520,452030,45,45203030,D,USA,423690,5065,222,940,C,NY,JACO ELECTRONICS INC,JACO
6215, , ,1/31/13,Hauppauge,Jaco Electronics Inc,4520,452030,45,45203030,D,USA,423690,5065,222,940,C,NY,JACO ELECTRONICS INC,JACO
6215, , ,2/28/13,Hauppauge,Jaco Electronics Inc,4520,452030,45,45203030,D,USA,423690,5065,222,940,C,NY,JACO ELECTRONICS INC,JACO
6215, , ,3/31/13,Hauppauge,Jaco Electronics Inc,4520,452030,45,45203030,D,USA,423690,5065,222,940,C,NY,JACO ELECTRONICS INC,JACO
6215, , ,4/30/13,Hauppauge,Jaco Electronics Inc,4520,452030,45,45203030,D,USA,423690,5065,222,940,C,NY,JACO ELECTRONICS INC,JACO
6215, , ,5/31/13,Hauppauge,Jaco Electronics Inc,4520,452030,45,45203030,D,USA,423690,5065,222,940,C,NY,JACO ELECTRONICS INC,JACO
6215, , ,6/30/13,Hauppauge,Jaco Electronics Inc,4520,452030,45,45203030,D,USA,423690,5065,222,940,C,NY,JACO ELECTRONICS INC,JACO
6215, , ,7/31/13,Hauppauge,Jaco Electronics Inc,4520,452030,45,45203030,D,USA,423690,5065,222,940,C,NY,JACO ELECTRONICS INC,JACO
6215, , ,8/31/13,Hauppauge,Jaco Electronics Inc,4520,452030,45,45203030,D,USA,423690,5065,222,940,C,NY,JACO ELECTRONICS INC,JACO
6215, , ,9/30/13,Hauppauge,Jaco Electronics Inc,4520,452030,45,45203030,D,USA,423690,5065,222,940,C,NY,JACO ELECTRONICS INC,JACO
6215, , ,10/31/13,Hauppauge,Jaco Electronics Inc,4520,452030,45,45203030,D,USA,423690,5065,222,940,C,NY,JACO ELECTRONICS INC,JACO
6293, , ,1/31/10,Boca Raton,Questron Technology Inc,4520,452030,45,45203030,D,USA,421710,5072,270,976, ,FL,QUESTRON TECHNOLOGY INC,QUSTQ
6293, , ,2/28/10,Boca Raton,Questron Technology Inc,4520,452030,45,45203030,D,USA,421710,5072,270,976, ,FL,QUESTRON TECHNOLOGY INC,QUSTQ
6293, , ,3/31/10,Boca Raton,Questron Technology Inc,4520,452030,45,45203030,D,USA,421710,5072,270,976, ,FL,QUESTRON TECHNOLOGY INC,QUSTQ
6308, , ,1/31/10,Mineral Wells,PHAZAR CORP,4520,452010,45,45201020,D,USA,334220,3663,180,940,C,TX,PHAZAR CORP,ANTP
6308, , ,2/28/10,Mineral Wells,PHAZAR CORP,4520,452010,45,45201020,D,USA,334220,3663,180,940,C,TX,PHAZAR CORP,ANTP
6308, , ,3/31/10,Mineral Wells,PHAZAR CORP,4520,452010,45,45201020,D,USA,334220,3663,180,940,C,TX,PHAZAR CORP,ANTP
6308, , ,4/30/10,Mineral Wells,PHAZAR CORP,4520,452010,45,45201020,D,USA,334220,3663,180,940,C,TX,PHAZAR CORP,ANTP
6308, , ,5/31/10,Mineral Wells,PHAZAR CORP,4520,452010,45,45201020,D,USA,334220,3663,180,940,C,TX,PHAZAR CORP,ANTP
6308, , ,6/30/10,Mineral Wells,PHAZAR CORP,4520,452010,45,45201020,D,USA,334220,3663,180,940,C,TX,PHAZAR CORP,ANTP
6308, , ,7/31/10,Mineral Wells,PHAZAR CORP,4520,452010,45,45201020,D,USA,334220,3663,180,940,C,TX,PHAZAR CORP,ANTP
6308, , ,8/31/10,Mineral Wells,PHAZAR CORP,4520,452010,45,45201020,D,USA,334220,3663,180,940,C,TX,PHAZAR CORP,ANTP
6308, , ,9/30/10,Mineral Wells,PHAZAR CORP,4520,452010,45,45201020,D,USA,334220,3663,180,940,C,TX,PHAZAR CORP,ANTP
6308, , ,10/31/10,Mineral Wells,PHAZAR CORP,4520,452010,45,45201020,D,USA,334220,3663,180,940,C,TX,PHAZAR CORP,ANTP
6308, , ,11/30/10,Mineral Wells,PHAZAR CORP,4520,452010,45,45201020,D,USA,334220,3663,180,940,C,TX,PHAZAR CORP,ANTP
6308, , ,12/31/10,Mineral Wells,PHAZAR CORP,4520,452010,45,45201020,D,USA,334220,3663,180,940,C,TX,PHAZAR CORP,ANTP
6308, , ,1/31/11,Mineral Wells,PHAZAR CORP,4520,452010,45,45201020,D,USA,334220,3663,180,940,C,TX,PHAZAR CORP,ANTP
6308, , ,2/28/11,Mineral Wells,PHAZAR CORP,4520,452010,45,45201020,D,USA,334220,3663,180,940,C,TX,PHAZAR CORP,ANTP
6308, , ,3/31/11,Mineral Wells,PHAZAR CORP,4520,452010,45,45201020,D,USA,334220,3663,180,940,C,TX,PHAZAR CORP,ANTP
6308, , ,4/30/11,Mineral Wells,PHAZAR CORP,4520,452010,45,45201020,D,USA,334220,3663,180,940,C,TX,PHAZAR CORP,ANTP
6308, , ,5/31/11,Mineral Wells,PHAZAR CORP,4520,452010,45,45201020,D,USA,334220,3663,180,940,C,TX,PHAZAR CORP,ANTP
6308, , ,6/30/11,Mineral Wells,PHAZAR CORP,4520,452010,45,45201020,D,USA,334220,3663,180,940,C,TX,PHAZAR CORP,ANTP
6308, , ,7/31/11,Mineral Wells,PHAZAR CORP,4520,452010,45,45201020,D,USA,334220,3663,180,940,C,TX,PHAZAR CORP,ANTP
6308, , ,8/31/11,Mineral Wells,PHAZAR CORP,4520,452010,45,45201020,D,USA,334220,3663,180,940,C,TX,PHAZAR CORP,ANTP
6308, , ,9/30/11,Mineral Wells,PHAZAR CORP,4520,452010,45,45201020,D,USA,334220,3663,180,940,C,TX,PHAZAR CORP,ANTP
6308, , ,10/31/11,Mineral Wells,PHAZAR CORP,4520,452010,45,45201020,D,USA,334220,3663,180,940,C,TX,PHAZAR CORP,ANTP
6308, , ,11/30/11,Mineral Wells,PHAZAR CORP,4520,452010,45,45201020,D,USA,334220,3663,180,940,C,TX,PHAZAR CORP,ANTP
6308, , ,12/31/11,Mineral Wells,PHAZAR CORP,4520,452010,45,45201020,D,USA,334220,3663,180,940,C,TX,PHAZAR CORP,ANTP
6308, , ,1/31/12,Mineral Wells,PHAZAR CORP,4520,452010,45,45201020,D,USA,334220,3663,180,940,C,TX,PHAZAR CORP,ANTP
6308, , ,2/29/12,Mineral Wells,PHAZAR CORP,4520,452010,45,45201020,D,USA,334220,3663,180,940,C,TX,PHAZAR CORP,ANTP
6308, , ,3/31/12,Mineral Wells,PHAZAR CORP,4520,452010,45,45201020,D,USA,334220,3663,180,940,C,TX,PHAZAR CORP,ANTP
6308, , ,4/30/12,Mineral Wells,PHAZAR CORP,4520,452010,45,45201020,D,USA,334220,3663,180,940,C,TX,PHAZAR CORP,ANTP
6308, , ,5/31/12,Mineral Wells,PHAZAR CORP,4520,452010,45,45201020,D,USA,334220,3663,180,940,C,TX,PHAZAR CORP,ANTP
6308, , ,6/30/12,Mineral Wells,PHAZAR CORP,4520,452010,45,45201020,D,USA,334220,3663,180,940,C,TX,PHAZAR CORP,ANTP
6308, , ,7/31/12,Mineral Wells,PHAZAR CORP,4520,452010,45,45201020,D,USA,334220,3663,180,940,C,TX,PHAZAR CORP,ANTP
6308, , ,8/31/12,Mineral Wells,PHAZAR CORP,4520,452010,45,45201020,D,USA,334220,3663,180,940,C,TX,PHAZAR CORP,ANTP
6308, , ,9/30/12,Mineral Wells,PHAZAR CORP,4520,452010,45,45201020,D,USA,334220,3663,180,940,C,TX,PHAZAR CORP,ANTP
6308, , ,10/31/12,Mineral Wells,PHAZAR CORP,4520,452010,45,45201020,D,USA,334220,3663,180,940,C,TX,PHAZAR CORP,ANTP
6308, , ,11/30/12,Mineral Wells,PHAZAR CORP,4520,452010,45,45201020,D,USA,334220,3663,180,940,C,TX,PHAZAR CORP,ANTP
6308, , ,12/31/12,Mineral Wells,PHAZAR CORP,4520,452010,45,45201020,D,USA,334220,3663,180,940,C,TX,PHAZAR CORP,ANTP
6308, , ,1/31/13,Mineral Wells,PHAZAR CORP,4520,452010,45,45201020,D,USA,334220,3663,180,940,C,TX,PHAZAR CORP,ANTP
6308, , ,2/28/13,Mineral Wells,PHAZAR CORP,4520,452010,45,45201020,D,USA,334220,3663,180,940,C,TX,PHAZAR CORP,ANTP
6308, , ,3/31/13,Mineral Wells,PHAZAR CORP,4520,452010,45,45201020,D,USA,334220,3663,180,940,C,TX,PHAZAR CORP,ANTP
6308, , ,4/30/13,Mineral Wells,PHAZAR CORP,4520,452010,45,45201020,D,USA,334220,3663,180,940,C,TX,PHAZAR CORP,ANTP
6308, , ,5/31/13,Mineral Wells,PHAZAR CORP,4520,452010,45,45201020,D,USA,334220,3663,180,940,C,TX,PHAZAR CORP,ANTP
6308, , ,6/30/13,Mineral Wells,PHAZAR CORP,4520,452010,45,45201020,D,USA,334220,3663,180,940,C,TX,PHAZAR CORP,ANTP
6308, , ,7/31/13,Mineral Wells,PHAZAR CORP,4520,452010,45,45201020,D,USA,334220,3663,180,940,C,TX,PHAZAR CORP,ANTP
6370, , ,1/31/10,Cleveland,Keithley Instruments Inc,4520,452030,45,45203010,D,USA,334515,3825,230,940,B-,OH,KEITHLEY INSTRUMENTS INC,KEI
6370, , ,2/28/10,Cleveland,Keithley Instruments Inc,4520,452030,45,45203010,D,USA,334515,3825,230,940,B-,OH,KEITHLEY INSTRUMENTS INC,KEI
6370, , ,3/31/10,Cleveland,Keithley Instruments Inc,4520,452030,45,45203010,D,USA,334515,3825,230,940,B-,OH,KEITHLEY INSTRUMENTS INC,KEI
6370, , ,4/30/10,Cleveland,Keithley Instruments Inc,4520,452030,45,45203010,D,USA,334515,3825,230,940,B-,OH,KEITHLEY INSTRUMENTS INC,KEI
6370, , ,5/31/10,Cleveland,Keithley Instruments Inc,4520,452030,45,45203010,D,USA,334515,3825,230,940,B-,OH,KEITHLEY INSTRUMENTS INC,KEI
6370, , ,6/30/10,Cleveland,Keithley Instruments Inc,4520,452030,45,45203010,D,USA,334515,3825,230,940,B-,OH,KEITHLEY INSTRUMENTS INC,KEI
6370, , ,7/31/10,Cleveland,Keithley Instruments Inc,4520,452030,45,45203010,D,USA,334515,3825,230,940,B-,OH,KEITHLEY INSTRUMENTS INC,KEI
6370, , ,8/31/10,Cleveland,Keithley Instruments Inc,4520,452030,45,45203010,D,USA,334515,3825,230,940,B-,OH,KEITHLEY INSTRUMENTS INC,KEI
6370, , ,9/30/10,Cleveland,Keithley Instruments Inc,4520,452030,45,45203010,D,USA,334515,3825,230,940,B-,OH,KEITHLEY INSTRUMENTS INC,KEI
6370, , ,10/31/10,Cleveland,Keithley Instruments Inc,4520,452030,45,45203010,D,USA,334515,3825,230,940,B-,OH,KEITHLEY INSTRUMENTS INC,KEI
6370, , ,11/30/10,Cleveland,Keithley Instruments Inc,4520,452030,45,45203010,D,USA,334515,3825,230,940,B-,OH,KEITHLEY INSTRUMENTS INC,KEI
6370, , ,12/31/10,Cleveland,Keithley Instruments Inc,4520,452030,45,45203010,D,USA,334515,3825,230,940,B-,OH,KEITHLEY INSTRUMENTS INC,KEI
6416, , ,1/31/10,Spokane Valley,Key Tronic Corp,4520,452030,45,45203020,D,USA,3345,3577,188,940,B,WA,KEY TRONIC CORP,KTCC
6416, , ,2/28/10,Spokane Valley,Key Tronic Corp,4520,452030,45,45203020,D,USA,3345,3577,188,940,B,WA,KEY TRONIC CORP,KTCC
6416, , ,3/31/10,Spokane Valley,Key Tronic Corp,4520,452030,45,45203020,D,USA,3345,3577,188,940,B,WA,KEY TRONIC CORP,KTCC
6416, , ,4/30/10,Spokane Valley,Key Tronic Corp,4520,452030,45,45203020,D,USA,3345,3577,188,940,B,WA,KEY TRONIC CORP,KTCC
6416, , ,5/31/10,Spokane Valley,Key Tronic Corp,4520,452030,45,45203020,D,USA,3345,3577,188,940,B,WA,KEY TRONIC CORP,KTCC
6416, , ,6/30/10,Spokane Valley,Key Tronic Corp,4520,452030,45,45203020,D,USA,3345,3577,188,940,B,WA,KEY TRONIC CORP,KTCC
6416, , ,7/31/10,Spokane Valley,Key Tronic Corp,4520,452030,45,45203020,D,USA,3345,3577,188,940,B,WA,KEY TRONIC CORP,KTCC
6416, , ,8/31/10,Spokane Valley,Key Tronic Corp,4520,452030,45,45203020,D,USA,3345,3577,188,940,B,WA,KEY TRONIC CORP,KTCC
6416, , ,9/30/10,Spokane Valley,Key Tronic Corp,4520,452030,45,45203020,D,USA,3345,3577,188,940,B,WA,KEY TRONIC CORP,KTCC
6416, , ,10/31/10,Spokane Valley,Key Tronic Corp,4520,452030,45,45203020,D,USA,3345,3577,188,940,B,WA,KEY TRONIC CORP,KTCC
6416, , ,11/30/10,Spokane Valley,Key Tronic Corp,4520,452030,45,45203020,D,USA,3345,3577,188,940,B,WA,KEY TRONIC CORP,KTCC
6416, , ,12/31/10,Spokane Valley,Key Tronic Corp,4520,452030,45,45203020,D,USA,3345,3577,188,940,B,WA,KEY TRONIC CORP,KTCC
6416, , ,1/31/11,Spokane Valley,Key Tronic Corp,4520,452030,45,45203020,D,USA,3345,3577,188,940,B,WA,KEY TRONIC CORP,KTCC
6416, , ,2/28/11,Spokane Valley,Key Tronic Corp,4520,452030,45,45203020,D,USA,3345,3577,188,940,B,WA,KEY TRONIC CORP,KTCC
6416, , ,3/31/11,Spokane Valley,Key Tronic Corp,4520,452030,45,45203020,D,USA,3345,3577,188,940,B,WA,KEY TRONIC CORP,KTCC
6416, , ,4/30/11,Spokane Valley,Key Tronic Corp,4520,452030,45,45203020,D,USA,3345,3577,188,940,B,WA,KEY TRONIC CORP,KTCC
6416, , ,5/31/11,Spokane Valley,Key Tronic Corp,4520,452030,45,45203020,D,USA,3345,3577,188,940,B,WA,KEY TRONIC CORP,KTCC
6416, , ,6/30/11,Spokane Valley,Key Tronic Corp,4520,452030,45,45203020,D,USA,3345,3577,188,940,B,WA,KEY TRONIC CORP,KTCC
6416, , ,7/31/11,Spokane Valley,Key Tronic Corp,4520,452030,45,45203020,D,USA,3345,3577,188,940,B,WA,KEY TRONIC CORP,KTCC
6416, , ,8/31/11,Spokane Valley,Key Tronic Corp,4520,452030,45,45203020,D,USA,3345,3577,188,940,B,WA,KEY TRONIC CORP,KTCC
6416, , ,9/30/11,Spokane Valley,Key Tronic Corp,4520,452030,45,45203020,D,USA,3345,3577,188,940,B,WA,KEY TRONIC CORP,KTCC
6416, , ,10/31/11,Spokane Valley,Key Tronic Corp,4520,452030,45,45203020,D,USA,3345,3577,188,940,B,WA,KEY TRONIC CORP,KTCC
6416, , ,11/30/11,Spokane Valley,Key Tronic Corp,4520,452030,45,45203020,D,USA,3345,3577,188,940,B,WA,KEY TRONIC CORP,KTCC
6416, , ,12/31/11,Spokane Valley,Key Tronic Corp,4520,452030,45,45203020,D,USA,3345,3577,188,940,B,WA,KEY TRONIC CORP,KTCC
6416, , ,1/31/12,Spokane Valley,Key Tronic Corp,4520,452030,45,45203020,D,USA,3345,3577,188,940,B,WA,KEY TRONIC CORP,KTCC
6416, , ,2/29/12,Spokane Valley,Key Tronic Corp,4520,452030,45,45203020,D,USA,3345,3577,188,940,B,WA,KEY TRONIC CORP,KTCC
6416, , ,3/31/12,Spokane Valley,Key Tronic Corp,4520,452030,45,45203020,D,USA,3345,3577,188,940,B,WA,KEY TRONIC CORP,KTCC
6416, , ,4/30/12,Spokane Valley,Key Tronic Corp,4520,452030,45,45203020,D,USA,3345,3577,188,940,B,WA,KEY TRONIC CORP,KTCC
6416, , ,5/31/12,Spokane Valley,Key Tronic Corp,4520,452030,45,45203020,D,USA,3345,3577,188,940,B,WA,KEY TRONIC CORP,KTCC
6416, , ,6/30/12,Spokane Valley,Key Tronic Corp,4520,452030,45,45203020,D,USA,3345,3577,188,940,B,WA,KEY TRONIC CORP,KTCC
6416, , ,7/31/12,Spokane Valley,Key Tronic Corp,4520,452030,45,45203020,D,USA,3345,3577,188,940,B,WA,KEY TRONIC CORP,KTCC
6416, , ,8/31/12,Spokane Valley,Key Tronic Corp,4520,452030,45,45203020,D,USA,3345,3577,188,940,B,WA,KEY TRONIC CORP,KTCC
6416, , ,9/30/12,Spokane Valley,Key Tronic Corp,4520,452030,45,45203020,D,USA,3345,3577,188,940,B,WA,KEY TRONIC CORP,KTCC
6416, , ,10/31/12,Spokane Valley,Key Tronic Corp,4520,452030,45,45203020,D,USA,3345,3577,188,940,B,WA,KEY TRONIC CORP,KTCC
6416, , ,11/30/12,Spokane Valley,Key Tronic Corp,4520,452030,45,45203020,D,USA,3345,3577,188,940,B,WA,KEY TRONIC CORP,KTCC
6416, , ,12/31/12,Spokane Valley,Key Tronic Corp,4520,452030,45,45203020,D,USA,3345,3577,188,940,B,WA,KEY TRONIC CORP,KTCC
6416, , ,1/31/13,Spokane Valley,Key Tronic Corp,4520,452030,45,45203020,D,USA,3345,3577,188,940,B,WA,KEY TRONIC CORP,KTCC
6416, , ,2/28/13,Spokane Valley,Key Tronic Corp,4520,452030,45,45203020,D,USA,3345,3577,188,940,B,WA,KEY TRONIC CORP,KTCC
6416, , ,3/31/13,Spokane Valley,Key Tronic Corp,4520,452030,45,45203020,D,USA,3345,3577,188,940,B,WA,KEY TRONIC CORP,KTCC
6416, , ,4/30/13,Spokane Valley,Key Tronic Corp,4520,452030,45,45203020,D,USA,3345,3577,188,940,B,WA,KEY TRONIC CORP,KTCC
6416, , ,5/31/13,Spokane Valley,Key Tronic Corp,4520,452030,45,45203020,D,USA,3345,3577,188,940,B,WA,KEY TRONIC CORP,KTCC
6416, , ,6/30/13,Spokane Valley,Key Tronic Corp,4520,452030,45,45203020,D,USA,3345,3577,188,940,B,WA,KEY TRONIC CORP,KTCC
6416, , ,7/31/13,Spokane Valley,Key Tronic Corp,4520,452030,45,45203020,D,USA,3345,3577,188,940,B,WA,KEY TRONIC CORP,KTCC
6416, , ,8/31/13,Spokane Valley,Key Tronic Corp,4520,452030,45,45203020,D,USA,3345,3577,188,940,B,WA,KEY TRONIC CORP,KTCC
6416, , ,9/30/13,Spokane Valley,Key Tronic Corp,4520,452030,45,45203020,D,USA,3345,3577,188,940,B,WA,KEY TRONIC CORP,KTCC
6416, , ,10/31/13,Spokane Valley,Key Tronic Corp,4520,452030,45,45203020,D,USA,3345,3577,188,940,B,WA,KEY TRONIC CORP,KTCC
6467, , ,1/31/10,Houston,Calypso Wireless Inc,4520,452010,45,45201020,D,USA,334220,3663,203,976, ,TX,CALYPSO WIRELESS INC,CLYW
6467, , ,2/28/10,Houston,Calypso Wireless Inc,4520,452010,45,45201020,D,USA,334220,3663,203,976, ,TX,CALYPSO WIRELESS INC,CLYW
6467, , ,3/31/10,Houston,Calypso Wireless Inc,4520,452010,45,45201020,D,USA,334220,3663,203,976, ,TX,CALYPSO WIRELESS INC,CLYW
6467, , ,4/30/10,Houston,Calypso Wireless Inc,4520,452010,45,45201020,D,USA,334220,3663,203,976, ,TX,CALYPSO WIRELESS INC,CLYW
6467, , ,5/31/10,Houston,Calypso Wireless Inc,4520,452010,45,45201020,D,USA,334220,3663,203,976, ,TX,CALYPSO WIRELESS INC,CLYW
6467, , ,6/30/10,Houston,Calypso Wireless Inc,4520,452010,45,45201020,D,USA,334220,3663,203,976, ,TX,CALYPSO WIRELESS INC,CLYW
6467, , ,7/31/10,Houston,Calypso Wireless Inc,4520,452010,45,45201020,D,USA,334220,3663,203,976, ,TX,CALYPSO WIRELESS INC,CLYW
6467, , ,8/31/10,Houston,Calypso Wireless Inc,4520,452010,45,45201020,D,USA,334220,3663,203,976, ,TX,CALYPSO WIRELESS INC,CLYW
6467, , ,9/30/10,Houston,Calypso Wireless Inc,4520,452010,45,45201020,D,USA,334220,3663,203,976, ,TX,CALYPSO WIRELESS INC,CLYW
6467, , ,10/31/10,Houston,Calypso Wireless Inc,4520,452010,45,45201020,D,USA,334220,3663,203,976, ,TX,CALYPSO WIRELESS INC,CLYW
6467, , ,11/30/10,Houston,Calypso Wireless Inc,4520,452010,45,45201020,D,USA,334220,3663,203,976, ,TX,CALYPSO WIRELESS INC,CLYW
6467, , ,12/31/10,Houston,Calypso Wireless Inc,4520,452010,45,45201020,D,USA,334220,3663,203,976, ,TX,CALYPSO WIRELESS INC,CLYW
6467, , ,1/31/11,Houston,Calypso Wireless Inc,4520,452010,45,45201020,D,USA,334220,3663,203,976, ,TX,CALYPSO WIRELESS INC,CLYW
6467, , ,2/28/11,Houston,Calypso Wireless Inc,4520,452010,45,45201020,D,USA,334220,3663,203,976, ,TX,CALYPSO WIRELESS INC,CLYW
6467, , ,3/31/11,Houston,Calypso Wireless Inc,4520,452010,45,45201020,D,USA,334220,3663,203,976, ,TX,CALYPSO WIRELESS INC,CLYW
6467, , ,4/30/11,Houston,Calypso Wireless Inc,4520,452010,45,45201020,D,USA,334220,3663,203,976, ,TX,CALYPSO WIRELESS INC,CLYW
6467, , ,5/31/11,Houston,Calypso Wireless Inc,4520,452010,45,45201020,D,USA,334220,3663,203,976, ,TX,CALYPSO WIRELESS INC,CLYW
6467, , ,6/30/11,Houston,Calypso Wireless Inc,4520,452010,45,45201020,D,USA,334220,3663,203,976, ,TX,CALYPSO WIRELESS INC,CLYW
6467, , ,7/31/11,Houston,Calypso Wireless Inc,4520,452010,45,45201020,D,USA,334220,3663,203,976, ,TX,CALYPSO WIRELESS INC,CLYW
6467, , ,8/31/11,Houston,Calypso Wireless Inc,4520,452010,45,45201020,D,USA,334220,3663,203,976, ,TX,CALYPSO WIRELESS INC,CLYW
6467, , ,9/30/11,Houston,Calypso Wireless Inc,4520,452010,45,45201020,D,USA,334220,3663,203,976, ,TX,CALYPSO WIRELESS INC,CLYW
6467, , ,10/31/11,Houston,Calypso Wireless Inc,4520,452010,45,45201020,D,USA,334220,3663,203,976, ,TX,CALYPSO WIRELESS INC,CLYW
6467, , ,11/30/11,Houston,Calypso Wireless Inc,4520,452010,45,45201020,D,USA,334220,3663,203,976, ,TX,CALYPSO WIRELESS INC,CLYW
6467, , ,12/31/11,Houston,Calypso Wireless Inc,4520,452010,45,45201020,D,USA,334220,3663,203,976, ,TX,CALYPSO WIRELESS INC,CLYW
6467, , ,1/31/12,Houston,Calypso Wireless Inc,4520,452010,45,45201020,D,USA,334220,3663,203,976, ,TX,CALYPSO WIRELESS INC,CLYW
6467, , ,2/29/12,Houston,Calypso Wireless Inc,4520,452010,45,45201020,D,USA,334220,3663,203,976, ,TX,CALYPSO WIRELESS INC,CLYW
6467, , ,3/31/12,Houston,Calypso Wireless Inc,4520,452010,45,45201020,D,USA,334220,3663,203,976, ,TX,CALYPSO WIRELESS INC,CLYW
6512, , ,1/31/10,Kyoto,Kyocera Corp,4520,452030,45,45203015,B,JPN,334413,3674,180,940, , ,KYOCERA CORP,KYO
6512, , ,2/28/10,Kyoto,Kyocera Corp,4520,452030,45,45203015,B,JPN,334413,3674,180,940, , ,KYOCERA CORP,KYO
6512, , ,3/31/10,Kyoto,Kyocera Corp,4520,452030,45,45203015,B,JPN,334413,3674,180,940, , ,KYOCERA CORP,KYO
6512, , ,4/30/10,Kyoto,Kyocera Corp,4520,452030,45,45203015,B,JPN,334413,3674,180,940, , ,KYOCERA CORP,KYO
6512, , ,5/31/10,Kyoto,Kyocera Corp,4520,452030,45,45203015,B,JPN,334413,3674,180,940, , ,KYOCERA CORP,KYO
6512, , ,6/30/10,Kyoto,Kyocera Corp,4520,452030,45,45203015,B,JPN,334413,3674,180,940, , ,KYOCERA CORP,KYO
6512, , ,7/31/10,Kyoto,Kyocera Corp,4520,452030,45,45203015,B,JPN,334413,3674,180,940, , ,KYOCERA CORP,KYO
6512, , ,8/31/10,Kyoto,Kyocera Corp,4520,452030,45,45203015,B,JPN,334413,3674,180,940, , ,KYOCERA CORP,KYO
6512, , ,9/30/10,Kyoto,Kyocera Corp,4520,452030,45,45203015,B,JPN,334413,3674,180,940, , ,KYOCERA CORP,KYO
6512, , ,10/31/10,Kyoto,Kyocera Corp,4520,452030,45,45203015,B,JPN,334413,3674,180,940, , ,KYOCERA CORP,KYO
6512, , ,11/30/10,Kyoto,Kyocera Corp,4520,452030,45,45203015,B,JPN,334413,3674,180,940, , ,KYOCERA CORP,KYO
6512, , ,12/31/10,Kyoto,Kyocera Corp,4520,452030,45,45203015,B,JPN,334413,3674,180,940, , ,KYOCERA CORP,KYO
6512, , ,1/31/11,Kyoto,Kyocera Corp,4520,452030,45,45203015,B,JPN,334413,3674,180,940, , ,KYOCERA CORP,KYO
6512, , ,2/28/11,Kyoto,Kyocera Corp,4520,452030,45,45203015,B,JPN,334413,3674,180,940, , ,KYOCERA CORP,KYO
6512, , ,3/31/11,Kyoto,Kyocera Corp,4520,452030,45,45203015,B,JPN,334413,3674,180,940, , ,KYOCERA CORP,KYO
6512, , ,4/30/11,Kyoto,Kyocera Corp,4520,452030,45,45203015,B,JPN,334413,3674,180,940, , ,KYOCERA CORP,KYO
6512, , ,5/31/11,Kyoto,Kyocera Corp,4520,452030,45,45203015,B,JPN,334413,3674,180,940, , ,KYOCERA CORP,KYO
6512, , ,6/30/11,Kyoto,Kyocera Corp,4520,452030,45,45203015,B,JPN,334413,3674,180,940, , ,KYOCERA CORP,KYO
6512, , ,7/31/11,Kyoto,Kyocera Corp,4520,452030,45,45203015,B,JPN,334413,3674,180,940, , ,KYOCERA CORP,KYO
6512, , ,8/31/11,Kyoto,Kyocera Corp,4520,452030,45,45203015,B,JPN,334413,3674,180,940, , ,KYOCERA CORP,KYO
6512, , ,9/30/11,Kyoto,Kyocera Corp,4520,452030,45,45203015,B,JPN,334413,3674,180,940, , ,KYOCERA CORP,KYO
6512, , ,10/31/11,Kyoto,Kyocera Corp,4520,452030,45,45203015,B,JPN,334413,3674,180,940, , ,KYOCERA CORP,KYO
6512, , ,11/30/11,Kyoto,Kyocera Corp,4520,452030,45,45203015,B,JPN,334413,3674,180,940, , ,KYOCERA CORP,KYO
6512, , ,12/31/11,Kyoto,Kyocera Corp,4520,452030,45,45203015,B,JPN,334413,3674,180,940, , ,KYOCERA CORP,KYO
6512, , ,1/31/12,Kyoto,Kyocera Corp,4520,452030,45,45203015,B,JPN,334413,3674,180,940, , ,KYOCERA CORP,KYO
6512, , ,2/29/12,Kyoto,Kyocera Corp,4520,452030,45,45203015,B,JPN,334413,3674,180,940, , ,KYOCERA CORP,KYO
6512, , ,3/31/12,Kyoto,Kyocera Corp,4520,452030,45,45203015,B,JPN,334413,3674,180,940, , ,KYOCERA CORP,KYO
6512, , ,4/30/12,Kyoto,Kyocera Corp,4520,452030,45,45203015,B,JPN,334413,3674,180,940, , ,KYOCERA CORP,KYO
6512, , ,5/31/12,Kyoto,Kyocera Corp,4520,452030,45,45203015,B,JPN,334413,3674,180,940, , ,KYOCERA CORP,KYO
6512, , ,6/30/12,Kyoto,Kyocera Corp,4520,452030,45,45203015,B,JPN,334413,3674,180,940, , ,KYOCERA CORP,KYO
6512, , ,7/31/12,Kyoto,Kyocera Corp,4520,452030,45,45203015,B,JPN,334413,3674,180,940, , ,KYOCERA CORP,KYO
6512, , ,8/31/12,Kyoto,Kyocera Corp,4520,452030,45,45203015,B,JPN,334413,3674,180,940, , ,KYOCERA CORP,KYO
6512, , ,9/30/12,Kyoto,Kyocera Corp,4520,452030,45,45203015,B,JPN,334413,3674,180,940, , ,KYOCERA CORP,KYO
6512, , ,10/31/12,Kyoto,Kyocera Corp,4520,452030,45,45203015,B,JPN,334413,3674,180,940, , ,KYOCERA CORP,KYO
6512, , ,11/30/12,Kyoto,Kyocera Corp,4520,452030,45,45203015,B,JPN,334413,3674,180,940, , ,KYOCERA CORP,KYO
6512, , ,12/31/12,Kyoto,Kyocera Corp,4520,452030,45,45203015,B,JPN,334413,3674,180,940, , ,KYOCERA CORP,KYO
6512, , ,1/31/13,Kyoto,Kyocera Corp,4520,452030,45,45203015,B,JPN,334413,3674,180,940, , ,KYOCERA CORP,KYO
6512, , ,2/28/13,Kyoto,Kyocera Corp,4520,452030,45,45203015,B,JPN,334413,3674,180,940, , ,KYOCERA CORP,KYO
6512, , ,3/31/13,Kyoto,Kyocera Corp,4520,452030,45,45203015,B,JPN,334413,3674,180,940, , ,KYOCERA CORP,KYO
6512, , ,4/30/13,Kyoto,Kyocera Corp,4520,452030,45,45203015,B,JPN,334413,3674,180,940, , ,KYOCERA CORP,KYO
6512, , ,5/31/13,Kyoto,Kyocera Corp,4520,452030,45,45203015,B,JPN,334413,3674,180,940, , ,KYOCERA CORP,KYO
6512, , ,6/30/13,Kyoto,Kyocera Corp,4520,452030,45,45203015,B,JPN,334413,3674,180,940, , ,KYOCERA CORP,KYO
6512, , ,7/31/13,Kyoto,Kyocera Corp,4520,452030,45,45203015,B,JPN,334413,3674,180,940, , ,KYOCERA CORP,KYO
6512, , ,8/31/13,Kyoto,Kyocera Corp,4520,452030,45,45203015,B,JPN,334413,3674,180,940, , ,KYOCERA CORP,KYO
6512, , ,9/30/13,Kyoto,Kyocera Corp,4520,452030,45,45203015,B,JPN,334413,3674,180,940, , ,KYOCERA CORP,KYO
6512, , ,10/31/13,Kyoto,Kyocera Corp,4520,452030,45,45203015,B,JPN,334413,3674,180,940, , ,KYOCERA CORP,KYO
6585, , ,1/31/10,Houston,LTI Technologies Inc,4520,452020,45,45202020,D,USA,334113,3575,190,940, ,TX,LTI TECHNOLOGIES INC,LTTI
6585, , ,2/28/10,Houston,LTI Technologies Inc,4520,452020,45,45202020,D,USA,334113,3575,190,940, ,TX,LTI TECHNOLOGIES INC,LTTI
6585, , ,3/31/10,Houston,LTI Technologies Inc,4520,452020,45,45202020,D,USA,334113,3575,190,940, ,TX,LTI TECHNOLOGIES INC,LTTI
6585, , ,4/30/10,Houston,LTI Technologies Inc,4520,452020,45,45202020,D,USA,334113,3575,190,940, ,TX,LTI TECHNOLOGIES INC,LTTI
6585, , ,5/31/10,Houston,LTI Technologies Inc,4520,452020,45,45202020,D,USA,334113,3575,190,940, ,TX,LTI TECHNOLOGIES INC,LTTI
6585, , ,6/30/10,Houston,LTI Technologies Inc,4520,452020,45,45202020,D,USA,334113,3575,190,940, ,TX,LTI TECHNOLOGIES INC,LTTI
6585, , ,7/31/10,Houston,LTI Technologies Inc,4520,452020,45,45202020,D,USA,334113,3575,190,940, ,TX,LTI TECHNOLOGIES INC,LTTI
6585, , ,8/31/10,Houston,LTI Technologies Inc,4520,452020,45,45202020,D,USA,334113,3575,190,940, ,TX,LTI TECHNOLOGIES INC,LTTI
6585, , ,9/30/10,Houston,LTI Technologies Inc,4520,452020,45,45202020,D,USA,334113,3575,190,940, ,TX,LTI TECHNOLOGIES INC,LTTI
6585, , ,10/31/10,Houston,LTI Technologies Inc,4520,452020,45,45202020,D,USA,334113,3575,190,940, ,TX,LTI TECHNOLOGIES INC,LTTI
6585, , ,11/30/10,Houston,LTI Technologies Inc,4520,452020,45,45202020,D,USA,334113,3575,190,940, ,TX,LTI TECHNOLOGIES INC,LTTI
6585, , ,12/31/10,Houston,LTI Technologies Inc,4520,452020,45,45202020,D,USA,334113,3575,190,940, ,TX,LTI TECHNOLOGIES INC,LTTI
6585, , ,1/31/11,Houston,LTI Technologies Inc,4520,452020,45,45202020,D,USA,334113,3575,190,940, ,TX,LTI TECHNOLOGIES INC,LTTI
6585, , ,2/28/11,Houston,LTI Technologies Inc,4520,452020,45,45202020,D,USA,334113,3575,190,940, ,TX,LTI TECHNOLOGIES INC,LTTI
6585, , ,3/31/11,Houston,LTI Technologies Inc,4520,452020,45,45202020,D,USA,334113,3575,190,940, ,TX,LTI TECHNOLOGIES INC,LTTI
6585, , ,4/30/11,Houston,LTI Technologies Inc,4520,452020,45,45202020,D,USA,334113,3575,190,940, ,TX,LTI TECHNOLOGIES INC,LTTI
6585, , ,5/31/11,Houston,LTI Technologies Inc,4520,452020,45,45202020,D,USA,334113,3575,190,940, ,TX,LTI TECHNOLOGIES INC,LTTI
6585, , ,6/30/11,Houston,LTI Technologies Inc,4520,452020,45,45202020,D,USA,334113,3575,190,940, ,TX,LTI TECHNOLOGIES INC,LTTI
6585, , ,7/31/11,Houston,LTI Technologies Inc,4520,452020,45,45202020,D,USA,334113,3575,190,940, ,TX,LTI TECHNOLOGIES INC,LTTI
6585, , ,8/31/11,Houston,LTI Technologies Inc,4520,452020,45,45202020,D,USA,334113,3575,190,940, ,TX,LTI TECHNOLOGIES INC,LTTI
6585, , ,9/30/11,Houston,LTI Technologies Inc,4520,452020,45,45202020,D,USA,334113,3575,190,940, ,TX,LTI TECHNOLOGIES INC,LTTI
6585, , ,10/31/11,Houston,LTI Technologies Inc,4520,452020,45,45202020,D,USA,334113,3575,190,940, ,TX,LTI TECHNOLOGIES INC,LTTI
6585, , ,11/30/11,Houston,LTI Technologies Inc,4520,452020,45,45202020,D,USA,334113,3575,190,940, ,TX,LTI TECHNOLOGIES INC,LTTI
6585, , ,12/31/11,Houston,LTI Technologies Inc,4520,452020,45,45202020,D,USA,334113,3575,190,940, ,TX,LTI TECHNOLOGIES INC,LTTI
6585, , ,1/31/12,Houston,LTI Technologies Inc,4520,452020,45,45202020,D,USA,334113,3575,190,940, ,TX,LTI TECHNOLOGIES INC,LTTI
6585, , ,2/29/12,Houston,LTI Technologies Inc,4520,452020,45,45202020,D,USA,334113,3575,190,940, ,TX,LTI TECHNOLOGIES INC,LTTI
6585, , ,3/31/12,Houston,LTI Technologies Inc,4520,452020,45,45202020,D,USA,334113,3575,190,940, ,TX,LTI TECHNOLOGIES INC,LTTI
6585, , ,4/30/12,Houston,LTI Technologies Inc,4520,452020,45,45202020,D,USA,334113,3575,190,940, ,TX,LTI TECHNOLOGIES INC,LTTI
6585, , ,5/31/12,Houston,LTI Technologies Inc,4520,452020,45,45202020,D,USA,334113,3575,190,940, ,TX,LTI TECHNOLOGIES INC,LTTI
6585, , ,7/31/12,Houston,LTI Technologies Inc,4520,452020,45,45202020,D,USA,334113,3575,190,940, ,TX,LTI TECHNOLOGIES INC,LTTI
6608, , ,1/31/10,Addison,Axcess International Inc,4520,452030,45,45203010,D,USA,334220,3663,180,940,C,TX,AXCESS INTERNATIONAL INC,AXSI
6608, , ,2/28/10,Addison,Axcess International Inc,4520,452030,45,45203010,D,USA,334220,3663,180,940,C,TX,AXCESS INTERNATIONAL INC,AXSI
6608, , ,3/31/10,Addison,Axcess International Inc,4520,452030,45,45203010,D,USA,334220,3663,180,940,C,TX,AXCESS INTERNATIONAL INC,AXSI
6608, , ,4/30/10,Addison,Axcess International Inc,4520,452030,45,45203010,D,USA,334220,3663,180,940,C,TX,AXCESS INTERNATIONAL INC,AXSI
6608, , ,5/31/10,Addison,Axcess International Inc,4520,452030,45,45203010,D,USA,334220,3663,180,940,C,TX,AXCESS INTERNATIONAL INC,AXSI
6608, , ,6/30/10,Addison,Axcess International Inc,4520,452030,45,45203010,D,USA,334220,3663,180,940,C,TX,AXCESS INTERNATIONAL INC,AXSI
6608, , ,7/31/10,Addison,Axcess International Inc,4520,452030,45,45203010,D,USA,334220,3663,180,940,C,TX,AXCESS INTERNATIONAL INC,AXSI
6608, , ,8/31/10,Addison,Axcess International Inc,4520,452030,45,45203010,D,USA,334220,3663,180,940,C,TX,AXCESS INTERNATIONAL INC,AXSI
6608, , ,9/30/10,Addison,Axcess International Inc,4520,452030,45,45203010,D,USA,334220,3663,180,940,C,TX,AXCESS INTERNATIONAL INC,AXSI
6608, , ,10/31/10,Addison,Axcess International Inc,4520,452030,45,45203010,D,USA,334220,3663,180,940,C,TX,AXCESS INTERNATIONAL INC,AXSI
6608, , ,11/30/10,Addison,Axcess International Inc,4520,452030,45,45203010,D,USA,334220,3663,180,940,C,TX,AXCESS INTERNATIONAL INC,AXSI
6608, , ,12/31/10,Addison,Axcess International Inc,4520,452030,45,45203010,D,USA,334220,3663,180,940,C,TX,AXCESS INTERNATIONAL INC,AXSI
6608, , ,1/31/11,Addison,Axcess International Inc,4520,452030,45,45203010,D,USA,334220,3663,180,940,C,TX,AXCESS INTERNATIONAL INC,AXSI
6608, , ,2/28/11,Addison,Axcess International Inc,4520,452030,45,45203010,D,USA,334220,3663,180,940,C,TX,AXCESS INTERNATIONAL INC,AXSI
6608, , ,3/31/11,Addison,Axcess International Inc,4520,452030,45,45203010,D,USA,334220,3663,180,940,C,TX,AXCESS INTERNATIONAL INC,AXSI
6608, , ,4/30/11,Addison,Axcess International Inc,4520,452030,45,45203010,D,USA,334220,3663,180,940,C,TX,AXCESS INTERNATIONAL INC,AXSI
6608, , ,5/31/11,Addison,Axcess International Inc,4520,452030,45,45203010,D,USA,334220,3663,180,940,C,TX,AXCESS INTERNATIONAL INC,AXSI
6608, , ,6/30/11,Addison,Axcess International Inc,4520,452030,45,45203010,D,USA,334220,3663,180,940,C,TX,AXCESS INTERNATIONAL INC,AXSI
6608, , ,7/31/11,Addison,Axcess International Inc,4520,452030,45,45203010,D,USA,334220,3663,180,940,C,TX,AXCESS INTERNATIONAL INC,AXSI
6608, , ,8/31/11,Addison,Axcess International Inc,4520,452030,45,45203010,D,USA,334220,3663,180,940,C,TX,AXCESS INTERNATIONAL INC,AXSI
6608, , ,9/30/11,Addison,Axcess International Inc,4520,452030,45,45203010,D,USA,334220,3663,180,940,C,TX,AXCESS INTERNATIONAL INC,AXSI
6608, , ,10/31/11,Addison,Axcess International Inc,4520,452030,45,45203010,D,USA,334220,3663,180,940,C,TX,AXCESS INTERNATIONAL INC,AXSI
6608, , ,11/30/11,Addison,Axcess International Inc,4520,452030,45,45203010,D,USA,334220,3663,180,940,C,TX,AXCESS INTERNATIONAL INC,AXSI
6608, , ,12/31/11,Addison,Axcess International Inc,4520,452030,45,45203010,D,USA,334220,3663,180,940,C,TX,AXCESS INTERNATIONAL INC,AXSI
6608, , ,1/31/12,Addison,Axcess International Inc,4520,452030,45,45203010,D,USA,334220,3663,180,940,C,TX,AXCESS INTERNATIONAL INC,AXSI
6608, , ,2/29/12,Addison,Axcess International Inc,4520,452030,45,45203010,D,USA,334220,3663,180,940,C,TX,AXCESS INTERNATIONAL INC,AXSI
6608, , ,3/31/12,Addison,Axcess International Inc,4520,452030,45,45203010,D,USA,334220,3663,180,940,C,TX,AXCESS INTERNATIONAL INC,AXSI
6608, , ,4/30/12,Addison,Axcess International Inc,4520,452030,45,45203010,D,USA,334220,3663,180,940,C,TX,AXCESS INTERNATIONAL INC,AXSI
6608, , ,5/31/12,Addison,Axcess International Inc,4520,452030,45,45203010,D,USA,334220,3663,180,940,C,TX,AXCESS INTERNATIONAL INC,AXSI
6608, , ,6/30/12,Addison,Axcess International Inc,4520,452030,45,45203010,D,USA,334220,3663,180,940,C,TX,AXCESS INTERNATIONAL INC,AXSI
6608, , ,7/31/12,Addison,Axcess International Inc,4520,452030,45,45203010,D,USA,334220,3663,180,940,C,TX,AXCESS INTERNATIONAL INC,AXSI
6608, , ,8/31/12,Addison,Axcess International Inc,4520,452030,45,45203010,D,USA,334220,3663,180,940,C,TX,AXCESS INTERNATIONAL INC,AXSI
6608, , ,9/30/12,Addison,Axcess International Inc,4520,452030,45,45203010,D,USA,334220,3663,180,940,C,TX,AXCESS INTERNATIONAL INC,AXSI
6608, , ,10/31/12,Addison,Axcess International Inc,4520,452030,45,45203010,D,USA,334220,3663,180,940,C,TX,AXCESS INTERNATIONAL INC,AXSI
6608, , ,11/30/12,Addison,Axcess International Inc,4520,452030,45,45203010,D,USA,334220,3663,180,940,C,TX,AXCESS INTERNATIONAL INC,AXSI
6608, , ,12/31/12,Addison,Axcess International Inc,4520,452030,45,45203010,D,USA,334220,3663,180,940,C,TX,AXCESS INTERNATIONAL INC,AXSI
6608, , ,1/31/13,Addison,Axcess International Inc,4520,452030,45,45203010,D,USA,334220,3663,180,940,C,TX,AXCESS INTERNATIONAL INC,AXSI
6608, , ,2/28/13,Addison,Axcess International Inc,4520,452030,45,45203010,D,USA,334220,3663,180,940,C,TX,AXCESS INTERNATIONAL INC,AXSI
6608, , ,3/31/13,Addison,Axcess International Inc,4520,452030,45,45203010,D,USA,334220,3663,180,940,C,TX,AXCESS INTERNATIONAL INC,AXSI
6608, , ,4/30/13,Addison,Axcess International Inc,4520,452030,45,45203010,D,USA,334220,3663,180,940,C,TX,AXCESS INTERNATIONAL INC,AXSI
6608, , ,5/31/13,Addison,Axcess International Inc,4520,452030,45,45203010,D,USA,334220,3663,180,940,C,TX,AXCESS INTERNATIONAL INC,AXSI
6608, , ,6/30/13,Addison,Axcess International Inc,4520,452030,45,45203010,D,USA,334220,3663,180,940,C,TX,AXCESS INTERNATIONAL INC,AXSI
6608, , ,7/31/13,Addison,Axcess International Inc,4520,452030,45,45203010,D,USA,334220,3663,180,940,C,TX,AXCESS INTERNATIONAL INC,AXSI
6608, , ,8/31/13,Addison,Axcess International Inc,4520,452030,45,45203010,D,USA,334220,3663,180,940,C,TX,AXCESS INTERNATIONAL INC,AXSI
6608, , ,9/30/13,Addison,Axcess International Inc,4520,452030,45,45203010,D,USA,334220,3663,180,940,C,TX,AXCESS INTERNATIONAL INC,AXSI
6786, , ,1/31/10,Hauppauge,Logimetrics Inc,4520,452010,45,45201020,D,USA,334220,3663,180,940, ,NY,LOGIMETRICS INC  -CL A,LGMTA
6786, , ,2/28/10,Hauppauge,Logimetrics Inc,4520,452010,45,45201020,D,USA,334220,3663,180,940, ,NY,LOGIMETRICS INC  -CL A,LGMTA
6786, , ,3/31/10,Hauppauge,Logimetrics Inc,4520,452010,45,45201020,D,USA,334220,3663,180,940, ,NY,LOGIMETRICS INC  -CL A,LGMTA
6786, , ,4/30/10,Hauppauge,Logimetrics Inc,4520,452010,45,45201020,D,USA,334220,3663,180,940, ,NY,LOGIMETRICS INC  -CL A,LGMTA
6786, , ,5/31/10,Hauppauge,Logimetrics Inc,4520,452010,45,45201020,D,USA,334220,3663,180,940, ,NY,LOGIMETRICS INC  -CL A,LGMTA
6786, , ,6/30/10,Hauppauge,Logimetrics Inc,4520,452010,45,45201020,D,USA,334220,3663,180,940, ,NY,LOGIMETRICS INC  -CL A,LGMTA
6786, , ,7/31/10,Hauppauge,Logimetrics Inc,4520,452010,45,45201020,D,USA,334220,3663,180,940, ,NY,LOGIMETRICS INC  -CL A,LGMTA
6786, , ,8/31/10,Hauppauge,Logimetrics Inc,4520,452010,45,45201020,D,USA,334220,3663,180,940, ,NY,LOGIMETRICS INC  -CL A,LGMTA
6786, , ,9/30/10,Hauppauge,Logimetrics Inc,4520,452010,45,45201020,D,USA,334220,3663,180,940, ,NY,LOGIMETRICS INC  -CL A,LGMTA
6786, , ,10/31/10,Hauppauge,Logimetrics Inc,4520,452010,45,45201020,D,USA,334220,3663,180,940, ,NY,LOGIMETRICS INC  -CL A,LGMTA
6786, , ,11/30/10,Hauppauge,Logimetrics Inc,4520,452010,45,45201020,D,USA,334220,3663,180,940, ,NY,LOGIMETRICS INC  -CL A,LGMTA
6786, , ,12/31/10,Hauppauge,Logimetrics Inc,4520,452010,45,45201020,D,USA,334220,3663,180,940, ,NY,LOGIMETRICS INC  -CL A,LGMTA
6786, , ,1/31/11,Hauppauge,Logimetrics Inc,4520,452010,45,45201020,D,USA,334220,3663,180,940, ,NY,LOGIMETRICS INC  -CL A,LGMTA
6786, , ,2/28/11,Hauppauge,Logimetrics Inc,4520,452010,45,45201020,D,USA,334220,3663,180,940, ,NY,LOGIMETRICS INC  -CL A,LGMTA
6786, , ,3/31/11,Hauppauge,Logimetrics Inc,4520,452010,45,45201020,D,USA,334220,3663,180,940, ,NY,LOGIMETRICS INC  -CL A,LGMTA
6786, , ,4/30/11,Hauppauge,Logimetrics Inc,4520,452010,45,45201020,D,USA,334220,3663,180,940, ,NY,LOGIMETRICS INC  -CL A,LGMTA
6786, , ,5/31/11,Hauppauge,Logimetrics Inc,4520,452010,45,45201020,D,USA,334220,3663,180,940, ,NY,LOGIMETRICS INC  -CL A,LGMTA
6786, , ,6/30/11,Hauppauge,Logimetrics Inc,4520,452010,45,45201020,D,USA,334220,3663,180,940, ,NY,LOGIMETRICS INC  -CL A,LGMTA
6786, , ,7/31/11,Hauppauge,Logimetrics Inc,4520,452010,45,45201020,D,USA,334220,3663,180,940, ,NY,LOGIMETRICS INC  -CL A,LGMTA
6786, , ,8/31/11,Hauppauge,Logimetrics Inc,4520,452010,45,45201020,D,USA,334220,3663,180,940, ,NY,LOGIMETRICS INC  -CL A,LGMTA
6786, , ,9/30/11,Hauppauge,Logimetrics Inc,4520,452010,45,45201020,D,USA,334220,3663,180,940, ,NY,LOGIMETRICS INC  -CL A,LGMTA
6786, , ,10/31/11,Hauppauge,Logimetrics Inc,4520,452010,45,45201020,D,USA,334220,3663,180,940, ,NY,LOGIMETRICS INC  -CL A,LGMTA
6786, , ,11/30/11,Hauppauge,Logimetrics Inc,4520,452010,45,45201020,D,USA,334220,3663,180,940, ,NY,LOGIMETRICS INC  -CL A,LGMTA
6786, , ,12/31/11,Hauppauge,Logimetrics Inc,4520,452010,45,45201020,D,USA,334220,3663,180,940, ,NY,LOGIMETRICS INC  -CL A,LGMTA
6786, , ,1/31/12,Hauppauge,Logimetrics Inc,4520,452010,45,45201020,D,USA,334220,3663,180,940, ,NY,LOGIMETRICS INC  -CL A,LGMTA
6786, , ,2/29/12,Hauppauge,Logimetrics Inc,4520,452010,45,45201020,D,USA,334220,3663,180,940, ,NY,LOGIMETRICS INC  -CL A,LGMTA
6786, , ,3/31/12,Hauppauge,Logimetrics Inc,4520,452010,45,45201020,D,USA,334220,3663,180,940, ,NY,LOGIMETRICS INC  -CL A,LGMTA
6786, , ,4/30/12,Hauppauge,Logimetrics Inc,4520,452010,45,45201020,D,USA,334220,3663,180,940, ,NY,LOGIMETRICS INC  -CL A,LGMTA
6786, , ,5/31/12,Hauppauge,Logimetrics Inc,4520,452010,45,45201020,D,USA,334220,3663,180,940, ,NY,LOGIMETRICS INC  -CL A,LGMTA
6848, , ,1/31/10,Orlando,LGL Group Inc (The),4520,452030,45,45203015,D,USA,334419,3679,210,970,C,FL,LGL GROUP INC,LGL
6848, , ,2/28/10,Orlando,LGL Group Inc (The),4520,452030,45,45203015,D,USA,334419,3679,210,970,C,FL,LGL GROUP INC,LGL
6848, , ,3/31/10,Orlando,LGL Group Inc (The),4520,452030,45,45203015,D,USA,334419,3679,210,970,C,FL,LGL GROUP INC,LGL
6848, , ,4/30/10,Orlando,LGL Group Inc (The),4520,452030,45,45203015,D,USA,334419,3679,210,970,C,FL,LGL GROUP INC,LGL
6848, , ,5/31/10,Orlando,LGL Group Inc (The),4520,452030,45,45203015,D,USA,334419,3679,210,970,C,FL,LGL GROUP INC,LGL
6848, , ,6/30/10,Orlando,LGL Group Inc (The),4520,452030,45,45203015,D,USA,334419,3679,210,970,C,FL,LGL GROUP INC,LGL
6848, , ,7/31/10,Orlando,LGL Group Inc (The),4520,452030,45,45203015,D,USA,334419,3679,210,970,C,FL,LGL GROUP INC,LGL
6848, , ,8/31/10,Orlando,LGL Group Inc (The),4520,452030,45,45203015,D,USA,334419,3679,210,970,C,FL,LGL GROUP INC,LGL
6848, , ,9/30/10,Orlando,LGL Group Inc (The),4520,452030,45,45203015,D,USA,334419,3679,210,970,C,FL,LGL GROUP INC,LGL
6848, , ,10/31/10,Orlando,LGL Group Inc (The),4520,452030,45,45203015,D,USA,334419,3679,210,970,C,FL,LGL GROUP INC,LGL
6848, , ,11/30/10,Orlando,LGL Group Inc (The),4520,452030,45,45203015,D,USA,334419,3679,210,970,C,FL,LGL GROUP INC,LGL
6848, , ,12/31/10,Orlando,LGL Group Inc (The),4520,452030,45,45203015,D,USA,334419,3679,210,970,C,FL,LGL GROUP INC,LGL
6848, , ,1/31/11,Orlando,LGL Group Inc (The),4520,452030,45,45203015,D,USA,334419,3679,210,970,C,FL,LGL GROUP INC,LGL
6848, , ,2/28/11,Orlando,LGL Group Inc (The),4520,452030,45,45203015,D,USA,334419,3679,210,970,C,FL,LGL GROUP INC,LGL
6848, , ,3/31/11,Orlando,LGL Group Inc (The),4520,452030,45,45203015,D,USA,334419,3679,210,970,C,FL,LGL GROUP INC,LGL
6848, , ,4/30/11,Orlando,LGL Group Inc (The),4520,452030,45,45203015,D,USA,334419,3679,210,970,C,FL,LGL GROUP INC,LGL
6848, , ,5/31/11,Orlando,LGL Group Inc (The),4520,452030,45,45203015,D,USA,334419,3679,210,970,C,FL,LGL GROUP INC,LGL
6848, , ,6/30/11,Orlando,LGL Group Inc (The),4520,452030,45,45203015,D,USA,334419,3679,210,970,C,FL,LGL GROUP INC,LGL
6848, , ,7/31/11,Orlando,LGL Group Inc (The),4520,452030,45,45203015,D,USA,334419,3679,210,970,C,FL,LGL GROUP INC,LGL
6848, , ,8/31/11,Orlando,LGL Group Inc (The),4520,452030,45,45203015,D,USA,334419,3679,210,970,C,FL,LGL GROUP INC,LGL
6848, , ,9/30/11,Orlando,LGL Group Inc (The),4520,452030,45,45203015,D,USA,334419,3679,210,970,C,FL,LGL GROUP INC,LGL
6848, , ,10/31/11,Orlando,LGL Group Inc (The),4520,452030,45,45203015,D,USA,334419,3679,210,970,C,FL,LGL GROUP INC,LGL
6848, , ,11/30/11,Orlando,LGL Group Inc (The),4520,452030,45,45203015,D,USA,334419,3679,210,970,C,FL,LGL GROUP INC,LGL
6848, , ,12/31/11,Orlando,LGL Group Inc (The),4520,452030,45,45203015,D,USA,334419,3679,210,970,C,FL,LGL GROUP INC,LGL
6848, , ,1/31/12,Orlando,LGL Group Inc (The),4520,452030,45,45203015,D,USA,334419,3679,210,970,C,FL,LGL GROUP INC,LGL
6848, , ,2/29/12,Orlando,LGL Group Inc (The),4520,452030,45,45203015,D,USA,334419,3679,210,970,C,FL,LGL GROUP INC,LGL
6848, , ,3/31/12,Orlando,LGL Group Inc (The),4520,452030,45,45203015,D,USA,334419,3679,210,970,C,FL,LGL GROUP INC,LGL
6848, , ,4/30/12,Orlando,LGL Group Inc (The),4520,452030,45,45203015,D,USA,334419,3679,210,970,C,FL,LGL GROUP INC,LGL
6848, , ,5/31/12,Orlando,LGL Group Inc (The),4520,452030,45,45203015,D,USA,334419,3679,210,970,C,FL,LGL GROUP INC,LGL
6848, , ,6/30/12,Orlando,LGL Group Inc (The),4520,452030,45,45203015,D,USA,334419,3679,210,970,C,FL,LGL GROUP INC,LGL
6848, , ,7/31/12,Orlando,LGL Group Inc (The),4520,452030,45,45203015,D,USA,334419,3679,210,970,C,FL,LGL GROUP INC,LGL
6848, , ,8/31/12,Orlando,LGL Group Inc (The),4520,452030,45,45203015,D,USA,334419,3679,210,970,C,FL,LGL GROUP INC,LGL
6848, , ,9/30/12,Orlando,LGL Group Inc (The),4520,452030,45,45203015,D,USA,334419,3679,210,970,C,FL,LGL GROUP INC,LGL
6848, , ,10/31/12,Orlando,LGL Group Inc (The),4520,452030,45,45203015,D,USA,334419,3679,210,970,C,FL,LGL GROUP INC,LGL
6848, , ,11/30/12,Orlando,LGL Group Inc (The),4520,452030,45,45203015,D,USA,334419,3679,210,970,C,FL,LGL GROUP INC,LGL
6848, , ,12/31/12,Orlando,LGL Group Inc (The),4520,452030,45,45203015,D,USA,334419,3679,210,970,C,FL,LGL GROUP INC,LGL
6848, , ,1/31/13,Orlando,LGL Group Inc (The),4520,452030,45,45203015,D,USA,334419,3679,210,970,C,FL,LGL GROUP INC,LGL
6848, , ,2/28/13,Orlando,LGL Group Inc (The),4520,452030,45,45203015,D,USA,334419,3679,210,970,C,FL,LGL GROUP INC,LGL
6848, , ,3/31/13,Orlando,LGL Group Inc (The),4520,452030,45,45203015,D,USA,334419,3679,210,970,C,FL,LGL GROUP INC,LGL
6848, , ,4/30/13,Orlando,LGL Group Inc (The),4520,452030,45,45203015,D,USA,334419,3679,210,970,C,FL,LGL GROUP INC,LGL
6848, , ,5/31/13,Orlando,LGL Group Inc (The),4520,452030,45,45203015,D,USA,334419,3679,210,970,C,FL,LGL GROUP INC,LGL
6848, , ,6/30/13,Orlando,LGL Group Inc (The),4520,452030,45,45203015,D,USA,334419,3679,210,970,C,FL,LGL GROUP INC,LGL
6848, , ,7/31/13,Orlando,LGL Group Inc (The),4520,452030,45,45203015,D,USA,334419,3679,210,970,C,FL,LGL GROUP INC,LGL
6848, , ,8/31/13,Orlando,LGL Group Inc (The),4520,452030,45,45203015,D,USA,334419,3679,210,970,C,FL,LGL GROUP INC,LGL
6848, , ,9/30/13,Orlando,LGL Group Inc (The),4520,452030,45,45203015,D,USA,334419,3679,210,970,C,FL,LGL GROUP INC,LGL
6848, , ,10/31/13,Orlando,LGL Group Inc (The),4520,452030,45,45203015,D,USA,334419,3679,210,970,C,FL,LGL GROUP INC,LGL
6900, , ,1/31/10,Eden Prairie,MTS Systems Corp,4520,452030,45,45203010,D,USA,334519,3829,230,940,A-,MN,MTS SYSTEMS CORP,MTSC
6900, , ,2/28/10,Eden Prairie,MTS Systems Corp,4520,452030,45,45203010,D,USA,334519,3829,230,940,A-,MN,MTS SYSTEMS CORP,MTSC
6900, , ,3/31/10,Eden Prairie,MTS Systems Corp,4520,452030,45,45203010,D,USA,334519,3829,230,940,A-,MN,MTS SYSTEMS CORP,MTSC
6900, , ,4/30/10,Eden Prairie,MTS Systems Corp,4520,452030,45,45203010,D,USA,334519,3829,230,940,A-,MN,MTS SYSTEMS CORP,MTSC
6900, , ,5/31/10,Eden Prairie,MTS Systems Corp,4520,452030,45,45203010,D,USA,334519,3829,230,940,A-,MN,MTS SYSTEMS CORP,MTSC
6900, , ,6/30/10,Eden Prairie,MTS Systems Corp,4520,452030,45,45203010,D,USA,334519,3829,230,940,A-,MN,MTS SYSTEMS CORP,MTSC
6900, , ,7/31/10,Eden Prairie,MTS Systems Corp,4520,452030,45,45203010,D,USA,334519,3829,230,940,A-,MN,MTS SYSTEMS CORP,MTSC
6900, , ,8/31/10,Eden Prairie,MTS Systems Corp,4520,452030,45,45203010,D,USA,334519,3829,230,940,A-,MN,MTS SYSTEMS CORP,MTSC
6900, , ,9/30/10,Eden Prairie,MTS Systems Corp,4520,452030,45,45203010,D,USA,334519,3829,230,940,A-,MN,MTS SYSTEMS CORP,MTSC
6900, , ,10/31/10,Eden Prairie,MTS Systems Corp,4520,452030,45,45203010,D,USA,334519,3829,230,940,A-,MN,MTS SYSTEMS CORP,MTSC
6900, , ,11/30/10,Eden Prairie,MTS Systems Corp,4520,452030,45,45203010,D,USA,334519,3829,230,940,A-,MN,MTS SYSTEMS CORP,MTSC
6900, , ,12/31/10,Eden Prairie,MTS Systems Corp,4520,452030,45,45203010,D,USA,334519,3829,230,940,A-,MN,MTS SYSTEMS CORP,MTSC
6900, , ,1/31/11,Eden Prairie,MTS Systems Corp,4520,452030,45,45203010,D,USA,334519,3829,230,940,A-,MN,MTS SYSTEMS CORP,MTSC
6900, , ,2/28/11,Eden Prairie,MTS Systems Corp,4520,452030,45,45203010,D,USA,334519,3829,230,940,A-,MN,MTS SYSTEMS CORP,MTSC
6900, , ,3/31/11,Eden Prairie,MTS Systems Corp,4520,452030,45,45203010,D,USA,334519,3829,230,940,A-,MN,MTS SYSTEMS CORP,MTSC
6900, , ,4/30/11,Eden Prairie,MTS Systems Corp,4520,452030,45,45203010,D,USA,334519,3829,230,940,A-,MN,MTS SYSTEMS CORP,MTSC
6900, , ,5/31/11,Eden Prairie,MTS Systems Corp,4520,452030,45,45203010,D,USA,334519,3829,230,940,A-,MN,MTS SYSTEMS CORP,MTSC
6900, , ,6/30/11,Eden Prairie,MTS Systems Corp,4520,452030,45,45203010,D,USA,334519,3829,230,940,A-,MN,MTS SYSTEMS CORP,MTSC
6900, , ,7/31/11,Eden Prairie,MTS Systems Corp,4520,452030,45,45203010,D,USA,334519,3829,230,940,A-,MN,MTS SYSTEMS CORP,MTSC
6900, , ,8/31/11,Eden Prairie,MTS Systems Corp,4520,452030,45,45203010,D,USA,334519,3829,230,940,A-,MN,MTS SYSTEMS CORP,MTSC
6900, , ,9/30/11,Eden Prairie,MTS Systems Corp,4520,452030,45,45203010,D,USA,334519,3829,230,940,A-,MN,MTS SYSTEMS CORP,MTSC
6900, , ,10/31/11,Eden Prairie,MTS Systems Corp,4520,452030,45,45203010,D,USA,334519,3829,230,940,A-,MN,MTS SYSTEMS CORP,MTSC
6900, , ,11/30/11,Eden Prairie,MTS Systems Corp,4520,452030,45,45203010,D,USA,334519,3829,230,940,A-,MN,MTS SYSTEMS CORP,MTSC
6900, , ,12/31/11,Eden Prairie,MTS Systems Corp,4520,452030,45,45203010,D,USA,334519,3829,230,940,A-,MN,MTS SYSTEMS CORP,MTSC
6900, , ,1/31/12,Eden Prairie,MTS Systems Corp,4520,452030,45,45203010,D,USA,334519,3829,230,940,A-,MN,MTS SYSTEMS CORP,MTSC
6900, , ,2/29/12,Eden Prairie,MTS Systems Corp,4520,452030,45,45203010,D,USA,334519,3829,230,940,A-,MN,MTS SYSTEMS CORP,MTSC
6900, , ,3/31/12,Eden Prairie,MTS Systems Corp,4520,452030,45,45203010,D,USA,334519,3829,230,940,A-,MN,MTS SYSTEMS CORP,MTSC
6900, , ,4/30/12,Eden Prairie,MTS Systems Corp,4520,452030,45,45203010,D,USA,334519,3829,230,940,A-,MN,MTS SYSTEMS CORP,MTSC
6900, , ,5/31/12,Eden Prairie,MTS Systems Corp,4520,452030,45,45203010,D,USA,334519,3829,230,940,A-,MN,MTS SYSTEMS CORP,MTSC
6900, , ,6/30/12,Eden Prairie,MTS Systems Corp,4520,452030,45,45203010,D,USA,334519,3829,230,940,A-,MN,MTS SYSTEMS CORP,MTSC
6900, , ,7/31/12,Eden Prairie,MTS Systems Corp,4520,452030,45,45203010,D,USA,334519,3829,230,940,A-,MN,MTS SYSTEMS CORP,MTSC
6900, , ,8/31/12,Eden Prairie,MTS Systems Corp,4520,452030,45,45203010,D,USA,334519,3829,230,940,A-,MN,MTS SYSTEMS CORP,MTSC
6900, , ,9/30/12,Eden Prairie,MTS Systems Corp,4520,452030,45,45203010,D,USA,334519,3829,230,940,A-,MN,MTS SYSTEMS CORP,MTSC
6900, , ,10/31/12,Eden Prairie,MTS Systems Corp,4520,452030,45,45203010,D,USA,334519,3829,230,940,A-,MN,MTS SYSTEMS CORP,MTSC
6900, , ,11/30/12,Eden Prairie,MTS Systems Corp,4520,452030,45,45203010,D,USA,334519,3829,230,940,A-,MN,MTS SYSTEMS CORP,MTSC
6900, , ,12/31/12,Eden Prairie,MTS Systems Corp,4520,452030,45,45203010,D,USA,334519,3829,230,940,A-,MN,MTS SYSTEMS CORP,MTSC
6900, , ,1/31/13,Eden Prairie,MTS Systems Corp,4520,452030,45,45203010,D,USA,334519,3829,230,940,A-,MN,MTS SYSTEMS CORP,MTSC
6900, , ,2/28/13,Eden Prairie,MTS Systems Corp,4520,452030,45,45203010,D,USA,334519,3829,230,940,A-,MN,MTS SYSTEMS CORP,MTSC
6900, , ,3/31/13,Eden Prairie,MTS Systems Corp,4520,452030,45,45203010,D,USA,334519,3829,230,940,A-,MN,MTS SYSTEMS CORP,MTSC
6900, , ,4/30/13,Eden Prairie,MTS Systems Corp,4520,452030,45,45203010,D,USA,334519,3829,230,940,A-,MN,MTS SYSTEMS CORP,MTSC
6900, , ,5/31/13,Eden Prairie,MTS Systems Corp,4520,452030,45,45203010,D,USA,334519,3829,230,940,A-,MN,MTS SYSTEMS CORP,MTSC
6900, , ,6/30/13,Eden Prairie,MTS Systems Corp,4520,452030,45,45203010,D,USA,334519,3829,230,940,A-,MN,MTS SYSTEMS CORP,MTSC
6900, , ,7/31/13,Eden Prairie,MTS Systems Corp,4520,452030,45,45203010,D,USA,334519,3829,230,940,A-,MN,MTS SYSTEMS CORP,MTSC
6900, , ,8/31/13,Eden Prairie,MTS Systems Corp,4520,452030,45,45203010,D,USA,334519,3829,230,940,A-,MN,MTS SYSTEMS CORP,MTSC
6900, , ,9/30/13,Eden Prairie,MTS Systems Corp,4520,452030,45,45203010,D,USA,334519,3829,230,940,A-,MN,MTS SYSTEMS CORP,MTSC
6900, , ,10/31/13,Eden Prairie,MTS Systems Corp,4520,452030,45,45203010,D,USA,334519,3829,230,940,A-,MN,MTS SYSTEMS CORP,MTSC
7092, , ,1/31/10,Duluth,Concurrent Computer Corp,4520,452020,45,45202030,D,USA,334111,3571,190,940,C,GA,CONCURRENT COMPUTER CP,CCUR
7092, , ,2/28/10,Duluth,Concurrent Computer Corp,4520,452020,45,45202030,D,USA,334111,3571,190,940,C,GA,CONCURRENT COMPUTER CP,CCUR
7092, , ,3/31/10,Duluth,Concurrent Computer Corp,4520,452020,45,45202030,D,USA,334111,3571,190,940,C,GA,CONCURRENT COMPUTER CP,CCUR
7092, , ,4/30/10,Duluth,Concurrent Computer Corp,4520,452020,45,45202030,D,USA,334111,3571,190,940,C,GA,CONCURRENT COMPUTER CP,CCUR
7092, , ,5/31/10,Duluth,Concurrent Computer Corp,4520,452020,45,45202030,D,USA,334111,3571,190,940,C,GA,CONCURRENT COMPUTER CP,CCUR
7092, , ,6/30/10,Duluth,Concurrent Computer Corp,4520,452020,45,45202030,D,USA,334111,3571,190,940,C,GA,CONCURRENT COMPUTER CP,CCUR
7092, , ,7/31/10,Duluth,Concurrent Computer Corp,4520,452020,45,45202030,D,USA,334111,3571,190,940,C,GA,CONCURRENT COMPUTER CP,CCUR
7092, , ,8/31/10,Duluth,Concurrent Computer Corp,4520,452020,45,45202030,D,USA,334111,3571,190,940,C,GA,CONCURRENT COMPUTER CP,CCUR
7092, , ,9/30/10,Duluth,Concurrent Computer Corp,4520,452020,45,45202030,D,USA,334111,3571,190,940,C,GA,CONCURRENT COMPUTER CP,CCUR
7092, , ,10/31/10,Duluth,Concurrent Computer Corp,4520,452020,45,45202030,D,USA,334111,3571,190,940,C,GA,CONCURRENT COMPUTER CP,CCUR
7092, , ,11/30/10,Duluth,Concurrent Computer Corp,4520,452020,45,45202030,D,USA,334111,3571,190,940,C,GA,CONCURRENT COMPUTER CP,CCUR
7092, , ,12/31/10,Duluth,Concurrent Computer Corp,4520,452020,45,45202030,D,USA,334111,3571,190,940,C,GA,CONCURRENT COMPUTER CP,CCUR
7092, , ,1/31/11,Duluth,Concurrent Computer Corp,4520,452020,45,45202030,D,USA,334111,3571,190,940,C,GA,CONCURRENT COMPUTER CP,CCUR
7092, , ,2/28/11,Duluth,Concurrent Computer Corp,4520,452020,45,45202030,D,USA,334111,3571,190,940,C,GA,CONCURRENT COMPUTER CP,CCUR
7092, , ,3/31/11,Duluth,Concurrent Computer Corp,4520,452020,45,45202030,D,USA,334111,3571,190,940,C,GA,CONCURRENT COMPUTER CP,CCUR
7092, , ,4/30/11,Duluth,Concurrent Computer Corp,4520,452020,45,45202030,D,USA,334111,3571,190,940,C,GA,CONCURRENT COMPUTER CP,CCUR
7092, , ,5/31/11,Duluth,Concurrent Computer Corp,4520,452020,45,45202030,D,USA,334111,3571,190,940,C,GA,CONCURRENT COMPUTER CP,CCUR
7092, , ,6/30/11,Duluth,Concurrent Computer Corp,4520,452020,45,45202030,D,USA,334111,3571,190,940,C,GA,CONCURRENT COMPUTER CP,CCUR
7092, , ,7/31/11,Duluth,Concurrent Computer Corp,4520,452020,45,45202030,D,USA,334111,3571,190,940,C,GA,CONCURRENT COMPUTER CP,CCUR
7092, , ,8/31/11,Duluth,Concurrent Computer Corp,4520,452020,45,45202030,D,USA,334111,3571,190,940,C,GA,CONCURRENT COMPUTER CP,CCUR
7092, , ,9/30/11,Duluth,Concurrent Computer Corp,4520,452020,45,45202030,D,USA,334111,3571,190,940,C,GA,CONCURRENT COMPUTER CP,CCUR
7092, , ,10/31/11,Duluth,Concurrent Computer Corp,4520,452020,45,45202030,D,USA,334111,3571,190,940,C,GA,CONCURRENT COMPUTER CP,CCUR
7092, , ,11/30/11,Duluth,Concurrent Computer Corp,4520,452020,45,45202030,D,USA,334111,3571,190,940,C,GA,CONCURRENT COMPUTER CP,CCUR
7092, , ,12/31/11,Duluth,Concurrent Computer Corp,4520,452020,45,45202030,D,USA,334111,3571,190,940,C,GA,CONCURRENT COMPUTER CP,CCUR
7092, , ,1/31/12,Duluth,Concurrent Computer Corp,4520,452020,45,45202030,D,USA,334111,3571,190,940,C,GA,CONCURRENT COMPUTER CP,CCUR
7092, , ,2/29/12,Duluth,Concurrent Computer Corp,4520,452020,45,45202030,D,USA,334111,3571,190,940,C,GA,CONCURRENT COMPUTER CP,CCUR
7092, , ,3/31/12,Duluth,Concurrent Computer Corp,4520,452020,45,45202030,D,USA,334111,3571,190,940,C,GA,CONCURRENT COMPUTER CP,CCUR
7092, , ,4/30/12,Duluth,Concurrent Computer Corp,4520,452020,45,45202030,D,USA,334111,3571,190,940,C,GA,CONCURRENT COMPUTER CP,CCUR
7092, , ,5/31/12,Duluth,Concurrent Computer Corp,4520,452020,45,45202030,D,USA,334111,3571,190,940,C,GA,CONCURRENT COMPUTER CP,CCUR
7092, , ,6/30/12,Duluth,Concurrent Computer Corp,4520,452020,45,45202030,D,USA,334111,3571,190,940,C,GA,CONCURRENT COMPUTER CP,CCUR
7092, , ,7/31/12,Duluth,Concurrent Computer Corp,4520,452020,45,45202030,D,USA,334111,3571,190,940,C,GA,CONCURRENT COMPUTER CP,CCUR
7092, , ,8/31/12,Duluth,Concurrent Computer Corp,4520,452020,45,45202030,D,USA,334111,3571,190,940,C,GA,CONCURRENT COMPUTER CP,CCUR
7092, , ,9/30/12,Duluth,Concurrent Computer Corp,4520,452020,45,45202030,D,USA,334111,3571,190,940,C,GA,CONCURRENT COMPUTER CP,CCUR
7092, , ,10/31/12,Duluth,Concurrent Computer Corp,4520,452020,45,45202030,D,USA,334111,3571,190,940,C,GA,CONCURRENT COMPUTER CP,CCUR
7092, , ,11/30/12,Duluth,Concurrent Computer Corp,4520,452020,45,45202030,D,USA,334111,3571,190,940,C,GA,CONCURRENT COMPUTER CP,CCUR
7092, , ,12/31/12,Duluth,Concurrent Computer Corp,4520,452020,45,45202030,D,USA,334111,3571,190,940,C,GA,CONCURRENT COMPUTER CP,CCUR
7092, , ,1/31/13,Duluth,Concurrent Computer Corp,4520,452020,45,45202030,D,USA,334111,3571,190,940,C,GA,CONCURRENT COMPUTER CP,CCUR
7092, , ,2/28/13,Duluth,Concurrent Computer Corp,4520,452020,45,45202030,D,USA,334111,3571,190,940,C,GA,CONCURRENT COMPUTER CP,CCUR
7092, , ,3/31/13,Duluth,Concurrent Computer Corp,4520,452020,45,45202030,D,USA,334111,3571,190,940,C,GA,CONCURRENT COMPUTER CP,CCUR
7092, , ,4/30/13,Duluth,Concurrent Computer Corp,4520,452020,45,45202030,D,USA,334111,3571,190,940,C,GA,CONCURRENT COMPUTER CP,CCUR
7092, , ,5/31/13,Duluth,Concurrent Computer Corp,4520,452020,45,45202030,D,USA,334111,3571,190,940,C,GA,CONCURRENT COMPUTER CP,CCUR
7092, , ,6/30/13,Duluth,Concurrent Computer Corp,4520,452020,45,45202030,D,USA,334111,3571,190,940,C,GA,CONCURRENT COMPUTER CP,CCUR
7092, , ,7/31/13,Duluth,Concurrent Computer Corp,4520,452020,45,45202030,D,USA,334111,3571,190,940,C,GA,CONCURRENT COMPUTER CP,CCUR
7092, , ,8/31/13,Duluth,Concurrent Computer Corp,4520,452020,45,45202030,D,USA,334111,3571,190,940,C,GA,CONCURRENT COMPUTER CP,CCUR
7092, , ,9/30/13,Duluth,Concurrent Computer Corp,4520,452020,45,45202030,D,USA,334111,3571,190,940,C,GA,CONCURRENT COMPUTER CP,CCUR
7092, , ,10/31/13,Duluth,Concurrent Computer Corp,4520,452020,45,45202030,D,USA,334111,3571,190,940,C,GA,CONCURRENT COMPUTER CP,CCUR
7124, , ,1/31/10,San Diego,Maxwell Technologies Inc,4520,452030,45,45203020,D,USA,335311,3612,454,940,C,CA,MAXWELL TECHNOLOGIES INC,MXWL
7124, , ,2/28/10,San Diego,Maxwell Technologies Inc,4520,452030,45,45203020,D,USA,335311,3612,454,940,C,CA,MAXWELL TECHNOLOGIES INC,MXWL
7124, , ,3/31/10,San Diego,Maxwell Technologies Inc,4520,452030,45,45203020,D,USA,335311,3612,454,940,C,CA,MAXWELL TECHNOLOGIES INC,MXWL
7124, , ,4/30/10,San Diego,Maxwell Technologies Inc,4520,452030,45,45203020,D,USA,335311,3612,454,940,C,CA,MAXWELL TECHNOLOGIES INC,MXWL
7124, , ,5/31/10,San Diego,Maxwell Technologies Inc,4520,452030,45,45203020,D,USA,335311,3612,454,940,C,CA,MAXWELL TECHNOLOGIES INC,MXWL
7124, , ,6/30/10,San Diego,Maxwell Technologies Inc,4520,452030,45,45203020,D,USA,335311,3612,454,940,C,CA,MAXWELL TECHNOLOGIES INC,MXWL
7124, , ,7/31/10,San Diego,Maxwell Technologies Inc,4520,452030,45,45203020,D,USA,335311,3612,454,940,C,CA,MAXWELL TECHNOLOGIES INC,MXWL
7124, , ,8/31/10,San Diego,Maxwell Technologies Inc,4520,452030,45,45203020,D,USA,335311,3612,454,940,C,CA,MAXWELL TECHNOLOGIES INC,MXWL
7124, , ,9/30/10,San Diego,Maxwell Technologies Inc,4520,452030,45,45203020,D,USA,335311,3612,454,940,C,CA,MAXWELL TECHNOLOGIES INC,MXWL
7124, , ,10/31/10,San Diego,Maxwell Technologies Inc,4520,452030,45,45203020,D,USA,335311,3612,454,940,C,CA,MAXWELL TECHNOLOGIES INC,MXWL
7124, , ,11/30/10,San Diego,Maxwell Technologies Inc,4520,452030,45,45203020,D,USA,335311,3612,454,940,C,CA,MAXWELL TECHNOLOGIES INC,MXWL
7124, , ,12/31/10,San Diego,Maxwell Technologies Inc,4520,452030,45,45203020,D,USA,335311,3612,454,940,C,CA,MAXWELL TECHNOLOGIES INC,MXWL
7124, , ,1/31/11,San Diego,Maxwell Technologies Inc,4520,452030,45,45203020,D,USA,335311,3612,454,940,C,CA,MAXWELL TECHNOLOGIES INC,MXWL
7124, , ,2/28/11,San Diego,Maxwell Technologies Inc,4520,452030,45,45203020,D,USA,335311,3612,454,940,C,CA,MAXWELL TECHNOLOGIES INC,MXWL
7124, , ,3/31/11,San Diego,Maxwell Technologies Inc,4520,452030,45,45203020,D,USA,335311,3612,454,940,C,CA,MAXWELL TECHNOLOGIES INC,MXWL
7124, , ,4/30/11,San Diego,Maxwell Technologies Inc,4520,452030,45,45203020,D,USA,335311,3612,454,940,C,CA,MAXWELL TECHNOLOGIES INC,MXWL
7124, , ,5/31/11,San Diego,Maxwell Technologies Inc,4520,452030,45,45203020,D,USA,335311,3612,454,940,C,CA,MAXWELL TECHNOLOGIES INC,MXWL
7124, , ,6/30/11,San Diego,Maxwell Technologies Inc,4520,452030,45,45203020,D,USA,335311,3612,454,940,C,CA,MAXWELL TECHNOLOGIES INC,MXWL
7124, , ,7/31/11,San Diego,Maxwell Technologies Inc,4520,452030,45,45203020,D,USA,335311,3612,454,940,C,CA,MAXWELL TECHNOLOGIES INC,MXWL
7124, , ,8/31/11,San Diego,Maxwell Technologies Inc,4520,452030,45,45203020,D,USA,335311,3612,454,940,C,CA,MAXWELL TECHNOLOGIES INC,MXWL
7124, , ,9/30/11,San Diego,Maxwell Technologies Inc,4520,452030,45,45203020,D,USA,335311,3612,454,940,C,CA,MAXWELL TECHNOLOGIES INC,MXWL
7124, , ,10/31/11,San Diego,Maxwell Technologies Inc,4520,452030,45,45203020,D,USA,335311,3612,454,940,C,CA,MAXWELL TECHNOLOGIES INC,MXWL
7124, , ,11/30/11,San Diego,Maxwell Technologies Inc,4520,452030,45,45203020,D,USA,335311,3612,454,940,C,CA,MAXWELL TECHNOLOGIES INC,MXWL
7124, , ,12/31/11,San Diego,Maxwell Technologies Inc,4520,452030,45,45203020,D,USA,335311,3612,454,940,C,CA,MAXWELL TECHNOLOGIES INC,MXWL
7124, , ,1/31/12,San Diego,Maxwell Technologies Inc,4520,452030,45,45203020,D,USA,335311,3612,454,940,C,CA,MAXWELL TECHNOLOGIES INC,MXWL
7124, , ,2/29/12,San Diego,Maxwell Technologies Inc,4520,452030,45,45203020,D,USA,335311,3612,454,940,C,CA,MAXWELL TECHNOLOGIES INC,MXWL
7124, , ,3/31/12,San Diego,Maxwell Technologies Inc,4520,452030,45,45203020,D,USA,335311,3612,454,940,C,CA,MAXWELL TECHNOLOGIES INC,MXWL
7124, , ,4/30/12,San Diego,Maxwell Technologies Inc,4520,452030,45,45203020,D,USA,335311,3612,454,940,C,CA,MAXWELL TECHNOLOGIES INC,MXWL
7124, , ,5/31/12,San Diego,Maxwell Technologies Inc,4520,452030,45,45203020,D,USA,335311,3612,454,940,C,CA,MAXWELL TECHNOLOGIES INC,MXWL
7124, , ,6/30/12,San Diego,Maxwell Technologies Inc,4520,452030,45,45203020,D,USA,335311,3612,454,940,C,CA,MAXWELL TECHNOLOGIES INC,MXWL
7124, , ,7/31/12,San Diego,Maxwell Technologies Inc,4520,452030,45,45203020,D,USA,335311,3612,454,940,C,CA,MAXWELL TECHNOLOGIES INC,MXWL
7124, , ,8/31/12,San Diego,Maxwell Technologies Inc,4520,452030,45,45203020,D,USA,335311,3612,454,940,C,CA,MAXWELL TECHNOLOGIES INC,MXWL
7124, , ,9/30/12,San Diego,Maxwell Technologies Inc,4520,452030,45,45203020,D,USA,335311,3612,454,940,C,CA,MAXWELL TECHNOLOGIES INC,MXWL
7124, , ,10/31/12,San Diego,Maxwell Technologies Inc,4520,452030,45,45203020,D,USA,335311,3612,454,940,C,CA,MAXWELL TECHNOLOGIES INC,MXWL
7124, , ,11/30/12,San Diego,Maxwell Technologies Inc,4520,452030,45,45203020,D,USA,335311,3612,454,940,C,CA,MAXWELL TECHNOLOGIES INC,MXWL
7124, , ,12/31/12,San Diego,Maxwell Technologies Inc,4520,452030,45,45203020,D,USA,335311,3612,454,940,C,CA,MAXWELL TECHNOLOGIES INC,MXWL
7124, , ,1/31/13,San Diego,Maxwell Technologies Inc,4520,452030,45,45203020,D,USA,335311,3612,454,940,C,CA,MAXWELL TECHNOLOGIES INC,MXWL
7124, , ,2/28/13,San Diego,Maxwell Technologies Inc,4520,452030,45,45203020,D,USA,335311,3612,454,940,C,CA,MAXWELL TECHNOLOGIES INC,MXWL
7124, , ,3/31/13,San Diego,Maxwell Technologies Inc,4520,452030,45,45203020,D,USA,335311,3612,454,940,C,CA,MAXWELL TECHNOLOGIES INC,MXWL
7124, , ,4/30/13,San Diego,Maxwell Technologies Inc,4520,452030,45,45203020,D,USA,335311,3612,454,940,C,CA,MAXWELL TECHNOLOGIES INC,MXWL
7124, , ,5/31/13,San Diego,Maxwell Technologies Inc,4520,452030,45,45203020,D,USA,335311,3612,454,940,C,CA,MAXWELL TECHNOLOGIES INC,MXWL
7124, , ,6/30/13,San Diego,Maxwell Technologies Inc,4520,452030,45,45203020,D,USA,335311,3612,454,940,C,CA,MAXWELL TECHNOLOGIES INC,MXWL
7124, , ,7/31/13,San Diego,Maxwell Technologies Inc,4520,452030,45,45203020,D,USA,335311,3612,454,940,C,CA,MAXWELL TECHNOLOGIES INC,MXWL
7124, , ,8/31/13,San Diego,Maxwell Technologies Inc,4520,452030,45,45203020,D,USA,335311,3612,454,940,C,CA,MAXWELL TECHNOLOGIES INC,MXWL
7124, , ,9/30/13,San Diego,Maxwell Technologies Inc,4520,452030,45,45203020,D,USA,335311,3612,454,940,C,CA,MAXWELL TECHNOLOGIES INC,MXWL
7124, , ,10/31/13,San Diego,Maxwell Technologies Inc,4520,452030,45,45203020,D,USA,335311,3612,454,940,C,CA,MAXWELL TECHNOLOGIES INC,MXWL
7183, , ,1/31/10,Albany,Mechanical Technology Inc,4520,452030,45,45203010,D,USA,334519,3829,230,940,B-,NY,MECHANICAL TECHNOLOGY INC,MKTY
7183, , ,2/28/10,Albany,Mechanical Technology Inc,4520,452030,45,45203010,D,USA,334519,3829,230,940,B-,NY,MECHANICAL TECHNOLOGY INC,MKTY
7183, , ,3/31/10,Albany,Mechanical Technology Inc,4520,452030,45,45203010,D,USA,334519,3829,230,940,B-,NY,MECHANICAL TECHNOLOGY INC,MKTY
7183, , ,4/30/10,Albany,Mechanical Technology Inc,4520,452030,45,45203010,D,USA,334519,3829,230,940,B-,NY,MECHANICAL TECHNOLOGY INC,MKTY
7183, , ,5/31/10,Albany,Mechanical Technology Inc,4520,452030,45,45203010,D,USA,334519,3829,230,940,B-,NY,MECHANICAL TECHNOLOGY INC,MKTY
7183, , ,6/30/10,Albany,Mechanical Technology Inc,4520,452030,45,45203010,D,USA,334519,3829,230,940,B-,NY,MECHANICAL TECHNOLOGY INC,MKTY
7183, , ,7/31/10,Albany,Mechanical Technology Inc,4520,452030,45,45203010,D,USA,334519,3829,230,940,B-,NY,MECHANICAL TECHNOLOGY INC,MKTY
7183, , ,8/31/10,Albany,Mechanical Technology Inc,4520,452030,45,45203010,D,USA,334519,3829,230,940,B-,NY,MECHANICAL TECHNOLOGY INC,MKTY
7183, , ,9/30/10,Albany,Mechanical Technology Inc,4520,452030,45,45203010,D,USA,334519,3829,230,940,B-,NY,MECHANICAL TECHNOLOGY INC,MKTY
7183, , ,10/31/10,Albany,Mechanical Technology Inc,4520,452030,45,45203010,D,USA,334519,3829,230,940,B-,NY,MECHANICAL TECHNOLOGY INC,MKTY
7183, , ,11/30/10,Albany,Mechanical Technology Inc,4520,452030,45,45203010,D,USA,334519,3829,230,940,B-,NY,MECHANICAL TECHNOLOGY INC,MKTY
7183, , ,12/31/10,Albany,Mechanical Technology Inc,4520,452030,45,45203010,D,USA,334519,3829,230,940,B-,NY,MECHANICAL TECHNOLOGY INC,MKTY
7183, , ,1/31/11,Albany,Mechanical Technology Inc,4520,452030,45,45203010,D,USA,334519,3829,230,940,B-,NY,MECHANICAL TECHNOLOGY INC,MKTY
7183, , ,2/28/11,Albany,Mechanical Technology Inc,4520,452030,45,45203010,D,USA,334519,3829,230,940,B-,NY,MECHANICAL TECHNOLOGY INC,MKTY
7183, , ,3/31/11,Albany,Mechanical Technology Inc,4520,452030,45,45203010,D,USA,334519,3829,230,940,B-,NY,MECHANICAL TECHNOLOGY INC,MKTY
7183, , ,4/30/11,Albany,Mechanical Technology Inc,4520,452030,45,45203010,D,USA,334519,3829,230,940,B-,NY,MECHANICAL TECHNOLOGY INC,MKTY
7183, , ,5/31/11,Albany,Mechanical Technology Inc,4520,452030,45,45203010,D,USA,334519,3829,230,940,B-,NY,MECHANICAL TECHNOLOGY INC,MKTY
7183, , ,6/30/11,Albany,Mechanical Technology Inc,4520,452030,45,45203010,D,USA,334519,3829,230,940,B-,NY,MECHANICAL TECHNOLOGY INC,MKTY
7183, , ,7/31/11,Albany,Mechanical Technology Inc,4520,452030,45,45203010,D,USA,334519,3829,230,940,B-,NY,MECHANICAL TECHNOLOGY INC,MKTY
7183, , ,8/31/11,Albany,Mechanical Technology Inc,4520,452030,45,45203010,D,USA,334519,3829,230,940,B-,NY,MECHANICAL TECHNOLOGY INC,MKTY
7183, , ,9/30/11,Albany,Mechanical Technology Inc,4520,452030,45,45203010,D,USA,334519,3829,230,940,B-,NY,MECHANICAL TECHNOLOGY INC,MKTY
7183, , ,10/31/11,Albany,Mechanical Technology Inc,4520,452030,45,45203010,D,USA,334519,3829,230,940,B-,NY,MECHANICAL TECHNOLOGY INC,MKTY
7183, , ,11/30/11,Albany,Mechanical Technology Inc,4520,452030,45,45203010,D,USA,334519,3829,230,940,B-,NY,MECHANICAL TECHNOLOGY INC,MKTY
7183, , ,12/31/11,Albany,Mechanical Technology Inc,4520,452030,45,45203010,D,USA,334519,3829,230,940,B-,NY,MECHANICAL TECHNOLOGY INC,MKTY
7183, , ,1/31/12,Albany,Mechanical Technology Inc,4520,452030,45,45203010,D,USA,334519,3829,230,940,B-,NY,MECHANICAL TECHNOLOGY INC,MKTY
7183, , ,2/29/12,Albany,Mechanical Technology Inc,4520,452030,45,45203010,D,USA,334519,3829,230,940,B-,NY,MECHANICAL TECHNOLOGY INC,MKTY
7183, , ,3/31/12,Albany,Mechanical Technology Inc,4520,452030,45,45203010,D,USA,334519,3829,230,940,B-,NY,MECHANICAL TECHNOLOGY INC,MKTY
7183, , ,4/30/12,Albany,Mechanical Technology Inc,4520,452030,45,45203010,D,USA,334519,3829,230,940,B-,NY,MECHANICAL TECHNOLOGY INC,MKTY
7183, , ,5/31/12,Albany,Mechanical Technology Inc,4520,452030,45,45203010,D,USA,334519,3829,230,940,B-,NY,MECHANICAL TECHNOLOGY INC,MKTY
7183, , ,6/30/12,Albany,Mechanical Technology Inc,4520,452030,45,45203010,D,USA,334519,3829,230,940,B-,NY,MECHANICAL TECHNOLOGY INC,MKTY
7183, , ,7/31/12,Albany,Mechanical Technology Inc,4520,452030,45,45203010,D,USA,334519,3829,230,940,B-,NY,MECHANICAL TECHNOLOGY INC,MKTY
7183, , ,8/31/12,Albany,Mechanical Technology Inc,4520,452030,45,45203010,D,USA,334519,3829,230,940,B-,NY,MECHANICAL TECHNOLOGY INC,MKTY
7183, , ,9/30/12,Albany,Mechanical Technology Inc,4520,452030,45,45203010,D,USA,334519,3829,230,940,B-,NY,MECHANICAL TECHNOLOGY INC,MKTY
7183, , ,10/31/12,Albany,Mechanical Technology Inc,4520,452030,45,45203010,D,USA,334519,3829,230,940,B-,NY,MECHANICAL TECHNOLOGY INC,MKTY
7183, , ,11/30/12,Albany,Mechanical Technology Inc,4520,452030,45,45203010,D,USA,334519,3829,230,940,B-,NY,MECHANICAL TECHNOLOGY INC,MKTY
7183, , ,12/31/12,Albany,Mechanical Technology Inc,4520,452030,45,45203010,D,USA,334519,3829,230,940,B-,NY,MECHANICAL TECHNOLOGY INC,MKTY
7183, , ,1/31/13,Albany,Mechanical Technology Inc,4520,452030,45,45203010,D,USA,334519,3829,230,940,B-,NY,MECHANICAL TECHNOLOGY INC,MKTY
7183, , ,2/28/13,Albany,Mechanical Technology Inc,4520,452030,45,45203010,D,USA,334519,3829,230,940,B-,NY,MECHANICAL TECHNOLOGY INC,MKTY
7183, , ,3/31/13,Albany,Mechanical Technology Inc,4520,452030,45,45203010,D,USA,334519,3829,230,940,B-,NY,MECHANICAL TECHNOLOGY INC,MKTY
7183, , ,4/30/13,Albany,Mechanical Technology Inc,4520,452030,45,45203010,D,USA,334519,3829,230,940,B-,NY,MECHANICAL TECHNOLOGY INC,MKTY
7183, , ,5/31/13,Albany,Mechanical Technology Inc,4520,452030,45,45203010,D,USA,334519,3829,230,940,B-,NY,MECHANICAL TECHNOLOGY INC,MKTY
7183, , ,6/30/13,Albany,Mechanical Technology Inc,4520,452030,45,45203010,D,USA,334519,3829,230,940,B-,NY,MECHANICAL TECHNOLOGY INC,MKTY
7183, , ,7/31/13,Albany,Mechanical Technology Inc,4520,452030,45,45203010,D,USA,334519,3829,230,940,B-,NY,MECHANICAL TECHNOLOGY INC,MKTY
7183, , ,8/31/13,Albany,Mechanical Technology Inc,4520,452030,45,45203010,D,USA,334519,3829,230,940,B-,NY,MECHANICAL TECHNOLOGY INC,MKTY
7183, , ,9/30/13,Albany,Mechanical Technology Inc,4520,452030,45,45203010,D,USA,334519,3829,230,940,B-,NY,MECHANICAL TECHNOLOGY INC,MKTY
7183, , ,10/31/13,Albany,Mechanical Technology Inc,4520,452030,45,45203010,D,USA,334519,3829,230,940,B-,NY,MECHANICAL TECHNOLOGY INC,MKTY
7192, , ,1/31/10,Wixom,Integral Vision Inc,4520,452030,45,45203010,D,USA,333314,3827,230,940,C,MI,INTEGRAL VISION INC,INVI
7192, , ,2/28/10,Wixom,Integral Vision Inc,4520,452030,45,45203010,D,USA,333314,3827,230,940,C,MI,INTEGRAL VISION INC,INVI
7192, , ,3/31/10,Wixom,Integral Vision Inc,4520,452030,45,45203010,D,USA,333314,3827,230,940,C,MI,INTEGRAL VISION INC,INVI
7192, , ,4/30/10,Wixom,Integral Vision Inc,4520,452030,45,45203010,D,USA,333314,3827,230,940,C,MI,INTEGRAL VISION INC,INVI
7192, , ,5/31/10,Wixom,Integral Vision Inc,4520,452030,45,45203010,D,USA,333314,3827,230,940,C,MI,INTEGRAL VISION INC,INVI
7192, , ,6/30/10,Wixom,Integral Vision Inc,4520,452030,45,45203010,D,USA,333314,3827,230,940,C,MI,INTEGRAL VISION INC,INVI
7192, , ,7/31/10,Wixom,Integral Vision Inc,4520,452030,45,45203010,D,USA,333314,3827,230,940,C,MI,INTEGRAL VISION INC,INVI
7192, , ,8/31/10,Wixom,Integral Vision Inc,4520,452030,45,45203010,D,USA,333314,3827,230,940,C,MI,INTEGRAL VISION INC,INVI
7192, , ,9/30/10,Wixom,Integral Vision Inc,4520,452030,45,45203010,D,USA,333314,3827,230,940,C,MI,INTEGRAL VISION INC,INVI
7192, , ,10/31/10,Wixom,Integral Vision Inc,4520,452030,45,45203010,D,USA,333314,3827,230,940,C,MI,INTEGRAL VISION INC,INVI
7192, , ,11/30/10,Wixom,Integral Vision Inc,4520,452030,45,45203010,D,USA,333314,3827,230,940,C,MI,INTEGRAL VISION INC,INVI
7192, , ,12/31/10,Wixom,Integral Vision Inc,4520,452030,45,45203010,D,USA,333314,3827,230,940,C,MI,INTEGRAL VISION INC,INVI
7192, , ,1/31/11,Wixom,Integral Vision Inc,4520,452030,45,45203010,D,USA,333314,3827,230,940,C,MI,INTEGRAL VISION INC,INVI
7192, , ,2/28/11,Wixom,Integral Vision Inc,4520,452030,45,45203010,D,USA,333314,3827,230,940,C,MI,INTEGRAL VISION INC,INVI
7192, , ,3/31/11,Wixom,Integral Vision Inc,4520,452030,45,45203010,D,USA,333314,3827,230,940,C,MI,INTEGRAL VISION INC,INVI
7192, , ,4/30/11,Wixom,Integral Vision Inc,4520,452030,45,45203010,D,USA,333314,3827,230,940,C,MI,INTEGRAL VISION INC,INVI
7192, , ,5/31/11,Wixom,Integral Vision Inc,4520,452030,45,45203010,D,USA,333314,3827,230,940,C,MI,INTEGRAL VISION INC,INVI
7192, , ,6/30/11,Wixom,Integral Vision Inc,4520,452030,45,45203010,D,USA,333314,3827,230,940,C,MI,INTEGRAL VISION INC,INVI
7192, , ,7/31/11,Wixom,Integral Vision Inc,4520,452030,45,45203010,D,USA,333314,3827,230,940,C,MI,INTEGRAL VISION INC,INVI
7192, , ,8/31/11,Wixom,Integral Vision Inc,4520,452030,45,45203010,D,USA,333314,3827,230,940,C,MI,INTEGRAL VISION INC,INVI
7192, , ,9/30/11,Wixom,Integral Vision Inc,4520,452030,45,45203010,D,USA,333314,3827,230,940,C,MI,INTEGRAL VISION INC,INVI
7192, , ,10/31/11,Wixom,Integral Vision Inc,4520,452030,45,45203010,D,USA,333314,3827,230,940,C,MI,INTEGRAL VISION INC,INVI
7192, , ,11/30/11,Wixom,Integral Vision Inc,4520,452030,45,45203010,D,USA,333314,3827,230,940,C,MI,INTEGRAL VISION INC,INVI
7192, , ,12/31/11,Wixom,Integral Vision Inc,4520,452030,45,45203010,D,USA,333314,3827,230,940,C,MI,INTEGRAL VISION INC,INVI
7192, , ,1/31/12,Wixom,Integral Vision Inc,4520,452030,45,45203010,D,USA,333314,3827,230,940,C,MI,INTEGRAL VISION INC,INVI
7192, , ,2/29/12,Wixom,Integral Vision Inc,4520,452030,45,45203010,D,USA,333314,3827,230,940,C,MI,INTEGRAL VISION INC,INVI
7192, , ,3/31/12,Wixom,Integral Vision Inc,4520,452030,45,45203010,D,USA,333314,3827,230,940,C,MI,INTEGRAL VISION INC,INVI
7192, , ,4/30/12,Wixom,Integral Vision Inc,4520,452030,45,45203010,D,USA,333314,3827,230,940,C,MI,INTEGRAL VISION INC,INVI
7192, , ,5/31/12,Wixom,Integral Vision Inc,4520,452030,45,45203010,D,USA,333314,3827,230,940,C,MI,INTEGRAL VISION INC,INVI
7192, , ,6/30/12,Wixom,Integral Vision Inc,4520,452030,45,45203010,D,USA,333314,3827,230,940,C,MI,INTEGRAL VISION INC,INVI
7192, , ,7/31/12,Wixom,Integral Vision Inc,4520,452030,45,45203010,D,USA,333314,3827,230,940,C,MI,INTEGRAL VISION INC,INVI
7192, , ,8/31/12,Wixom,Integral Vision Inc,4520,452030,45,45203010,D,USA,333314,3827,230,940,C,MI,INTEGRAL VISION INC,INVI
7192, , ,9/30/12,Wixom,Integral Vision Inc,4520,452030,45,45203010,D,USA,333314,3827,230,940,C,MI,INTEGRAL VISION INC,INVI
7192, , ,10/31/12,Wixom,Integral Vision Inc,4520,452030,45,45203010,D,USA,333314,3827,230,940,C,MI,INTEGRAL VISION INC,INVI
7192, , ,11/30/12,Wixom,Integral Vision Inc,4520,452030,45,45203010,D,USA,333314,3827,230,940,C,MI,INTEGRAL VISION INC,INVI
7192, , ,12/31/12,Wixom,Integral Vision Inc,4520,452030,45,45203010,D,USA,333314,3827,230,940,C,MI,INTEGRAL VISION INC,INVI
7192, , ,1/31/13,Wixom,Integral Vision Inc,4520,452030,45,45203010,D,USA,333314,3827,230,940,C,MI,INTEGRAL VISION INC,INVI
7192, , ,2/28/13,Wixom,Integral Vision Inc,4520,452030,45,45203010,D,USA,333314,3827,230,940,C,MI,INTEGRAL VISION INC,INVI
7192, , ,3/31/13,Wixom,Integral Vision Inc,4520,452030,45,45203010,D,USA,333314,3827,230,940,C,MI,INTEGRAL VISION INC,INVI
7192, , ,4/30/13,Wixom,Integral Vision Inc,4520,452030,45,45203010,D,USA,333314,3827,230,940,C,MI,INTEGRAL VISION INC,INVI
7192, , ,5/31/13,Wixom,Integral Vision Inc,4520,452030,45,45203010,D,USA,333314,3827,230,940,C,MI,INTEGRAL VISION INC,INVI
7192, , ,6/30/13,Wixom,Integral Vision Inc,4520,452030,45,45203010,D,USA,333314,3827,230,940,C,MI,INTEGRAL VISION INC,INVI
7192, , ,7/31/13,Wixom,Integral Vision Inc,4520,452030,45,45203010,D,USA,333314,3827,230,940,C,MI,INTEGRAL VISION INC,INVI
7192, , ,8/31/13,Wixom,Integral Vision Inc,4520,452030,45,45203010,D,USA,333314,3827,230,940,C,MI,INTEGRAL VISION INC,INVI
7192, , ,9/30/13,Wixom,Integral Vision Inc,4520,452030,45,45203010,D,USA,333314,3827,230,940,C,MI,INTEGRAL VISION INC,INVI
7192, , ,10/31/13,Wixom,Integral Vision Inc,4520,452030,45,45203010,D,USA,333314,3827,230,940,C,MI,INTEGRAL VISION INC,INVI
7234, , ,1/31/10,Tewksbury,Megatech Corp,4520,452020,45,45202020,D,USA,334113,3575,190,940, ,MA,MEGATECH CORP,MGTC
7234, , ,2/28/10,Tewksbury,Megatech Corp,4520,452020,45,45202020,D,USA,334113,3575,190,940, ,MA,MEGATECH CORP,MGTC
7234, , ,3/31/10,Tewksbury,Megatech Corp,4520,452020,45,45202020,D,USA,334113,3575,190,940, ,MA,MEGATECH CORP,MGTC
7234, , ,4/30/10,Tewksbury,Megatech Corp,4520,452020,45,45202020,D,USA,334113,3575,190,940, ,MA,MEGATECH CORP,MGTC
7234, , ,5/31/10,Tewksbury,Megatech Corp,4520,452020,45,45202020,D,USA,334113,3575,190,940, ,MA,MEGATECH CORP,MGTC
7234, , ,6/30/10,Tewksbury,Megatech Corp,4520,452020,45,45202020,D,USA,334113,3575,190,940, ,MA,MEGATECH CORP,MGTC
7234, , ,7/31/10,Tewksbury,Megatech Corp,4520,452020,45,45202020,D,USA,334113,3575,190,940, ,MA,MEGATECH CORP,MGTC
7234, , ,8/31/10,Tewksbury,Megatech Corp,4520,452020,45,45202020,D,USA,334113,3575,190,940, ,MA,MEGATECH CORP,MGTC
7234, , ,9/30/10,Tewksbury,Megatech Corp,4520,452020,45,45202020,D,USA,334113,3575,190,940, ,MA,MEGATECH CORP,MGTC
7234, , ,10/31/10,Tewksbury,Megatech Corp,4520,452020,45,45202020,D,USA,334113,3575,190,940, ,MA,MEGATECH CORP,MGTC
7234, , ,11/30/10,Tewksbury,Megatech Corp,4520,452020,45,45202020,D,USA,334113,3575,190,940, ,MA,MEGATECH CORP,MGTC
7234, , ,12/31/10,Tewksbury,Megatech Corp,4520,452020,45,45202020,D,USA,334113,3575,190,940, ,MA,MEGATECH CORP,MGTC
7234, , ,1/31/11,Tewksbury,Megatech Corp,4520,452020,45,45202020,D,USA,334113,3575,190,940, ,MA,MEGATECH CORP,MGTC
7234, , ,2/28/11,Tewksbury,Megatech Corp,4520,452020,45,45202020,D,USA,334113,3575,190,940, ,MA,MEGATECH CORP,MGTC
7234, , ,3/31/11,Tewksbury,Megatech Corp,4520,452020,45,45202020,D,USA,334113,3575,190,940, ,MA,MEGATECH CORP,MGTC
7234, , ,4/30/11,Tewksbury,Megatech Corp,4520,452020,45,45202020,D,USA,334113,3575,190,940, ,MA,MEGATECH CORP,MGTC
7234, , ,5/31/11,Tewksbury,Megatech Corp,4520,452020,45,45202020,D,USA,334113,3575,190,940, ,MA,MEGATECH CORP,MGTC
7234, , ,6/30/11,Tewksbury,Megatech Corp,4520,452020,45,45202020,D,USA,334113,3575,190,940, ,MA,MEGATECH CORP,MGTC
7234, , ,7/31/11,Tewksbury,Megatech Corp,4520,452020,45,45202020,D,USA,334113,3575,190,940, ,MA,MEGATECH CORP,MGTC
7234, , ,8/31/11,Tewksbury,Megatech Corp,4520,452020,45,45202020,D,USA,334113,3575,190,940, ,MA,MEGATECH CORP,MGTC
7234, , ,9/30/11,Tewksbury,Megatech Corp,4520,452020,45,45202020,D,USA,334113,3575,190,940, ,MA,MEGATECH CORP,MGTC
7234, , ,10/31/11,Tewksbury,Megatech Corp,4520,452020,45,45202020,D,USA,334113,3575,190,940, ,MA,MEGATECH CORP,MGTC
7234, , ,11/30/11,Tewksbury,Megatech Corp,4520,452020,45,45202020,D,USA,334113,3575,190,940, ,MA,MEGATECH CORP,MGTC
7234, , ,12/31/11,Tewksbury,Megatech Corp,4520,452020,45,45202020,D,USA,334113,3575,190,940, ,MA,MEGATECH CORP,MGTC
7234, , ,1/31/12,Tewksbury,Megatech Corp,4520,452020,45,45202020,D,USA,334113,3575,190,940, ,MA,MEGATECH CORP,MGTC
7234, , ,2/29/12,Tewksbury,Megatech Corp,4520,452020,45,45202020,D,USA,334113,3575,190,940, ,MA,MEGATECH CORP,MGTC
7234, , ,3/31/12,Tewksbury,Megatech Corp,4520,452020,45,45202020,D,USA,334113,3575,190,940, ,MA,MEGATECH CORP,MGTC
7234, , ,4/30/12,Tewksbury,Megatech Corp,4520,452020,45,45202020,D,USA,334113,3575,190,940, ,MA,MEGATECH CORP,MGTC
7234, , ,5/31/12,Tewksbury,Megatech Corp,4520,452020,45,45202020,D,USA,334113,3575,190,940, ,MA,MEGATECH CORP,MGTC
7234, , ,6/30/12,Tewksbury,Megatech Corp,4520,452020,45,45202020,D,USA,334113,3575,190,940, ,MA,MEGATECH CORP,MGTC
7234, , ,7/31/12,Tewksbury,Megatech Corp,4520,452020,45,45202020,D,USA,334113,3575,190,940, ,MA,MEGATECH CORP,MGTC
7234, , ,8/31/12,Tewksbury,Megatech Corp,4520,452020,45,45202020,D,USA,334113,3575,190,940, ,MA,MEGATECH CORP,MGTC
7234, , ,9/30/12,Tewksbury,Megatech Corp,4520,452020,45,45202020,D,USA,334113,3575,190,940, ,MA,MEGATECH CORP,MGTC
7234, , ,10/31/12,Tewksbury,Megatech Corp,4520,452020,45,45202020,D,USA,334113,3575,190,940, ,MA,MEGATECH CORP,MGTC
7234, , ,11/30/12,Tewksbury,Megatech Corp,4520,452020,45,45202020,D,USA,334113,3575,190,940, ,MA,MEGATECH CORP,MGTC
7234, , ,12/31/12,Tewksbury,Megatech Corp,4520,452020,45,45202020,D,USA,334113,3575,190,940, ,MA,MEGATECH CORP,MGTC
7234, , ,1/31/13,Tewksbury,Megatech Corp,4520,452020,45,45202020,D,USA,334113,3575,190,940, ,MA,MEGATECH CORP,MGTC
7234, , ,2/28/13,Tewksbury,Megatech Corp,4520,452020,45,45202020,D,USA,334113,3575,190,940, ,MA,MEGATECH CORP,MGTC
7234, , ,3/31/13,Tewksbury,Megatech Corp,4520,452020,45,45202020,D,USA,334113,3575,190,940, ,MA,MEGATECH CORP,MGTC
7234, , ,4/30/13,Tewksbury,Megatech Corp,4520,452020,45,45202020,D,USA,334113,3575,190,940, ,MA,MEGATECH CORP,MGTC
7234, , ,5/31/13,Tewksbury,Megatech Corp,4520,452020,45,45202020,D,USA,334113,3575,190,940, ,MA,MEGATECH CORP,MGTC
7234, , ,6/30/13,Tewksbury,Megatech Corp,4520,452020,45,45202020,D,USA,334113,3575,190,940, ,MA,MEGATECH CORP,MGTC
7234, , ,7/31/13,Tewksbury,Megatech Corp,4520,452020,45,45202020,D,USA,334113,3575,190,940, ,MA,MEGATECH CORP,MGTC
7234, , ,8/31/13,Tewksbury,Megatech Corp,4520,452020,45,45202020,D,USA,334113,3575,190,940, ,MA,MEGATECH CORP,MGTC
7234, , ,9/30/13,Tewksbury,Megatech Corp,4520,452020,45,45202020,D,USA,334113,3575,190,940, ,MA,MEGATECH CORP,MGTC
7234, , ,10/31/13,Tewksbury,Megatech Corp,4520,452020,45,45202020,D,USA,334113,3575,190,940, ,MA,MEGATECH CORP,MGTC
7268, , ,1/31/10,West Caldwell,Merrimac Industries Inc.,4520,452030,45,45203015,D,USA,334220,3663,180,940,C,NJ,MERRIMAC INDUSTRIES INC,MRM
7268, , ,2/28/10,West Caldwell,Merrimac Industries Inc.,4520,452030,45,45203015,D,USA,334220,3663,180,940,C,NJ,MERRIMAC INDUSTRIES INC,MRM
7275, , ,1/31/10,Lakewood,Mesa Laboratories Inc,4520,452030,45,45203010,D,USA,334513,3823,230,940,A-,CO,MESA LABORATORIES INC,MLAB
7275, , ,2/28/10,Lakewood,Mesa Laboratories Inc,4520,452030,45,45203010,D,USA,334513,3823,230,940,A-,CO,MESA LABORATORIES INC,MLAB
7275, , ,3/31/10,Lakewood,Mesa Laboratories Inc,4520,452030,45,45203010,D,USA,334513,3823,230,940,A-,CO,MESA LABORATORIES INC,MLAB
7275, , ,4/30/10,Lakewood,Mesa Laboratories Inc,4520,452030,45,45203010,D,USA,334513,3823,230,940,A-,CO,MESA LABORATORIES INC,MLAB
7275, , ,5/31/10,Lakewood,Mesa Laboratories Inc,4520,452030,45,45203010,D,USA,334513,3823,230,940,A-,CO,MESA LABORATORIES INC,MLAB
7275, , ,6/30/10,Lakewood,Mesa Laboratories Inc,4520,452030,45,45203010,D,USA,334513,3823,230,940,A-,CO,MESA LABORATORIES INC,MLAB
7275, , ,7/31/10,Lakewood,Mesa Laboratories Inc,4520,452030,45,45203010,D,USA,334513,3823,230,940,A-,CO,MESA LABORATORIES INC,MLAB
7275, , ,8/31/10,Lakewood,Mesa Laboratories Inc,4520,452030,45,45203010,D,USA,334513,3823,230,940,A-,CO,MESA LABORATORIES INC,MLAB
7275, , ,9/30/10,Lakewood,Mesa Laboratories Inc,4520,452030,45,45203010,D,USA,334513,3823,230,940,A-,CO,MESA LABORATORIES INC,MLAB
7275, , ,10/31/10,Lakewood,Mesa Laboratories Inc,4520,452030,45,45203010,D,USA,334513,3823,230,940,A-,CO,MESA LABORATORIES INC,MLAB
7275, , ,11/30/10,Lakewood,Mesa Laboratories Inc,4520,452030,45,45203010,D,USA,334513,3823,230,940,A-,CO,MESA LABORATORIES INC,MLAB
7275, , ,12/31/10,Lakewood,Mesa Laboratories Inc,4520,452030,45,45203010,D,USA,334513,3823,230,940,A-,CO,MESA LABORATORIES INC,MLAB
7275, , ,1/31/11,Lakewood,Mesa Laboratories Inc,4520,452030,45,45203010,D,USA,334513,3823,230,940,A-,CO,MESA LABORATORIES INC,MLAB
7275, , ,2/28/11,Lakewood,Mesa Laboratories Inc,4520,452030,45,45203010,D,USA,334513,3823,230,940,A-,CO,MESA LABORATORIES INC,MLAB
7275, , ,3/31/11,Lakewood,Mesa Laboratories Inc,4520,452030,45,45203010,D,USA,334513,3823,230,940,A-,CO,MESA LABORATORIES INC,MLAB
7275, , ,4/30/11,Lakewood,Mesa Laboratories Inc,4520,452030,45,45203010,D,USA,334513,3823,230,940,A-,CO,MESA LABORATORIES INC,MLAB
7275, , ,5/31/11,Lakewood,Mesa Laboratories Inc,4520,452030,45,45203010,D,USA,334513,3823,230,940,A-,CO,MESA LABORATORIES INC,MLAB
7275, , ,6/30/11,Lakewood,Mesa Laboratories Inc,4520,452030,45,45203010,D,USA,334513,3823,230,940,A-,CO,MESA LABORATORIES INC,MLAB
7275, , ,7/31/11,Lakewood,Mesa Laboratories Inc,4520,452030,45,45203010,D,USA,334513,3823,230,940,A-,CO,MESA LABORATORIES INC,MLAB
7275, , ,8/31/11,Lakewood,Mesa Laboratories Inc,4520,452030,45,45203010,D,USA,334513,3823,230,940,A-,CO,MESA LABORATORIES INC,MLAB
7275, , ,9/30/11,Lakewood,Mesa Laboratories Inc,4520,452030,45,45203010,D,USA,334513,3823,230,940,A-,CO,MESA LABORATORIES INC,MLAB
7275, , ,10/31/11,Lakewood,Mesa Laboratories Inc,4520,452030,45,45203010,D,USA,334513,3823,230,940,A-,CO,MESA LABORATORIES INC,MLAB
7275, , ,11/30/11,Lakewood,Mesa Laboratories Inc,4520,452030,45,45203010,D,USA,334513,3823,230,940,A-,CO,MESA LABORATORIES INC,MLAB
7275, , ,12/31/11,Lakewood,Mesa Laboratories Inc,4520,452030,45,45203010,D,USA,334513,3823,230,940,A-,CO,MESA LABORATORIES INC,MLAB
7275, , ,1/31/12,Lakewood,Mesa Laboratories Inc,4520,452030,45,45203010,D,USA,334513,3823,230,940,A-,CO,MESA LABORATORIES INC,MLAB
7275, , ,2/29/12,Lakewood,Mesa Laboratories Inc,4520,452030,45,45203010,D,USA,334513,3823,230,940,A-,CO,MESA LABORATORIES INC,MLAB
7275, , ,3/31/12,Lakewood,Mesa Laboratories Inc,4520,452030,45,45203010,D,USA,334513,3823,230,940,A-,CO,MESA LABORATORIES INC,MLAB
7275, , ,4/30/12,Lakewood,Mesa Laboratories Inc,4520,452030,45,45203010,D,USA,334513,3823,230,940,A-,CO,MESA LABORATORIES INC,MLAB
7275, , ,5/31/12,Lakewood,Mesa Laboratories Inc,4520,452030,45,45203010,D,USA,334513,3823,230,940,A-,CO,MESA LABORATORIES INC,MLAB
7275, , ,6/30/12,Lakewood,Mesa Laboratories Inc,4520,452030,45,45203010,D,USA,334513,3823,230,940,A-,CO,MESA LABORATORIES INC,MLAB
7275, , ,7/31/12,Lakewood,Mesa Laboratories Inc,4520,452030,45,45203010,D,USA,334513,3823,230,940,A-,CO,MESA LABORATORIES INC,MLAB
7275, , ,8/31/12,Lakewood,Mesa Laboratories Inc,4520,452030,45,45203010,D,USA,334513,3823,230,940,A-,CO,MESA LABORATORIES INC,MLAB
7275, , ,9/30/12,Lakewood,Mesa Laboratories Inc,4520,452030,45,45203010,D,USA,334513,3823,230,940,A-,CO,MESA LABORATORIES INC,MLAB
7275, , ,10/31/12,Lakewood,Mesa Laboratories Inc,4520,452030,45,45203010,D,USA,334513,3823,230,940,A-,CO,MESA LABORATORIES INC,MLAB
7275, , ,11/30/12,Lakewood,Mesa Laboratories Inc,4520,452030,45,45203010,D,USA,334513,3823,230,940,A-,CO,MESA LABORATORIES INC,MLAB
7275, , ,12/31/12,Lakewood,Mesa Laboratories Inc,4520,452030,45,45203010,D,USA,334513,3823,230,940,A-,CO,MESA LABORATORIES INC,MLAB
7275, , ,1/31/13,Lakewood,Mesa Laboratories Inc,4520,452030,45,45203010,D,USA,334513,3823,230,940,A-,CO,MESA LABORATORIES INC,MLAB
7275, , ,2/28/13,Lakewood,Mesa Laboratories Inc,4520,452030,45,45203010,D,USA,334513,3823,230,940,A-,CO,MESA LABORATORIES INC,MLAB
7275, , ,3/31/13,Lakewood,Mesa Laboratories Inc,4520,452030,45,45203010,D,USA,334513,3823,230,940,A-,CO,MESA LABORATORIES INC,MLAB
7275, , ,4/30/13,Lakewood,Mesa Laboratories Inc,4520,452030,45,45203010,D,USA,334513,3823,230,940,A-,CO,MESA LABORATORIES INC,MLAB
7275, , ,5/31/13,Lakewood,Mesa Laboratories Inc,4520,452030,45,45203010,D,USA,334513,3823,230,940,A-,CO,MESA LABORATORIES INC,MLAB
7275, , ,6/30/13,Lakewood,Mesa Laboratories Inc,4520,452030,45,45203010,D,USA,334513,3823,230,940,A-,CO,MESA LABORATORIES INC,MLAB
7275, , ,7/31/13,Lakewood,Mesa Laboratories Inc,4520,452030,45,45203010,D,USA,334513,3823,230,940,A-,CO,MESA LABORATORIES INC,MLAB
7275, , ,8/31/13,Lakewood,Mesa Laboratories Inc,4520,452030,45,45203010,D,USA,334513,3823,230,940,A-,CO,MESA LABORATORIES INC,MLAB
7275, , ,9/30/13,Lakewood,Mesa Laboratories Inc,4520,452030,45,45203010,D,USA,334513,3823,230,940,A-,CO,MESA LABORATORIES INC,MLAB
7275, , ,10/31/13,Lakewood,Mesa Laboratories Inc,4520,452030,45,45203010,D,USA,334513,3823,230,940,A-,CO,MESA LABORATORIES INC,MLAB
7291, , ,1/31/10,Chicago,Methode Electronics Inc,4520,452030,45,45203020,D,USA,334417,3678,230,940,B+,IL,METHODE ELECTRONICS INC,MEI
7291, , ,2/28/10,Chicago,Methode Electronics Inc,4520,452030,45,45203020,D,USA,334417,3678,230,940,B+,IL,METHODE ELECTRONICS INC,MEI
7291, , ,3/31/10,Chicago,Methode Electronics Inc,4520,452030,45,45203020,D,USA,334417,3678,230,940,B+,IL,METHODE ELECTRONICS INC,MEI
7291, , ,4/30/10,Chicago,Methode Electronics Inc,4520,452030,45,45203020,D,USA,334417,3678,230,940,B+,IL,METHODE ELECTRONICS INC,MEI
7291, , ,5/31/10,Chicago,Methode Electronics Inc,4520,452030,45,45203020,D,USA,334417,3678,230,940,B+,IL,METHODE ELECTRONICS INC,MEI
7291, , ,6/30/10,Chicago,Methode Electronics Inc,4520,452030,45,45203020,D,USA,334417,3678,230,940,B+,IL,METHODE ELECTRONICS INC,MEI
7291, , ,7/31/10,Chicago,Methode Electronics Inc,4520,452030,45,45203020,D,USA,334417,3678,230,940,B+,IL,METHODE ELECTRONICS INC,MEI
7291, , ,8/31/10,Chicago,Methode Electronics Inc,4520,452030,45,45203020,D,USA,334417,3678,230,940,B+,IL,METHODE ELECTRONICS INC,MEI
7291, , ,9/30/10,Chicago,Methode Electronics Inc,4520,452030,45,45203020,D,USA,334417,3678,230,940,B+,IL,METHODE ELECTRONICS INC,MEI
7291, , ,10/31/10,Chicago,Methode Electronics Inc,4520,452030,45,45203020,D,USA,334417,3678,230,940,B+,IL,METHODE ELECTRONICS INC,MEI
7291, , ,11/30/10,Chicago,Methode Electronics Inc,4520,452030,45,45203020,D,USA,334417,3678,230,940,B+,IL,METHODE ELECTRONICS INC,MEI
7291, , ,12/31/10,Chicago,Methode Electronics Inc,4520,452030,45,45203020,D,USA,334417,3678,230,940,B+,IL,METHODE ELECTRONICS INC,MEI
7291, , ,1/31/11,Chicago,Methode Electronics Inc,4520,452030,45,45203020,D,USA,334417,3678,230,940,B+,IL,METHODE ELECTRONICS INC,MEI
7291, , ,2/28/11,Chicago,Methode Electronics Inc,4520,452030,45,45203020,D,USA,334417,3678,230,940,B+,IL,METHODE ELECTRONICS INC,MEI
7291, , ,3/31/11,Chicago,Methode Electronics Inc,4520,452030,45,45203020,D,USA,334417,3678,230,940,B+,IL,METHODE ELECTRONICS INC,MEI
7291, , ,4/30/11,Chicago,Methode Electronics Inc,4520,452030,45,45203020,D,USA,334417,3678,230,940,B+,IL,METHODE ELECTRONICS INC,MEI
7291, , ,5/31/11,Chicago,Methode Electronics Inc,4520,452030,45,45203020,D,USA,334417,3678,230,940,B+,IL,METHODE ELECTRONICS INC,MEI
7291, , ,6/30/11,Chicago,Methode Electronics Inc,4520,452030,45,45203020,D,USA,334417,3678,230,940,B+,IL,METHODE ELECTRONICS INC,MEI
7291, , ,7/31/11,Chicago,Methode Electronics Inc,4520,452030,45,45203020,D,USA,334417,3678,230,940,B+,IL,METHODE ELECTRONICS INC,MEI
7291, , ,8/31/11,Chicago,Methode Electronics Inc,4520,452030,45,45203020,D,USA,334417,3678,230,940,B+,IL,METHODE ELECTRONICS INC,MEI
7291, , ,9/30/11,Chicago,Methode Electronics Inc,4520,452030,45,45203020,D,USA,334417,3678,230,940,B+,IL,METHODE ELECTRONICS INC,MEI
7291, , ,10/31/11,Chicago,Methode Electronics Inc,4520,452030,45,45203020,D,USA,334417,3678,230,940,B+,IL,METHODE ELECTRONICS INC,MEI
7291, , ,11/30/11,Chicago,Methode Electronics Inc,4520,452030,45,45203020,D,USA,334417,3678,230,940,B+,IL,METHODE ELECTRONICS INC,MEI
7291, , ,12/31/11,Chicago,Methode Electronics Inc,4520,452030,45,45203020,D,USA,334417,3678,230,940,B+,IL,METHODE ELECTRONICS INC,MEI
7291, , ,1/31/12,Chicago,Methode Electronics Inc,4520,452030,45,45203020,D,USA,334417,3678,230,940,B+,IL,METHODE ELECTRONICS INC,MEI
7291, , ,2/29/12,Chicago,Methode Electronics Inc,4520,452030,45,45203020,D,USA,334417,3678,230,940,B+,IL,METHODE ELECTRONICS INC,MEI
7291, , ,3/31/12,Chicago,Methode Electronics Inc,4520,452030,45,45203020,D,USA,334417,3678,230,940,B+,IL,METHODE ELECTRONICS INC,MEI
7291, , ,4/30/12,Chicago,Methode Electronics Inc,4520,452030,45,45203020,D,USA,334417,3678,230,940,B+,IL,METHODE ELECTRONICS INC,MEI
7291, , ,5/31/12,Chicago,Methode Electronics Inc,4520,452030,45,45203020,D,USA,334417,3678,230,940,B+,IL,METHODE ELECTRONICS INC,MEI
7291, , ,6/30/12,Chicago,Methode Electronics Inc,4520,452030,45,45203020,D,USA,334417,3678,230,940,B+,IL,METHODE ELECTRONICS INC,MEI
7291, , ,7/31/12,Chicago,Methode Electronics Inc,4520,452030,45,45203020,D,USA,334417,3678,230,940,B+,IL,METHODE ELECTRONICS INC,MEI
7291, , ,8/31/12,Chicago,Methode Electronics Inc,4520,452030,45,45203020,D,USA,334417,3678,230,940,B+,IL,METHODE ELECTRONICS INC,MEI
7291, , ,9/30/12,Chicago,Methode Electronics Inc,4520,452030,45,45203020,D,USA,334417,3678,230,940,B+,IL,METHODE ELECTRONICS INC,MEI
7291, , ,10/31/12,Chicago,Methode Electronics Inc,4520,452030,45,45203020,D,USA,334417,3678,230,940,B+,IL,METHODE ELECTRONICS INC,MEI
7291, , ,11/30/12,Chicago,Methode Electronics Inc,4520,452030,45,45203020,D,USA,334417,3678,230,940,B+,IL,METHODE ELECTRONICS INC,MEI
7291, , ,12/31/12,Chicago,Methode Electronics Inc,4520,452030,45,45203020,D,USA,334417,3678,230,940,B+,IL,METHODE ELECTRONICS INC,MEI
7291, , ,1/31/13,Chicago,Methode Electronics Inc,4520,452030,45,45203020,D,USA,334417,3678,230,940,B+,IL,METHODE ELECTRONICS INC,MEI
7291, , ,2/28/13,Chicago,Methode Electronics Inc,4520,452030,45,45203020,D,USA,334417,3678,230,940,B+,IL,METHODE ELECTRONICS INC,MEI
7291, , ,3/31/13,Chicago,Methode Electronics Inc,4520,452030,45,45203020,D,USA,334417,3678,230,940,B+,IL,METHODE ELECTRONICS INC,MEI
7291, , ,4/30/13,Chicago,Methode Electronics Inc,4520,452030,45,45203020,D,USA,334417,3678,230,940,B+,IL,METHODE ELECTRONICS INC,MEI
7291, , ,5/31/13,Chicago,Methode Electronics Inc,4520,452030,45,45203020,D,USA,334417,3678,230,940,B+,IL,METHODE ELECTRONICS INC,MEI
7291, , ,6/30/13,Chicago,Methode Electronics Inc,4520,452030,45,45203020,D,USA,334417,3678,230,940,B+,IL,METHODE ELECTRONICS INC,MEI
7291, , ,7/31/13,Chicago,Methode Electronics Inc,4520,452030,45,45203020,D,USA,334417,3678,230,940,B+,IL,METHODE ELECTRONICS INC,MEI
7291, , ,8/31/13,Chicago,Methode Electronics Inc,4520,452030,45,45203020,D,USA,334417,3678,230,940,B+,IL,METHODE ELECTRONICS INC,MEI
7291, , ,9/30/13,Chicago,Methode Electronics Inc,4520,452030,45,45203020,D,USA,334417,3678,230,940,B+,IL,METHODE ELECTRONICS INC,MEI
7291, , ,10/31/13,Chicago,Methode Electronics Inc,4520,452030,45,45203020,D,USA,334417,3678,230,940,B+,IL,METHODE ELECTRONICS INC,MEI
7344, , ,1/31/10,Garland,Micropac Industries Inc,4520,452030,45,45203015,D,USA,334413,3674,235,940,B,TX,MICROPAC INDUSTRIES INC,MPAD
7344, , ,2/28/10,Garland,Micropac Industries Inc,4520,452030,45,45203015,D,USA,334413,3674,235,940,B,TX,MICROPAC INDUSTRIES INC,MPAD
7344, , ,3/31/10,Garland,Micropac Industries Inc,4520,452030,45,45203015,D,USA,334413,3674,235,940,B,TX,MICROPAC INDUSTRIES INC,MPAD
7344, , ,4/30/10,Garland,Micropac Industries Inc,4520,452030,45,45203015,D,USA,334413,3674,235,940,B,TX,MICROPAC INDUSTRIES INC,MPAD
7344, , ,5/31/10,Garland,Micropac Industries Inc,4520,452030,45,45203015,D,USA,334413,3674,235,940,B,TX,MICROPAC INDUSTRIES INC,MPAD
7344, , ,6/30/10,Garland,Micropac Industries Inc,4520,452030,45,45203015,D,USA,334413,3674,235,940,B,TX,MICROPAC INDUSTRIES INC,MPAD
7344, , ,7/31/10,Garland,Micropac Industries Inc,4520,452030,45,45203015,D,USA,334413,3674,235,940,B,TX,MICROPAC INDUSTRIES INC,MPAD
7344, , ,8/31/10,Garland,Micropac Industries Inc,4520,452030,45,45203015,D,USA,334413,3674,235,940,B,TX,MICROPAC INDUSTRIES INC,MPAD
7344, , ,9/30/10,Garland,Micropac Industries Inc,4520,452030,45,45203015,D,USA,334413,3674,235,940,B,TX,MICROPAC INDUSTRIES INC,MPAD
7344, , ,10/31/10,Garland,Micropac Industries Inc,4520,452030,45,45203015,D,USA,334413,3674,235,940,B,TX,MICROPAC INDUSTRIES INC,MPAD
7344, , ,11/30/10,Garland,Micropac Industries Inc,4520,452030,45,45203015,D,USA,334413,3674,235,940,B,TX,MICROPAC INDUSTRIES INC,MPAD
7344, , ,12/31/10,Garland,Micropac Industries Inc,4520,452030,45,45203015,D,USA,334413,3674,235,940,B,TX,MICROPAC INDUSTRIES INC,MPAD
7344, , ,1/31/11,Garland,Micropac Industries Inc,4520,452030,45,45203015,D,USA,334413,3674,235,940,B,TX,MICROPAC INDUSTRIES INC,MPAD
7344, , ,2/28/11,Garland,Micropac Industries Inc,4520,452030,45,45203015,D,USA,334413,3674,235,940,B,TX,MICROPAC INDUSTRIES INC,MPAD
7344, , ,3/31/11,Garland,Micropac Industries Inc,4520,452030,45,45203015,D,USA,334413,3674,235,940,B,TX,MICROPAC INDUSTRIES INC,MPAD
7344, , ,4/30/11,Garland,Micropac Industries Inc,4520,452030,45,45203015,D,USA,334413,3674,235,940,B,TX,MICROPAC INDUSTRIES INC,MPAD
7344, , ,5/31/11,Garland,Micropac Industries Inc,4520,452030,45,45203015,D,USA,334413,3674,235,940,B,TX,MICROPAC INDUSTRIES INC,MPAD
7344, , ,6/30/11,Garland,Micropac Industries Inc,4520,452030,45,45203015,D,USA,334413,3674,235,940,B,TX,MICROPAC INDUSTRIES INC,MPAD
7344, , ,7/31/11,Garland,Micropac Industries Inc,4520,452030,45,45203015,D,USA,334413,3674,235,940,B,TX,MICROPAC INDUSTRIES INC,MPAD
7344, , ,8/31/11,Garland,Micropac Industries Inc,4520,452030,45,45203015,D,USA,334413,3674,235,940,B,TX,MICROPAC INDUSTRIES INC,MPAD
7344, , ,9/30/11,Garland,Micropac Industries Inc,4520,452030,45,45203015,D,USA,334413,3674,235,940,B,TX,MICROPAC INDUSTRIES INC,MPAD
7344, , ,10/31/11,Garland,Micropac Industries Inc,4520,452030,45,45203015,D,USA,334413,3674,235,940,B,TX,MICROPAC INDUSTRIES INC,MPAD
7344, , ,11/30/11,Garland,Micropac Industries Inc,4520,452030,45,45203015,D,USA,334413,3674,235,940,B,TX,MICROPAC INDUSTRIES INC,MPAD
7344, , ,12/31/11,Garland,Micropac Industries Inc,4520,452030,45,45203015,D,USA,334413,3674,235,940,B,TX,MICROPAC INDUSTRIES INC,MPAD
7344, , ,1/31/12,Garland,Micropac Industries Inc,4520,452030,45,45203015,D,USA,334413,3674,235,940,B,TX,MICROPAC INDUSTRIES INC,MPAD
7344, , ,2/29/12,Garland,Micropac Industries Inc,4520,452030,45,45203015,D,USA,334413,3674,235,940,B,TX,MICROPAC INDUSTRIES INC,MPAD
7344, , ,3/31/12,Garland,Micropac Industries Inc,4520,452030,45,45203015,D,USA,334413,3674,235,940,B,TX,MICROPAC INDUSTRIES INC,MPAD
7344, , ,4/30/12,Garland,Micropac Industries Inc,4520,452030,45,45203015,D,USA,334413,3674,235,940,B,TX,MICROPAC INDUSTRIES INC,MPAD
7344, , ,5/31/12,Garland,Micropac Industries Inc,4520,452030,45,45203015,D,USA,334413,3674,235,940,B,TX,MICROPAC INDUSTRIES INC,MPAD
7344, , ,6/30/12,Garland,Micropac Industries Inc,4520,452030,45,45203015,D,USA,334413,3674,235,940,B,TX,MICROPAC INDUSTRIES INC,MPAD
7344, , ,7/31/12,Garland,Micropac Industries Inc,4520,452030,45,45203015,D,USA,334413,3674,235,940,B,TX,MICROPAC INDUSTRIES INC,MPAD
7344, , ,8/31/12,Garland,Micropac Industries Inc,4520,452030,45,45203015,D,USA,334413,3674,235,940,B,TX,MICROPAC INDUSTRIES INC,MPAD
7344, , ,9/30/12,Garland,Micropac Industries Inc,4520,452030,45,45203015,D,USA,334413,3674,235,940,B,TX,MICROPAC INDUSTRIES INC,MPAD
7344, , ,10/31/12,Garland,Micropac Industries Inc,4520,452030,45,45203015,D,USA,334413,3674,235,940,B,TX,MICROPAC INDUSTRIES INC,MPAD
7344, , ,11/30/12,Garland,Micropac Industries Inc,4520,452030,45,45203015,D,USA,334413,3674,235,940,B,TX,MICROPAC INDUSTRIES INC,MPAD
7344, , ,12/31/12,Garland,Micropac Industries Inc,4520,452030,45,45203015,D,USA,334413,3674,235,940,B,TX,MICROPAC INDUSTRIES INC,MPAD
7344, , ,1/31/13,Garland,Micropac Industries Inc,4520,452030,45,45203015,D,USA,334413,3674,235,940,B,TX,MICROPAC INDUSTRIES INC,MPAD
7344, , ,2/28/13,Garland,Micropac Industries Inc,4520,452030,45,45203015,D,USA,334413,3674,235,940,B,TX,MICROPAC INDUSTRIES INC,MPAD
7344, , ,3/31/13,Garland,Micropac Industries Inc,4520,452030,45,45203015,D,USA,334413,3674,235,940,B,TX,MICROPAC INDUSTRIES INC,MPAD
7344, , ,4/30/13,Garland,Micropac Industries Inc,4520,452030,45,45203015,D,USA,334413,3674,235,940,B,TX,MICROPAC INDUSTRIES INC,MPAD
7344, , ,5/31/13,Garland,Micropac Industries Inc,4520,452030,45,45203015,D,USA,334413,3674,235,940,B,TX,MICROPAC INDUSTRIES INC,MPAD
7344, , ,6/30/13,Garland,Micropac Industries Inc,4520,452030,45,45203015,D,USA,334413,3674,235,940,B,TX,MICROPAC INDUSTRIES INC,MPAD
7344, , ,7/31/13,Garland,Micropac Industries Inc,4520,452030,45,45203015,D,USA,334413,3674,235,940,B,TX,MICROPAC INDUSTRIES INC,MPAD
7344, , ,8/31/13,Garland,Micropac Industries Inc,4520,452030,45,45203015,D,USA,334413,3674,235,940,B,TX,MICROPAC INDUSTRIES INC,MPAD
7344, , ,9/30/13,Garland,Micropac Industries Inc,4520,452030,45,45203015,D,USA,334413,3674,235,940,B,TX,MICROPAC INDUSTRIES INC,MPAD
7344, , ,10/31/13,Garland,Micropac Industries Inc,4520,452030,45,45203015,D,USA,334413,3674,235,940,B,TX,MICROPAC INDUSTRIES INC,MPAD
7350, , ,1/31/10,East Syracuse,Microwave Filter Co Inc,4520,452010,45,45201020,D,USA,334220,3679,220,925,B,NY,MICROWAVE FILTER CO INC,MFCO
7350, , ,2/28/10,East Syracuse,Microwave Filter Co Inc,4520,452010,45,45201020,D,USA,334220,3679,220,925,B,NY,MICROWAVE FILTER CO INC,MFCO
7350, , ,3/31/10,East Syracuse,Microwave Filter Co Inc,4520,452010,45,45201020,D,USA,334220,3679,220,925,B,NY,MICROWAVE FILTER CO INC,MFCO
7350, , ,4/30/10,East Syracuse,Microwave Filter Co Inc,4520,452010,45,45201020,D,USA,334220,3679,220,925,B,NY,MICROWAVE FILTER CO INC,MFCO
7350, , ,5/31/10,East Syracuse,Microwave Filter Co Inc,4520,452010,45,45201020,D,USA,334220,3679,220,925,B,NY,MICROWAVE FILTER CO INC,MFCO
7350, , ,6/30/10,East Syracuse,Microwave Filter Co Inc,4520,452010,45,45201020,D,USA,334220,3679,220,925,B,NY,MICROWAVE FILTER CO INC,MFCO
7350, , ,7/31/10,East Syracuse,Microwave Filter Co Inc,4520,452010,45,45201020,D,USA,334220,3679,220,925,B,NY,MICROWAVE FILTER CO INC,MFCO
7350, , ,8/31/10,East Syracuse,Microwave Filter Co Inc,4520,452010,45,45201020,D,USA,334220,3679,220,925,B,NY,MICROWAVE FILTER CO INC,MFCO
7350, , ,9/30/10,East Syracuse,Microwave Filter Co Inc,4520,452010,45,45201020,D,USA,334220,3679,220,925,B,NY,MICROWAVE FILTER CO INC,MFCO
7350, , ,10/31/10,East Syracuse,Microwave Filter Co Inc,4520,452010,45,45201020,D,USA,334220,3679,220,925,B,NY,MICROWAVE FILTER CO INC,MFCO
7350, , ,11/30/10,East Syracuse,Microwave Filter Co Inc,4520,452010,45,45201020,D,USA,334220,3679,220,925,B,NY,MICROWAVE FILTER CO INC,MFCO
7350, , ,12/31/10,East Syracuse,Microwave Filter Co Inc,4520,452010,45,45201020,D,USA,334220,3679,220,925,B,NY,MICROWAVE FILTER CO INC,MFCO
7350, , ,1/31/11,East Syracuse,Microwave Filter Co Inc,4520,452010,45,45201020,D,USA,334220,3679,220,925,B,NY,MICROWAVE FILTER CO INC,MFCO
7350, , ,2/28/11,East Syracuse,Microwave Filter Co Inc,4520,452010,45,45201020,D,USA,334220,3679,220,925,B,NY,MICROWAVE FILTER CO INC,MFCO
7350, , ,3/31/11,East Syracuse,Microwave Filter Co Inc,4520,452010,45,45201020,D,USA,334220,3679,220,925,B,NY,MICROWAVE FILTER CO INC,MFCO
7350, , ,4/30/11,East Syracuse,Microwave Filter Co Inc,4520,452010,45,45201020,D,USA,334220,3679,220,925,B,NY,MICROWAVE FILTER CO INC,MFCO
7350, , ,5/31/11,East Syracuse,Microwave Filter Co Inc,4520,452010,45,45201020,D,USA,334220,3679,220,925,B,NY,MICROWAVE FILTER CO INC,MFCO
7350, , ,6/30/11,East Syracuse,Microwave Filter Co Inc,4520,452010,45,45201020,D,USA,334220,3679,220,925,B,NY,MICROWAVE FILTER CO INC,MFCO
7350, , ,7/31/11,East Syracuse,Microwave Filter Co Inc,4520,452010,45,45201020,D,USA,334220,3679,220,925,B,NY,MICROWAVE FILTER CO INC,MFCO
7350, , ,8/31/11,East Syracuse,Microwave Filter Co Inc,4520,452010,45,45201020,D,USA,334220,3679,220,925,B,NY,MICROWAVE FILTER CO INC,MFCO
7350, , ,9/30/11,East Syracuse,Microwave Filter Co Inc,4520,452010,45,45201020,D,USA,334220,3679,220,925,B,NY,MICROWAVE FILTER CO INC,MFCO
7350, , ,10/31/11,East Syracuse,Microwave Filter Co Inc,4520,452010,45,45201020,D,USA,334220,3679,220,925,B,NY,MICROWAVE FILTER CO INC,MFCO
7350, , ,11/30/11,East Syracuse,Microwave Filter Co Inc,4520,452010,45,45201020,D,USA,334220,3679,220,925,B,NY,MICROWAVE FILTER CO INC,MFCO
7350, , ,12/31/11,East Syracuse,Microwave Filter Co Inc,4520,452010,45,45201020,D,USA,334220,3679,220,925,B,NY,MICROWAVE FILTER CO INC,MFCO
7350, , ,1/31/12,East Syracuse,Microwave Filter Co Inc,4520,452010,45,45201020,D,USA,334220,3679,220,925,B,NY,MICROWAVE FILTER CO INC,MFCO
7350, , ,2/29/12,East Syracuse,Microwave Filter Co Inc,4520,452010,45,45201020,D,USA,334220,3679,220,925,B,NY,MICROWAVE FILTER CO INC,MFCO
7350, , ,3/31/12,East Syracuse,Microwave Filter Co Inc,4520,452010,45,45201020,D,USA,334220,3679,220,925,B,NY,MICROWAVE FILTER CO INC,MFCO
7350, , ,4/30/12,East Syracuse,Microwave Filter Co Inc,4520,452010,45,45201020,D,USA,334220,3679,220,925,B,NY,MICROWAVE FILTER CO INC,MFCO
7350, , ,5/31/12,East Syracuse,Microwave Filter Co Inc,4520,452010,45,45201020,D,USA,334220,3679,220,925,B,NY,MICROWAVE FILTER CO INC,MFCO
7350, , ,6/30/12,East Syracuse,Microwave Filter Co Inc,4520,452010,45,45201020,D,USA,334220,3679,220,925,B,NY,MICROWAVE FILTER CO INC,MFCO
7350, , ,7/31/12,East Syracuse,Microwave Filter Co Inc,4520,452010,45,45201020,D,USA,334220,3679,220,925,B,NY,MICROWAVE FILTER CO INC,MFCO
7350, , ,8/31/12,East Syracuse,Microwave Filter Co Inc,4520,452010,45,45201020,D,USA,334220,3679,220,925,B,NY,MICROWAVE FILTER CO INC,MFCO
7350, , ,9/30/12,East Syracuse,Microwave Filter Co Inc,4520,452010,45,45201020,D,USA,334220,3679,220,925,B,NY,MICROWAVE FILTER CO INC,MFCO
7350, , ,10/31/12,East Syracuse,Microwave Filter Co Inc,4520,452010,45,45201020,D,USA,334220,3679,220,925,B,NY,MICROWAVE FILTER CO INC,MFCO
7350, , ,11/30/12,East Syracuse,Microwave Filter Co Inc,4520,452010,45,45201020,D,USA,334220,3679,220,925,B,NY,MICROWAVE FILTER CO INC,MFCO
7350, , ,12/31/12,East Syracuse,Microwave Filter Co Inc,4520,452010,45,45201020,D,USA,334220,3679,220,925,B,NY,MICROWAVE FILTER CO INC,MFCO
7350, , ,1/31/13,East Syracuse,Microwave Filter Co Inc,4520,452010,45,45201020,D,USA,334220,3679,220,925,B,NY,MICROWAVE FILTER CO INC,MFCO
7350, , ,2/28/13,East Syracuse,Microwave Filter Co Inc,4520,452010,45,45201020,D,USA,334220,3679,220,925,B,NY,MICROWAVE FILTER CO INC,MFCO
7350, , ,3/31/13,East Syracuse,Microwave Filter Co Inc,4520,452010,45,45201020,D,USA,334220,3679,220,925,B,NY,MICROWAVE FILTER CO INC,MFCO
7350, , ,4/30/13,East Syracuse,Microwave Filter Co Inc,4520,452010,45,45201020,D,USA,334220,3679,220,925,B,NY,MICROWAVE FILTER CO INC,MFCO
7350, , ,5/31/13,East Syracuse,Microwave Filter Co Inc,4520,452010,45,45201020,D,USA,334220,3679,220,925,B,NY,MICROWAVE FILTER CO INC,MFCO
7350, , ,6/30/13,East Syracuse,Microwave Filter Co Inc,4520,452010,45,45201020,D,USA,334220,3679,220,925,B,NY,MICROWAVE FILTER CO INC,MFCO
7350, , ,7/31/13,East Syracuse,Microwave Filter Co Inc,4520,452010,45,45201020,D,USA,334220,3679,220,925,B,NY,MICROWAVE FILTER CO INC,MFCO
7350, , ,8/31/13,East Syracuse,Microwave Filter Co Inc,4520,452010,45,45201020,D,USA,334220,3679,220,925,B,NY,MICROWAVE FILTER CO INC,MFCO
7350, , ,9/30/13,East Syracuse,Microwave Filter Co Inc,4520,452010,45,45201020,D,USA,334220,3679,220,925,B,NY,MICROWAVE FILTER CO INC,MFCO
7350, , ,10/31/13,East Syracuse,Microwave Filter Co Inc,4520,452010,45,45201020,D,USA,334220,3679,220,925,B,NY,MICROWAVE FILTER CO INC,MFCO
7406, , ,1/31/10,Phoenix,International FiberCom Inc.,4520,452010,45,45201020,D,USA,335921,3357,180,940,D,AZ,INTL FIBERCOM INC,IFCIQ
7406, , ,2/28/10,Phoenix,International FiberCom Inc.,4520,452010,45,45201020,D,USA,335921,3357,180,940,D,AZ,INTL FIBERCOM INC,IFCIQ
7406, , ,3/31/10,Phoenix,International FiberCom Inc.,4520,452010,45,45201020,D,USA,335921,3357,180,940,D,AZ,INTL FIBERCOM INC,IFCIQ
7406, , ,4/30/10,Phoenix,International FiberCom Inc.,4520,452010,45,45201020,D,USA,335921,3357,180,940,D,AZ,INTL FIBERCOM INC,IFCIQ
7406, , ,5/31/10,Phoenix,International FiberCom Inc.,4520,452010,45,45201020,D,USA,335921,3357,180,940,D,AZ,INTL FIBERCOM INC,IFCIQ
7406, , ,6/30/10,Phoenix,International FiberCom Inc.,4520,452010,45,45201020,D,USA,335921,3357,180,940,D,AZ,INTL FIBERCOM INC,IFCIQ
7406, , ,7/31/10,Phoenix,International FiberCom Inc.,4520,452010,45,45201020,D,USA,335921,3357,180,940,D,AZ,INTL FIBERCOM INC,IFCIQ
7406, , ,8/31/10,Phoenix,International FiberCom Inc.,4520,452010,45,45201020,D,USA,335921,3357,180,940,D,AZ,INTL FIBERCOM INC,IFCIQ
7406, , ,9/30/10,Phoenix,International FiberCom Inc.,4520,452010,45,45201020,D,USA,335921,3357,180,940,D,AZ,INTL FIBERCOM INC,IFCIQ
7406, , ,10/31/10,Phoenix,International FiberCom Inc.,4520,452010,45,45201020,D,USA,335921,3357,180,940,D,AZ,INTL FIBERCOM INC,IFCIQ
7406, , ,11/30/10,Phoenix,International FiberCom Inc.,4520,452010,45,45201020,D,USA,335921,3357,180,940,D,AZ,INTL FIBERCOM INC,IFCIQ
7406, , ,12/31/10,Phoenix,International FiberCom Inc.,4520,452010,45,45201020,D,USA,335921,3357,180,940,D,AZ,INTL FIBERCOM INC,IFCIQ
7406, , ,1/31/11,Phoenix,International FiberCom Inc.,4520,452010,45,45201020,D,USA,335921,3357,180,940,D,AZ,INTL FIBERCOM INC,IFCIQ
7406, , ,2/28/11,Phoenix,International FiberCom Inc.,4520,452010,45,45201020,D,USA,335921,3357,180,940,D,AZ,INTL FIBERCOM INC,IFCIQ
7406, , ,3/31/11,Phoenix,International FiberCom Inc.,4520,452010,45,45201020,D,USA,335921,3357,180,940,D,AZ,INTL FIBERCOM INC,IFCIQ
7406, , ,4/30/11,Phoenix,International FiberCom Inc.,4520,452010,45,45201020,D,USA,335921,3357,180,940,D,AZ,INTL FIBERCOM INC,IFCIQ
7406, , ,5/31/11,Phoenix,International FiberCom Inc.,4520,452010,45,45201020,D,USA,335921,3357,180,940,D,AZ,INTL FIBERCOM INC,IFCIQ
7406, , ,6/30/11,Phoenix,International FiberCom Inc.,4520,452010,45,45201020,D,USA,335921,3357,180,940,D,AZ,INTL FIBERCOM INC,IFCIQ
7406, , ,7/31/11,Phoenix,International FiberCom Inc.,4520,452010,45,45201020,D,USA,335921,3357,180,940,D,AZ,INTL FIBERCOM INC,IFCIQ
7406, , ,8/31/11,Phoenix,International FiberCom Inc.,4520,452010,45,45201020,D,USA,335921,3357,180,940,D,AZ,INTL FIBERCOM INC,IFCIQ
7406, , ,9/30/11,Phoenix,International FiberCom Inc.,4520,452010,45,45201020,D,USA,335921,3357,180,940,D,AZ,INTL FIBERCOM INC,IFCIQ
7431, , ,1/31/10,LONGMONT,Miniscribe Corp,4520,452020,45,45202020,D,USA,334112,3572,188,940, ,CO,MINISCRIBE CORP,MINY
7431, , ,2/28/10,LONGMONT,Miniscribe Corp,4520,452020,45,45202020,D,USA,334112,3572,188,940, ,CO,MINISCRIBE CORP,MINY
7431, , ,3/31/10,LONGMONT,Miniscribe Corp,4520,452020,45,45202020,D,USA,334112,3572,188,940, ,CO,MINISCRIBE CORP,MINY
7431, , ,4/30/10,LONGMONT,Miniscribe Corp,4520,452020,45,45202020,D,USA,334112,3572,188,940, ,CO,MINISCRIBE CORP,MINY
7431, , ,5/31/10,LONGMONT,Miniscribe Corp,4520,452020,45,45202020,D,USA,334112,3572,188,940, ,CO,MINISCRIBE CORP,MINY
7431, , ,6/30/10,LONGMONT,Miniscribe Corp,4520,452020,45,45202020,D,USA,334112,3572,188,940, ,CO,MINISCRIBE CORP,MINY
7431, , ,7/31/10,LONGMONT,Miniscribe Corp,4520,452020,45,45202020,D,USA,334112,3572,188,940, ,CO,MINISCRIBE CORP,MINY
7431, , ,8/31/10,LONGMONT,Miniscribe Corp,4520,452020,45,45202020,D,USA,334112,3572,188,940, ,CO,MINISCRIBE CORP,MINY
7431, , ,9/30/10,LONGMONT,Miniscribe Corp,4520,452020,45,45202020,D,USA,334112,3572,188,940, ,CO,MINISCRIBE CORP,MINY
7431, , ,10/31/10,LONGMONT,Miniscribe Corp,4520,452020,45,45202020,D,USA,334112,3572,188,940, ,CO,MINISCRIBE CORP,MINY
7431, , ,11/30/10,LONGMONT,Miniscribe Corp,4520,452020,45,45202020,D,USA,334112,3572,188,940, ,CO,MINISCRIBE CORP,MINY
7431, , ,12/31/10,LONGMONT,Miniscribe Corp,4520,452020,45,45202020,D,USA,334112,3572,188,940, ,CO,MINISCRIBE CORP,MINY
7431, , ,1/31/11,LONGMONT,Miniscribe Corp,4520,452020,45,45202020,D,USA,334112,3572,188,940, ,CO,MINISCRIBE CORP,MINY
7431, , ,2/28/11,LONGMONT,Miniscribe Corp,4520,452020,45,45202020,D,USA,334112,3572,188,940, ,CO,MINISCRIBE CORP,MINY
7431, , ,3/31/11,LONGMONT,Miniscribe Corp,4520,452020,45,45202020,D,USA,334112,3572,188,940, ,CO,MINISCRIBE CORP,MINY
7431, , ,4/30/11,LONGMONT,Miniscribe Corp,4520,452020,45,45202020,D,USA,334112,3572,188,940, ,CO,MINISCRIBE CORP,MINY
7431, , ,5/31/11,LONGMONT,Miniscribe Corp,4520,452020,45,45202020,D,USA,334112,3572,188,940, ,CO,MINISCRIBE CORP,MINY
7431, , ,6/30/11,LONGMONT,Miniscribe Corp,4520,452020,45,45202020,D,USA,334112,3572,188,940, ,CO,MINISCRIBE CORP,MINY
7431, , ,7/31/11,LONGMONT,Miniscribe Corp,4520,452020,45,45202020,D,USA,334112,3572,188,940, ,CO,MINISCRIBE CORP,MINY
7431, , ,8/31/11,LONGMONT,Miniscribe Corp,4520,452020,45,45202020,D,USA,334112,3572,188,940, ,CO,MINISCRIBE CORP,MINY
7431, , ,9/30/11,LONGMONT,Miniscribe Corp,4520,452020,45,45202020,D,USA,334112,3572,188,940, ,CO,MINISCRIBE CORP,MINY
7431, , ,10/31/11,LONGMONT,Miniscribe Corp,4520,452020,45,45202020,D,USA,334112,3572,188,940, ,CO,MINISCRIBE CORP,MINY
7431, , ,11/30/11,LONGMONT,Miniscribe Corp,4520,452020,45,45202020,D,USA,334112,3572,188,940, ,CO,MINISCRIBE CORP,MINY
7431, , ,12/31/11,LONGMONT,Miniscribe Corp,4520,452020,45,45202020,D,USA,334112,3572,188,940, ,CO,MINISCRIBE CORP,MINY
7431, , ,1/31/12,LONGMONT,Miniscribe Corp,4520,452020,45,45202020,D,USA,334112,3572,188,940, ,CO,MINISCRIBE CORP,MINY
7431, , ,2/29/12,LONGMONT,Miniscribe Corp,4520,452020,45,45202020,D,USA,334112,3572,188,940, ,CO,MINISCRIBE CORP,MINY
7431, , ,3/31/12,LONGMONT,Miniscribe Corp,4520,452020,45,45202020,D,USA,334112,3572,188,940, ,CO,MINISCRIBE CORP,MINY
7431, , ,4/30/12,LONGMONT,Miniscribe Corp,4520,452020,45,45202020,D,USA,334112,3572,188,940, ,CO,MINISCRIBE CORP,MINY
7431, , ,5/31/12,LONGMONT,Miniscribe Corp,4520,452020,45,45202020,D,USA,334112,3572,188,940, ,CO,MINISCRIBE CORP,MINY
7481, , ,1/31/10,Minneapolis,MOCON Inc,4520,452030,45,45203010,D,USA,334519,3829,230,940,B+,MN,MOCON INC,MOCO
7481, , ,2/28/10,Minneapolis,MOCON Inc,4520,452030,45,45203010,D,USA,334519,3829,230,940,B+,MN,MOCON INC,MOCO
7481, , ,3/31/10,Minneapolis,MOCON Inc,4520,452030,45,45203010,D,USA,334519,3829,230,940,B+,MN,MOCON INC,MOCO
7481, , ,4/30/10,Minneapolis,MOCON Inc,4520,452030,45,45203010,D,USA,334519,3829,230,940,B+,MN,MOCON INC,MOCO
7481, , ,5/31/10,Minneapolis,MOCON Inc,4520,452030,45,45203010,D,USA,334519,3829,230,940,B+,MN,MOCON INC,MOCO
7481, , ,6/30/10,Minneapolis,MOCON Inc,4520,452030,45,45203010,D,USA,334519,3829,230,940,B+,MN,MOCON INC,MOCO
7481, , ,7/31/10,Minneapolis,MOCON Inc,4520,452030,45,45203010,D,USA,334519,3829,230,940,B+,MN,MOCON INC,MOCO
7481, , ,8/31/10,Minneapolis,MOCON Inc,4520,452030,45,45203010,D,USA,334519,3829,230,940,B+,MN,MOCON INC,MOCO
7481, , ,9/30/10,Minneapolis,MOCON Inc,4520,452030,45,45203010,D,USA,334519,3829,230,940,B+,MN,MOCON INC,MOCO
7481, , ,10/31/10,Minneapolis,MOCON Inc,4520,452030,45,45203010,D,USA,334519,3829,230,940,B+,MN,MOCON INC,MOCO
7481, , ,11/30/10,Minneapolis,MOCON Inc,4520,452030,45,45203010,D,USA,334519,3829,230,940,B+,MN,MOCON INC,MOCO
7481, , ,12/31/10,Minneapolis,MOCON Inc,4520,452030,45,45203010,D,USA,334519,3829,230,940,B+,MN,MOCON INC,MOCO
7481, , ,1/31/11,Minneapolis,MOCON Inc,4520,452030,45,45203010,D,USA,334519,3829,230,940,B+,MN,MOCON INC,MOCO
7481, , ,2/28/11,Minneapolis,MOCON Inc,4520,452030,45,45203010,D,USA,334519,3829,230,940,B+,MN,MOCON INC,MOCO
7481, , ,3/31/11,Minneapolis,MOCON Inc,4520,452030,45,45203010,D,USA,334519,3829,230,940,B+,MN,MOCON INC,MOCO
7481, , ,4/30/11,Minneapolis,MOCON Inc,4520,452030,45,45203010,D,USA,334519,3829,230,940,B+,MN,MOCON INC,MOCO
7481, , ,5/31/11,Minneapolis,MOCON Inc,4520,452030,45,45203010,D,USA,334519,3829,230,940,B+,MN,MOCON INC,MOCO
7481, , ,6/30/11,Minneapolis,MOCON Inc,4520,452030,45,45203010,D,USA,334519,3829,230,940,B+,MN,MOCON INC,MOCO
7481, , ,7/31/11,Minneapolis,MOCON Inc,4520,452030,45,45203010,D,USA,334519,3829,230,940,B+,MN,MOCON INC,MOCO
7481, , ,8/31/11,Minneapolis,MOCON Inc,4520,452030,45,45203010,D,USA,334519,3829,230,940,B+,MN,MOCON INC,MOCO
7481, , ,9/30/11,Minneapolis,MOCON Inc,4520,452030,45,45203010,D,USA,334519,3829,230,940,B+,MN,MOCON INC,MOCO
7481, , ,10/31/11,Minneapolis,MOCON Inc,4520,452030,45,45203010,D,USA,334519,3829,230,940,B+,MN,MOCON INC,MOCO
7481, , ,11/30/11,Minneapolis,MOCON Inc,4520,452030,45,45203010,D,USA,334519,3829,230,940,B+,MN,MOCON INC,MOCO
7481, , ,12/31/11,Minneapolis,MOCON Inc,4520,452030,45,45203010,D,USA,334519,3829,230,940,B+,MN,MOCON INC,MOCO
7481, , ,1/31/12,Minneapolis,MOCON Inc,4520,452030,45,45203010,D,USA,334519,3829,230,940,B+,MN,MOCON INC,MOCO
7481, , ,2/29/12,Minneapolis,MOCON Inc,4520,452030,45,45203010,D,USA,334519,3829,230,940,B+,MN,MOCON INC,MOCO
7481, , ,3/31/12,Minneapolis,MOCON Inc,4520,452030,45,45203010,D,USA,334519,3829,230,940,B+,MN,MOCON INC,MOCO
7481, , ,4/30/12,Minneapolis,MOCON Inc,4520,452030,45,45203010,D,USA,334519,3829,230,940,B+,MN,MOCON INC,MOCO
7481, , ,5/31/12,Minneapolis,MOCON Inc,4520,452030,45,45203010,D,USA,334519,3829,230,940,B+,MN,MOCON INC,MOCO
7481, , ,6/30/12,Minneapolis,MOCON Inc,4520,452030,45,45203010,D,USA,334519,3829,230,940,B+,MN,MOCON INC,MOCO
7481, , ,7/31/12,Minneapolis,MOCON Inc,4520,452030,45,45203010,D,USA,334519,3829,230,940,B+,MN,MOCON INC,MOCO
7481, , ,8/31/12,Minneapolis,MOCON Inc,4520,452030,45,45203010,D,USA,334519,3829,230,940,B+,MN,MOCON INC,MOCO
7481, , ,9/30/12,Minneapolis,MOCON Inc,4520,452030,45,45203010,D,USA,334519,3829,230,940,B+,MN,MOCON INC,MOCO
7481, , ,10/31/12,Minneapolis,MOCON Inc,4520,452030,45,45203010,D,USA,334519,3829,230,940,B+,MN,MOCON INC,MOCO
7481, , ,11/30/12,Minneapolis,MOCON Inc,4520,452030,45,45203010,D,USA,334519,3829,230,940,B+,MN,MOCON INC,MOCO
7481, , ,12/31/12,Minneapolis,MOCON Inc,4520,452030,45,45203010,D,USA,334519,3829,230,940,B+,MN,MOCON INC,MOCO
7481, , ,1/31/13,Minneapolis,MOCON Inc,4520,452030,45,45203010,D,USA,334519,3829,230,940,B+,MN,MOCON INC,MOCO
7481, , ,2/28/13,Minneapolis,MOCON Inc,4520,452030,45,45203010,D,USA,334519,3829,230,940,B+,MN,MOCON INC,MOCO
7481, , ,3/31/13,Minneapolis,MOCON Inc,4520,452030,45,45203010,D,USA,334519,3829,230,940,B+,MN,MOCON INC,MOCO
7481, , ,4/30/13,Minneapolis,MOCON Inc,4520,452030,45,45203010,D,USA,334519,3829,230,940,B+,MN,MOCON INC,MOCO
7481, , ,5/31/13,Minneapolis,MOCON Inc,4520,452030,45,45203010,D,USA,334519,3829,230,940,B+,MN,MOCON INC,MOCO
7481, , ,6/30/13,Minneapolis,MOCON Inc,4520,452030,45,45203010,D,USA,334519,3829,230,940,B+,MN,MOCON INC,MOCO
7481, , ,7/31/13,Minneapolis,MOCON Inc,4520,452030,45,45203010,D,USA,334519,3829,230,940,B+,MN,MOCON INC,MOCO
7481, , ,8/31/13,Minneapolis,MOCON Inc,4520,452030,45,45203010,D,USA,334519,3829,230,940,B+,MN,MOCON INC,MOCO
7481, , ,9/30/13,Minneapolis,MOCON Inc,4520,452030,45,45203010,D,USA,334519,3829,230,940,B+,MN,MOCON INC,MOCO
7481, , ,10/31/13,Minneapolis,MOCON Inc,4520,452030,45,45203010,D,USA,334519,3829,230,940,B+,MN,MOCON INC,MOCO
7506, , ,1/31/10,Lisle,Molex Inc.,4520,452030,45,45203020,D,USA,334417,3678,220,925,B,IL,MOLEX INC,MOLX
7506, , ,2/28/10,Lisle,Molex Inc.,4520,452030,45,45203020,D,USA,334417,3678,220,925,B,IL,MOLEX INC,MOLX
7506, , ,3/31/10,Lisle,Molex Inc.,4520,452030,45,45203020,D,USA,334417,3678,220,925,B,IL,MOLEX INC,MOLX
7506, , ,4/30/10,Lisle,Molex Inc.,4520,452030,45,45203020,D,USA,334417,3678,220,925,B,IL,MOLEX INC,MOLX
7506, , ,5/31/10,Lisle,Molex Inc.,4520,452030,45,45203020,D,USA,334417,3678,220,925,B,IL,MOLEX INC,MOLX
7506, , ,6/30/10,Lisle,Molex Inc.,4520,452030,45,45203020,D,USA,334417,3678,220,925,B,IL,MOLEX INC,MOLX
7506, , ,7/31/10,Lisle,Molex Inc.,4520,452030,45,45203020,D,USA,334417,3678,220,925,B,IL,MOLEX INC,MOLX
7506, , ,8/31/10,Lisle,Molex Inc.,4520,452030,45,45203020,D,USA,334417,3678,220,925,B,IL,MOLEX INC,MOLX
7506, , ,9/30/10,Lisle,Molex Inc.,4520,452030,45,45203020,D,USA,334417,3678,220,925,B,IL,MOLEX INC,MOLX
7506, , ,10/31/10,Lisle,Molex Inc.,4520,452030,45,45203020,D,USA,334417,3678,220,925,B,IL,MOLEX INC,MOLX
7506, , ,11/30/10,Lisle,Molex Inc.,4520,452030,45,45203020,D,USA,334417,3678,220,925,B,IL,MOLEX INC,MOLX
7506, , ,12/31/10,Lisle,Molex Inc.,4520,452030,45,45203020,D,USA,334417,3678,220,925,B,IL,MOLEX INC,MOLX
7506, , ,1/31/11,Lisle,Molex Inc.,4520,452030,45,45203020,D,USA,334417,3678,220,925,B,IL,MOLEX INC,MOLX
7506, , ,2/28/11,Lisle,Molex Inc.,4520,452030,45,45203020,D,USA,334417,3678,220,925,B,IL,MOLEX INC,MOLX
7506, , ,3/31/11,Lisle,Molex Inc.,4520,452030,45,45203020,D,USA,334417,3678,220,925,B,IL,MOLEX INC,MOLX
7506, , ,4/30/11,Lisle,Molex Inc.,4520,452030,45,45203020,D,USA,334417,3678,220,925,B,IL,MOLEX INC,MOLX
7506, , ,5/31/11,Lisle,Molex Inc.,4520,452030,45,45203020,D,USA,334417,3678,220,925,B,IL,MOLEX INC,MOLX
7506, , ,6/30/11,Lisle,Molex Inc.,4520,452030,45,45203020,D,USA,334417,3678,220,925,B,IL,MOLEX INC,MOLX
7506, , ,7/31/11,Lisle,Molex Inc.,4520,452030,45,45203020,D,USA,334417,3678,220,925,B,IL,MOLEX INC,MOLX
7506, , ,8/31/11,Lisle,Molex Inc.,4520,452030,45,45203020,D,USA,334417,3678,220,925,B,IL,MOLEX INC,MOLX
7506, , ,9/30/11,Lisle,Molex Inc.,4520,452030,45,45203020,D,USA,334417,3678,220,925,B,IL,MOLEX INC,MOLX
7506, , ,10/31/11,Lisle,Molex Inc.,4520,452030,45,45203020,D,USA,334417,3678,220,925,B,IL,MOLEX INC,MOLX
7506, , ,11/30/11,Lisle,Molex Inc.,4520,452030,45,45203020,D,USA,334417,3678,220,925,B,IL,MOLEX INC,MOLX
7506, , ,12/31/11,Lisle,Molex Inc.,4520,452030,45,45203020,D,USA,334417,3678,220,925,B,IL,MOLEX INC,MOLX
7506, , ,1/31/12,Lisle,Molex Inc.,4520,452030,45,45203020,D,USA,334417,3678,220,925,B,IL,MOLEX INC,MOLX
7506, , ,2/29/12,Lisle,Molex Inc.,4520,452030,45,45203020,D,USA,334417,3678,220,925,B,IL,MOLEX INC,MOLX
7506, , ,3/31/12,Lisle,Molex Inc.,4520,452030,45,45203020,D,USA,334417,3678,220,925,B,IL,MOLEX INC,MOLX
7506, , ,4/30/12,Lisle,Molex Inc.,4520,452030,45,45203020,D,USA,334417,3678,220,925,B,IL,MOLEX INC,MOLX
7506, , ,5/31/12,Lisle,Molex Inc.,4520,452030,45,45203020,D,USA,334417,3678,220,925,B,IL,MOLEX INC,MOLX
7506, , ,6/30/12,Lisle,Molex Inc.,4520,452030,45,45203020,D,USA,334417,3678,220,925,B,IL,MOLEX INC,MOLX
7506, , ,7/31/12,Lisle,Molex Inc.,4520,452030,45,45203020,D,USA,334417,3678,220,925,B,IL,MOLEX INC,MOLX
7506, , ,8/31/12,Lisle,Molex Inc.,4520,452030,45,45203020,D,USA,334417,3678,220,925,B,IL,MOLEX INC,MOLX
7506, , ,9/30/12,Lisle,Molex Inc.,4520,452030,45,45203020,D,USA,334417,3678,220,925,B,IL,MOLEX INC,MOLX
7506, , ,10/31/12,Lisle,Molex Inc.,4520,452030,45,45203020,D,USA,334417,3678,220,925,B,IL,MOLEX INC,MOLX
7506, , ,11/30/12,Lisle,Molex Inc.,4520,452030,45,45203020,D,USA,334417,3678,220,925,B,IL,MOLEX INC,MOLX
7506, , ,12/31/12,Lisle,Molex Inc.,4520,452030,45,45203020,D,USA,334417,3678,220,925,B,IL,MOLEX INC,MOLX
7506, , ,1/31/13,Lisle,Molex Inc.,4520,452030,45,45203020,D,USA,334417,3678,220,925,B,IL,MOLEX INC,MOLX
7506, , ,2/28/13,Lisle,Molex Inc.,4520,452030,45,45203020,D,USA,334417,3678,220,925,B,IL,MOLEX INC,MOLX
7506, , ,3/31/13,Lisle,Molex Inc.,4520,452030,45,45203020,D,USA,334417,3678,220,925,B,IL,MOLEX INC,MOLX
7506, , ,4/30/13,Lisle,Molex Inc.,4520,452030,45,45203020,D,USA,334417,3678,220,925,B,IL,MOLEX INC,MOLX
7506, , ,5/31/13,Lisle,Molex Inc.,4520,452030,45,45203020,D,USA,334417,3678,220,925,B,IL,MOLEX INC,MOLX
7506, , ,6/30/13,Lisle,Molex Inc.,4520,452030,45,45203020,D,USA,334417,3678,220,925,B,IL,MOLEX INC,MOLX
7506, , ,7/31/13,Lisle,Molex Inc.,4520,452030,45,45203020,D,USA,334417,3678,220,925,B,IL,MOLEX INC,MOLX
7506, , ,8/31/13,Lisle,Molex Inc.,4520,452030,45,45203020,D,USA,334417,3678,220,925,B,IL,MOLEX INC,MOLX
7506, , ,9/30/13,Lisle,Molex Inc.,4520,452030,45,45203020,D,USA,334417,3678,220,925,B,IL,MOLEX INC,MOLX
7506, , ,10/31/13,Lisle,Molex Inc.,4520,452030,45,45203020,D,USA,334417,3678,220,925,B,IL,MOLEX INC,MOLX
7585,BB+, ,1/31/10,Schaumburg,Motorola Solutions Inc,4520,452010,45,45201020,D,USA,334220,3663,180,940,B-,IL,MOTOROLA SOLUTIONS INC,MSI
7585,BB+, ,2/28/10,Schaumburg,Motorola Solutions Inc,4520,452010,45,45201020,D,USA,334220,3663,180,940,B-,IL,MOTOROLA SOLUTIONS INC,MSI
7585,BB+, ,3/31/10,Schaumburg,Motorola Solutions Inc,4520,452010,45,45201020,D,USA,334220,3663,180,940,B-,IL,MOTOROLA SOLUTIONS INC,MSI
7585,BB+, ,4/30/10,Schaumburg,Motorola Solutions Inc,4520,452010,45,45201020,D,USA,334220,3663,180,940,B-,IL,MOTOROLA SOLUTIONS INC,MSI
7585,BB+, ,5/31/10,Schaumburg,Motorola Solutions Inc,4520,452010,45,45201020,D,USA,334220,3663,180,940,B-,IL,MOTOROLA SOLUTIONS INC,MSI
7585,BB+, ,6/30/10,Schaumburg,Motorola Solutions Inc,4520,452010,45,45201020,D,USA,334220,3663,180,940,B-,IL,MOTOROLA SOLUTIONS INC,MSI
7585,BB+, ,7/31/10,Schaumburg,Motorola Solutions Inc,4520,452010,45,45201020,D,USA,334220,3663,180,940,B-,IL,MOTOROLA SOLUTIONS INC,MSI
7585,BB+, ,8/31/10,Schaumburg,Motorola Solutions Inc,4520,452010,45,45201020,D,USA,334220,3663,180,940,B-,IL,MOTOROLA SOLUTIONS INC,MSI
7585,BB+, ,9/30/10,Schaumburg,Motorola Solutions Inc,4520,452010,45,45201020,D,USA,334220,3663,180,940,B-,IL,MOTOROLA SOLUTIONS INC,MSI
7585,BB+, ,10/31/10,Schaumburg,Motorola Solutions Inc,4520,452010,45,45201020,D,USA,334220,3663,180,940,B-,IL,MOTOROLA SOLUTIONS INC,MSI
7585,BB+, ,11/30/10,Schaumburg,Motorola Solutions Inc,4520,452010,45,45201020,D,USA,334220,3663,180,940,B-,IL,MOTOROLA SOLUTIONS INC,MSI
7585,BB+, ,12/31/10,Schaumburg,Motorola Solutions Inc,4520,452010,45,45201020,D,USA,334220,3663,180,940,B-,IL,MOTOROLA SOLUTIONS INC,MSI
7585,BBB, ,1/31/11,Schaumburg,Motorola Solutions Inc,4520,452010,45,45201020,D,USA,334220,3663,180,940,B-,IL,MOTOROLA SOLUTIONS INC,MSI
7585,BBB, ,2/28/11,Schaumburg,Motorola Solutions Inc,4520,452010,45,45201020,D,USA,334220,3663,180,940,B-,IL,MOTOROLA SOLUTIONS INC,MSI
7585,BBB, ,3/31/11,Schaumburg,Motorola Solutions Inc,4520,452010,45,45201020,D,USA,334220,3663,180,940,B-,IL,MOTOROLA SOLUTIONS INC,MSI
7585,BBB, ,4/30/11,Schaumburg,Motorola Solutions Inc,4520,452010,45,45201020,D,USA,334220,3663,180,940,B-,IL,MOTOROLA SOLUTIONS INC,MSI
7585,BBB, ,5/31/11,Schaumburg,Motorola Solutions Inc,4520,452010,45,45201020,D,USA,334220,3663,180,940,B-,IL,MOTOROLA SOLUTIONS INC,MSI
7585,BBB, ,6/30/11,Schaumburg,Motorola Solutions Inc,4520,452010,45,45201020,D,USA,334220,3663,180,940,B-,IL,MOTOROLA SOLUTIONS INC,MSI
7585,BBB, ,7/31/11,Schaumburg,Motorola Solutions Inc,4520,452010,45,45201020,D,USA,334220,3663,180,940,B-,IL,MOTOROLA SOLUTIONS INC,MSI
7585,BBB, ,8/31/11,Schaumburg,Motorola Solutions Inc,4520,452010,45,45201020,D,USA,334220,3663,180,940,B-,IL,MOTOROLA SOLUTIONS INC,MSI
7585,BBB, ,9/30/11,Schaumburg,Motorola Solutions Inc,4520,452010,45,45201020,D,USA,334220,3663,180,940,B-,IL,MOTOROLA SOLUTIONS INC,MSI
7585,BBB, ,10/31/11,Schaumburg,Motorola Solutions Inc,4520,452010,45,45201020,D,USA,334220,3663,180,940,B-,IL,MOTOROLA SOLUTIONS INC,MSI
7585,BBB, ,11/30/11,Schaumburg,Motorola Solutions Inc,4520,452010,45,45201020,D,USA,334220,3663,180,940,B-,IL,MOTOROLA SOLUTIONS INC,MSI
7585,BBB, ,12/31/11,Schaumburg,Motorola Solutions Inc,4520,452010,45,45201020,D,USA,334220,3663,180,940,B-,IL,MOTOROLA SOLUTIONS INC,MSI
7585,BBB, ,1/31/12,Schaumburg,Motorola Solutions Inc,4520,452010,45,45201020,D,USA,334220,3663,180,940,B-,IL,MOTOROLA SOLUTIONS INC,MSI
7585,BBB, ,2/29/12,Schaumburg,Motorola Solutions Inc,4520,452010,45,45201020,D,USA,334220,3663,180,940,B-,IL,MOTOROLA SOLUTIONS INC,MSI
7585,BBB, ,3/31/12,Schaumburg,Motorola Solutions Inc,4520,452010,45,45201020,D,USA,334220,3663,180,940,B-,IL,MOTOROLA SOLUTIONS INC,MSI
7585,BBB, ,4/30/12,Schaumburg,Motorola Solutions Inc,4520,452010,45,45201020,D,USA,334220,3663,180,940,B-,IL,MOTOROLA SOLUTIONS INC,MSI
7585,BBB, ,5/31/12,Schaumburg,Motorola Solutions Inc,4520,452010,45,45201020,D,USA,334220,3663,180,940,B-,IL,MOTOROLA SOLUTIONS INC,MSI
7585,BBB, ,6/30/12,Schaumburg,Motorola Solutions Inc,4520,452010,45,45201020,D,USA,334220,3663,180,940,B-,IL,MOTOROLA SOLUTIONS INC,MSI
7585,BBB, ,7/31/12,Schaumburg,Motorola Solutions Inc,4520,452010,45,45201020,D,USA,334220,3663,180,940,B-,IL,MOTOROLA SOLUTIONS INC,MSI
7585,BBB, ,8/31/12,Schaumburg,Motorola Solutions Inc,4520,452010,45,45201020,D,USA,334220,3663,180,940,B-,IL,MOTOROLA SOLUTIONS INC,MSI
7585,BBB, ,9/30/12,Schaumburg,Motorola Solutions Inc,4520,452010,45,45201020,D,USA,334220,3663,180,940,B-,IL,MOTOROLA SOLUTIONS INC,MSI
7585,BBB, ,10/31/12,Schaumburg,Motorola Solutions Inc,4520,452010,45,45201020,D,USA,334220,3663,180,940,B-,IL,MOTOROLA SOLUTIONS INC,MSI
7585,BBB, ,11/30/12,Schaumburg,Motorola Solutions Inc,4520,452010,45,45201020,D,USA,334220,3663,180,940,B-,IL,MOTOROLA SOLUTIONS INC,MSI
7585,BBB, ,12/31/12,Schaumburg,Motorola Solutions Inc,4520,452010,45,45201020,D,USA,334220,3663,180,940,B-,IL,MOTOROLA SOLUTIONS INC,MSI
7585,BBB, ,1/31/13,Schaumburg,Motorola Solutions Inc,4520,452010,45,45201020,D,USA,334220,3663,180,940,B-,IL,MOTOROLA SOLUTIONS INC,MSI
7585,BBB, ,2/28/13,Schaumburg,Motorola Solutions Inc,4520,452010,45,45201020,D,USA,334220,3663,180,940,B-,IL,MOTOROLA SOLUTIONS INC,MSI
7585,BBB, ,3/31/13,Schaumburg,Motorola Solutions Inc,4520,452010,45,45201020,D,USA,334220,3663,180,940,B-,IL,MOTOROLA SOLUTIONS INC,MSI
7585,BBB, ,4/30/13,Schaumburg,Motorola Solutions Inc,4520,452010,45,45201020,D,USA,334220,3663,180,940,B-,IL,MOTOROLA SOLUTIONS INC,MSI
7585,BBB, ,5/31/13,Schaumburg,Motorola Solutions Inc,4520,452010,45,45201020,D,USA,334220,3663,180,940,B-,IL,MOTOROLA SOLUTIONS INC,MSI
7585,BBB, ,6/30/13,Schaumburg,Motorola Solutions Inc,4520,452010,45,45201020,D,USA,334220,3663,180,940,B-,IL,MOTOROLA SOLUTIONS INC,MSI
7585,BBB, ,7/31/13,Schaumburg,Motorola Solutions Inc,4520,452010,45,45201020,D,USA,334220,3663,180,940,B-,IL,MOTOROLA SOLUTIONS INC,MSI
7585,BBB, ,8/31/13,Schaumburg,Motorola Solutions Inc,4520,452010,45,45201020,D,USA,334220,3663,180,940,B-,IL,MOTOROLA SOLUTIONS INC,MSI
7585,BBB, ,9/30/13,Schaumburg,Motorola Solutions Inc,4520,452010,45,45201020,D,USA,334220,3663,180,940,B-,IL,MOTOROLA SOLUTIONS INC,MSI
7585,BBB, ,10/31/13,Schaumburg,Motorola Solutions Inc,4520,452010,45,45201020,D,USA,334220,3663,180,940,B-,IL,MOTOROLA SOLUTIONS INC,MSI
7585,BBB, ,11/30/13,Schaumburg,Motorola Solutions Inc,4520,452010,45,45201020,D,USA,334220,3663,180,940,B-,IL,MOTOROLA SOLUTIONS INC,MSI
7585,BBB, ,12/31/13,Schaumburg,Motorola Solutions Inc,4520,452010,45,45201020,D,USA,334220,3663,180,940,B-,IL,MOTOROLA SOLUTIONS INC,MSI
7585,BBB, ,1/31/14,Schaumburg,Motorola Solutions Inc,4520,452010,45,45201020,D,USA,334220,3663,180,940,B-,IL,MOTOROLA SOLUTIONS INC,MSI
7585,BBB, ,2/28/14,Schaumburg,Motorola Solutions Inc,4520,452010,45,45201020,D,USA,334220,3663,180,940,B-,IL,MOTOROLA SOLUTIONS INC,MSI
7585,BBB, ,3/31/14,Schaumburg,Motorola Solutions Inc,4520,452010,45,45201020,D,USA,334220,3663,180,940,B-,IL,MOTOROLA SOLUTIONS INC,MSI
7585,BBB, ,4/30/14,Schaumburg,Motorola Solutions Inc,4520,452010,45,45201020,D,USA,334220,3663,180,940,B-,IL,MOTOROLA SOLUTIONS INC,MSI
7585,BBB, ,5/31/14,Schaumburg,Motorola Solutions Inc,4520,452010,45,45201020,D,USA,334220,3663,180,940,B-,IL,MOTOROLA SOLUTIONS INC,MSI
7585,BBB, ,6/30/14,Schaumburg,Motorola Solutions Inc,4520,452010,45,45201020,D,USA,334220,3663,180,940,B-,IL,MOTOROLA SOLUTIONS INC,MSI
7648,BBB-, ,1/31/10,Duluth,NCR Corp,4520,452020,45,45202030,D,USA,334118,3578,190,940,B-,GA,NCR CORP,NCR
7648,BBB-, ,2/28/10,Duluth,NCR Corp,4520,452020,45,45202030,D,USA,334118,3578,190,940,B-,GA,NCR CORP,NCR
7648,BBB-, ,3/31/10,Duluth,NCR Corp,4520,452020,45,45202030,D,USA,334118,3578,190,940,B-,GA,NCR CORP,NCR
7648,BBB-, ,4/30/10,Duluth,NCR Corp,4520,452020,45,45202030,D,USA,334118,3578,190,940,B-,GA,NCR CORP,NCR
7648,BBB-, ,5/31/10,Duluth,NCR Corp,4520,452020,45,45202030,D,USA,334118,3578,190,940,B-,GA,NCR CORP,NCR
7648,BBB-, ,6/30/10,Duluth,NCR Corp,4520,452020,45,45202030,D,USA,334118,3578,190,940,B-,GA,NCR CORP,NCR
7648,BBB-, ,7/31/10,Duluth,NCR Corp,4520,452020,45,45202030,D,USA,334118,3578,190,940,B-,GA,NCR CORP,NCR
7648,BBB-, ,8/31/10,Duluth,NCR Corp,4520,452020,45,45202030,D,USA,334118,3578,190,940,B-,GA,NCR CORP,NCR
7648,BBB-, ,9/30/10,Duluth,NCR Corp,4520,452020,45,45202030,D,USA,334118,3578,190,940,B-,GA,NCR CORP,NCR
7648,BBB-, ,10/31/10,Duluth,NCR Corp,4520,452020,45,45202030,D,USA,334118,3578,190,940,B-,GA,NCR CORP,NCR
7648,BBB-, ,11/30/10,Duluth,NCR Corp,4520,452020,45,45202030,D,USA,334118,3578,190,940,B-,GA,NCR CORP,NCR
7648,BBB-, ,12/31/10,Duluth,NCR Corp,4520,452020,45,45202030,D,USA,334118,3578,190,940,B-,GA,NCR CORP,NCR
7648,BBB-, ,1/31/11,Duluth,NCR Corp,4520,452020,45,45202030,D,USA,334118,3578,190,940,B-,GA,NCR CORP,NCR
7648,BBB-, ,2/28/11,Duluth,NCR Corp,4520,452020,45,45202030,D,USA,334118,3578,190,940,B-,GA,NCR CORP,NCR
7648,BBB-, ,3/31/11,Duluth,NCR Corp,4520,452020,45,45202030,D,USA,334118,3578,190,940,B-,GA,NCR CORP,NCR
7648,BBB-, ,4/30/11,Duluth,NCR Corp,4520,452020,45,45202030,D,USA,334118,3578,190,940,B-,GA,NCR CORP,NCR
7648,BBB-, ,5/31/11,Duluth,NCR Corp,4520,452020,45,45202030,D,USA,334118,3578,190,940,B-,GA,NCR CORP,NCR
7648,BBB-, ,6/30/11,Duluth,NCR Corp,4520,452020,45,45202030,D,USA,334118,3578,190,940,B-,GA,NCR CORP,NCR
7648,BBB-, ,7/31/11,Duluth,NCR Corp,4520,452020,45,45202030,D,USA,334118,3578,190,940,B-,GA,NCR CORP,NCR
7648,BB+, ,8/31/11,Duluth,NCR Corp,4520,452020,45,45202030,D,USA,334118,3578,190,940,B-,GA,NCR CORP,NCR
7648,BB+, ,9/30/11,Duluth,NCR Corp,4520,452020,45,45202030,D,USA,334118,3578,190,940,B-,GA,NCR CORP,NCR
7648,BB+, ,10/31/11,Duluth,NCR Corp,4520,452020,45,45202030,D,USA,334118,3578,190,940,B-,GA,NCR CORP,NCR
7648,BB+, ,11/30/11,Duluth,NCR Corp,4520,452020,45,45202030,D,USA,334118,3578,190,940,B-,GA,NCR CORP,NCR
7648,BB+, ,12/31/11,Duluth,NCR Corp,4520,452020,45,45202030,D,USA,334118,3578,190,940,B-,GA,NCR CORP,NCR
7648,BB+, ,1/31/12,Duluth,NCR Corp,4520,452020,45,45202030,D,USA,334118,3578,190,940,B-,GA,NCR CORP,NCR
7648,BB+, ,2/29/12,Duluth,NCR Corp,4520,452020,45,45202030,D,USA,334118,3578,190,940,B-,GA,NCR CORP,NCR
7648,BB+, ,3/31/12,Duluth,NCR Corp,4520,452020,45,45202030,D,USA,334118,3578,190,940,B-,GA,NCR CORP,NCR
7648,BB+, ,4/30/12,Duluth,NCR Corp,4520,452020,45,45202030,D,USA,334118,3578,190,940,B-,GA,NCR CORP,NCR
7648,BB+, ,5/31/12,Duluth,NCR Corp,4520,452020,45,45202030,D,USA,334118,3578,190,940,B-,GA,NCR CORP,NCR
7648,BB+, ,6/30/12,Duluth,NCR Corp,4520,452020,45,45202030,D,USA,334118,3578,190,940,B-,GA,NCR CORP,NCR
7648,BB+, ,7/31/12,Duluth,NCR Corp,4520,452020,45,45202030,D,USA,334118,3578,190,940,B-,GA,NCR CORP,NCR
7648,BB+, ,8/31/12,Duluth,NCR Corp,4520,452020,45,45202030,D,USA,334118,3578,190,940,B-,GA,NCR CORP,NCR
7648,BB+, ,9/30/12,Duluth,NCR Corp,4520,452020,45,45202030,D,USA,334118,3578,190,940,B-,GA,NCR CORP,NCR
7648,BB+, ,10/31/12,Duluth,NCR Corp,4520,452020,45,45202030,D,USA,334118,3578,190,940,B-,GA,NCR CORP,NCR
7648,BB+, ,11/30/12,Duluth,NCR Corp,4520,452020,45,45202030,D,USA,334118,3578,190,940,B-,GA,NCR CORP,NCR
7648,BB+, ,12/31/12,Duluth,NCR Corp,4520,452020,45,45202030,D,USA,334118,3578,190,940,B-,GA,NCR CORP,NCR
7648,BB+, ,1/31/13,Duluth,NCR Corp,4520,452020,45,45202030,D,USA,334118,3578,190,940,B-,GA,NCR CORP,NCR
7648,BB+, ,2/28/13,Duluth,NCR Corp,4520,452020,45,45202030,D,USA,334118,3578,190,940,B-,GA,NCR CORP,NCR
7648,BB+, ,3/31/13,Duluth,NCR Corp,4520,452020,45,45202030,D,USA,334118,3578,190,940,B-,GA,NCR CORP,NCR
7648,BB+, ,4/30/13,Duluth,NCR Corp,4520,452020,45,45202030,D,USA,334118,3578,190,940,B-,GA,NCR CORP,NCR
7648,BB+, ,5/31/13,Duluth,NCR Corp,4520,452020,45,45202030,D,USA,334118,3578,190,940,B-,GA,NCR CORP,NCR
7648,BB+, ,6/30/13,Duluth,NCR Corp,4520,452020,45,45202030,D,USA,334118,3578,190,940,B-,GA,NCR CORP,NCR
7648,BB+, ,7/31/13,Duluth,NCR Corp,4520,452020,45,45202030,D,USA,334118,3578,190,940,B-,GA,NCR CORP,NCR
7648,BB+, ,8/31/13,Duluth,NCR Corp,4520,452020,45,45202030,D,USA,334118,3578,190,940,B-,GA,NCR CORP,NCR
7648,BB+, ,9/30/13,Duluth,NCR Corp,4520,452020,45,45202030,D,USA,334118,3578,190,940,B-,GA,NCR CORP,NCR
7648,BB+, ,10/31/13,Duluth,NCR Corp,4520,452020,45,45202030,D,USA,334118,3578,190,940,B-,GA,NCR CORP,NCR
7648,BB+, ,11/30/13,Duluth,NCR Corp,4520,452020,45,45202030,D,USA,334118,3578,190,940,B-,GA,NCR CORP,NCR
7648,BB+, ,12/31/13,Duluth,NCR Corp,4520,452020,45,45202030,D,USA,334118,3578,190,940,B-,GA,NCR CORP,NCR
7648,BB+, ,1/31/14,Duluth,NCR Corp,4520,452020,45,45202030,D,USA,334118,3578,190,940,B-,GA,NCR CORP,NCR
7648,BB+, ,2/28/14,Duluth,NCR Corp,4520,452020,45,45202030,D,USA,334118,3578,190,940,B-,GA,NCR CORP,NCR
7648,BB+, ,3/31/14,Duluth,NCR Corp,4520,452020,45,45202030,D,USA,334118,3578,190,940,B-,GA,NCR CORP,NCR
7648,BB+, ,4/30/14,Duluth,NCR Corp,4520,452020,45,45202030,D,USA,334118,3578,190,940,B-,GA,NCR CORP,NCR
7648,BB+, ,5/31/14,Duluth,NCR Corp,4520,452020,45,45202030,D,USA,334118,3578,190,940,B-,GA,NCR CORP,NCR
7648,BB+, ,6/30/14,Duluth,NCR Corp,4520,452020,45,45202030,D,USA,334118,3578,190,940,B-,GA,NCR CORP,NCR
7652,BBB,A-2,1/31/10,Tokyo,Nec Corp,4520,452020,45,45202030,B,JPN,541512,7373,190,940, , ,NEC CORP,NIPNY
7652,BBB,A-2,2/28/10,Tokyo,Nec Corp,4520,452020,45,45202030,B,JPN,541512,7373,190,940, , ,NEC CORP,NIPNY
7652,BBB,A-2,3/31/10,Tokyo,Nec Corp,4520,452020,45,45202030,B,JPN,541512,7373,190,940, , ,NEC CORP,NIPNY
7652,BBB,A-2,4/30/10,Tokyo,Nec Corp,4520,452020,45,45202030,B,JPN,541512,7373,190,940, , ,NEC CORP,NIPNY
7652,BBB,A-2,5/31/10,Tokyo,Nec Corp,4520,452020,45,45202030,B,JPN,541512,7373,190,940, , ,NEC CORP,NIPNY
7652,BBB,A-2,6/30/10,Tokyo,Nec Corp,4520,452020,45,45202030,B,JPN,541512,7373,190,940, , ,NEC CORP,NIPNY
7652,BBB,A-2,7/31/10,Tokyo,Nec Corp,4520,452020,45,45202030,B,JPN,541512,7373,190,940, , ,NEC CORP,NIPNY
7652,BBB,A-2,8/31/10,Tokyo,Nec Corp,4520,452020,45,45202030,B,JPN,541512,7373,190,940, , ,NEC CORP,NIPNY
7652,BBB,A-2,9/30/10,Tokyo,Nec Corp,4520,452020,45,45202030,B,JPN,541512,7373,190,940, , ,NEC CORP,NIPNY
7652,BBB,A-2,10/31/10,Tokyo,Nec Corp,4520,452020,45,45202030,B,JPN,541512,7373,190,940, , ,NEC CORP,NIPNY
7652,BBB,A-2,11/30/10,Tokyo,Nec Corp,4520,452020,45,45202030,B,JPN,541512,7373,190,940, , ,NEC CORP,NIPNY
7652,BBB,A-2,12/31/10,Tokyo,Nec Corp,4520,452020,45,45202030,B,JPN,541512,7373,190,940, , ,NEC CORP,NIPNY
7652,BBB,A-2,1/31/11,Tokyo,Nec Corp,4520,452020,45,45202030,B,JPN,541512,7373,190,940, , ,NEC CORP,NIPNY
7652,BBB,A-2,2/28/11,Tokyo,Nec Corp,4520,452020,45,45202030,B,JPN,541512,7373,190,940, , ,NEC CORP,NIPNY
7652,BBB,A-2,3/31/11,Tokyo,Nec Corp,4520,452020,45,45202030,B,JPN,541512,7373,190,940, , ,NEC CORP,NIPNY
7652,BBB,A-2,4/30/11,Tokyo,Nec Corp,4520,452020,45,45202030,B,JPN,541512,7373,190,940, , ,NEC CORP,NIPNY
7652,BBB,A-2,5/31/11,Tokyo,Nec Corp,4520,452020,45,45202030,B,JPN,541512,7373,190,940, , ,NEC CORP,NIPNY
7652,BBB,A-2,6/30/11,Tokyo,Nec Corp,4520,452020,45,45202030,B,JPN,541512,7373,190,940, , ,NEC CORP,NIPNY
7652,BBB,A-2,7/31/11,Tokyo,Nec Corp,4520,452020,45,45202030,B,JPN,541512,7373,190,940, , ,NEC CORP,NIPNY
7652,BBB,A-2,8/31/11,Tokyo,Nec Corp,4520,452020,45,45202030,B,JPN,541512,7373,190,940, , ,NEC CORP,NIPNY
7652,BBB,A-2,9/30/11,Tokyo,Nec Corp,4520,452020,45,45202030,B,JPN,541512,7373,190,940, , ,NEC CORP,NIPNY
7652,BBB,A-2,10/31/11,Tokyo,Nec Corp,4520,452020,45,45202030,B,JPN,541512,7373,190,940, , ,NEC CORP,NIPNY
7652,BBB,A-2,11/30/11,Tokyo,Nec Corp,4520,452020,45,45202030,B,JPN,541512,7373,190,940, , ,NEC CORP,NIPNY
7652,BBB,A-2,12/31/11,Tokyo,Nec Corp,4520,452020,45,45202030,B,JPN,541512,7373,190,940, , ,NEC CORP,NIPNY
7652,BBB-,A-3,1/31/12,Tokyo,Nec Corp,4520,452020,45,45202030,B,JPN,541512,7373,190,940, , ,NEC CORP,NIPNY
7652,BBB-,A-3,2/29/12,Tokyo,Nec Corp,4520,452020,45,45202030,B,JPN,541512,7373,190,940, , ,NEC CORP,NIPNY
7652,BBB-,A-3,3/31/12,Tokyo,Nec Corp,4520,452020,45,45202030,B,JPN,541512,7373,190,940, , ,NEC CORP,NIPNY
7652,BBB-,A-3,4/30/12,Tokyo,Nec Corp,4520,452020,45,45202030,B,JPN,541512,7373,190,940, , ,NEC CORP,NIPNY
7652,BBB-,A-3,5/31/12,Tokyo,Nec Corp,4520,452020,45,45202030,B,JPN,541512,7373,190,940, , ,NEC CORP,NIPNY
7652,BBB-,A-3,6/30/12,Tokyo,Nec Corp,4520,452020,45,45202030,B,JPN,541512,7373,190,940, , ,NEC CORP,NIPNY
7652,BBB-,A-3,7/31/12,Tokyo,Nec Corp,4520,452020,45,45202030,B,JPN,541512,7373,190,940, , ,NEC CORP,NIPNY
7652,BBB-,A-3,8/31/12,Tokyo,Nec Corp,4520,452020,45,45202030,B,JPN,541512,7373,190,940, , ,NEC CORP,NIPNY
7685, , ,1/31/10,Amityville,NAPCO Security Technologies Inc,4520,452030,45,45203010,D,USA,334290,3669,180,940,B-,NY,NAPCO SECURITY TECH INC,NSSC
7685, , ,2/28/10,Amityville,NAPCO Security Technologies Inc,4520,452030,45,45203010,D,USA,334290,3669,180,940,B-,NY,NAPCO SECURITY TECH INC,NSSC
7685, , ,3/31/10,Amityville,NAPCO Security Technologies Inc,4520,452030,45,45203010,D,USA,334290,3669,180,940,B-,NY,NAPCO SECURITY TECH INC,NSSC
7685, , ,4/30/10,Amityville,NAPCO Security Technologies Inc,4520,452030,45,45203010,D,USA,334290,3669,180,940,B-,NY,NAPCO SECURITY TECH INC,NSSC
7685, , ,5/31/10,Amityville,NAPCO Security Technologies Inc,4520,452030,45,45203010,D,USA,334290,3669,180,940,B-,NY,NAPCO SECURITY TECH INC,NSSC
7685, , ,6/30/10,Amityville,NAPCO Security Technologies Inc,4520,452030,45,45203010,D,USA,334290,3669,180,940,B-,NY,NAPCO SECURITY TECH INC,NSSC
7685, , ,7/31/10,Amityville,NAPCO Security Technologies Inc,4520,452030,45,45203010,D,USA,334290,3669,180,940,B-,NY,NAPCO SECURITY TECH INC,NSSC
7685, , ,8/31/10,Amityville,NAPCO Security Technologies Inc,4520,452030,45,45203010,D,USA,334290,3669,180,940,B-,NY,NAPCO SECURITY TECH INC,NSSC
7685, , ,9/30/10,Amityville,NAPCO Security Technologies Inc,4520,452030,45,45203010,D,USA,334290,3669,180,940,B-,NY,NAPCO SECURITY TECH INC,NSSC
7685, , ,10/31/10,Amityville,NAPCO Security Technologies Inc,4520,452030,45,45203010,D,USA,334290,3669,180,940,B-,NY,NAPCO SECURITY TECH INC,NSSC
7685, , ,11/30/10,Amityville,NAPCO Security Technologies Inc,4520,452030,45,45203010,D,USA,334290,3669,180,940,B-,NY,NAPCO SECURITY TECH INC,NSSC
7685, , ,12/31/10,Amityville,NAPCO Security Technologies Inc,4520,452030,45,45203010,D,USA,334290,3669,180,940,B-,NY,NAPCO SECURITY TECH INC,NSSC
7685, , ,1/31/11,Amityville,NAPCO Security Technologies Inc,4520,452030,45,45203010,D,USA,334290,3669,180,940,B-,NY,NAPCO SECURITY TECH INC,NSSC
7685, , ,2/28/11,Amityville,NAPCO Security Technologies Inc,4520,452030,45,45203010,D,USA,334290,3669,180,940,B-,NY,NAPCO SECURITY TECH INC,NSSC
7685, , ,3/31/11,Amityville,NAPCO Security Technologies Inc,4520,452030,45,45203010,D,USA,334290,3669,180,940,B-,NY,NAPCO SECURITY TECH INC,NSSC
7685, , ,4/30/11,Amityville,NAPCO Security Technologies Inc,4520,452030,45,45203010,D,USA,334290,3669,180,940,B-,NY,NAPCO SECURITY TECH INC,NSSC
7685, , ,5/31/11,Amityville,NAPCO Security Technologies Inc,4520,452030,45,45203010,D,USA,334290,3669,180,940,B-,NY,NAPCO SECURITY TECH INC,NSSC
7685, , ,6/30/11,Amityville,NAPCO Security Technologies Inc,4520,452030,45,45203010,D,USA,334290,3669,180,940,B-,NY,NAPCO SECURITY TECH INC,NSSC
7685, , ,7/31/11,Amityville,NAPCO Security Technologies Inc,4520,452030,45,45203010,D,USA,334290,3669,180,940,B-,NY,NAPCO SECURITY TECH INC,NSSC
7685, , ,8/31/11,Amityville,NAPCO Security Technologies Inc,4520,452030,45,45203010,D,USA,334290,3669,180,940,B-,NY,NAPCO SECURITY TECH INC,NSSC
7685, , ,9/30/11,Amityville,NAPCO Security Technologies Inc,4520,452030,45,45203010,D,USA,334290,3669,180,940,B-,NY,NAPCO SECURITY TECH INC,NSSC
7685, , ,10/31/11,Amityville,NAPCO Security Technologies Inc,4520,452030,45,45203010,D,USA,334290,3669,180,940,B-,NY,NAPCO SECURITY TECH INC,NSSC
7685, , ,11/30/11,Amityville,NAPCO Security Technologies Inc,4520,452030,45,45203010,D,USA,334290,3669,180,940,B-,NY,NAPCO SECURITY TECH INC,NSSC
7685, , ,12/31/11,Amityville,NAPCO Security Technologies Inc,4520,452030,45,45203010,D,USA,334290,3669,180,940,B-,NY,NAPCO SECURITY TECH INC,NSSC
7685, , ,1/31/12,Amityville,NAPCO Security Technologies Inc,4520,452030,45,45203010,D,USA,334290,3669,180,940,B-,NY,NAPCO SECURITY TECH INC,NSSC
7685, , ,2/29/12,Amityville,NAPCO Security Technologies Inc,4520,452030,45,45203010,D,USA,334290,3669,180,940,B-,NY,NAPCO SECURITY TECH INC,NSSC
7685, , ,3/31/12,Amityville,NAPCO Security Technologies Inc,4520,452030,45,45203010,D,USA,334290,3669,180,940,B-,NY,NAPCO SECURITY TECH INC,NSSC
7685, , ,4/30/12,Amityville,NAPCO Security Technologies Inc,4520,452030,45,45203010,D,USA,334290,3669,180,940,B-,NY,NAPCO SECURITY TECH INC,NSSC
7685, , ,5/31/12,Amityville,NAPCO Security Technologies Inc,4520,452030,45,45203010,D,USA,334290,3669,180,940,B-,NY,NAPCO SECURITY TECH INC,NSSC
7685, , ,6/30/12,Amityville,NAPCO Security Technologies Inc,4520,452030,45,45203010,D,USA,334290,3669,180,940,B-,NY,NAPCO SECURITY TECH INC,NSSC
7685, , ,7/31/12,Amityville,NAPCO Security Technologies Inc,4520,452030,45,45203010,D,USA,334290,3669,180,940,B-,NY,NAPCO SECURITY TECH INC,NSSC
7685, , ,8/31/12,Amityville,NAPCO Security Technologies Inc,4520,452030,45,45203010,D,USA,334290,3669,180,940,B-,NY,NAPCO SECURITY TECH INC,NSSC
7685, , ,9/30/12,Amityville,NAPCO Security Technologies Inc,4520,452030,45,45203010,D,USA,334290,3669,180,940,B-,NY,NAPCO SECURITY TECH INC,NSSC
7685, , ,10/31/12,Amityville,NAPCO Security Technologies Inc,4520,452030,45,45203010,D,USA,334290,3669,180,940,B-,NY,NAPCO SECURITY TECH INC,NSSC
7685, , ,11/30/12,Amityville,NAPCO Security Technologies Inc,4520,452030,45,45203010,D,USA,334290,3669,180,940,B-,NY,NAPCO SECURITY TECH INC,NSSC
7685, , ,12/31/12,Amityville,NAPCO Security Technologies Inc,4520,452030,45,45203010,D,USA,334290,3669,180,940,B-,NY,NAPCO SECURITY TECH INC,NSSC
7685, , ,1/31/13,Amityville,NAPCO Security Technologies Inc,4520,452030,45,45203010,D,USA,334290,3669,180,940,B-,NY,NAPCO SECURITY TECH INC,NSSC
7685, , ,2/28/13,Amityville,NAPCO Security Technologies Inc,4520,452030,45,45203010,D,USA,334290,3669,180,940,B-,NY,NAPCO SECURITY TECH INC,NSSC
7685, , ,3/31/13,Amityville,NAPCO Security Technologies Inc,4520,452030,45,45203010,D,USA,334290,3669,180,940,B-,NY,NAPCO SECURITY TECH INC,NSSC
7685, , ,4/30/13,Amityville,NAPCO Security Technologies Inc,4520,452030,45,45203010,D,USA,334290,3669,180,940,B-,NY,NAPCO SECURITY TECH INC,NSSC
7685, , ,5/31/13,Amityville,NAPCO Security Technologies Inc,4520,452030,45,45203010,D,USA,334290,3669,180,940,B-,NY,NAPCO SECURITY TECH INC,NSSC
7685, , ,6/30/13,Amityville,NAPCO Security Technologies Inc,4520,452030,45,45203010,D,USA,334290,3669,180,940,B-,NY,NAPCO SECURITY TECH INC,NSSC
7685, , ,7/31/13,Amityville,NAPCO Security Technologies Inc,4520,452030,45,45203010,D,USA,334290,3669,180,940,B-,NY,NAPCO SECURITY TECH INC,NSSC
7685, , ,8/31/13,Amityville,NAPCO Security Technologies Inc,4520,452030,45,45203010,D,USA,334290,3669,180,940,B-,NY,NAPCO SECURITY TECH INC,NSSC
7685, , ,9/30/13,Amityville,NAPCO Security Technologies Inc,4520,452030,45,45203010,D,USA,334290,3669,180,940,B-,NY,NAPCO SECURITY TECH INC,NSSC
7685, , ,10/31/13,Amityville,NAPCO Security Technologies Inc,4520,452030,45,45203010,D,USA,334290,3669,180,940,B-,NY,NAPCO SECURITY TECH INC,NSSC
7817, , ,1/31/10,Providence,Nestor Inc,4520,452030,45,45203010,D,USA,541512,7373,185,940, ,RI,NESTOR INC,NEST
7817, , ,2/28/10,Providence,Nestor Inc,4520,452030,45,45203010,D,USA,541512,7373,185,940, ,RI,NESTOR INC,NEST
7817, , ,3/31/10,Providence,Nestor Inc,4520,452030,45,45203010,D,USA,541512,7373,185,940, ,RI,NESTOR INC,NEST
7817, , ,4/30/10,Providence,Nestor Inc,4520,452030,45,45203010,D,USA,541512,7373,185,940, ,RI,NESTOR INC,NEST
7817, , ,5/31/10,Providence,Nestor Inc,4520,452030,45,45203010,D,USA,541512,7373,185,940, ,RI,NESTOR INC,NEST
7817, , ,6/30/10,Providence,Nestor Inc,4520,452030,45,45203010,D,USA,541512,7373,185,940, ,RI,NESTOR INC,NEST
7817, , ,7/31/10,Providence,Nestor Inc,4520,452030,45,45203010,D,USA,541512,7373,185,940, ,RI,NESTOR INC,NEST
7817, , ,8/31/10,Providence,Nestor Inc,4520,452030,45,45203010,D,USA,541512,7373,185,940, ,RI,NESTOR INC,NEST
7817, , ,9/30/10,Providence,Nestor Inc,4520,452030,45,45203010,D,USA,541512,7373,185,940, ,RI,NESTOR INC,NEST
7817, , ,10/31/10,Providence,Nestor Inc,4520,452030,45,45203010,D,USA,541512,7373,185,940, ,RI,NESTOR INC,NEST
7817, , ,11/30/10,Providence,Nestor Inc,4520,452030,45,45203010,D,USA,541512,7373,185,940, ,RI,NESTOR INC,NEST
7817, , ,12/31/10,Providence,Nestor Inc,4520,452030,45,45203010,D,USA,541512,7373,185,940, ,RI,NESTOR INC,NEST
7817, , ,1/31/11,Providence,Nestor Inc,4520,452030,45,45203010,D,USA,541512,7373,185,940, ,RI,NESTOR INC,NEST
7817, , ,2/28/11,Providence,Nestor Inc,4520,452030,45,45203010,D,USA,541512,7373,185,940, ,RI,NESTOR INC,NEST
7817, , ,3/31/11,Providence,Nestor Inc,4520,452030,45,45203010,D,USA,541512,7373,185,940, ,RI,NESTOR INC,NEST
7817, , ,4/30/11,Providence,Nestor Inc,4520,452030,45,45203010,D,USA,541512,7373,185,940, ,RI,NESTOR INC,NEST
7817, , ,5/31/11,Providence,Nestor Inc,4520,452030,45,45203010,D,USA,541512,7373,185,940, ,RI,NESTOR INC,NEST
7817, , ,6/30/11,Providence,Nestor Inc,4520,452030,45,45203010,D,USA,541512,7373,185,940, ,RI,NESTOR INC,NEST
7817, , ,7/31/11,Providence,Nestor Inc,4520,452030,45,45203010,D,USA,541512,7373,185,940, ,RI,NESTOR INC,NEST
7817, , ,8/31/11,Providence,Nestor Inc,4520,452030,45,45203010,D,USA,541512,7373,185,940, ,RI,NESTOR INC,NEST
7817, , ,9/30/11,Providence,Nestor Inc,4520,452030,45,45203010,D,USA,541512,7373,185,940, ,RI,NESTOR INC,NEST
7817, , ,10/31/11,Providence,Nestor Inc,4520,452030,45,45203010,D,USA,541512,7373,185,940, ,RI,NESTOR INC,NEST
7817, , ,11/30/11,Providence,Nestor Inc,4520,452030,45,45203010,D,USA,541512,7373,185,940, ,RI,NESTOR INC,NEST
7817, , ,12/31/11,Providence,Nestor Inc,4520,452030,45,45203010,D,USA,541512,7373,185,940, ,RI,NESTOR INC,NEST
7817, , ,1/31/12,Providence,Nestor Inc,4520,452030,45,45203010,D,USA,541512,7373,185,940, ,RI,NESTOR INC,NEST
7817, , ,2/29/12,Providence,Nestor Inc,4520,452030,45,45203010,D,USA,541512,7373,185,940, ,RI,NESTOR INC,NEST
7817, , ,3/31/12,Providence,Nestor Inc,4520,452030,45,45203010,D,USA,541512,7373,185,940, ,RI,NESTOR INC,NEST
7817, , ,4/30/12,Providence,Nestor Inc,4520,452030,45,45203010,D,USA,541512,7373,185,940, ,RI,NESTOR INC,NEST
7817, , ,5/31/12,Providence,Nestor Inc,4520,452030,45,45203010,D,USA,541512,7373,185,940, ,RI,NESTOR INC,NEST
7817, , ,6/30/12,Providence,Nestor Inc,4520,452030,45,45203010,D,USA,541512,7373,185,940, ,RI,NESTOR INC,NEST
7817, , ,7/31/12,Providence,Nestor Inc,4520,452030,45,45203010,D,USA,541512,7373,185,940, ,RI,NESTOR INC,NEST
7817, , ,8/31/12,Providence,Nestor Inc,4520,452030,45,45203010,D,USA,541512,7373,185,940, ,RI,NESTOR INC,NEST
7817, , ,9/30/12,Providence,Nestor Inc,4520,452030,45,45203010,D,USA,541512,7373,185,940, ,RI,NESTOR INC,NEST
7817, , ,10/31/12,Providence,Nestor Inc,4520,452030,45,45203010,D,USA,541512,7373,185,940, ,RI,NESTOR INC,NEST
7817, , ,11/30/12,Providence,Nestor Inc,4520,452030,45,45203010,D,USA,541512,7373,185,940, ,RI,NESTOR INC,NEST
7817, , ,12/31/12,Providence,Nestor Inc,4520,452030,45,45203010,D,USA,541512,7373,185,940, ,RI,NESTOR INC,NEST
7817, , ,1/31/13,Providence,Nestor Inc,4520,452030,45,45203010,D,USA,541512,7373,185,940, ,RI,NESTOR INC,NEST
7817, , ,2/28/13,Providence,Nestor Inc,4520,452030,45,45203010,D,USA,541512,7373,185,940, ,RI,NESTOR INC,NEST
7817, , ,3/31/13,Providence,Nestor Inc,4520,452030,45,45203010,D,USA,541512,7373,185,940, ,RI,NESTOR INC,NEST
7817, , ,4/30/13,Providence,Nestor Inc,4520,452030,45,45203010,D,USA,541512,7373,185,940, ,RI,NESTOR INC,NEST
7817, , ,5/31/13,Providence,Nestor Inc,4520,452030,45,45203010,D,USA,541512,7373,185,940, ,RI,NESTOR INC,NEST
7817, , ,6/30/13,Providence,Nestor Inc,4520,452030,45,45203010,D,USA,541512,7373,185,940, ,RI,NESTOR INC,NEST
7817, , ,7/31/13,Providence,Nestor Inc,4520,452030,45,45203010,D,USA,541512,7373,185,940, ,RI,NESTOR INC,NEST
7817, , ,8/31/13,Providence,Nestor Inc,4520,452030,45,45203010,D,USA,541512,7373,185,940, ,RI,NESTOR INC,NEST
7817, , ,9/30/13,Providence,Nestor Inc,4520,452030,45,45203010,D,USA,541512,7373,185,940, ,RI,NESTOR INC,NEST
7817, , ,10/31/13,Providence,Nestor Inc,4520,452030,45,45203010,D,USA,541512,7373,185,940, ,RI,NESTOR INC,NEST
7883, , ,1/31/10,Irvine,Newport Corp,4520,452030,45,45203010,D,USA,335999,3690,230,940,B-,CA,NEWPORT CORP,NEWP
7883, , ,2/28/10,Irvine,Newport Corp,4520,452030,45,45203010,D,USA,335999,3690,230,940,B-,CA,NEWPORT CORP,NEWP
7883, , ,3/31/10,Irvine,Newport Corp,4520,452030,45,45203010,D,USA,335999,3690,230,940,B-,CA,NEWPORT CORP,NEWP
7883, , ,4/30/10,Irvine,Newport Corp,4520,452030,45,45203010,D,USA,335999,3690,230,940,B-,CA,NEWPORT CORP,NEWP
7883, , ,5/31/10,Irvine,Newport Corp,4520,452030,45,45203010,D,USA,335999,3690,230,940,B-,CA,NEWPORT CORP,NEWP
7883, , ,6/30/10,Irvine,Newport Corp,4520,452030,45,45203010,D,USA,335999,3690,230,940,B-,CA,NEWPORT CORP,NEWP
7883, , ,7/31/10,Irvine,Newport Corp,4520,452030,45,45203010,D,USA,335999,3690,230,940,B-,CA,NEWPORT CORP,NEWP
7883, , ,8/31/10,Irvine,Newport Corp,4520,452030,45,45203010,D,USA,335999,3690,230,940,B-,CA,NEWPORT CORP,NEWP
7883, , ,9/30/10,Irvine,Newport Corp,4520,452030,45,45203010,D,USA,335999,3690,230,940,B-,CA,NEWPORT CORP,NEWP
7883, , ,10/31/10,Irvine,Newport Corp,4520,452030,45,45203010,D,USA,335999,3690,230,940,B-,CA,NEWPORT CORP,NEWP
7883, , ,11/30/10,Irvine,Newport Corp,4520,452030,45,45203010,D,USA,335999,3690,230,940,B-,CA,NEWPORT CORP,NEWP
7883, , ,12/31/10,Irvine,Newport Corp,4520,452030,45,45203010,D,USA,335999,3690,230,940,B-,CA,NEWPORT CORP,NEWP
7883, , ,1/31/11,Irvine,Newport Corp,4520,452030,45,45203010,D,USA,335999,3690,230,940,B-,CA,NEWPORT CORP,NEWP
7883, , ,2/28/11,Irvine,Newport Corp,4520,452030,45,45203010,D,USA,335999,3690,230,940,B-,CA,NEWPORT CORP,NEWP
7883, , ,3/31/11,Irvine,Newport Corp,4520,452030,45,45203010,D,USA,335999,3690,230,940,B-,CA,NEWPORT CORP,NEWP
7883, , ,4/30/11,Irvine,Newport Corp,4520,452030,45,45203010,D,USA,335999,3690,230,940,B-,CA,NEWPORT CORP,NEWP
7883, , ,5/31/11,Irvine,Newport Corp,4520,452030,45,45203010,D,USA,335999,3690,230,940,B-,CA,NEWPORT CORP,NEWP
7883, , ,6/30/11,Irvine,Newport Corp,4520,452030,45,45203010,D,USA,335999,3690,230,940,B-,CA,NEWPORT CORP,NEWP
7883, , ,7/31/11,Irvine,Newport Corp,4520,452030,45,45203010,D,USA,335999,3690,230,940,B-,CA,NEWPORT CORP,NEWP
7883, , ,8/31/11,Irvine,Newport Corp,4520,452030,45,45203010,D,USA,335999,3690,230,940,B-,CA,NEWPORT CORP,NEWP
7883, , ,9/30/11,Irvine,Newport Corp,4520,452030,45,45203010,D,USA,335999,3690,230,940,B-,CA,NEWPORT CORP,NEWP
7883, , ,10/31/11,Irvine,Newport Corp,4520,452030,45,45203010,D,USA,335999,3690,230,940,B-,CA,NEWPORT CORP,NEWP
7883, , ,11/30/11,Irvine,Newport Corp,4520,452030,45,45203010,D,USA,335999,3690,230,940,B-,CA,NEWPORT CORP,NEWP
7883, , ,12/31/11,Irvine,Newport Corp,4520,452030,45,45203010,D,USA,335999,3690,230,940,B-,CA,NEWPORT CORP,NEWP
7883, , ,1/31/12,Irvine,Newport Corp,4520,452030,45,45203010,D,USA,335999,3690,230,940,B-,CA,NEWPORT CORP,NEWP
7883, , ,2/29/12,Irvine,Newport Corp,4520,452030,45,45203010,D,USA,335999,3690,230,940,B-,CA,NEWPORT CORP,NEWP
7883, , ,3/31/12,Irvine,Newport Corp,4520,452030,45,45203010,D,USA,335999,3690,230,940,B-,CA,NEWPORT CORP,NEWP
7883, , ,4/30/12,Irvine,Newport Corp,4520,452030,45,45203010,D,USA,335999,3690,230,940,B-,CA,NEWPORT CORP,NEWP
7883, , ,5/31/12,Irvine,Newport Corp,4520,452030,45,45203010,D,USA,335999,3690,230,940,B-,CA,NEWPORT CORP,NEWP
7883, , ,6/30/12,Irvine,Newport Corp,4520,452030,45,45203010,D,USA,335999,3690,230,940,B-,CA,NEWPORT CORP,NEWP
7883, , ,7/31/12,Irvine,Newport Corp,4520,452030,45,45203010,D,USA,335999,3690,230,940,B-,CA,NEWPORT CORP,NEWP
7883, , ,8/31/12,Irvine,Newport Corp,4520,452030,45,45203010,D,USA,335999,3690,230,940,B-,CA,NEWPORT CORP,NEWP
7883, , ,9/30/12,Irvine,Newport Corp,4520,452030,45,45203010,D,USA,335999,3690,230,940,B-,CA,NEWPORT CORP,NEWP
7883, , ,10/31/12,Irvine,Newport Corp,4520,452030,45,45203010,D,USA,335999,3690,230,940,B-,CA,NEWPORT CORP,NEWP
7883, , ,11/30/12,Irvine,Newport Corp,4520,452030,45,45203010,D,USA,335999,3690,230,940,B-,CA,NEWPORT CORP,NEWP
7883, , ,12/31/12,Irvine,Newport Corp,4520,452030,45,45203010,D,USA,335999,3690,230,940,B-,CA,NEWPORT CORP,NEWP
7883, , ,1/31/13,Irvine,Newport Corp,4520,452030,45,45203010,D,USA,335999,3690,230,940,B-,CA,NEWPORT CORP,NEWP
7883, , ,2/28/13,Irvine,Newport Corp,4520,452030,45,45203010,D,USA,335999,3690,230,940,B-,CA,NEWPORT CORP,NEWP
7883, , ,3/31/13,Irvine,Newport Corp,4520,452030,45,45203010,D,USA,335999,3690,230,940,B-,CA,NEWPORT CORP,NEWP
7883, , ,4/30/13,Irvine,Newport Corp,4520,452030,45,45203010,D,USA,335999,3690,230,940,B-,CA,NEWPORT CORP,NEWP
7883, , ,5/31/13,Irvine,Newport Corp,4520,452030,45,45203010,D,USA,335999,3690,230,940,B-,CA,NEWPORT CORP,NEWP
7883, , ,6/30/13,Irvine,Newport Corp,4520,452030,45,45203010,D,USA,335999,3690,230,940,B-,CA,NEWPORT CORP,NEWP
7883, , ,7/31/13,Irvine,Newport Corp,4520,452030,45,45203010,D,USA,335999,3690,230,940,B-,CA,NEWPORT CORP,NEWP
7883, , ,8/31/13,Irvine,Newport Corp,4520,452030,45,45203010,D,USA,335999,3690,230,940,B-,CA,NEWPORT CORP,NEWP
7883, , ,9/30/13,Irvine,Newport Corp,4520,452030,45,45203010,D,USA,335999,3690,230,940,B-,CA,NEWPORT CORP,NEWP
7883, , ,10/31/13,Irvine,Newport Corp,4520,452030,45,45203010,D,USA,335999,3690,230,940,B-,CA,NEWPORT CORP,NEWP
7980,D,C,1/31/10,Mississauga,Nortel Networks Corp,4520,452010,45,45201020,D,CAN,334210,3661,180,940,D,ON,NORTEL NETWORKS CORP,NRTLQ
7980,D,C,2/28/10,Mississauga,Nortel Networks Corp,4520,452010,45,45201020,D,CAN,334210,3661,180,940,D,ON,NORTEL NETWORKS CORP,NRTLQ
7980,D,C,3/31/10,Mississauga,Nortel Networks Corp,4520,452010,45,45201020,D,CAN,334210,3661,180,940,D,ON,NORTEL NETWORKS CORP,NRTLQ
7980,D,C,4/30/10,Mississauga,Nortel Networks Corp,4520,452010,45,45201020,D,CAN,334210,3661,180,940,D,ON,NORTEL NETWORKS CORP,NRTLQ
7980,D,C,5/31/10,Mississauga,Nortel Networks Corp,4520,452010,45,45201020,D,CAN,334210,3661,180,940,D,ON,NORTEL NETWORKS CORP,NRTLQ
7980,D,C,6/30/10,Mississauga,Nortel Networks Corp,4520,452010,45,45201020,D,CAN,334210,3661,180,940,D,ON,NORTEL NETWORKS CORP,NRTLQ
7980,D,C,7/31/10,Mississauga,Nortel Networks Corp,4520,452010,45,45201020,D,CAN,334210,3661,180,940,D,ON,NORTEL NETWORKS CORP,NRTLQ
7980,D,C,8/31/10,Mississauga,Nortel Networks Corp,4520,452010,45,45201020,D,CAN,334210,3661,180,940,D,ON,NORTEL NETWORKS CORP,NRTLQ
7980,D,C,9/30/10,Mississauga,Nortel Networks Corp,4520,452010,45,45201020,D,CAN,334210,3661,180,940,D,ON,NORTEL NETWORKS CORP,NRTLQ
7980,D,C,10/31/10,Mississauga,Nortel Networks Corp,4520,452010,45,45201020,D,CAN,334210,3661,180,940,D,ON,NORTEL NETWORKS CORP,NRTLQ
7980,D,C,11/30/10,Mississauga,Nortel Networks Corp,4520,452010,45,45201020,D,CAN,334210,3661,180,940,D,ON,NORTEL NETWORKS CORP,NRTLQ
7980,D,C,12/31/10,Mississauga,Nortel Networks Corp,4520,452010,45,45201020,D,CAN,334210,3661,180,940,D,ON,NORTEL NETWORKS CORP,NRTLQ
7980,D,C,1/31/11,Mississauga,Nortel Networks Corp,4520,452010,45,45201020,D,CAN,334210,3661,180,940,D,ON,NORTEL NETWORKS CORP,NRTLQ
7980,D,C,2/28/11,Mississauga,Nortel Networks Corp,4520,452010,45,45201020,D,CAN,334210,3661,180,940,D,ON,NORTEL NETWORKS CORP,NRTLQ
7980,D,C,3/31/11,Mississauga,Nortel Networks Corp,4520,452010,45,45201020,D,CAN,334210,3661,180,940,D,ON,NORTEL NETWORKS CORP,NRTLQ
7980,D,C,4/30/11,Mississauga,Nortel Networks Corp,4520,452010,45,45201020,D,CAN,334210,3661,180,940,D,ON,NORTEL NETWORKS CORP,NRTLQ
7980,D,C,5/31/11,Mississauga,Nortel Networks Corp,4520,452010,45,45201020,D,CAN,334210,3661,180,940,D,ON,NORTEL NETWORKS CORP,NRTLQ
7980,D,C,6/30/11,Mississauga,Nortel Networks Corp,4520,452010,45,45201020,D,CAN,334210,3661,180,940,D,ON,NORTEL NETWORKS CORP,NRTLQ
7980,D,C,7/31/11,Mississauga,Nortel Networks Corp,4520,452010,45,45201020,D,CAN,334210,3661,180,940,D,ON,NORTEL NETWORKS CORP,NRTLQ
7980,D,C,8/31/11,Mississauga,Nortel Networks Corp,4520,452010,45,45201020,D,CAN,334210,3661,180,940,D,ON,NORTEL NETWORKS CORP,NRTLQ
7980,D,C,9/30/11,Mississauga,Nortel Networks Corp,4520,452010,45,45201020,D,CAN,334210,3661,180,940,D,ON,NORTEL NETWORKS CORP,NRTLQ
7980,D,C,10/31/11,Mississauga,Nortel Networks Corp,4520,452010,45,45201020,D,CAN,334210,3661,180,940,D,ON,NORTEL NETWORKS CORP,NRTLQ
7980,D,C,11/30/11,Mississauga,Nortel Networks Corp,4520,452010,45,45201020,D,CAN,334210,3661,180,940,D,ON,NORTEL NETWORKS CORP,NRTLQ
7980,D,C,12/31/11,Mississauga,Nortel Networks Corp,4520,452010,45,45201020,D,CAN,334210,3661,180,940,D,ON,NORTEL NETWORKS CORP,NRTLQ
7980,D,C,1/31/12,Mississauga,Nortel Networks Corp,4520,452010,45,45201020,D,CAN,334210,3661,180,940,D,ON,NORTEL NETWORKS CORP,NRTLQ
7980,D,C,2/29/12,Mississauga,Nortel Networks Corp,4520,452010,45,45201020,D,CAN,334210,3661,180,940,D,ON,NORTEL NETWORKS CORP,NRTLQ
7980,D,C,3/31/12,Mississauga,Nortel Networks Corp,4520,452010,45,45201020,D,CAN,334210,3661,180,940,D,ON,NORTEL NETWORKS CORP,NRTLQ
7980,D,C,4/30/12,Mississauga,Nortel Networks Corp,4520,452010,45,45201020,D,CAN,334210,3661,180,940,D,ON,NORTEL NETWORKS CORP,NRTLQ
7980,D,C,5/31/12,Mississauga,Nortel Networks Corp,4520,452010,45,45201020,D,CAN,334210,3661,180,940,D,ON,NORTEL NETWORKS CORP,NRTLQ
7980,D,C,6/30/12,Mississauga,Nortel Networks Corp,4520,452010,45,45201020,D,CAN,334210,3661,180,940,D,ON,NORTEL NETWORKS CORP,NRTLQ
7980,D,C,7/31/12,Mississauga,Nortel Networks Corp,4520,452010,45,45201020,D,CAN,334210,3661,180,940,D,ON,NORTEL NETWORKS CORP,NRTLQ
7980,D,C,8/31/12,Mississauga,Nortel Networks Corp,4520,452010,45,45201020,D,CAN,334210,3661,180,940,D,ON,NORTEL NETWORKS CORP,NRTLQ
7980,D,C,9/30/12,Mississauga,Nortel Networks Corp,4520,452010,45,45201020,D,CAN,334210,3661,180,940,D,ON,NORTEL NETWORKS CORP,NRTLQ
7980,D,C,10/31/12,Mississauga,Nortel Networks Corp,4520,452010,45,45201020,D,CAN,334210,3661,180,940,D,ON,NORTEL NETWORKS CORP,NRTLQ
7980,D,C,11/30/12,Mississauga,Nortel Networks Corp,4520,452010,45,45201020,D,CAN,334210,3661,180,940,D,ON,NORTEL NETWORKS CORP,NRTLQ
7980,D,C,12/31/12,Mississauga,Nortel Networks Corp,4520,452010,45,45201020,D,CAN,334210,3661,180,940,D,ON,NORTEL NETWORKS CORP,NRTLQ
7980,D,C,1/31/13,Mississauga,Nortel Networks Corp,4520,452010,45,45201020,D,CAN,334210,3661,180,940,D,ON,NORTEL NETWORKS CORP,NRTLQ
7980,D,C,2/28/13,Mississauga,Nortel Networks Corp,4520,452010,45,45201020,D,CAN,334210,3661,180,940,D,ON,NORTEL NETWORKS CORP,NRTLQ
7980,D,C,3/31/13,Mississauga,Nortel Networks Corp,4520,452010,45,45201020,D,CAN,334210,3661,180,940,D,ON,NORTEL NETWORKS CORP,NRTLQ
7980,D,C,4/30/13,Mississauga,Nortel Networks Corp,4520,452010,45,45201020,D,CAN,334210,3661,180,940,D,ON,NORTEL NETWORKS CORP,NRTLQ
7980,D,C,5/31/13,Mississauga,Nortel Networks Corp,4520,452010,45,45201020,D,CAN,334210,3661,180,940,D,ON,NORTEL NETWORKS CORP,NRTLQ
7980,D,C,6/30/13,Mississauga,Nortel Networks Corp,4520,452010,45,45201020,D,CAN,334210,3661,180,940,D,ON,NORTEL NETWORKS CORP,NRTLQ
7980,D,C,7/31/13,Mississauga,Nortel Networks Corp,4520,452010,45,45201020,D,CAN,334210,3661,180,940,D,ON,NORTEL NETWORKS CORP,NRTLQ
7980,D,C,8/31/13,Mississauga,Nortel Networks Corp,4520,452010,45,45201020,D,CAN,334210,3661,180,940,D,ON,NORTEL NETWORKS CORP,NRTLQ
7980,D,C,9/30/13,Mississauga,Nortel Networks Corp,4520,452010,45,45201020,D,CAN,334210,3661,180,940,D,ON,NORTEL NETWORKS CORP,NRTLQ
7980,D,C,10/31/13,Mississauga,Nortel Networks Corp,4520,452010,45,45201020,D,CAN,334210,3661,180,940,D,ON,NORTEL NETWORKS CORP,NRTLQ
7980,D,C,11/30/13,Mississauga,Nortel Networks Corp,4520,452010,45,45201020,D,CAN,334210,3661,180,940,D,ON,NORTEL NETWORKS CORP,NRTLQ
7980,D,C,12/31/13,Mississauga,Nortel Networks Corp,4520,452010,45,45201020,D,CAN,334210,3661,180,940,D,ON,NORTEL NETWORKS CORP,NRTLQ
7980,D,C,1/31/14,Mississauga,Nortel Networks Corp,4520,452010,45,45201020,D,CAN,334210,3661,180,940,D,ON,NORTEL NETWORKS CORP,NRTLQ
7980,D,C,2/28/14,Mississauga,Nortel Networks Corp,4520,452010,45,45201020,D,CAN,334210,3661,180,940,D,ON,NORTEL NETWORKS CORP,NRTLQ
7980,D,C,3/31/14,Mississauga,Nortel Networks Corp,4520,452010,45,45201020,D,CAN,334210,3661,180,940,D,ON,NORTEL NETWORKS CORP,NRTLQ
7980,D,C,4/30/14,Mississauga,Nortel Networks Corp,4520,452010,45,45201020,D,CAN,334210,3661,180,940,D,ON,NORTEL NETWORKS CORP,NRTLQ
7980,D,C,5/31/14,Mississauga,Nortel Networks Corp,4520,452010,45,45201020,D,CAN,334210,3661,180,940,D,ON,NORTEL NETWORKS CORP,NRTLQ
7980,D,C,6/30/14,Mississauga,Nortel Networks Corp,4520,452010,45,45201020,D,CAN,334210,3661,180,940,D,ON,NORTEL NETWORKS CORP,NRTLQ
8017, , ,1/31/10,Melville,Nu Horizons Electronics Corp,4520,452030,45,45203030,D,USA,423690,5065,222,940,C,NY,NU HORIZONS ELECTRONICS CORP,NUHC
8017, , ,2/28/10,Melville,Nu Horizons Electronics Corp,4520,452030,45,45203030,D,USA,423690,5065,222,940,C,NY,NU HORIZONS ELECTRONICS CORP,NUHC
8017, , ,3/31/10,Melville,Nu Horizons Electronics Corp,4520,452030,45,45203030,D,USA,423690,5065,222,940,C,NY,NU HORIZONS ELECTRONICS CORP,NUHC
8017, , ,4/30/10,Melville,Nu Horizons Electronics Corp,4520,452030,45,45203030,D,USA,423690,5065,222,940,C,NY,NU HORIZONS ELECTRONICS CORP,NUHC
8017, , ,5/31/10,Melville,Nu Horizons Electronics Corp,4520,452030,45,45203030,D,USA,423690,5065,222,940,C,NY,NU HORIZONS ELECTRONICS CORP,NUHC
8017, , ,6/30/10,Melville,Nu Horizons Electronics Corp,4520,452030,45,45203030,D,USA,423690,5065,222,940,C,NY,NU HORIZONS ELECTRONICS CORP,NUHC
8017, , ,7/31/10,Melville,Nu Horizons Electronics Corp,4520,452030,45,45203030,D,USA,423690,5065,222,940,C,NY,NU HORIZONS ELECTRONICS CORP,NUHC
8017, , ,8/31/10,Melville,Nu Horizons Electronics Corp,4520,452030,45,45203030,D,USA,423690,5065,222,940,C,NY,NU HORIZONS ELECTRONICS CORP,NUHC
8017, , ,9/30/10,Melville,Nu Horizons Electronics Corp,4520,452030,45,45203030,D,USA,423690,5065,222,940,C,NY,NU HORIZONS ELECTRONICS CORP,NUHC
8017, , ,10/31/10,Melville,Nu Horizons Electronics Corp,4520,452030,45,45203030,D,USA,423690,5065,222,940,C,NY,NU HORIZONS ELECTRONICS CORP,NUHC
8017, , ,11/30/10,Melville,Nu Horizons Electronics Corp,4520,452030,45,45203030,D,USA,423690,5065,222,940,C,NY,NU HORIZONS ELECTRONICS CORP,NUHC
8017, , ,12/31/10,Melville,Nu Horizons Electronics Corp,4520,452030,45,45203030,D,USA,423690,5065,222,940,C,NY,NU HORIZONS ELECTRONICS CORP,NUHC
8017, , ,1/31/11,Melville,Nu Horizons Electronics Corp,4520,452030,45,45203030,D,USA,423690,5065,222,940,C,NY,NU HORIZONS ELECTRONICS CORP,NUHC
8047, , ,1/31/10,College Station,O. I. Corp,4520,452030,45,45203010,D,USA,334516,3826,230,940,B-,TX,O I CORP,OICO
8047, , ,2/28/10,College Station,O. I. Corp,4520,452030,45,45203010,D,USA,334516,3826,230,940,B-,TX,O I CORP,OICO
8047, , ,3/31/10,College Station,O. I. Corp,4520,452030,45,45203010,D,USA,334516,3826,230,940,B-,TX,O I CORP,OICO
8047, , ,4/30/10,College Station,O. I. Corp,4520,452030,45,45203010,D,USA,334516,3826,230,940,B-,TX,O I CORP,OICO
8047, , ,5/31/10,College Station,O. I. Corp,4520,452030,45,45203010,D,USA,334516,3826,230,940,B-,TX,O I CORP,OICO
8047, , ,6/30/10,College Station,O. I. Corp,4520,452030,45,45203010,D,USA,334516,3826,230,940,B-,TX,O I CORP,OICO
8047, , ,7/31/10,College Station,O. I. Corp,4520,452030,45,45203010,D,USA,334516,3826,230,940,B-,TX,O I CORP,OICO
8047, , ,8/31/10,College Station,O. I. Corp,4520,452030,45,45203010,D,USA,334516,3826,230,940,B-,TX,O I CORP,OICO
8047, , ,9/30/10,College Station,O. I. Corp,4520,452030,45,45203010,D,USA,334516,3826,230,940,B-,TX,O I CORP,OICO
8047, , ,10/31/10,College Station,O. I. Corp,4520,452030,45,45203010,D,USA,334516,3826,230,940,B-,TX,O I CORP,OICO
8047, , ,11/30/10,College Station,O. I. Corp,4520,452030,45,45203010,D,USA,334516,3826,230,940,B-,TX,O I CORP,OICO
8071, , ,1/31/10,Venlo,"OCE NV, Venlo",4520,452040,45,45204010,B,NLD,333315,3861,403,940, , ,OCE NV,OCENY
8071, , ,2/28/10,Venlo,"OCE NV, Venlo",4520,452040,45,45204010,B,NLD,333315,3861,403,940, , ,OCE NV,OCENY
8071, , ,3/31/10,Venlo,"OCE NV, Venlo",4520,452040,45,45204010,B,NLD,333315,3861,403,940, , ,OCE NV,OCENY
8071, , ,4/30/10,Venlo,"OCE NV, Venlo",4520,452040,45,45204010,B,NLD,333315,3861,403,940, , ,OCE NV,OCENY
8071, , ,5/31/10,Venlo,"OCE NV, Venlo",4520,452040,45,45204010,B,NLD,333315,3861,403,940, , ,OCE NV,OCENY
8071, , ,6/30/10,Venlo,"OCE NV, Venlo",4520,452040,45,45204010,B,NLD,333315,3861,403,940, , ,OCE NV,OCENY
8071, , ,7/31/10,Venlo,"OCE NV, Venlo",4520,452040,45,45204010,B,NLD,333315,3861,403,940, , ,OCE NV,OCENY
8071, , ,8/31/10,Venlo,"OCE NV, Venlo",4520,452040,45,45204010,B,NLD,333315,3861,403,940, , ,OCE NV,OCENY
8071, , ,9/30/10,Venlo,"OCE NV, Venlo",4520,452040,45,45204010,B,NLD,333315,3861,403,940, , ,OCE NV,OCENY
8071, , ,10/31/10,Venlo,"OCE NV, Venlo",4520,452040,45,45204010,B,NLD,333315,3861,403,940, , ,OCE NV,OCENY
8071, , ,11/30/10,Venlo,"OCE NV, Venlo",4520,452040,45,45204010,B,NLD,333315,3861,403,940, , ,OCE NV,OCENY
8071, , ,12/31/10,Venlo,"OCE NV, Venlo",4520,452040,45,45204010,B,NLD,333315,3861,403,940, , ,OCE NV,OCENY
8071, , ,1/31/11,Venlo,"OCE NV, Venlo",4520,452040,45,45204010,B,NLD,333315,3861,403,940, , ,OCE NV,OCENY
8071, , ,2/28/11,Venlo,"OCE NV, Venlo",4520,452040,45,45204010,B,NLD,333315,3861,403,940, , ,OCE NV,OCENY
8071, , ,3/31/11,Venlo,"OCE NV, Venlo",4520,452040,45,45204010,B,NLD,333315,3861,403,940, , ,OCE NV,OCENY
8071, , ,4/30/11,Venlo,"OCE NV, Venlo",4520,452040,45,45204010,B,NLD,333315,3861,403,940, , ,OCE NV,OCENY
8071, , ,5/31/11,Venlo,"OCE NV, Venlo",4520,452040,45,45204010,B,NLD,333315,3861,403,940, , ,OCE NV,OCENY
8071, , ,6/30/11,Venlo,"OCE NV, Venlo",4520,452040,45,45204010,B,NLD,333315,3861,403,940, , ,OCE NV,OCENY
8071, , ,7/31/11,Venlo,"OCE NV, Venlo",4520,452040,45,45204010,B,NLD,333315,3861,403,940, , ,OCE NV,OCENY
8071, , ,8/31/11,Venlo,"OCE NV, Venlo",4520,452040,45,45204010,B,NLD,333315,3861,403,940, , ,OCE NV,OCENY
8071, , ,9/30/11,Venlo,"OCE NV, Venlo",4520,452040,45,45204010,B,NLD,333315,3861,403,940, , ,OCE NV,OCENY
8071, , ,10/31/11,Venlo,"OCE NV, Venlo",4520,452040,45,45204010,B,NLD,333315,3861,403,940, , ,OCE NV,OCENY
8071, , ,11/30/11,Venlo,"OCE NV, Venlo",4520,452040,45,45204010,B,NLD,333315,3861,403,940, , ,OCE NV,OCENY
8071, , ,12/31/11,Venlo,"OCE NV, Venlo",4520,452040,45,45204010,B,NLD,333315,3861,403,940, , ,OCE NV,OCENY
8071, , ,1/31/12,Venlo,"OCE NV, Venlo",4520,452040,45,45204010,B,NLD,333315,3861,403,940, , ,OCE NV,OCENY
8071, , ,2/29/12,Venlo,"OCE NV, Venlo",4520,452040,45,45204010,B,NLD,333315,3861,403,940, , ,OCE NV,OCENY
8087, , ,1/31/10,Santa Ana,Iteris Inc,4520,452030,45,45203010,D,USA,334220,3663,180,940,B-,CA,ITERIS INC,ITI
8087, , ,2/28/10,Santa Ana,Iteris Inc,4520,452030,45,45203010,D,USA,334220,3663,180,940,B-,CA,ITERIS INC,ITI
8087, , ,3/31/10,Santa Ana,Iteris Inc,4520,452030,45,45203010,D,USA,334220,3663,180,940,B-,CA,ITERIS INC,ITI
8087, , ,4/30/10,Santa Ana,Iteris Inc,4520,452030,45,45203010,D,USA,334220,3663,180,940,B-,CA,ITERIS INC,ITI
8087, , ,5/31/10,Santa Ana,Iteris Inc,4520,452030,45,45203010,D,USA,334220,3663,180,940,B-,CA,ITERIS INC,ITI
8087, , ,6/30/10,Santa Ana,Iteris Inc,4520,452030,45,45203010,D,USA,334220,3663,180,940,B-,CA,ITERIS INC,ITI
8087, , ,7/31/10,Santa Ana,Iteris Inc,4520,452030,45,45203010,D,USA,334220,3663,180,940,B-,CA,ITERIS INC,ITI
8087, , ,8/31/10,Santa Ana,Iteris Inc,4520,452030,45,45203010,D,USA,334220,3663,180,940,B-,CA,ITERIS INC,ITI
8087, , ,9/30/10,Santa Ana,Iteris Inc,4520,452030,45,45203010,D,USA,334220,3663,180,940,B-,CA,ITERIS INC,ITI
8087, , ,10/31/10,Santa Ana,Iteris Inc,4520,452030,45,45203010,D,USA,334220,3663,180,940,B-,CA,ITERIS INC,ITI
8087, , ,11/30/10,Santa Ana,Iteris Inc,4520,452030,45,45203010,D,USA,334220,3663,180,940,B-,CA,ITERIS INC,ITI
8087, , ,12/31/10,Santa Ana,Iteris Inc,4520,452030,45,45203010,D,USA,334220,3663,180,940,B-,CA,ITERIS INC,ITI
8087, , ,1/31/11,Santa Ana,Iteris Inc,4520,452030,45,45203010,D,USA,334220,3663,180,940,B-,CA,ITERIS INC,ITI
8087, , ,2/28/11,Santa Ana,Iteris Inc,4520,452030,45,45203010,D,USA,334220,3663,180,940,B-,CA,ITERIS INC,ITI
8087, , ,3/31/11,Santa Ana,Iteris Inc,4520,452030,45,45203010,D,USA,334220,3663,180,940,B-,CA,ITERIS INC,ITI
8087, , ,4/30/11,Santa Ana,Iteris Inc,4520,452030,45,45203010,D,USA,334220,3663,180,940,B-,CA,ITERIS INC,ITI
8087, , ,5/31/11,Santa Ana,Iteris Inc,4520,452030,45,45203010,D,USA,334220,3663,180,940,B-,CA,ITERIS INC,ITI
8087, , ,6/30/11,Santa Ana,Iteris Inc,4520,452030,45,45203010,D,USA,334220,3663,180,940,B-,CA,ITERIS INC,ITI
8087, , ,7/31/11,Santa Ana,Iteris Inc,4520,452030,45,45203010,D,USA,334220,3663,180,940,B-,CA,ITERIS INC,ITI
8087, , ,8/31/11,Santa Ana,Iteris Inc,4520,452030,45,45203010,D,USA,334220,3663,180,940,B-,CA,ITERIS INC,ITI
8087, , ,9/30/11,Santa Ana,Iteris Inc,4520,452030,45,45203010,D,USA,334220,3663,180,940,B-,CA,ITERIS INC,ITI
8087, , ,10/31/11,Santa Ana,Iteris Inc,4520,452030,45,45203010,D,USA,334220,3663,180,940,B-,CA,ITERIS INC,ITI
8087, , ,11/30/11,Santa Ana,Iteris Inc,4520,452030,45,45203010,D,USA,334220,3663,180,940,B-,CA,ITERIS INC,ITI
8087, , ,12/31/11,Santa Ana,Iteris Inc,4520,452030,45,45203010,D,USA,334220,3663,180,940,B-,CA,ITERIS INC,ITI
8087, , ,1/31/12,Santa Ana,Iteris Inc,4520,452030,45,45203010,D,USA,334220,3663,180,940,B-,CA,ITERIS INC,ITI
8087, , ,2/29/12,Santa Ana,Iteris Inc,4520,452030,45,45203010,D,USA,334220,3663,180,940,B-,CA,ITERIS INC,ITI
8087, , ,3/31/12,Santa Ana,Iteris Inc,4520,452030,45,45203010,D,USA,334220,3663,180,940,B-,CA,ITERIS INC,ITI
8087, , ,4/30/12,Santa Ana,Iteris Inc,4520,452030,45,45203010,D,USA,334220,3663,180,940,B-,CA,ITERIS INC,ITI
8087, , ,5/31/12,Santa Ana,Iteris Inc,4520,452030,45,45203010,D,USA,334220,3663,180,940,B-,CA,ITERIS INC,ITI
8087, , ,6/30/12,Santa Ana,Iteris Inc,4520,452030,45,45203010,D,USA,334220,3663,180,940,B-,CA,ITERIS INC,ITI
8087, , ,7/31/12,Santa Ana,Iteris Inc,4520,452030,45,45203010,D,USA,334220,3663,180,940,B-,CA,ITERIS INC,ITI
8087, , ,8/31/12,Santa Ana,Iteris Inc,4520,452030,45,45203010,D,USA,334220,3663,180,940,B-,CA,ITERIS INC,ITI
8087, , ,9/30/12,Santa Ana,Iteris Inc,4520,452030,45,45203010,D,USA,334220,3663,180,940,B-,CA,ITERIS INC,ITI
8087, , ,10/31/12,Santa Ana,Iteris Inc,4520,452030,45,45203010,D,USA,334220,3663,180,940,B-,CA,ITERIS INC,ITI
8087, , ,11/30/12,Santa Ana,Iteris Inc,4520,452030,45,45203010,D,USA,334220,3663,180,940,B-,CA,ITERIS INC,ITI
8087, , ,12/31/12,Santa Ana,Iteris Inc,4520,452030,45,45203010,D,USA,334220,3663,180,940,B-,CA,ITERIS INC,ITI
8087, , ,1/31/13,Santa Ana,Iteris Inc,4520,452030,45,45203010,D,USA,334220,3663,180,940,B-,CA,ITERIS INC,ITI
8087, , ,2/28/13,Santa Ana,Iteris Inc,4520,452030,45,45203010,D,USA,334220,3663,180,940,B-,CA,ITERIS INC,ITI
8087, , ,3/31/13,Santa Ana,Iteris Inc,4520,452030,45,45203010,D,USA,334220,3663,180,940,B-,CA,ITERIS INC,ITI
8087, , ,4/30/13,Santa Ana,Iteris Inc,4520,452030,45,45203010,D,USA,334220,3663,180,940,B-,CA,ITERIS INC,ITI
8087, , ,5/31/13,Santa Ana,Iteris Inc,4520,452030,45,45203010,D,USA,334220,3663,180,940,B-,CA,ITERIS INC,ITI
8087, , ,6/30/13,Santa Ana,Iteris Inc,4520,452030,45,45203010,D,USA,334220,3663,180,940,B-,CA,ITERIS INC,ITI
8087, , ,7/31/13,Santa Ana,Iteris Inc,4520,452030,45,45203010,D,USA,334220,3663,180,940,B-,CA,ITERIS INC,ITI
8087, , ,8/31/13,Santa Ana,Iteris Inc,4520,452030,45,45203010,D,USA,334220,3663,180,940,B-,CA,ITERIS INC,ITI
8087, , ,9/30/13,Santa Ana,Iteris Inc,4520,452030,45,45203010,D,USA,334220,3663,180,940,B-,CA,ITERIS INC,ITI
8087, , ,10/31/13,Santa Ana,Iteris Inc,4520,452030,45,45203010,D,USA,334220,3663,180,940,B-,CA,ITERIS INC,ITI
8162, , ,1/31/10,Germantown,Optelecom-NKF Inc,4520,452010,45,45201020,D,USA,334220,3663,180,940,B,MD,OPTELECOM-NKF INC,OPTC
8162, , ,2/28/10,Germantown,Optelecom-NKF Inc,4520,452010,45,45201020,D,USA,334220,3663,180,940,B,MD,OPTELECOM-NKF INC,OPTC
8162, , ,3/31/10,Germantown,Optelecom-NKF Inc,4520,452010,45,45201020,D,USA,334220,3663,180,940,B,MD,OPTELECOM-NKF INC,OPTC
8162, , ,4/30/10,Germantown,Optelecom-NKF Inc,4520,452010,45,45201020,D,USA,334220,3663,180,940,B,MD,OPTELECOM-NKF INC,OPTC
8162, , ,5/31/10,Germantown,Optelecom-NKF Inc,4520,452010,45,45201020,D,USA,334220,3663,180,940,B,MD,OPTELECOM-NKF INC,OPTC
8162, , ,6/30/10,Germantown,Optelecom-NKF Inc,4520,452010,45,45201020,D,USA,334220,3663,180,940,B,MD,OPTELECOM-NKF INC,OPTC
8162, , ,7/31/10,Germantown,Optelecom-NKF Inc,4520,452010,45,45201020,D,USA,334220,3663,180,940,B,MD,OPTELECOM-NKF INC,OPTC
8162, , ,8/31/10,Germantown,Optelecom-NKF Inc,4520,452010,45,45201020,D,USA,334220,3663,180,940,B,MD,OPTELECOM-NKF INC,OPTC
8162, , ,9/30/10,Germantown,Optelecom-NKF Inc,4520,452010,45,45201020,D,USA,334220,3663,180,940,B,MD,OPTELECOM-NKF INC,OPTC
8162, , ,10/31/10,Germantown,Optelecom-NKF Inc,4520,452010,45,45201020,D,USA,334220,3663,180,940,B,MD,OPTELECOM-NKF INC,OPTC
8162, , ,11/30/10,Germantown,Optelecom-NKF Inc,4520,452010,45,45201020,D,USA,334220,3663,180,940,B,MD,OPTELECOM-NKF INC,OPTC
8162, , ,12/31/10,Germantown,Optelecom-NKF Inc,4520,452010,45,45201020,D,USA,334220,3663,180,940,B,MD,OPTELECOM-NKF INC,OPTC
8162, , ,1/31/11,Germantown,Optelecom-NKF Inc,4520,452010,45,45201020,D,USA,334220,3663,180,940,B,MD,OPTELECOM-NKF INC,OPTC
8169, , ,1/31/10,Yavne,Orbotech Ltd,4520,452030,45,45203010,B,ISR,334513,3823,230,940, , ,ORBOTECH LTD,ORBK
8169, , ,2/28/10,Yavne,Orbotech Ltd,4520,452030,45,45203010,B,ISR,334513,3823,230,940, , ,ORBOTECH LTD,ORBK
8169, , ,3/31/10,Yavne,Orbotech Ltd,4520,452030,45,45203010,B,ISR,334513,3823,230,940, , ,ORBOTECH LTD,ORBK
8169, , ,4/30/10,Yavne,Orbotech Ltd,4520,452030,45,45203010,B,ISR,334513,3823,230,940, , ,ORBOTECH LTD,ORBK
8169, , ,5/31/10,Yavne,Orbotech Ltd,4520,452030,45,45203010,B,ISR,334513,3823,230,940, , ,ORBOTECH LTD,ORBK
8169, , ,6/30/10,Yavne,Orbotech Ltd,4520,452030,45,45203010,B,ISR,334513,3823,230,940, , ,ORBOTECH LTD,ORBK
8169, , ,7/31/10,Yavne,Orbotech Ltd,4520,452030,45,45203010,B,ISR,334513,3823,230,940, , ,ORBOTECH LTD,ORBK
8169, , ,8/31/10,Yavne,Orbotech Ltd,4520,452030,45,45203010,B,ISR,334513,3823,230,940, , ,ORBOTECH LTD,ORBK
8169, , ,9/30/10,Yavne,Orbotech Ltd,4520,452030,45,45203010,B,ISR,334513,3823,230,940, , ,ORBOTECH LTD,ORBK
8169, , ,10/31/10,Yavne,Orbotech Ltd,4520,452030,45,45203010,B,ISR,334513,3823,230,940, , ,ORBOTECH LTD,ORBK
8169, , ,11/30/10,Yavne,Orbotech Ltd,4520,452030,45,45203010,B,ISR,334513,3823,230,940, , ,ORBOTECH LTD,ORBK
8169, , ,12/31/10,Yavne,Orbotech Ltd,4520,452030,45,45203010,B,ISR,334513,3823,230,940, , ,ORBOTECH LTD,ORBK
8169, , ,1/31/11,Yavne,Orbotech Ltd,4520,452030,45,45203010,B,ISR,334513,3823,230,940, , ,ORBOTECH LTD,ORBK
8169, , ,2/28/11,Yavne,Orbotech Ltd,4520,452030,45,45203010,B,ISR,334513,3823,230,940, , ,ORBOTECH LTD,ORBK
8169, , ,3/31/11,Yavne,Orbotech Ltd,4520,452030,45,45203010,B,ISR,334513,3823,230,940, , ,ORBOTECH LTD,ORBK
8169, , ,4/30/11,Yavne,Orbotech Ltd,4520,452030,45,45203010,B,ISR,334513,3823,230,940, , ,ORBOTECH LTD,ORBK
8169, , ,5/31/11,Yavne,Orbotech Ltd,4520,452030,45,45203010,B,ISR,334513,3823,230,940, , ,ORBOTECH LTD,ORBK
8169, , ,6/30/11,Yavne,Orbotech Ltd,4520,452030,45,45203010,B,ISR,334513,3823,230,940, , ,ORBOTECH LTD,ORBK
8169, , ,7/31/11,Yavne,Orbotech Ltd,4520,452030,45,45203010,B,ISR,334513,3823,230,940, , ,ORBOTECH LTD,ORBK
8169, , ,8/31/11,Yavne,Orbotech Ltd,4520,452030,45,45203010,B,ISR,334513,3823,230,940, , ,ORBOTECH LTD,ORBK
8169, , ,9/30/11,Yavne,Orbotech Ltd,4520,452030,45,45203010,B,ISR,334513,3823,230,940, , ,ORBOTECH LTD,ORBK
8169, , ,10/31/11,Yavne,Orbotech Ltd,4520,452030,45,45203010,B,ISR,334513,3823,230,940, , ,ORBOTECH LTD,ORBK
8169, , ,11/30/11,Yavne,Orbotech Ltd,4520,452030,45,45203010,B,ISR,334513,3823,230,940, , ,ORBOTECH LTD,ORBK
8169, , ,12/31/11,Yavne,Orbotech Ltd,4520,452030,45,45203010,B,ISR,334513,3823,230,940, , ,ORBOTECH LTD,ORBK
8169, , ,1/31/12,Yavne,Orbotech Ltd,4520,452030,45,45203010,B,ISR,334513,3823,230,940, , ,ORBOTECH LTD,ORBK
8169, , ,2/29/12,Yavne,Orbotech Ltd,4520,452030,45,45203010,B,ISR,334513,3823,230,940, , ,ORBOTECH LTD,ORBK
8169, , ,3/31/12,Yavne,Orbotech Ltd,4520,452030,45,45203010,B,ISR,334513,3823,230,940, , ,ORBOTECH LTD,ORBK
8169, , ,4/30/12,Yavne,Orbotech Ltd,4520,452030,45,45203010,B,ISR,334513,3823,230,940, , ,ORBOTECH LTD,ORBK
8169, , ,5/31/12,Yavne,Orbotech Ltd,4520,452030,45,45203010,B,ISR,334513,3823,230,940, , ,ORBOTECH LTD,ORBK
8169, , ,6/30/12,Yavne,Orbotech Ltd,4520,452030,45,45203010,B,ISR,334513,3823,230,940, , ,ORBOTECH LTD,ORBK
8169, , ,7/31/12,Yavne,Orbotech Ltd,4520,452030,45,45203010,B,ISR,334513,3823,230,940, , ,ORBOTECH LTD,ORBK
8169, , ,8/31/12,Yavne,Orbotech Ltd,4520,452030,45,45203010,B,ISR,334513,3823,230,940, , ,ORBOTECH LTD,ORBK
8169, , ,9/30/12,Yavne,Orbotech Ltd,4520,452030,45,45203010,B,ISR,334513,3823,230,940, , ,ORBOTECH LTD,ORBK
8169, , ,10/31/12,Yavne,Orbotech Ltd,4520,452030,45,45203010,B,ISR,334513,3823,230,940, , ,ORBOTECH LTD,ORBK
8169, , ,11/30/12,Yavne,Orbotech Ltd,4520,452030,45,45203010,B,ISR,334513,3823,230,940, , ,ORBOTECH LTD,ORBK
8169, , ,12/31/12,Yavne,Orbotech Ltd,4520,452030,45,45203010,B,ISR,334513,3823,230,940, , ,ORBOTECH LTD,ORBK
8169, , ,1/31/13,Yavne,Orbotech Ltd,4520,452030,45,45203010,B,ISR,334513,3823,230,940, , ,ORBOTECH LTD,ORBK
8169, , ,2/28/13,Yavne,Orbotech Ltd,4520,452030,45,45203010,B,ISR,334513,3823,230,940, , ,ORBOTECH LTD,ORBK
8169, , ,3/31/13,Yavne,Orbotech Ltd,4520,452030,45,45203010,B,ISR,334513,3823,230,940, , ,ORBOTECH LTD,ORBK
8169, , ,4/30/13,Yavne,Orbotech Ltd,4520,452030,45,45203010,B,ISR,334513,3823,230,940, , ,ORBOTECH LTD,ORBK
8169, , ,5/31/13,Yavne,Orbotech Ltd,4520,452030,45,45203010,B,ISR,334513,3823,230,940, , ,ORBOTECH LTD,ORBK
8169, , ,6/30/13,Yavne,Orbotech Ltd,4520,452030,45,45203010,B,ISR,334513,3823,230,940, , ,ORBOTECH LTD,ORBK
8169, , ,7/31/13,Yavne,Orbotech Ltd,4520,452030,45,45203010,B,ISR,334513,3823,230,940, , ,ORBOTECH LTD,ORBK
8169, , ,8/31/13,Yavne,Orbotech Ltd,4520,452030,45,45203010,B,ISR,334513,3823,230,940, , ,ORBOTECH LTD,ORBK
8169, , ,9/30/13,Yavne,Orbotech Ltd,4520,452030,45,45203010,B,ISR,334513,3823,230,940, , ,ORBOTECH LTD,ORBK
8169, , ,10/31/13,Yavne,Orbotech Ltd,4520,452030,45,45203010,B,ISR,334513,3823,230,940, , ,ORBOTECH LTD,ORBK
8334, , ,1/31/10,New Hartford,PAR Technology Corp,4520,452030,45,45203010,D,USA,334118,3578,370,925,C,NY,PAR TECHNOLOGY CORP,PAR
8334, , ,2/28/10,New Hartford,PAR Technology Corp,4520,452030,45,45203010,D,USA,334118,3578,370,925,C,NY,PAR TECHNOLOGY CORP,PAR
8334, , ,3/31/10,New Hartford,PAR Technology Corp,4520,452030,45,45203010,D,USA,334118,3578,370,925,C,NY,PAR TECHNOLOGY CORP,PAR
8334, , ,4/30/10,New Hartford,PAR Technology Corp,4520,452030,45,45203010,D,USA,334118,3578,370,925,C,NY,PAR TECHNOLOGY CORP,PAR
8334, , ,5/31/10,New Hartford,PAR Technology Corp,4520,452030,45,45203010,D,USA,334118,3578,370,925,C,NY,PAR TECHNOLOGY CORP,PAR
8334, , ,6/30/10,New Hartford,PAR Technology Corp,4520,452030,45,45203010,D,USA,334118,3578,370,925,C,NY,PAR TECHNOLOGY CORP,PAR
8334, , ,7/31/10,New Hartford,PAR Technology Corp,4520,452030,45,45203010,D,USA,334118,3578,370,925,C,NY,PAR TECHNOLOGY CORP,PAR
8334, , ,8/31/10,New Hartford,PAR Technology Corp,4520,452030,45,45203010,D,USA,334118,3578,370,925,C,NY,PAR TECHNOLOGY CORP,PAR
8334, , ,9/30/10,New Hartford,PAR Technology Corp,4520,452030,45,45203010,D,USA,334118,3578,370,925,C,NY,PAR TECHNOLOGY CORP,PAR
8334, , ,10/31/10,New Hartford,PAR Technology Corp,4520,452030,45,45203010,D,USA,334118,3578,370,925,C,NY,PAR TECHNOLOGY CORP,PAR
8334, , ,11/30/10,New Hartford,PAR Technology Corp,4520,452030,45,45203010,D,USA,334118,3578,370,925,C,NY,PAR TECHNOLOGY CORP,PAR
8334, , ,12/31/10,New Hartford,PAR Technology Corp,4520,452030,45,45203010,D,USA,334118,3578,370,925,C,NY,PAR TECHNOLOGY CORP,PAR
8334, , ,1/31/11,New Hartford,PAR Technology Corp,4520,452030,45,45203010,D,USA,334118,3578,370,925,C,NY,PAR TECHNOLOGY CORP,PAR
8334, , ,2/28/11,New Hartford,PAR Technology Corp,4520,452030,45,45203010,D,USA,334118,3578,370,925,C,NY,PAR TECHNOLOGY CORP,PAR
8334, , ,3/31/11,New Hartford,PAR Technology Corp,4520,452030,45,45203010,D,USA,334118,3578,370,925,C,NY,PAR TECHNOLOGY CORP,PAR
8334, , ,4/30/11,New Hartford,PAR Technology Corp,4520,452030,45,45203010,D,USA,334118,3578,370,925,C,NY,PAR TECHNOLOGY CORP,PAR
8334, , ,5/31/11,New Hartford,PAR Technology Corp,4520,452030,45,45203010,D,USA,334118,3578,370,925,C,NY,PAR TECHNOLOGY CORP,PAR
8334, , ,6/30/11,New Hartford,PAR Technology Corp,4520,452030,45,45203010,D,USA,334118,3578,370,925,C,NY,PAR TECHNOLOGY CORP,PAR
8334, , ,7/31/11,New Hartford,PAR Technology Corp,4520,452030,45,45203010,D,USA,334118,3578,370,925,C,NY,PAR TECHNOLOGY CORP,PAR
8334, , ,8/31/11,New Hartford,PAR Technology Corp,4520,452030,45,45203010,D,USA,334118,3578,370,925,C,NY,PAR TECHNOLOGY CORP,PAR
8334, , ,9/30/11,New Hartford,PAR Technology Corp,4520,452030,45,45203010,D,USA,334118,3578,370,925,C,NY,PAR TECHNOLOGY CORP,PAR
8334, , ,10/31/11,New Hartford,PAR Technology Corp,4520,452030,45,45203010,D,USA,334118,3578,370,925,C,NY,PAR TECHNOLOGY CORP,PAR
8334, , ,11/30/11,New Hartford,PAR Technology Corp,4520,452030,45,45203010,D,USA,334118,3578,370,925,C,NY,PAR TECHNOLOGY CORP,PAR
8334, , ,12/31/11,New Hartford,PAR Technology Corp,4520,452030,45,45203010,D,USA,334118,3578,370,925,C,NY,PAR TECHNOLOGY CORP,PAR
8334, , ,1/31/12,New Hartford,PAR Technology Corp,4520,452030,45,45203010,D,USA,334118,3578,370,925,C,NY,PAR TECHNOLOGY CORP,PAR
8334, , ,2/29/12,New Hartford,PAR Technology Corp,4520,452030,45,45203010,D,USA,334118,3578,370,925,C,NY,PAR TECHNOLOGY CORP,PAR
8334, , ,3/31/12,New Hartford,PAR Technology Corp,4520,452030,45,45203010,D,USA,334118,3578,370,925,C,NY,PAR TECHNOLOGY CORP,PAR
8334, , ,4/30/12,New Hartford,PAR Technology Corp,4520,452030,45,45203010,D,USA,334118,3578,370,925,C,NY,PAR TECHNOLOGY CORP,PAR
8334, , ,5/31/12,New Hartford,PAR Technology Corp,4520,452030,45,45203010,D,USA,334118,3578,370,925,C,NY,PAR TECHNOLOGY CORP,PAR
8334, , ,6/30/12,New Hartford,PAR Technology Corp,4520,452030,45,45203010,D,USA,334118,3578,370,925,C,NY,PAR TECHNOLOGY CORP,PAR
8334, , ,7/31/12,New Hartford,PAR Technology Corp,4520,452030,45,45203010,D,USA,334118,3578,370,925,C,NY,PAR TECHNOLOGY CORP,PAR
8334, , ,8/31/12,New Hartford,PAR Technology Corp,4520,452030,45,45203010,D,USA,334118,3578,370,925,C,NY,PAR TECHNOLOGY CORP,PAR
8334, , ,9/30/12,New Hartford,PAR Technology Corp,4520,452030,45,45203010,D,USA,334118,3578,370,925,C,NY,PAR TECHNOLOGY CORP,PAR
8334, , ,10/31/12,New Hartford,PAR Technology Corp,4520,452030,45,45203010,D,USA,334118,3578,370,925,C,NY,PAR TECHNOLOGY CORP,PAR
8334, , ,11/30/12,New Hartford,PAR Technology Corp,4520,452030,45,45203010,D,USA,334118,3578,370,925,C,NY,PAR TECHNOLOGY CORP,PAR
8334, , ,12/31/12,New Hartford,PAR Technology Corp,4520,452030,45,45203010,D,USA,334118,3578,370,925,C,NY,PAR TECHNOLOGY CORP,PAR
8334, , ,1/31/13,New Hartford,PAR Technology Corp,4520,452030,45,45203010,D,USA,334118,3578,370,925,C,NY,PAR TECHNOLOGY CORP,PAR
8334, , ,2/28/13,New Hartford,PAR Technology Corp,4520,452030,45,45203010,D,USA,334118,3578,370,925,C,NY,PAR TECHNOLOGY CORP,PAR
8334, , ,3/31/13,New Hartford,PAR Technology Corp,4520,452030,45,45203010,D,USA,334118,3578,370,925,C,NY,PAR TECHNOLOGY CORP,PAR
8334, , ,4/30/13,New Hartford,PAR Technology Corp,4520,452030,45,45203010,D,USA,334118,3578,370,925,C,NY,PAR TECHNOLOGY CORP,PAR
8334, , ,5/31/13,New Hartford,PAR Technology Corp,4520,452030,45,45203010,D,USA,334118,3578,370,925,C,NY,PAR TECHNOLOGY CORP,PAR
8334, , ,6/30/13,New Hartford,PAR Technology Corp,4520,452030,45,45203010,D,USA,334118,3578,370,925,C,NY,PAR TECHNOLOGY CORP,PAR
8334, , ,7/31/13,New Hartford,PAR Technology Corp,4520,452030,45,45203010,D,USA,334118,3578,370,925,C,NY,PAR TECHNOLOGY CORP,PAR
8334, , ,8/31/13,New Hartford,PAR Technology Corp,4520,452030,45,45203010,D,USA,334118,3578,370,925,C,NY,PAR TECHNOLOGY CORP,PAR
8334, , ,9/30/13,New Hartford,PAR Technology Corp,4520,452030,45,45203010,D,USA,334118,3578,370,925,C,NY,PAR TECHNOLOGY CORP,PAR
8334, , ,10/31/13,New Hartford,PAR Technology Corp,4520,452030,45,45203010,D,USA,334118,3578,370,925,C,NY,PAR TECHNOLOGY CORP,PAR
8348, , ,1/31/10,Melville,Park Electrochemical Corp,4520,452030,45,45203020,D,USA,334412,3672,220,925,B+,NY,PARK ELECTROCHEMICAL CORP,PKE
8348, , ,2/28/10,Melville,Park Electrochemical Corp,4520,452030,45,45203020,D,USA,334412,3672,220,925,B+,NY,PARK ELECTROCHEMICAL CORP,PKE
8348, , ,3/31/10,Melville,Park Electrochemical Corp,4520,452030,45,45203020,D,USA,334412,3672,220,925,B+,NY,PARK ELECTROCHEMICAL CORP,PKE
8348, , ,4/30/10,Melville,Park Electrochemical Corp,4520,452030,45,45203020,D,USA,334412,3672,220,925,B+,NY,PARK ELECTROCHEMICAL CORP,PKE
8348, , ,5/31/10,Melville,Park Electrochemical Corp,4520,452030,45,45203020,D,USA,334412,3672,220,925,B+,NY,PARK ELECTROCHEMICAL CORP,PKE
8348, , ,6/30/10,Melville,Park Electrochemical Corp,4520,452030,45,45203020,D,USA,334412,3672,220,925,B+,NY,PARK ELECTROCHEMICAL CORP,PKE
8348, , ,7/31/10,Melville,Park Electrochemical Corp,4520,452030,45,45203020,D,USA,334412,3672,220,925,B+,NY,PARK ELECTROCHEMICAL CORP,PKE
8348, , ,8/31/10,Melville,Park Electrochemical Corp,4520,452030,45,45203020,D,USA,334412,3672,220,925,B+,NY,PARK ELECTROCHEMICAL CORP,PKE
8348, , ,9/30/10,Melville,Park Electrochemical Corp,4520,452030,45,45203020,D,USA,334412,3672,220,925,B+,NY,PARK ELECTROCHEMICAL CORP,PKE
8348, , ,10/31/10,Melville,Park Electrochemical Corp,4520,452030,45,45203020,D,USA,334412,3672,220,925,B+,NY,PARK ELECTROCHEMICAL CORP,PKE
8348, , ,11/30/10,Melville,Park Electrochemical Corp,4520,452030,45,45203020,D,USA,334412,3672,220,925,B+,NY,PARK ELECTROCHEMICAL CORP,PKE
8348, , ,12/31/10,Melville,Park Electrochemical Corp,4520,452030,45,45203020,D,USA,334412,3672,220,925,B+,NY,PARK ELECTROCHEMICAL CORP,PKE
8348, , ,1/31/11,Melville,Park Electrochemical Corp,4520,452030,45,45203020,D,USA,334412,3672,220,925,B+,NY,PARK ELECTROCHEMICAL CORP,PKE
8348, , ,2/28/11,Melville,Park Electrochemical Corp,4520,452030,45,45203020,D,USA,334412,3672,220,925,B+,NY,PARK ELECTROCHEMICAL CORP,PKE
8348, , ,3/31/11,Melville,Park Electrochemical Corp,4520,452030,45,45203020,D,USA,334412,3672,220,925,B+,NY,PARK ELECTROCHEMICAL CORP,PKE
8348, , ,4/30/11,Melville,Park Electrochemical Corp,4520,452030,45,45203020,D,USA,334412,3672,220,925,B+,NY,PARK ELECTROCHEMICAL CORP,PKE
8348, , ,5/31/11,Melville,Park Electrochemical Corp,4520,452030,45,45203020,D,USA,334412,3672,220,925,B+,NY,PARK ELECTROCHEMICAL CORP,PKE
8348, , ,6/30/11,Melville,Park Electrochemical Corp,4520,452030,45,45203020,D,USA,334412,3672,220,925,B+,NY,PARK ELECTROCHEMICAL CORP,PKE
8348, , ,7/31/11,Melville,Park Electrochemical Corp,4520,452030,45,45203020,D,USA,334412,3672,220,925,B+,NY,PARK ELECTROCHEMICAL CORP,PKE
8348, , ,8/31/11,Melville,Park Electrochemical Corp,4520,452030,45,45203020,D,USA,334412,3672,220,925,B+,NY,PARK ELECTROCHEMICAL CORP,PKE
8348, , ,9/30/11,Melville,Park Electrochemical Corp,4520,452030,45,45203020,D,USA,334412,3672,220,925,B+,NY,PARK ELECTROCHEMICAL CORP,PKE
8348, , ,10/31/11,Melville,Park Electrochemical Corp,4520,452030,45,45203020,D,USA,334412,3672,220,925,B+,NY,PARK ELECTROCHEMICAL CORP,PKE
8348, , ,11/30/11,Melville,Park Electrochemical Corp,4520,452030,45,45203020,D,USA,334412,3672,220,925,B+,NY,PARK ELECTROCHEMICAL CORP,PKE
8348, , ,12/31/11,Melville,Park Electrochemical Corp,4520,452030,45,45203020,D,USA,334412,3672,220,925,B+,NY,PARK ELECTROCHEMICAL CORP,PKE
8348, , ,1/31/12,Melville,Park Electrochemical Corp,4520,452030,45,45203020,D,USA,334412,3672,220,925,B+,NY,PARK ELECTROCHEMICAL CORP,PKE
8348, , ,2/29/12,Melville,Park Electrochemical Corp,4520,452030,45,45203020,D,USA,334412,3672,220,925,B+,NY,PARK ELECTROCHEMICAL CORP,PKE
8348, , ,3/31/12,Melville,Park Electrochemical Corp,4520,452030,45,45203020,D,USA,334412,3672,220,925,B+,NY,PARK ELECTROCHEMICAL CORP,PKE
8348, , ,4/30/12,Melville,Park Electrochemical Corp,4520,452030,45,45203020,D,USA,334412,3672,220,925,B+,NY,PARK ELECTROCHEMICAL CORP,PKE
8348, , ,5/31/12,Melville,Park Electrochemical Corp,4520,452030,45,45203020,D,USA,334412,3672,220,925,B+,NY,PARK ELECTROCHEMICAL CORP,PKE
8348, , ,6/30/12,Melville,Park Electrochemical Corp,4520,452030,45,45203020,D,USA,334412,3672,220,925,B+,NY,PARK ELECTROCHEMICAL CORP,PKE
8348, , ,7/31/12,Melville,Park Electrochemical Corp,4520,452030,45,45203020,D,USA,334412,3672,220,925,B+,NY,PARK ELECTROCHEMICAL CORP,PKE
8348, , ,8/31/12,Melville,Park Electrochemical Corp,4520,452030,45,45203020,D,USA,334412,3672,220,925,B+,NY,PARK ELECTROCHEMICAL CORP,PKE
8348, , ,9/30/12,Melville,Park Electrochemical Corp,4520,452030,45,45203020,D,USA,334412,3672,220,925,B+,NY,PARK ELECTROCHEMICAL CORP,PKE
8348, , ,10/31/12,Melville,Park Electrochemical Corp,4520,452030,45,45203020,D,USA,334412,3672,220,925,B+,NY,PARK ELECTROCHEMICAL CORP,PKE
8348, , ,11/30/12,Melville,Park Electrochemical Corp,4520,452030,45,45203020,D,USA,334412,3672,220,925,B+,NY,PARK ELECTROCHEMICAL CORP,PKE
8348, , ,12/31/12,Melville,Park Electrochemical Corp,4520,452030,45,45203020,D,USA,334412,3672,220,925,B+,NY,PARK ELECTROCHEMICAL CORP,PKE
8348, , ,1/31/13,Melville,Park Electrochemical Corp,4520,452030,45,45203020,D,USA,334412,3672,220,925,B+,NY,PARK ELECTROCHEMICAL CORP,PKE
8348, , ,2/28/13,Melville,Park Electrochemical Corp,4520,452030,45,45203020,D,USA,334412,3672,220,925,B+,NY,PARK ELECTROCHEMICAL CORP,PKE
8348, , ,3/31/13,Melville,Park Electrochemical Corp,4520,452030,45,45203020,D,USA,334412,3672,220,925,B+,NY,PARK ELECTROCHEMICAL CORP,PKE
8348, , ,4/30/13,Melville,Park Electrochemical Corp,4520,452030,45,45203020,D,USA,334412,3672,220,925,B+,NY,PARK ELECTROCHEMICAL CORP,PKE
8348, , ,5/31/13,Melville,Park Electrochemical Corp,4520,452030,45,45203020,D,USA,334412,3672,220,925,B+,NY,PARK ELECTROCHEMICAL CORP,PKE
8348, , ,6/30/13,Melville,Park Electrochemical Corp,4520,452030,45,45203020,D,USA,334412,3672,220,925,B+,NY,PARK ELECTROCHEMICAL CORP,PKE
8348, , ,7/31/13,Melville,Park Electrochemical Corp,4520,452030,45,45203020,D,USA,334412,3672,220,925,B+,NY,PARK ELECTROCHEMICAL CORP,PKE
8348, , ,8/31/13,Melville,Park Electrochemical Corp,4520,452030,45,45203020,D,USA,334412,3672,220,925,B+,NY,PARK ELECTROCHEMICAL CORP,PKE
8348, , ,9/30/13,Melville,Park Electrochemical Corp,4520,452030,45,45203020,D,USA,334412,3672,220,925,B+,NY,PARK ELECTROCHEMICAL CORP,PKE
8348, , ,10/31/13,Melville,Park Electrochemical Corp,4520,452030,45,45203020,D,USA,334412,3672,220,925,B+,NY,PARK ELECTROCHEMICAL CORP,PKE
8599, , ,1/31/10,Alpharetta,Agilysys Inc,4520,452030,45,45203030,D,USA,541519,7370,190,940,B,GA,AGILYSYS INC,AGYS
8599, , ,2/28/10,Alpharetta,Agilysys Inc,4520,452030,45,45203030,D,USA,541519,7370,190,940,B,GA,AGILYSYS INC,AGYS
8599, , ,3/31/10,Alpharetta,Agilysys Inc,4520,452030,45,45203030,D,USA,541519,7370,190,940,B,GA,AGILYSYS INC,AGYS
8599, , ,4/30/10,Alpharetta,Agilysys Inc,4520,452030,45,45203030,D,USA,541519,7370,190,940,B,GA,AGILYSYS INC,AGYS
8599, , ,5/31/10,Alpharetta,Agilysys Inc,4520,452030,45,45203030,D,USA,541519,7370,190,940,B,GA,AGILYSYS INC,AGYS
8599, , ,6/30/10,Alpharetta,Agilysys Inc,4520,452030,45,45203030,D,USA,541519,7370,190,940,B,GA,AGILYSYS INC,AGYS
8599, , ,7/31/10,Alpharetta,Agilysys Inc,4520,452030,45,45203030,D,USA,541519,7370,190,940,B,GA,AGILYSYS INC,AGYS
8599, , ,8/31/10,Alpharetta,Agilysys Inc,4520,452030,45,45203030,D,USA,541519,7370,190,940,B,GA,AGILYSYS INC,AGYS
8599, , ,9/30/10,Alpharetta,Agilysys Inc,4520,452030,45,45203030,D,USA,541519,7370,190,940,B,GA,AGILYSYS INC,AGYS
8599, , ,10/31/10,Alpharetta,Agilysys Inc,4520,452030,45,45203030,D,USA,541519,7370,190,940,B,GA,AGILYSYS INC,AGYS
8599, , ,11/30/10,Alpharetta,Agilysys Inc,4520,452030,45,45203030,D,USA,541519,7370,190,940,B,GA,AGILYSYS INC,AGYS
8599, , ,12/31/10,Alpharetta,Agilysys Inc,4520,452030,45,45203030,D,USA,541519,7370,190,940,B,GA,AGILYSYS INC,AGYS
8599, , ,1/31/11,Alpharetta,Agilysys Inc,4520,452030,45,45203030,D,USA,541519,7370,190,940,B,GA,AGILYSYS INC,AGYS
8599, , ,2/28/11,Alpharetta,Agilysys Inc,4520,452030,45,45203030,D,USA,541519,7370,190,940,B,GA,AGILYSYS INC,AGYS
8599, , ,3/31/11,Alpharetta,Agilysys Inc,4520,452030,45,45203030,D,USA,541519,7370,190,940,B,GA,AGILYSYS INC,AGYS
8599, , ,4/30/11,Alpharetta,Agilysys Inc,4520,452030,45,45203030,D,USA,541519,7370,190,940,B,GA,AGILYSYS INC,AGYS
8599, , ,5/31/11,Alpharetta,Agilysys Inc,4520,452030,45,45203030,D,USA,541519,7370,190,940,B,GA,AGILYSYS INC,AGYS
8599, , ,6/30/11,Alpharetta,Agilysys Inc,4520,452030,45,45203030,D,USA,541519,7370,190,940,B,GA,AGILYSYS INC,AGYS
8599, , ,7/31/11,Alpharetta,Agilysys Inc,4520,452030,45,45203030,D,USA,541519,7370,190,940,B,GA,AGILYSYS INC,AGYS
8599, , ,8/31/11,Alpharetta,Agilysys Inc,4520,452030,45,45203030,D,USA,541519,7370,190,940,B,GA,AGILYSYS INC,AGYS
8599, , ,9/30/11,Alpharetta,Agilysys Inc,4520,452030,45,45203030,D,USA,541519,7370,190,940,B,GA,AGILYSYS INC,AGYS
8599, , ,10/31/11,Alpharetta,Agilysys Inc,4520,452030,45,45203030,D,USA,541519,7370,190,940,B,GA,AGILYSYS INC,AGYS
8599, , ,11/30/11,Alpharetta,Agilysys Inc,4520,452030,45,45203030,D,USA,541519,7370,190,940,B,GA,AGILYSYS INC,AGYS
8599, , ,12/31/11,Alpharetta,Agilysys Inc,4520,452030,45,45203030,D,USA,541519,7370,190,940,B,GA,AGILYSYS INC,AGYS
8599, , ,1/31/12,Alpharetta,Agilysys Inc,4520,452030,45,45203030,D,USA,541519,7370,190,940,B,GA,AGILYSYS INC,AGYS
8599, , ,2/29/12,Alpharetta,Agilysys Inc,4520,452030,45,45203030,D,USA,541519,7370,190,940,B,GA,AGILYSYS INC,AGYS
8599, , ,3/31/12,Alpharetta,Agilysys Inc,4520,452030,45,45203030,D,USA,541519,7370,190,940,B,GA,AGILYSYS INC,AGYS
8599, , ,4/30/12,Alpharetta,Agilysys Inc,4520,452030,45,45203030,D,USA,541519,7370,190,940,B,GA,AGILYSYS INC,AGYS
8599, , ,5/31/12,Alpharetta,Agilysys Inc,4520,452030,45,45203030,D,USA,541519,7370,190,940,B,GA,AGILYSYS INC,AGYS
8599, , ,6/30/12,Alpharetta,Agilysys Inc,4520,452030,45,45203030,D,USA,541519,7370,190,940,B,GA,AGILYSYS INC,AGYS
8599, , ,7/31/12,Alpharetta,Agilysys Inc,4520,452030,45,45203030,D,USA,541519,7370,190,940,B,GA,AGILYSYS INC,AGYS
8599, , ,8/31/12,Alpharetta,Agilysys Inc,4520,452030,45,45203030,D,USA,541519,7370,190,940,B,GA,AGILYSYS INC,AGYS
8599, , ,9/30/12,Alpharetta,Agilysys Inc,4520,452030,45,45203030,D,USA,541519,7370,190,940,B,GA,AGILYSYS INC,AGYS
8599, , ,10/31/12,Alpharetta,Agilysys Inc,4520,452030,45,45203030,D,USA,541519,7370,190,940,B,GA,AGILYSYS INC,AGYS
8599, , ,11/30/12,Alpharetta,Agilysys Inc,4520,452030,45,45203030,D,USA,541519,7370,190,940,B,GA,AGILYSYS INC,AGYS
8599, , ,12/31/12,Alpharetta,Agilysys Inc,4520,452030,45,45203030,D,USA,541519,7370,190,940,B,GA,AGILYSYS INC,AGYS
8599, , ,1/31/13,Alpharetta,Agilysys Inc,4520,452030,45,45203030,D,USA,541519,7370,190,940,B,GA,AGILYSYS INC,AGYS
8599, , ,2/28/13,Alpharetta,Agilysys Inc,4520,452030,45,45203030,D,USA,541519,7370,190,940,B,GA,AGILYSYS INC,AGYS
8599, , ,3/31/13,Alpharetta,Agilysys Inc,4520,452030,45,45203030,D,USA,541519,7370,190,940,B,GA,AGILYSYS INC,AGYS
8599, , ,4/30/13,Alpharetta,Agilysys Inc,4520,452030,45,45203030,D,USA,541519,7370,190,940,B,GA,AGILYSYS INC,AGYS
8599, , ,5/31/13,Alpharetta,Agilysys Inc,4520,452030,45,45203030,D,USA,541519,7370,190,940,B,GA,AGILYSYS INC,AGYS
8599, , ,6/30/13,Alpharetta,Agilysys Inc,4520,452030,45,45203030,D,USA,541519,7370,190,940,B,GA,AGILYSYS INC,AGYS
8599, , ,7/31/13,Alpharetta,Agilysys Inc,4520,452030,45,45203030,D,USA,541519,7370,190,940,B,GA,AGILYSYS INC,AGYS
8599, , ,8/31/13,Alpharetta,Agilysys Inc,4520,452030,45,45203030,D,USA,541519,7370,190,940,B,GA,AGILYSYS INC,AGYS
8599, , ,9/30/13,Alpharetta,Agilysys Inc,4520,452030,45,45203030,D,USA,541519,7370,190,940,B,GA,AGILYSYS INC,AGYS
8599, , ,10/31/13,Alpharetta,Agilysys Inc,4520,452030,45,45203030,D,USA,541519,7370,190,940,B,GA,AGILYSYS INC,AGYS
8633, , ,1/31/10,Santa Cruz,Plantronics Inc.,4520,452010,45,45201020,D,USA,334210,3661,180,940,B,CA,PLANTRONICS INC,PLT
8633, , ,2/28/10,Santa Cruz,Plantronics Inc.,4520,452010,45,45201020,D,USA,334210,3661,180,940,B,CA,PLANTRONICS INC,PLT
8633, , ,3/31/10,Santa Cruz,Plantronics Inc.,4520,452010,45,45201020,D,USA,334210,3661,180,940,B,CA,PLANTRONICS INC,PLT
8633, , ,4/30/10,Santa Cruz,Plantronics Inc.,4520,452010,45,45201020,D,USA,334210,3661,180,940,B,CA,PLANTRONICS INC,PLT
8633, , ,5/31/10,Santa Cruz,Plantronics Inc.,4520,452010,45,45201020,D,USA,334210,3661,180,940,B,CA,PLANTRONICS INC,PLT
8633, , ,6/30/10,Santa Cruz,Plantronics Inc.,4520,452010,45,45201020,D,USA,334210,3661,180,940,B,CA,PLANTRONICS INC,PLT
8633, , ,7/31/10,Santa Cruz,Plantronics Inc.,4520,452010,45,45201020,D,USA,334210,3661,180,940,B,CA,PLANTRONICS INC,PLT
8633, , ,8/31/10,Santa Cruz,Plantronics Inc.,4520,452010,45,45201020,D,USA,334210,3661,180,940,B,CA,PLANTRONICS INC,PLT
8633, , ,9/30/10,Santa Cruz,Plantronics Inc.,4520,452010,45,45201020,D,USA,334210,3661,180,940,B,CA,PLANTRONICS INC,PLT
8633, , ,10/31/10,Santa Cruz,Plantronics Inc.,4520,452010,45,45201020,D,USA,334210,3661,180,940,B,CA,PLANTRONICS INC,PLT
8633, , ,11/30/10,Santa Cruz,Plantronics Inc.,4520,452010,45,45201020,D,USA,334210,3661,180,940,B,CA,PLANTRONICS INC,PLT
8633, , ,12/31/10,Santa Cruz,Plantronics Inc.,4520,452010,45,45201020,D,USA,334210,3661,180,940,B,CA,PLANTRONICS INC,PLT
8633, , ,1/31/11,Santa Cruz,Plantronics Inc.,4520,452010,45,45201020,D,USA,334210,3661,180,940,B,CA,PLANTRONICS INC,PLT
8633, , ,2/28/11,Santa Cruz,Plantronics Inc.,4520,452010,45,45201020,D,USA,334210,3661,180,940,B,CA,PLANTRONICS INC,PLT
8633, , ,3/31/11,Santa Cruz,Plantronics Inc.,4520,452010,45,45201020,D,USA,334210,3661,180,940,B,CA,PLANTRONICS INC,PLT
8633, , ,4/30/11,Santa Cruz,Plantronics Inc.,4520,452010,45,45201020,D,USA,334210,3661,180,940,B,CA,PLANTRONICS INC,PLT
8633, , ,5/31/11,Santa Cruz,Plantronics Inc.,4520,452010,45,45201020,D,USA,334210,3661,180,940,B,CA,PLANTRONICS INC,PLT
8633, , ,6/30/11,Santa Cruz,Plantronics Inc.,4520,452010,45,45201020,D,USA,334210,3661,180,940,B,CA,PLANTRONICS INC,PLT
8633, , ,7/31/11,Santa Cruz,Plantronics Inc.,4520,452010,45,45201020,D,USA,334210,3661,180,940,B,CA,PLANTRONICS INC,PLT
8633, , ,8/31/11,Santa Cruz,Plantronics Inc.,4520,452010,45,45201020,D,USA,334210,3661,180,940,B,CA,PLANTRONICS INC,PLT
8633, , ,9/30/11,Santa Cruz,Plantronics Inc.,4520,452010,45,45201020,D,USA,334210,3661,180,940,B,CA,PLANTRONICS INC,PLT
8633, , ,10/31/11,Santa Cruz,Plantronics Inc.,4520,452010,45,45201020,D,USA,334210,3661,180,940,B,CA,PLANTRONICS INC,PLT
8633, , ,11/30/11,Santa Cruz,Plantronics Inc.,4520,452010,45,45201020,D,USA,334210,3661,180,940,B,CA,PLANTRONICS INC,PLT
8633, , ,12/31/11,Santa Cruz,Plantronics Inc.,4520,452010,45,45201020,D,USA,334210,3661,180,940,B,CA,PLANTRONICS INC,PLT
8633, , ,1/31/12,Santa Cruz,Plantronics Inc.,4520,452010,45,45201020,D,USA,334210,3661,180,940,B,CA,PLANTRONICS INC,PLT
8633, , ,2/29/12,Santa Cruz,Plantronics Inc.,4520,452010,45,45201020,D,USA,334210,3661,180,940,B,CA,PLANTRONICS INC,PLT
8633, , ,3/31/12,Santa Cruz,Plantronics Inc.,4520,452010,45,45201020,D,USA,334210,3661,180,940,B,CA,PLANTRONICS INC,PLT
8633, , ,4/30/12,Santa Cruz,Plantronics Inc.,4520,452010,45,45201020,D,USA,334210,3661,180,940,B,CA,PLANTRONICS INC,PLT
8633, , ,5/31/12,Santa Cruz,Plantronics Inc.,4520,452010,45,45201020,D,USA,334210,3661,180,940,B,CA,PLANTRONICS INC,PLT
8633, , ,6/30/12,Santa Cruz,Plantronics Inc.,4520,452010,45,45201020,D,USA,334210,3661,180,940,B,CA,PLANTRONICS INC,PLT
8633, , ,7/31/12,Santa Cruz,Plantronics Inc.,4520,452010,45,45201020,D,USA,334210,3661,180,940,B,CA,PLANTRONICS INC,PLT
8633, , ,8/31/12,Santa Cruz,Plantronics Inc.,4520,452010,45,45201020,D,USA,334210,3661,180,940,B,CA,PLANTRONICS INC,PLT
8633, , ,9/30/12,Santa Cruz,Plantronics Inc.,4520,452010,45,45201020,D,USA,334210,3661,180,940,B,CA,PLANTRONICS INC,PLT
8633, , ,10/31/12,Santa Cruz,Plantronics Inc.,4520,452010,45,45201020,D,USA,334210,3661,180,940,B,CA,PLANTRONICS INC,PLT
8633, , ,11/30/12,Santa Cruz,Plantronics Inc.,4520,452010,45,45201020,D,USA,334210,3661,180,940,B,CA,PLANTRONICS INC,PLT
8633, , ,12/31/12,Santa Cruz,Plantronics Inc.,4520,452010,45,45201020,D,USA,334210,3661,180,940,B,CA,PLANTRONICS INC,PLT
8633, , ,1/31/13,Santa Cruz,Plantronics Inc.,4520,452010,45,45201020,D,USA,334210,3661,180,940,B,CA,PLANTRONICS INC,PLT
8633, , ,2/28/13,Santa Cruz,Plantronics Inc.,4520,452010,45,45201020,D,USA,334210,3661,180,940,B,CA,PLANTRONICS INC,PLT
8633, , ,3/31/13,Santa Cruz,Plantronics Inc.,4520,452010,45,45201020,D,USA,334210,3661,180,940,B,CA,PLANTRONICS INC,PLT
8633, , ,4/30/13,Santa Cruz,Plantronics Inc.,4520,452010,45,45201020,D,USA,334210,3661,180,940,B,CA,PLANTRONICS INC,PLT
8633, , ,5/31/13,Santa Cruz,Plantronics Inc.,4520,452010,45,45201020,D,USA,334210,3661,180,940,B,CA,PLANTRONICS INC,PLT
8633, , ,6/30/13,Santa Cruz,Plantronics Inc.,4520,452010,45,45201020,D,USA,334210,3661,180,940,B,CA,PLANTRONICS INC,PLT
8633, , ,7/31/13,Santa Cruz,Plantronics Inc.,4520,452010,45,45201020,D,USA,334210,3661,180,940,B,CA,PLANTRONICS INC,PLT
8633, , ,8/31/13,Santa Cruz,Plantronics Inc.,4520,452010,45,45201020,D,USA,334210,3661,180,940,B,CA,PLANTRONICS INC,PLT
8633, , ,9/30/13,Santa Cruz,Plantronics Inc.,4520,452010,45,45201020,D,USA,334210,3661,180,940,B,CA,PLANTRONICS INC,PLT
8633, , ,10/31/13,Santa Cruz,Plantronics Inc.,4520,452010,45,45201020,D,USA,334210,3661,180,940,B,CA,PLANTRONICS INC,PLT
8681, , ,1/31/10,Syosset,North Hills Signal Processing Corp,4520,452010,45,45201020,D,USA,334210,3661,180,940,B-,NY,NORTH HILLS SIGNAL PROCESSNG,PORT
8681, , ,2/28/10,Syosset,North Hills Signal Processing Corp,4520,452010,45,45201020,D,USA,334210,3661,180,940,B-,NY,NORTH HILLS SIGNAL PROCESSNG,PORT
8681, , ,3/31/10,Syosset,North Hills Signal Processing Corp,4520,452010,45,45201020,D,USA,334210,3661,180,940,B-,NY,NORTH HILLS SIGNAL PROCESSNG,PORT
8681, , ,4/30/10,Syosset,North Hills Signal Processing Corp,4520,452010,45,45201020,D,USA,334210,3661,180,940,B-,NY,NORTH HILLS SIGNAL PROCESSNG,PORT
8681, , ,5/31/10,Syosset,North Hills Signal Processing Corp,4520,452010,45,45201020,D,USA,334210,3661,180,940,B-,NY,NORTH HILLS SIGNAL PROCESSNG,PORT
8681, , ,6/30/10,Syosset,North Hills Signal Processing Corp,4520,452010,45,45201020,D,USA,334210,3661,180,940,B-,NY,NORTH HILLS SIGNAL PROCESSNG,PORT
8681, , ,7/31/10,Syosset,North Hills Signal Processing Corp,4520,452010,45,45201020,D,USA,334210,3661,180,940,B-,NY,NORTH HILLS SIGNAL PROCESSNG,PORT
8681, , ,8/31/10,Syosset,North Hills Signal Processing Corp,4520,452010,45,45201020,D,USA,334210,3661,180,940,B-,NY,NORTH HILLS SIGNAL PROCESSNG,PORT
8681, , ,9/30/10,Syosset,North Hills Signal Processing Corp,4520,452010,45,45201020,D,USA,334210,3661,180,940,B-,NY,NORTH HILLS SIGNAL PROCESSNG,PORT
8681, , ,10/31/10,Syosset,North Hills Signal Processing Corp,4520,452010,45,45201020,D,USA,334210,3661,180,940,B-,NY,NORTH HILLS SIGNAL PROCESSNG,PORT
8681, , ,11/30/10,Syosset,North Hills Signal Processing Corp,4520,452010,45,45201020,D,USA,334210,3661,180,940,B-,NY,NORTH HILLS SIGNAL PROCESSNG,PORT
8681, , ,12/31/10,Syosset,North Hills Signal Processing Corp,4520,452010,45,45201020,D,USA,334210,3661,180,940,B-,NY,NORTH HILLS SIGNAL PROCESSNG,PORT
8681, , ,1/31/11,Syosset,North Hills Signal Processing Corp,4520,452010,45,45201020,D,USA,334210,3661,180,940,B-,NY,NORTH HILLS SIGNAL PROCESSNG,PORT
8681, , ,2/28/11,Syosset,North Hills Signal Processing Corp,4520,452010,45,45201020,D,USA,334210,3661,180,940,B-,NY,NORTH HILLS SIGNAL PROCESSNG,PORT
8681, , ,3/31/11,Syosset,North Hills Signal Processing Corp,4520,452010,45,45201020,D,USA,334210,3661,180,940,B-,NY,NORTH HILLS SIGNAL PROCESSNG,PORT
8681, , ,4/30/11,Syosset,North Hills Signal Processing Corp,4520,452010,45,45201020,D,USA,334210,3661,180,940,B-,NY,NORTH HILLS SIGNAL PROCESSNG,PORT
8681, , ,5/31/11,Syosset,North Hills Signal Processing Corp,4520,452010,45,45201020,D,USA,334210,3661,180,940,B-,NY,NORTH HILLS SIGNAL PROCESSNG,PORT
8681, , ,6/30/11,Syosset,North Hills Signal Processing Corp,4520,452010,45,45201020,D,USA,334210,3661,180,940,B-,NY,NORTH HILLS SIGNAL PROCESSNG,PORT
8681, , ,7/31/11,Syosset,North Hills Signal Processing Corp,4520,452010,45,45201020,D,USA,334210,3661,180,940,B-,NY,NORTH HILLS SIGNAL PROCESSNG,PORT
8681, , ,8/31/11,Syosset,North Hills Signal Processing Corp,4520,452010,45,45201020,D,USA,334210,3661,180,940,B-,NY,NORTH HILLS SIGNAL PROCESSNG,PORT
8681, , ,9/30/11,Syosset,North Hills Signal Processing Corp,4520,452010,45,45201020,D,USA,334210,3661,180,940,B-,NY,NORTH HILLS SIGNAL PROCESSNG,PORT
8681, , ,10/31/11,Syosset,North Hills Signal Processing Corp,4520,452010,45,45201020,D,USA,334210,3661,180,940,B-,NY,NORTH HILLS SIGNAL PROCESSNG,PORT
8681, , ,11/30/11,Syosset,North Hills Signal Processing Corp,4520,452010,45,45201020,D,USA,334210,3661,180,940,B-,NY,NORTH HILLS SIGNAL PROCESSNG,PORT
8681, , ,12/31/11,Syosset,North Hills Signal Processing Corp,4520,452010,45,45201020,D,USA,334210,3661,180,940,B-,NY,NORTH HILLS SIGNAL PROCESSNG,PORT
8681, , ,1/31/12,Syosset,North Hills Signal Processing Corp,4520,452010,45,45201020,D,USA,334210,3661,180,940,B-,NY,NORTH HILLS SIGNAL PROCESSNG,PORT
8681, , ,2/29/12,Syosset,North Hills Signal Processing Corp,4520,452010,45,45201020,D,USA,334210,3661,180,940,B-,NY,NORTH HILLS SIGNAL PROCESSNG,PORT
8681, , ,3/31/12,Syosset,North Hills Signal Processing Corp,4520,452010,45,45201020,D,USA,334210,3661,180,940,B-,NY,NORTH HILLS SIGNAL PROCESSNG,PORT
8681, , ,4/30/12,Syosset,North Hills Signal Processing Corp,4520,452010,45,45201020,D,USA,334210,3661,180,940,B-,NY,NORTH HILLS SIGNAL PROCESSNG,PORT
8681, , ,5/31/12,Syosset,North Hills Signal Processing Corp,4520,452010,45,45201020,D,USA,334210,3661,180,940,B-,NY,NORTH HILLS SIGNAL PROCESSNG,PORT
8681, , ,6/30/12,Syosset,North Hills Signal Processing Corp,4520,452010,45,45201020,D,USA,334210,3661,180,940,B-,NY,NORTH HILLS SIGNAL PROCESSNG,PORT
8681, , ,7/31/12,Syosset,North Hills Signal Processing Corp,4520,452010,45,45201020,D,USA,334210,3661,180,940,B-,NY,NORTH HILLS SIGNAL PROCESSNG,PORT
8681, , ,8/31/12,Syosset,North Hills Signal Processing Corp,4520,452010,45,45201020,D,USA,334210,3661,180,940,B-,NY,NORTH HILLS SIGNAL PROCESSNG,PORT
8681, , ,9/30/12,Syosset,North Hills Signal Processing Corp,4520,452010,45,45201020,D,USA,334210,3661,180,940,B-,NY,NORTH HILLS SIGNAL PROCESSNG,PORT
8681, , ,10/31/12,Syosset,North Hills Signal Processing Corp,4520,452010,45,45201020,D,USA,334210,3661,180,940,B-,NY,NORTH HILLS SIGNAL PROCESSNG,PORT
8681, , ,11/30/12,Syosset,North Hills Signal Processing Corp,4520,452010,45,45201020,D,USA,334210,3661,180,940,B-,NY,NORTH HILLS SIGNAL PROCESSNG,PORT
8681, , ,12/31/12,Syosset,North Hills Signal Processing Corp,4520,452010,45,45201020,D,USA,334210,3661,180,940,B-,NY,NORTH HILLS SIGNAL PROCESSNG,PORT
8681, , ,1/31/13,Syosset,North Hills Signal Processing Corp,4520,452010,45,45201020,D,USA,334210,3661,180,940,B-,NY,NORTH HILLS SIGNAL PROCESSNG,PORT
8681, , ,2/28/13,Syosset,North Hills Signal Processing Corp,4520,452010,45,45201020,D,USA,334210,3661,180,940,B-,NY,NORTH HILLS SIGNAL PROCESSNG,PORT
8681, , ,3/31/13,Syosset,North Hills Signal Processing Corp,4520,452010,45,45201020,D,USA,334210,3661,180,940,B-,NY,NORTH HILLS SIGNAL PROCESSNG,PORT
8681, , ,4/30/13,Syosset,North Hills Signal Processing Corp,4520,452010,45,45201020,D,USA,334210,3661,180,940,B-,NY,NORTH HILLS SIGNAL PROCESSNG,PORT
8681, , ,5/31/13,Syosset,North Hills Signal Processing Corp,4520,452010,45,45201020,D,USA,334210,3661,180,940,B-,NY,NORTH HILLS SIGNAL PROCESSNG,PORT
8681, , ,6/30/13,Syosset,North Hills Signal Processing Corp,4520,452010,45,45201020,D,USA,334210,3661,180,940,B-,NY,NORTH HILLS SIGNAL PROCESSNG,PORT
8681, , ,7/31/13,Syosset,North Hills Signal Processing Corp,4520,452010,45,45201020,D,USA,334210,3661,180,940,B-,NY,NORTH HILLS SIGNAL PROCESSNG,PORT
8681, , ,8/31/13,Syosset,North Hills Signal Processing Corp,4520,452010,45,45201020,D,USA,334210,3661,180,940,B-,NY,NORTH HILLS SIGNAL PROCESSNG,PORT
8681, , ,9/30/13,Syosset,North Hills Signal Processing Corp,4520,452010,45,45201020,D,USA,334210,3661,180,940,B-,NY,NORTH HILLS SIGNAL PROCESSNG,PORT
8681, , ,10/31/13,Syosset,North Hills Signal Processing Corp,4520,452010,45,45201020,D,USA,334210,3661,180,940,B-,NY,NORTH HILLS SIGNAL PROCESSNG,PORT
8811, , ,1/31/10,New York,PubliCARD Inc.,4520,452020,45,45202020,D,USA,335999,3690,220,925,D,NY,PUBLICARD INC,CARD
8811, , ,1/31/11,New York,PubliCARD Inc.,4520,452020,45,45202020,D,USA,335999,3690,220,925,D,NY,PUBLICARD INC,CARD
8867,B-, ,1/31/10,San Jose,Quantum Corp,4520,452020,45,45202030,D,USA,334112,3572,188,940, ,CA,QUANTUM CORP,QTM
8867,B-, ,2/28/10,San Jose,Quantum Corp,4520,452020,45,45202030,D,USA,334112,3572,188,940, ,CA,QUANTUM CORP,QTM
8867,B-, ,3/31/10,San Jose,Quantum Corp,4520,452020,45,45202030,D,USA,334112,3572,188,940, ,CA,QUANTUM CORP,QTM
8867,B-, ,4/30/10,San Jose,Quantum Corp,4520,452020,45,45202030,D,USA,334112,3572,188,940, ,CA,QUANTUM CORP,QTM
8867,B-, ,5/31/10,San Jose,Quantum Corp,4520,452020,45,45202030,D,USA,334112,3572,188,940, ,CA,QUANTUM CORP,QTM
8867,B-, ,6/30/10,San Jose,Quantum Corp,4520,452020,45,45202030,D,USA,334112,3572,188,940, ,CA,QUANTUM CORP,QTM
8867,B-, ,7/31/10,San Jose,Quantum Corp,4520,452020,45,45202030,D,USA,334112,3572,188,940, ,CA,QUANTUM CORP,QTM
8867,B-, ,8/31/10,San Jose,Quantum Corp,4520,452020,45,45202030,D,USA,334112,3572,188,940, ,CA,QUANTUM CORP,QTM
8867,B-, ,9/30/10,San Jose,Quantum Corp,4520,452020,45,45202030,D,USA,334112,3572,188,940, ,CA,QUANTUM CORP,QTM
8867,B-, ,10/31/10,San Jose,Quantum Corp,4520,452020,45,45202030,D,USA,334112,3572,188,940, ,CA,QUANTUM CORP,QTM
8867,B-, ,11/30/10,San Jose,Quantum Corp,4520,452020,45,45202030,D,USA,334112,3572,188,940, ,CA,QUANTUM CORP,QTM
8867,B-, ,12/31/10,San Jose,Quantum Corp,4520,452020,45,45202030,D,USA,334112,3572,188,940, ,CA,QUANTUM CORP,QTM
8867,B-, ,1/31/11,San Jose,Quantum Corp,4520,452020,45,45202030,D,USA,334112,3572,188,940, ,CA,QUANTUM CORP,QTM
8867,B-, ,2/28/11,San Jose,Quantum Corp,4520,452020,45,45202030,D,USA,334112,3572,188,940, ,CA,QUANTUM CORP,QTM
8867,B, ,3/31/11,San Jose,Quantum Corp,4520,452020,45,45202030,D,USA,334112,3572,188,940, ,CA,QUANTUM CORP,QTM
8867,B, ,4/30/11,San Jose,Quantum Corp,4520,452020,45,45202030,D,USA,334112,3572,188,940, ,CA,QUANTUM CORP,QTM
8867,B, ,5/31/11,San Jose,Quantum Corp,4520,452020,45,45202030,D,USA,334112,3572,188,940, ,CA,QUANTUM CORP,QTM
8867,B, ,6/30/11,San Jose,Quantum Corp,4520,452020,45,45202030,D,USA,334112,3572,188,940, ,CA,QUANTUM CORP,QTM
8867,B, ,7/31/11,San Jose,Quantum Corp,4520,452020,45,45202030,D,USA,334112,3572,188,940, ,CA,QUANTUM CORP,QTM
8867,B, ,8/31/11,San Jose,Quantum Corp,4520,452020,45,45202030,D,USA,334112,3572,188,940, ,CA,QUANTUM CORP,QTM
8867,B, ,9/30/11,San Jose,Quantum Corp,4520,452020,45,45202030,D,USA,334112,3572,188,940, ,CA,QUANTUM CORP,QTM
8867,B, ,10/31/11,San Jose,Quantum Corp,4520,452020,45,45202030,D,USA,334112,3572,188,940, ,CA,QUANTUM CORP,QTM
8867,B, ,11/30/11,San Jose,Quantum Corp,4520,452020,45,45202030,D,USA,334112,3572,188,940, ,CA,QUANTUM CORP,QTM
8867,B, ,12/31/11,San Jose,Quantum Corp,4520,452020,45,45202030,D,USA,334112,3572,188,940, ,CA,QUANTUM CORP,QTM
8867,B, ,1/31/12,San Jose,Quantum Corp,4520,452020,45,45202030,D,USA,334112,3572,188,940, ,CA,QUANTUM CORP,QTM
8867,B, ,2/29/12,San Jose,Quantum Corp,4520,452020,45,45202030,D,USA,334112,3572,188,940, ,CA,QUANTUM CORP,QTM
8867,B, ,3/31/12,San Jose,Quantum Corp,4520,452020,45,45202030,D,USA,334112,3572,188,940, ,CA,QUANTUM CORP,QTM
8867, , ,4/30/12,San Jose,Quantum Corp,4520,452020,45,45202030,D,USA,334112,3572,188,940, ,CA,QUANTUM CORP,QTM
8867, , ,5/31/12,San Jose,Quantum Corp,4520,452020,45,45202030,D,USA,334112,3572,188,940, ,CA,QUANTUM CORP,QTM
8867, , ,6/30/12,San Jose,Quantum Corp,4520,452020,45,45202030,D,USA,334112,3572,188,940, ,CA,QUANTUM CORP,QTM
8867, , ,7/31/12,San Jose,Quantum Corp,4520,452020,45,45202030,D,USA,334112,3572,188,940, ,CA,QUANTUM CORP,QTM
8867, , ,8/31/12,San Jose,Quantum Corp,4520,452020,45,45202030,D,USA,334112,3572,188,940, ,CA,QUANTUM CORP,QTM
8867, , ,9/30/12,San Jose,Quantum Corp,4520,452020,45,45202030,D,USA,334112,3572,188,940, ,CA,QUANTUM CORP,QTM
8867, , ,10/31/12,San Jose,Quantum Corp,4520,452020,45,45202030,D,USA,334112,3572,188,940, ,CA,QUANTUM CORP,QTM
8867, , ,11/30/12,San Jose,Quantum Corp,4520,452020,45,45202030,D,USA,334112,3572,188,940, ,CA,QUANTUM CORP,QTM
8867, , ,12/31/12,San Jose,Quantum Corp,4520,452020,45,45202030,D,USA,334112,3572,188,940, ,CA,QUANTUM CORP,QTM
8867, , ,1/31/13,San Jose,Quantum Corp,4520,452020,45,45202030,D,USA,334112,3572,188,940, ,CA,QUANTUM CORP,QTM
8867, , ,2/28/13,San Jose,Quantum Corp,4520,452020,45,45202030,D,USA,334112,3572,188,940, ,CA,QUANTUM CORP,QTM
8867, , ,3/31/13,San Jose,Quantum Corp,4520,452020,45,45202030,D,USA,334112,3572,188,940, ,CA,QUANTUM CORP,QTM
8867, , ,4/30/13,San Jose,Quantum Corp,4520,452020,45,45202030,D,USA,334112,3572,188,940, ,CA,QUANTUM CORP,QTM
8867, , ,5/31/13,San Jose,Quantum Corp,4520,452020,45,45202030,D,USA,334112,3572,188,940, ,CA,QUANTUM CORP,QTM
8867, , ,6/30/13,San Jose,Quantum Corp,4520,452020,45,45202030,D,USA,334112,3572,188,940, ,CA,QUANTUM CORP,QTM
8867, , ,7/31/13,San Jose,Quantum Corp,4520,452020,45,45202030,D,USA,334112,3572,188,940, ,CA,QUANTUM CORP,QTM
8867, , ,8/31/13,San Jose,Quantum Corp,4520,452020,45,45202030,D,USA,334112,3572,188,940, ,CA,QUANTUM CORP,QTM
8867, , ,9/30/13,San Jose,Quantum Corp,4520,452020,45,45202030,D,USA,334112,3572,188,940, ,CA,QUANTUM CORP,QTM
8867, , ,10/31/13,San Jose,Quantum Corp,4520,452020,45,45202030,D,USA,334112,3572,188,940, ,CA,QUANTUM CORP,QTM
9097, , ,1/31/10,Hopkins,MagStar Technologies Inc,4520,452030,45,45203020,D,USA,339111,3821,230,940, ,MN,MAGSTAR TECHNOLOGIES INC,MGSR
9097, , ,2/28/10,Hopkins,MagStar Technologies Inc,4520,452030,45,45203020,D,USA,339111,3821,230,940, ,MN,MAGSTAR TECHNOLOGIES INC,MGSR
9097, , ,3/31/10,Hopkins,MagStar Technologies Inc,4520,452030,45,45203020,D,USA,339111,3821,230,940, ,MN,MAGSTAR TECHNOLOGIES INC,MGSR
9097, , ,4/30/10,Hopkins,MagStar Technologies Inc,4520,452030,45,45203020,D,USA,339111,3821,230,940, ,MN,MAGSTAR TECHNOLOGIES INC,MGSR
9097, , ,5/31/10,Hopkins,MagStar Technologies Inc,4520,452030,45,45203020,D,USA,339111,3821,230,940, ,MN,MAGSTAR TECHNOLOGIES INC,MGSR
9097, , ,6/30/10,Hopkins,MagStar Technologies Inc,4520,452030,45,45203020,D,USA,339111,3821,230,940, ,MN,MAGSTAR TECHNOLOGIES INC,MGSR
9097, , ,7/31/10,Hopkins,MagStar Technologies Inc,4520,452030,45,45203020,D,USA,339111,3821,230,940, ,MN,MAGSTAR TECHNOLOGIES INC,MGSR
9097, , ,8/31/10,Hopkins,MagStar Technologies Inc,4520,452030,45,45203020,D,USA,339111,3821,230,940, ,MN,MAGSTAR TECHNOLOGIES INC,MGSR
9097, , ,9/30/10,Hopkins,MagStar Technologies Inc,4520,452030,45,45203020,D,USA,339111,3821,230,940, ,MN,MAGSTAR TECHNOLOGIES INC,MGSR
9097, , ,10/31/10,Hopkins,MagStar Technologies Inc,4520,452030,45,45203020,D,USA,339111,3821,230,940, ,MN,MAGSTAR TECHNOLOGIES INC,MGSR
9097, , ,11/30/10,Hopkins,MagStar Technologies Inc,4520,452030,45,45203020,D,USA,339111,3821,230,940, ,MN,MAGSTAR TECHNOLOGIES INC,MGSR
9097, , ,12/31/10,Hopkins,MagStar Technologies Inc,4520,452030,45,45203020,D,USA,339111,3821,230,940, ,MN,MAGSTAR TECHNOLOGIES INC,MGSR
9097, , ,1/31/11,Hopkins,MagStar Technologies Inc,4520,452030,45,45203020,D,USA,339111,3821,230,940, ,MN,MAGSTAR TECHNOLOGIES INC,MGSR
9097, , ,2/28/11,Hopkins,MagStar Technologies Inc,4520,452030,45,45203020,D,USA,339111,3821,230,940, ,MN,MAGSTAR TECHNOLOGIES INC,MGSR
9097, , ,3/31/11,Hopkins,MagStar Technologies Inc,4520,452030,45,45203020,D,USA,339111,3821,230,940, ,MN,MAGSTAR TECHNOLOGIES INC,MGSR
9097, , ,4/30/11,Hopkins,MagStar Technologies Inc,4520,452030,45,45203020,D,USA,339111,3821,230,940, ,MN,MAGSTAR TECHNOLOGIES INC,MGSR
9097, , ,5/31/11,Hopkins,MagStar Technologies Inc,4520,452030,45,45203020,D,USA,339111,3821,230,940, ,MN,MAGSTAR TECHNOLOGIES INC,MGSR
9097, , ,6/30/11,Hopkins,MagStar Technologies Inc,4520,452030,45,45203020,D,USA,339111,3821,230,940, ,MN,MAGSTAR TECHNOLOGIES INC,MGSR
9097, , ,7/31/11,Hopkins,MagStar Technologies Inc,4520,452030,45,45203020,D,USA,339111,3821,230,940, ,MN,MAGSTAR TECHNOLOGIES INC,MGSR
9097, , ,8/31/11,Hopkins,MagStar Technologies Inc,4520,452030,45,45203020,D,USA,339111,3821,230,940, ,MN,MAGSTAR TECHNOLOGIES INC,MGSR
9097, , ,9/30/11,Hopkins,MagStar Technologies Inc,4520,452030,45,45203020,D,USA,339111,3821,230,940, ,MN,MAGSTAR TECHNOLOGIES INC,MGSR
9097, , ,10/31/11,Hopkins,MagStar Technologies Inc,4520,452030,45,45203020,D,USA,339111,3821,230,940, ,MN,MAGSTAR TECHNOLOGIES INC,MGSR
9097, , ,11/30/11,Hopkins,MagStar Technologies Inc,4520,452030,45,45203020,D,USA,339111,3821,230,940, ,MN,MAGSTAR TECHNOLOGIES INC,MGSR
9097, , ,12/31/11,Hopkins,MagStar Technologies Inc,4520,452030,45,45203020,D,USA,339111,3821,230,940, ,MN,MAGSTAR TECHNOLOGIES INC,MGSR
9097, , ,1/31/12,Hopkins,MagStar Technologies Inc,4520,452030,45,45203020,D,USA,339111,3821,230,940, ,MN,MAGSTAR TECHNOLOGIES INC,MGSR
9097, , ,2/29/12,Hopkins,MagStar Technologies Inc,4520,452030,45,45203020,D,USA,339111,3821,230,940, ,MN,MAGSTAR TECHNOLOGIES INC,MGSR
9097, , ,3/31/12,Hopkins,MagStar Technologies Inc,4520,452030,45,45203020,D,USA,339111,3821,230,940, ,MN,MAGSTAR TECHNOLOGIES INC,MGSR
9097, , ,4/30/12,Hopkins,MagStar Technologies Inc,4520,452030,45,45203020,D,USA,339111,3821,230,940, ,MN,MAGSTAR TECHNOLOGIES INC,MGSR
9097, , ,5/31/12,Hopkins,MagStar Technologies Inc,4520,452030,45,45203020,D,USA,339111,3821,230,940, ,MN,MAGSTAR TECHNOLOGIES INC,MGSR
9097, , ,6/30/12,Hopkins,MagStar Technologies Inc,4520,452030,45,45203020,D,USA,339111,3821,230,940, ,MN,MAGSTAR TECHNOLOGIES INC,MGSR
9097, , ,7/31/12,Hopkins,MagStar Technologies Inc,4520,452030,45,45203020,D,USA,339111,3821,230,940, ,MN,MAGSTAR TECHNOLOGIES INC,MGSR
9097, , ,8/31/12,Hopkins,MagStar Technologies Inc,4520,452030,45,45203020,D,USA,339111,3821,230,940, ,MN,MAGSTAR TECHNOLOGIES INC,MGSR
9097, , ,9/30/12,Hopkins,MagStar Technologies Inc,4520,452030,45,45203020,D,USA,339111,3821,230,940, ,MN,MAGSTAR TECHNOLOGIES INC,MGSR
9097, , ,10/31/12,Hopkins,MagStar Technologies Inc,4520,452030,45,45203020,D,USA,339111,3821,230,940, ,MN,MAGSTAR TECHNOLOGIES INC,MGSR
9097, , ,11/30/12,Hopkins,MagStar Technologies Inc,4520,452030,45,45203020,D,USA,339111,3821,230,940, ,MN,MAGSTAR TECHNOLOGIES INC,MGSR
9097, , ,12/31/12,Hopkins,MagStar Technologies Inc,4520,452030,45,45203020,D,USA,339111,3821,230,940, ,MN,MAGSTAR TECHNOLOGIES INC,MGSR
9097, , ,1/31/13,Hopkins,MagStar Technologies Inc,4520,452030,45,45203020,D,USA,339111,3821,230,940, ,MN,MAGSTAR TECHNOLOGIES INC,MGSR
9125, , ,1/31/10,LaFox,Richardson Electronics Ltd,4520,452030,45,45203030,D,USA,423690,5065,222,940,B-,IL,RICHARDSON ELECTRONICS LTD,RELL
9125, , ,2/28/10,LaFox,Richardson Electronics Ltd,4520,452030,45,45203030,D,USA,423690,5065,222,940,B-,IL,RICHARDSON ELECTRONICS LTD,RELL
9125, , ,3/31/10,LaFox,Richardson Electronics Ltd,4520,452030,45,45203030,D,USA,423690,5065,222,940,B-,IL,RICHARDSON ELECTRONICS LTD,RELL
9125, , ,4/30/10,LaFox,Richardson Electronics Ltd,4520,452030,45,45203030,D,USA,423690,5065,222,940,B-,IL,RICHARDSON ELECTRONICS LTD,RELL
9125, , ,5/31/10,LaFox,Richardson Electronics Ltd,4520,452030,45,45203030,D,USA,423690,5065,222,940,B-,IL,RICHARDSON ELECTRONICS LTD,RELL
9125, , ,6/30/10,LaFox,Richardson Electronics Ltd,4520,452030,45,45203030,D,USA,423690,5065,222,940,B-,IL,RICHARDSON ELECTRONICS LTD,RELL
9125, , ,7/31/10,LaFox,Richardson Electronics Ltd,4520,452030,45,45203030,D,USA,423690,5065,222,940,B-,IL,RICHARDSON ELECTRONICS LTD,RELL
9125, , ,8/31/10,LaFox,Richardson Electronics Ltd,4520,452030,45,45203030,D,USA,423690,5065,222,940,B-,IL,RICHARDSON ELECTRONICS LTD,RELL
9125, , ,9/30/10,LaFox,Richardson Electronics Ltd,4520,452030,45,45203030,D,USA,423690,5065,222,940,B-,IL,RICHARDSON ELECTRONICS LTD,RELL
9125, , ,10/31/10,LaFox,Richardson Electronics Ltd,4520,452030,45,45203030,D,USA,423690,5065,222,940,B-,IL,RICHARDSON ELECTRONICS LTD,RELL
9125, , ,11/30/10,LaFox,Richardson Electronics Ltd,4520,452030,45,45203030,D,USA,423690,5065,222,940,B-,IL,RICHARDSON ELECTRONICS LTD,RELL
9125, , ,12/31/10,LaFox,Richardson Electronics Ltd,4520,452030,45,45203030,D,USA,423690,5065,222,940,B-,IL,RICHARDSON ELECTRONICS LTD,RELL
9125, , ,1/31/11,LaFox,Richardson Electronics Ltd,4520,452030,45,45203030,D,USA,423690,5065,222,940,B-,IL,RICHARDSON ELECTRONICS LTD,RELL
9125, , ,2/28/11,LaFox,Richardson Electronics Ltd,4520,452030,45,45203030,D,USA,423690,5065,222,940,B-,IL,RICHARDSON ELECTRONICS LTD,RELL
9125, , ,3/31/11,LaFox,Richardson Electronics Ltd,4520,452030,45,45203030,D,USA,423690,5065,222,940,B-,IL,RICHARDSON ELECTRONICS LTD,RELL
9125, , ,4/30/11,LaFox,Richardson Electronics Ltd,4520,452030,45,45203030,D,USA,423690,5065,222,940,B-,IL,RICHARDSON ELECTRONICS LTD,RELL
9125, , ,5/31/11,LaFox,Richardson Electronics Ltd,4520,452030,45,45203030,D,USA,423690,5065,222,940,B-,IL,RICHARDSON ELECTRONICS LTD,RELL
9125, , ,6/30/11,LaFox,Richardson Electronics Ltd,4520,452030,45,45203030,D,USA,423690,5065,222,940,B-,IL,RICHARDSON ELECTRONICS LTD,RELL
9125, , ,7/31/11,LaFox,Richardson Electronics Ltd,4520,452030,45,45203030,D,USA,423690,5065,222,940,B-,IL,RICHARDSON ELECTRONICS LTD,RELL
9125, , ,8/31/11,LaFox,Richardson Electronics Ltd,4520,452030,45,45203030,D,USA,423690,5065,222,940,B-,IL,RICHARDSON ELECTRONICS LTD,RELL
9125, , ,9/30/11,LaFox,Richardson Electronics Ltd,4520,452030,45,45203030,D,USA,423690,5065,222,940,B-,IL,RICHARDSON ELECTRONICS LTD,RELL
9125, , ,10/31/11,LaFox,Richardson Electronics Ltd,4520,452030,45,45203030,D,USA,423690,5065,222,940,B-,IL,RICHARDSON ELECTRONICS LTD,RELL
9125, , ,11/30/11,LaFox,Richardson Electronics Ltd,4520,452030,45,45203030,D,USA,423690,5065,222,940,B-,IL,RICHARDSON ELECTRONICS LTD,RELL
9125, , ,12/31/11,LaFox,Richardson Electronics Ltd,4520,452030,45,45203030,D,USA,423690,5065,222,940,B-,IL,RICHARDSON ELECTRONICS LTD,RELL
9125, , ,1/31/12,LaFox,Richardson Electronics Ltd,4520,452030,45,45203030,D,USA,423690,5065,222,940,B-,IL,RICHARDSON ELECTRONICS LTD,RELL
9125, , ,2/29/12,LaFox,Richardson Electronics Ltd,4520,452030,45,45203030,D,USA,423690,5065,222,940,B-,IL,RICHARDSON ELECTRONICS LTD,RELL
9125, , ,3/31/12,LaFox,Richardson Electronics Ltd,4520,452030,45,45203030,D,USA,423690,5065,222,940,B-,IL,RICHARDSON ELECTRONICS LTD,RELL
9125, , ,4/30/12,LaFox,Richardson Electronics Ltd,4520,452030,45,45203030,D,USA,423690,5065,222,940,B-,IL,RICHARDSON ELECTRONICS LTD,RELL
9125, , ,5/31/12,LaFox,Richardson Electronics Ltd,4520,452030,45,45203030,D,USA,423690,5065,222,940,B-,IL,RICHARDSON ELECTRONICS LTD,RELL
9125, , ,6/30/12,LaFox,Richardson Electronics Ltd,4520,452030,45,45203030,D,USA,423690,5065,222,940,B-,IL,RICHARDSON ELECTRONICS LTD,RELL
9125, , ,7/31/12,LaFox,Richardson Electronics Ltd,4520,452030,45,45203030,D,USA,423690,5065,222,940,B-,IL,RICHARDSON ELECTRONICS LTD,RELL
9125, , ,8/31/12,LaFox,Richardson Electronics Ltd,4520,452030,45,45203030,D,USA,423690,5065,222,940,B-,IL,RICHARDSON ELECTRONICS LTD,RELL
9125, , ,9/30/12,LaFox,Richardson Electronics Ltd,4520,452030,45,45203030,D,USA,423690,5065,222,940,B-,IL,RICHARDSON ELECTRONICS LTD,RELL
9125, , ,10/31/12,LaFox,Richardson Electronics Ltd,4520,452030,45,45203030,D,USA,423690,5065,222,940,B-,IL,RICHARDSON ELECTRONICS LTD,RELL
9125, , ,11/30/12,LaFox,Richardson Electronics Ltd,4520,452030,45,45203030,D,USA,423690,5065,222,940,B-,IL,RICHARDSON ELECTRONICS LTD,RELL
9125, , ,12/31/12,LaFox,Richardson Electronics Ltd,4520,452030,45,45203030,D,USA,423690,5065,222,940,B-,IL,RICHARDSON ELECTRONICS LTD,RELL
9125, , ,1/31/13,LaFox,Richardson Electronics Ltd,4520,452030,45,45203030,D,USA,423690,5065,222,940,B-,IL,RICHARDSON ELECTRONICS LTD,RELL
9125, , ,2/28/13,LaFox,Richardson Electronics Ltd,4520,452030,45,45203030,D,USA,423690,5065,222,940,B-,IL,RICHARDSON ELECTRONICS LTD,RELL
9125, , ,3/31/13,LaFox,Richardson Electronics Ltd,4520,452030,45,45203030,D,USA,423690,5065,222,940,B-,IL,RICHARDSON ELECTRONICS LTD,RELL
9125, , ,4/30/13,LaFox,Richardson Electronics Ltd,4520,452030,45,45203030,D,USA,423690,5065,222,940,B-,IL,RICHARDSON ELECTRONICS LTD,RELL
9125, , ,5/31/13,LaFox,Richardson Electronics Ltd,4520,452030,45,45203030,D,USA,423690,5065,222,940,B-,IL,RICHARDSON ELECTRONICS LTD,RELL
9125, , ,6/30/13,LaFox,Richardson Electronics Ltd,4520,452030,45,45203030,D,USA,423690,5065,222,940,B-,IL,RICHARDSON ELECTRONICS LTD,RELL
9125, , ,7/31/13,LaFox,Richardson Electronics Ltd,4520,452030,45,45203030,D,USA,423690,5065,222,940,B-,IL,RICHARDSON ELECTRONICS LTD,RELL
9125, , ,8/31/13,LaFox,Richardson Electronics Ltd,4520,452030,45,45203030,D,USA,423690,5065,222,940,B-,IL,RICHARDSON ELECTRONICS LTD,RELL
9125, , ,9/30/13,LaFox,Richardson Electronics Ltd,4520,452030,45,45203030,D,USA,423690,5065,222,940,B-,IL,RICHARDSON ELECTRONICS LTD,RELL
9125, , ,10/31/13,LaFox,Richardson Electronics Ltd,4520,452030,45,45203030,D,USA,423690,5065,222,940,B-,IL,RICHARDSON ELECTRONICS LTD,RELL
9135,A+,A-1,1/31/10,Tokyo,Ricoh Co Ltd,4520,452020,45,45202030,B,JPN,333316,3861,403,940, , ,RICOH CO LTD,RICOY
9135,A+,A-1,2/28/10,Tokyo,Ricoh Co Ltd,4520,452020,45,45202030,B,JPN,333316,3861,403,940, , ,RICOH CO LTD,RICOY
9135,A+,A-1,3/31/10,Tokyo,Ricoh Co Ltd,4520,452020,45,45202030,B,JPN,333316,3861,403,940, , ,RICOH CO LTD,RICOY
9135,A+,A-1,4/30/10,Tokyo,Ricoh Co Ltd,4520,452020,45,45202030,B,JPN,333316,3861,403,940, , ,RICOH CO LTD,RICOY
9135,A+,A-1,5/31/10,Tokyo,Ricoh Co Ltd,4520,452020,45,45202030,B,JPN,333316,3861,403,940, , ,RICOH CO LTD,RICOY
9135,A+,A-1,6/30/10,Tokyo,Ricoh Co Ltd,4520,452020,45,45202030,B,JPN,333316,3861,403,940, , ,RICOH CO LTD,RICOY
9135,A+,A-1,7/31/10,Tokyo,Ricoh Co Ltd,4520,452020,45,45202030,B,JPN,333316,3861,403,940, , ,RICOH CO LTD,RICOY
9135,A+,A-1,8/31/10,Tokyo,Ricoh Co Ltd,4520,452020,45,45202030,B,JPN,333316,3861,403,940, , ,RICOH CO LTD,RICOY
9135,A+,A-1,9/30/10,Tokyo,Ricoh Co Ltd,4520,452020,45,45202030,B,JPN,333316,3861,403,940, , ,RICOH CO LTD,RICOY
9135,A+,A-1,10/31/10,Tokyo,Ricoh Co Ltd,4520,452020,45,45202030,B,JPN,333316,3861,403,940, , ,RICOH CO LTD,RICOY
9135,A+,A-1,11/30/10,Tokyo,Ricoh Co Ltd,4520,452020,45,45202030,B,JPN,333316,3861,403,940, , ,RICOH CO LTD,RICOY
9135,A+,A-1,12/31/10,Tokyo,Ricoh Co Ltd,4520,452020,45,45202030,B,JPN,333316,3861,403,940, , ,RICOH CO LTD,RICOY
9135,A+,A-1,1/31/11,Tokyo,Ricoh Co Ltd,4520,452020,45,45202030,B,JPN,333316,3861,403,940, , ,RICOH CO LTD,RICOY
9135,A+,A-1,2/28/11,Tokyo,Ricoh Co Ltd,4520,452020,45,45202030,B,JPN,333316,3861,403,940, , ,RICOH CO LTD,RICOY
9135,A+,A-1,3/31/11,Tokyo,Ricoh Co Ltd,4520,452020,45,45202030,B,JPN,333316,3861,403,940, , ,RICOH CO LTD,RICOY
9135,A+,A-1,4/30/11,Tokyo,Ricoh Co Ltd,4520,452020,45,45202030,B,JPN,333316,3861,403,940, , ,RICOH CO LTD,RICOY
9135,A+,A-1,5/31/11,Tokyo,Ricoh Co Ltd,4520,452020,45,45202030,B,JPN,333316,3861,403,940, , ,RICOH CO LTD,RICOY
9135,A+,A-1,6/30/11,Tokyo,Ricoh Co Ltd,4520,452020,45,45202030,B,JPN,333316,3861,403,940, , ,RICOH CO LTD,RICOY
9135,A+,A-1,7/31/11,Tokyo,Ricoh Co Ltd,4520,452020,45,45202030,B,JPN,333316,3861,403,940, , ,RICOH CO LTD,RICOY
9135,A+,A-1,8/31/11,Tokyo,Ricoh Co Ltd,4520,452020,45,45202030,B,JPN,333316,3861,403,940, , ,RICOH CO LTD,RICOY
9135,A+,A-1,9/30/11,Tokyo,Ricoh Co Ltd,4520,452020,45,45202030,B,JPN,333316,3861,403,940, , ,RICOH CO LTD,RICOY
9135,A+,A-1,10/31/11,Tokyo,Ricoh Co Ltd,4520,452020,45,45202030,B,JPN,333316,3861,403,940, , ,RICOH CO LTD,RICOY
9135,A+,A-1,11/30/11,Tokyo,Ricoh Co Ltd,4520,452020,45,45202030,B,JPN,333316,3861,403,940, , ,RICOH CO LTD,RICOY
9135,A+,A-1,12/31/11,Tokyo,Ricoh Co Ltd,4520,452020,45,45202030,B,JPN,333316,3861,403,940, , ,RICOH CO LTD,RICOY
9135,A+,A-1,1/31/12,Tokyo,Ricoh Co Ltd,4520,452020,45,45202030,B,JPN,333316,3861,403,940, , ,RICOH CO LTD,RICOY
9135,A,A-1,2/29/12,Tokyo,Ricoh Co Ltd,4520,452020,45,45202030,B,JPN,333316,3861,403,940, , ,RICOH CO LTD,RICOY
9135,A,A-1,3/31/12,Tokyo,Ricoh Co Ltd,4520,452020,45,45202030,B,JPN,333316,3861,403,940, , ,RICOH CO LTD,RICOY
9135,A,A-1,4/30/12,Tokyo,Ricoh Co Ltd,4520,452020,45,45202030,B,JPN,333316,3861,403,940, , ,RICOH CO LTD,RICOY
9135,A,A-1,5/31/12,Tokyo,Ricoh Co Ltd,4520,452020,45,45202030,B,JPN,333316,3861,403,940, , ,RICOH CO LTD,RICOY
9135,A,A-1,6/30/12,Tokyo,Ricoh Co Ltd,4520,452020,45,45202030,B,JPN,333316,3861,403,940, , ,RICOH CO LTD,RICOY
9135,A,A-1,7/31/12,Tokyo,Ricoh Co Ltd,4520,452020,45,45202030,B,JPN,333316,3861,403,940, , ,RICOH CO LTD,RICOY
9135,A,A-1,8/31/12,Tokyo,Ricoh Co Ltd,4520,452020,45,45202030,B,JPN,333316,3861,403,940, , ,RICOH CO LTD,RICOY
9135,A,A-1,9/30/12,Tokyo,Ricoh Co Ltd,4520,452020,45,45202030,B,JPN,333316,3861,403,940, , ,RICOH CO LTD,RICOY
9135,A,A-1,10/31/12,Tokyo,Ricoh Co Ltd,4520,452020,45,45202030,B,JPN,333316,3861,403,940, , ,RICOH CO LTD,RICOY
9135,A,A-1,11/30/12,Tokyo,Ricoh Co Ltd,4520,452020,45,45202030,B,JPN,333316,3861,403,940, , ,RICOH CO LTD,RICOY
9135,A,A-1,12/31/12,Tokyo,Ricoh Co Ltd,4520,452020,45,45202030,B,JPN,333316,3861,403,940, , ,RICOH CO LTD,RICOY
9135,A,A-1,1/31/13,Tokyo,Ricoh Co Ltd,4520,452020,45,45202030,B,JPN,333316,3861,403,940, , ,RICOH CO LTD,RICOY
9135,A,A-1,2/28/13,Tokyo,Ricoh Co Ltd,4520,452020,45,45202030,B,JPN,333316,3861,403,940, , ,RICOH CO LTD,RICOY
9135,A,A-1,3/31/13,Tokyo,Ricoh Co Ltd,4520,452020,45,45202030,B,JPN,333316,3861,403,940, , ,RICOH CO LTD,RICOY
9135,A,A-1,4/30/13,Tokyo,Ricoh Co Ltd,4520,452020,45,45202030,B,JPN,333316,3861,403,940, , ,RICOH CO LTD,RICOY
9135,A,A-1,5/31/13,Tokyo,Ricoh Co Ltd,4520,452020,45,45202030,B,JPN,333316,3861,403,940, , ,RICOH CO LTD,RICOY
9135,A,A-1,6/30/13,Tokyo,Ricoh Co Ltd,4520,452020,45,45202030,B,JPN,333316,3861,403,940, , ,RICOH CO LTD,RICOY
9135,A,A-1,7/31/13,Tokyo,Ricoh Co Ltd,4520,452020,45,45202030,B,JPN,333316,3861,403,940, , ,RICOH CO LTD,RICOY
9135,A,A-1,8/31/13,Tokyo,Ricoh Co Ltd,4520,452020,45,45202030,B,JPN,333316,3861,403,940, , ,RICOH CO LTD,RICOY
9135,A,A-1,9/30/13,Tokyo,Ricoh Co Ltd,4520,452020,45,45202030,B,JPN,333316,3861,403,940, , ,RICOH CO LTD,RICOY
9135,A,A-1,10/31/13,Tokyo,Ricoh Co Ltd,4520,452020,45,45202030,B,JPN,333316,3861,403,940, , ,RICOH CO LTD,RICOY
9135,A,A-1,11/30/13,Tokyo,Ricoh Co Ltd,4520,452020,45,45202030,B,JPN,333316,3861,403,940, , ,RICOH CO LTD,RICOY
9135,A,A-1,12/31/13,Tokyo,Ricoh Co Ltd,4520,452020,45,45202030,B,JPN,333316,3861,403,940, , ,RICOH CO LTD,RICOY
9135,A,A-1,1/31/14,Tokyo,Ricoh Co Ltd,4520,452020,45,45202030,B,JPN,333316,3861,403,940, , ,RICOH CO LTD,RICOY
9135,A,A-1,2/28/14,Tokyo,Ricoh Co Ltd,4520,452020,45,45202030,B,JPN,333316,3861,403,940, , ,RICOH CO LTD,RICOY
9135,A,A-1,3/31/14,Tokyo,Ricoh Co Ltd,4520,452020,45,45202030,B,JPN,333316,3861,403,940, , ,RICOH CO LTD,RICOY
9135,A,A-1,4/30/14,Tokyo,Ricoh Co Ltd,4520,452020,45,45202030,B,JPN,333316,3861,403,940, , ,RICOH CO LTD,RICOY
9135,A,A-1,5/31/14,Tokyo,Ricoh Co Ltd,4520,452020,45,45202030,B,JPN,333316,3861,403,940, , ,RICOH CO LTD,RICOY
9135,A,A-1,6/30/14,Tokyo,Ricoh Co Ltd,4520,452020,45,45202030,B,JPN,333316,3861,403,940, , ,RICOH CO LTD,RICOY
9154, , ,1/31/10,Kimball,Risk(George) Industries Inc,4520,452030,45,45203010,D,USA,334290,3669,180,940, ,NE,RISK(GEORGE) INDUSTRIES INC,RSKIA
9154, , ,2/28/10,Kimball,Risk(George) Industries Inc,4520,452030,45,45203010,D,USA,334290,3669,180,940, ,NE,RISK(GEORGE) INDUSTRIES INC,RSKIA
9154, , ,3/31/10,Kimball,Risk(George) Industries Inc,4520,452030,45,45203010,D,USA,334290,3669,180,940, ,NE,RISK(GEORGE) INDUSTRIES INC,RSKIA
9154, , ,4/30/10,Kimball,Risk(George) Industries Inc,4520,452030,45,45203010,D,USA,334290,3669,180,940, ,NE,RISK(GEORGE) INDUSTRIES INC,RSKIA
9154, , ,5/31/10,Kimball,Risk(George) Industries Inc,4520,452030,45,45203010,D,USA,334290,3669,180,940, ,NE,RISK(GEORGE) INDUSTRIES INC,RSKIA
9154, , ,6/30/10,Kimball,Risk(George) Industries Inc,4520,452030,45,45203010,D,USA,334290,3669,180,940, ,NE,RISK(GEORGE) INDUSTRIES INC,RSKIA
9154, , ,7/31/10,Kimball,Risk(George) Industries Inc,4520,452030,45,45203010,D,USA,334290,3669,180,940, ,NE,RISK(GEORGE) INDUSTRIES INC,RSKIA
9154, , ,8/31/10,Kimball,Risk(George) Industries Inc,4520,452030,45,45203010,D,USA,334290,3669,180,940, ,NE,RISK(GEORGE) INDUSTRIES INC,RSKIA
9154, , ,9/30/10,Kimball,Risk(George) Industries Inc,4520,452030,45,45203010,D,USA,334290,3669,180,940, ,NE,RISK(GEORGE) INDUSTRIES INC,RSKIA
9154, , ,10/31/10,Kimball,Risk(George) Industries Inc,4520,452030,45,45203010,D,USA,334290,3669,180,940, ,NE,RISK(GEORGE) INDUSTRIES INC,RSKIA
9154, , ,11/30/10,Kimball,Risk(George) Industries Inc,4520,452030,45,45203010,D,USA,334290,3669,180,940, ,NE,RISK(GEORGE) INDUSTRIES INC,RSKIA
9154, , ,12/31/10,Kimball,Risk(George) Industries Inc,4520,452030,45,45203010,D,USA,334290,3669,180,940, ,NE,RISK(GEORGE) INDUSTRIES INC,RSKIA
9154, , ,1/31/11,Kimball,Risk(George) Industries Inc,4520,452030,45,45203010,D,USA,334290,3669,180,940, ,NE,RISK(GEORGE) INDUSTRIES INC,RSKIA
9154, , ,2/28/11,Kimball,Risk(George) Industries Inc,4520,452030,45,45203010,D,USA,334290,3669,180,940, ,NE,RISK(GEORGE) INDUSTRIES INC,RSKIA
9154, , ,3/31/11,Kimball,Risk(George) Industries Inc,4520,452030,45,45203010,D,USA,334290,3669,180,940, ,NE,RISK(GEORGE) INDUSTRIES INC,RSKIA
9154, , ,4/30/11,Kimball,Risk(George) Industries Inc,4520,452030,45,45203010,D,USA,334290,3669,180,940, ,NE,RISK(GEORGE) INDUSTRIES INC,RSKIA
9154, , ,5/31/11,Kimball,Risk(George) Industries Inc,4520,452030,45,45203010,D,USA,334290,3669,180,940, ,NE,RISK(GEORGE) INDUSTRIES INC,RSKIA
9154, , ,6/30/11,Kimball,Risk(George) Industries Inc,4520,452030,45,45203010,D,USA,334290,3669,180,940, ,NE,RISK(GEORGE) INDUSTRIES INC,RSKIA
9154, , ,7/31/11,Kimball,Risk(George) Industries Inc,4520,452030,45,45203010,D,USA,334290,3669,180,940, ,NE,RISK(GEORGE) INDUSTRIES INC,RSKIA
9154, , ,8/31/11,Kimball,Risk(George) Industries Inc,4520,452030,45,45203010,D,USA,334290,3669,180,940, ,NE,RISK(GEORGE) INDUSTRIES INC,RSKIA
9154, , ,9/30/11,Kimball,Risk(George) Industries Inc,4520,452030,45,45203010,D,USA,334290,3669,180,940, ,NE,RISK(GEORGE) INDUSTRIES INC,RSKIA
9154, , ,10/31/11,Kimball,Risk(George) Industries Inc,4520,452030,45,45203010,D,USA,334290,3669,180,940, ,NE,RISK(GEORGE) INDUSTRIES INC,RSKIA
9154, , ,11/30/11,Kimball,Risk(George) Industries Inc,4520,452030,45,45203010,D,USA,334290,3669,180,940, ,NE,RISK(GEORGE) INDUSTRIES INC,RSKIA
9154, , ,12/31/11,Kimball,Risk(George) Industries Inc,4520,452030,45,45203010,D,USA,334290,3669,180,940, ,NE,RISK(GEORGE) INDUSTRIES INC,RSKIA
9154, , ,1/31/12,Kimball,Risk(George) Industries Inc,4520,452030,45,45203010,D,USA,334290,3669,180,940, ,NE,RISK(GEORGE) INDUSTRIES INC,RSKIA
9154, , ,2/29/12,Kimball,Risk(George) Industries Inc,4520,452030,45,45203010,D,USA,334290,3669,180,940, ,NE,RISK(GEORGE) INDUSTRIES INC,RSKIA
9154, , ,3/31/12,Kimball,Risk(George) Industries Inc,4520,452030,45,45203010,D,USA,334290,3669,180,940, ,NE,RISK(GEORGE) INDUSTRIES INC,RSKIA
9154, , ,4/30/12,Kimball,Risk(George) Industries Inc,4520,452030,45,45203010,D,USA,334290,3669,180,940, ,NE,RISK(GEORGE) INDUSTRIES INC,RSKIA
9154, , ,5/31/12,Kimball,Risk(George) Industries Inc,4520,452030,45,45203010,D,USA,334290,3669,180,940, ,NE,RISK(GEORGE) INDUSTRIES INC,RSKIA
9154, , ,6/30/12,Kimball,Risk(George) Industries Inc,4520,452030,45,45203010,D,USA,334290,3669,180,940, ,NE,RISK(GEORGE) INDUSTRIES INC,RSKIA
9154, , ,7/31/12,Kimball,Risk(George) Industries Inc,4520,452030,45,45203010,D,USA,334290,3669,180,940, ,NE,RISK(GEORGE) INDUSTRIES INC,RSKIA
9154, , ,8/31/12,Kimball,Risk(George) Industries Inc,4520,452030,45,45203010,D,USA,334290,3669,180,940, ,NE,RISK(GEORGE) INDUSTRIES INC,RSKIA
9154, , ,9/30/12,Kimball,Risk(George) Industries Inc,4520,452030,45,45203010,D,USA,334290,3669,180,940, ,NE,RISK(GEORGE) INDUSTRIES INC,RSKIA
9154, , ,10/31/12,Kimball,Risk(George) Industries Inc,4520,452030,45,45203010,D,USA,334290,3669,180,940, ,NE,RISK(GEORGE) INDUSTRIES INC,RSKIA
9154, , ,11/30/12,Kimball,Risk(George) Industries Inc,4520,452030,45,45203010,D,USA,334290,3669,180,940, ,NE,RISK(GEORGE) INDUSTRIES INC,RSKIA
9154, , ,12/31/12,Kimball,Risk(George) Industries Inc,4520,452030,45,45203010,D,USA,334290,3669,180,940, ,NE,RISK(GEORGE) INDUSTRIES INC,RSKIA
9154, , ,1/31/13,Kimball,Risk(George) Industries Inc,4520,452030,45,45203010,D,USA,334290,3669,180,940, ,NE,RISK(GEORGE) INDUSTRIES INC,RSKIA
9154, , ,2/28/13,Kimball,Risk(George) Industries Inc,4520,452030,45,45203010,D,USA,334290,3669,180,940, ,NE,RISK(GEORGE) INDUSTRIES INC,RSKIA
9154, , ,3/31/13,Kimball,Risk(George) Industries Inc,4520,452030,45,45203010,D,USA,334290,3669,180,940, ,NE,RISK(GEORGE) INDUSTRIES INC,RSKIA
9154, , ,4/30/13,Kimball,Risk(George) Industries Inc,4520,452030,45,45203010,D,USA,334290,3669,180,940, ,NE,RISK(GEORGE) INDUSTRIES INC,RSKIA
9154, , ,5/31/13,Kimball,Risk(George) Industries Inc,4520,452030,45,45203010,D,USA,334290,3669,180,940, ,NE,RISK(GEORGE) INDUSTRIES INC,RSKIA
9154, , ,6/30/13,Kimball,Risk(George) Industries Inc,4520,452030,45,45203010,D,USA,334290,3669,180,940, ,NE,RISK(GEORGE) INDUSTRIES INC,RSKIA
9154, , ,7/31/13,Kimball,Risk(George) Industries Inc,4520,452030,45,45203010,D,USA,334290,3669,180,940, ,NE,RISK(GEORGE) INDUSTRIES INC,RSKIA
9154, , ,8/31/13,Kimball,Risk(George) Industries Inc,4520,452030,45,45203010,D,USA,334290,3669,180,940, ,NE,RISK(GEORGE) INDUSTRIES INC,RSKIA
9154, , ,9/30/13,Kimball,Risk(George) Industries Inc,4520,452030,45,45203010,D,USA,334290,3669,180,940, ,NE,RISK(GEORGE) INDUSTRIES INC,RSKIA
9154, , ,10/31/13,Kimball,Risk(George) Industries Inc,4520,452030,45,45203010,D,USA,334290,3669,180,940, ,NE,RISK(GEORGE) INDUSTRIES INC,RSKIA
9191, , ,1/31/10,Nashua,Acuity CiMatrix Inc,4520,452030,45,45203010,D,USA,334513,3823,230,940,D,NH,ACUITY CIMATRIX INC,RVSIQ
9191, , ,2/28/10,Nashua,Acuity CiMatrix Inc,4520,452030,45,45203010,D,USA,334513,3823,230,940,D,NH,ACUITY CIMATRIX INC,RVSIQ
9191, , ,3/31/10,Nashua,Acuity CiMatrix Inc,4520,452030,45,45203010,D,USA,334513,3823,230,940,D,NH,ACUITY CIMATRIX INC,RVSIQ
9191, , ,4/30/10,Nashua,Acuity CiMatrix Inc,4520,452030,45,45203010,D,USA,334513,3823,230,940,D,NH,ACUITY CIMATRIX INC,RVSIQ
9191, , ,5/31/10,Nashua,Acuity CiMatrix Inc,4520,452030,45,45203010,D,USA,334513,3823,230,940,D,NH,ACUITY CIMATRIX INC,RVSIQ
9191, , ,6/30/10,Nashua,Acuity CiMatrix Inc,4520,452030,45,45203010,D,USA,334513,3823,230,940,D,NH,ACUITY CIMATRIX INC,RVSIQ
9191, , ,7/31/10,Nashua,Acuity CiMatrix Inc,4520,452030,45,45203010,D,USA,334513,3823,230,940,D,NH,ACUITY CIMATRIX INC,RVSIQ
9216, , ,1/31/10,Rogers,Rogers Corp.,4520,452030,45,45203015,D,USA,326130,3080,222,940,B,CT,ROGERS CORP,ROG
9216, , ,2/28/10,Rogers,Rogers Corp.,4520,452030,45,45203015,D,USA,326130,3080,222,940,B,CT,ROGERS CORP,ROG
9216, , ,3/31/10,Rogers,Rogers Corp.,4520,452030,45,45203015,D,USA,326130,3080,222,940,B,CT,ROGERS CORP,ROG
9216, , ,4/30/10,Rogers,Rogers Corp.,4520,452030,45,45203015,D,USA,326130,3080,222,940,B,CT,ROGERS CORP,ROG
9216, , ,5/31/10,Rogers,Rogers Corp.,4520,452030,45,45203015,D,USA,326130,3080,222,940,B,CT,ROGERS CORP,ROG
9216, , ,6/30/10,Rogers,Rogers Corp.,4520,452030,45,45203015,D,USA,326130,3080,222,940,B,CT,ROGERS CORP,ROG
9216, , ,7/31/10,Rogers,Rogers Corp.,4520,452030,45,45203015,D,USA,326130,3080,222,940,B,CT,ROGERS CORP,ROG
9216, , ,8/31/10,Rogers,Rogers Corp.,4520,452030,45,45203015,D,USA,326130,3080,222,940,B,CT,ROGERS CORP,ROG
9216, , ,9/30/10,Rogers,Rogers Corp.,4520,452030,45,45203015,D,USA,326130,3080,222,940,B,CT,ROGERS CORP,ROG
9216, , ,10/31/10,Rogers,Rogers Corp.,4520,452030,45,45203015,D,USA,326130,3080,222,940,B,CT,ROGERS CORP,ROG
9216, , ,11/30/10,Rogers,Rogers Corp.,4520,452030,45,45203015,D,USA,326130,3080,222,940,B,CT,ROGERS CORP,ROG
9216, , ,12/31/10,Rogers,Rogers Corp.,4520,452030,45,45203015,D,USA,326130,3080,222,940,B,CT,ROGERS CORP,ROG
9216, , ,1/31/11,Rogers,Rogers Corp.,4520,452030,45,45203015,D,USA,326130,3080,222,940,B,CT,ROGERS CORP,ROG
9216, , ,2/28/11,Rogers,Rogers Corp.,4520,452030,45,45203015,D,USA,326130,3080,222,940,B,CT,ROGERS CORP,ROG
9216, , ,3/31/11,Rogers,Rogers Corp.,4520,452030,45,45203015,D,USA,326130,3080,222,940,B,CT,ROGERS CORP,ROG
9216, , ,4/30/11,Rogers,Rogers Corp.,4520,452030,45,45203015,D,USA,326130,3080,222,940,B,CT,ROGERS CORP,ROG
9216, , ,5/31/11,Rogers,Rogers Corp.,4520,452030,45,45203015,D,USA,326130,3080,222,940,B,CT,ROGERS CORP,ROG
9216, , ,6/30/11,Rogers,Rogers Corp.,4520,452030,45,45203015,D,USA,326130,3080,222,940,B,CT,ROGERS CORP,ROG
9216, , ,7/31/11,Rogers,Rogers Corp.,4520,452030,45,45203015,D,USA,326130,3080,222,940,B,CT,ROGERS CORP,ROG
9216, , ,8/31/11,Rogers,Rogers Corp.,4520,452030,45,45203015,D,USA,326130,3080,222,940,B,CT,ROGERS CORP,ROG
9216, , ,9/30/11,Rogers,Rogers Corp.,4520,452030,45,45203015,D,USA,326130,3080,222,940,B,CT,ROGERS CORP,ROG
9216, , ,10/31/11,Rogers,Rogers Corp.,4520,452030,45,45203015,D,USA,326130,3080,222,940,B,CT,ROGERS CORP,ROG
9216, , ,11/30/11,Rogers,Rogers Corp.,4520,452030,45,45203015,D,USA,326130,3080,222,940,B,CT,ROGERS CORP,ROG
9216, , ,12/31/11,Rogers,Rogers Corp.,4520,452030,45,45203015,D,USA,326130,3080,222,940,B,CT,ROGERS CORP,ROG
9216, , ,1/31/12,Rogers,Rogers Corp.,4520,452030,45,45203015,D,USA,326130,3080,222,940,B,CT,ROGERS CORP,ROG
9216, , ,2/29/12,Rogers,Rogers Corp.,4520,452030,45,45203015,D,USA,326130,3080,222,940,B,CT,ROGERS CORP,ROG
9216, , ,3/31/12,Rogers,Rogers Corp.,4520,452030,45,45203015,D,USA,326130,3080,222,940,B,CT,ROGERS CORP,ROG
9216, , ,4/30/12,Rogers,Rogers Corp.,4520,452030,45,45203015,D,USA,326130,3080,222,940,B,CT,ROGERS CORP,ROG
9216, , ,5/31/12,Rogers,Rogers Corp.,4520,452030,45,45203015,D,USA,326130,3080,222,940,B,CT,ROGERS CORP,ROG
9216, , ,6/30/12,Rogers,Rogers Corp.,4520,452030,45,45203015,D,USA,326130,3080,222,940,B,CT,ROGERS CORP,ROG
9216, , ,7/31/12,Rogers,Rogers Corp.,4520,452030,45,45203015,D,USA,326130,3080,222,940,B,CT,ROGERS CORP,ROG
9216, , ,8/31/12,Rogers,Rogers Corp.,4520,452030,45,45203015,D,USA,326130,3080,222,940,B,CT,ROGERS CORP,ROG
9216, , ,9/30/12,Rogers,Rogers Corp.,4520,452030,45,45203015,D,USA,326130,3080,222,940,B,CT,ROGERS CORP,ROG
9216, , ,10/31/12,Rogers,Rogers Corp.,4520,452030,45,45203015,D,USA,326130,3080,222,940,B,CT,ROGERS CORP,ROG
9216, , ,11/30/12,Rogers,Rogers Corp.,4520,452030,45,45203015,D,USA,326130,3080,222,940,B,CT,ROGERS CORP,ROG
9216, , ,12/31/12,Rogers,Rogers Corp.,4520,452030,45,45203015,D,USA,326130,3080,222,940,B,CT,ROGERS CORP,ROG
9216, , ,1/31/13,Rogers,Rogers Corp.,4520,452030,45,45203015,D,USA,326130,3080,222,940,B,CT,ROGERS CORP,ROG
9216, , ,2/28/13,Rogers,Rogers Corp.,4520,452030,45,45203015,D,USA,326130,3080,222,940,B,CT,ROGERS CORP,ROG
9216, , ,3/31/13,Rogers,Rogers Corp.,4520,452030,45,45203015,D,USA,326130,3080,222,940,B,CT,ROGERS CORP,ROG
9216, , ,4/30/13,Rogers,Rogers Corp.,4520,452030,45,45203015,D,USA,326130,3080,222,940,B,CT,ROGERS CORP,ROG
9216, , ,5/31/13,Rogers,Rogers Corp.,4520,452030,45,45203015,D,USA,326130,3080,222,940,B,CT,ROGERS CORP,ROG
9216, , ,6/30/13,Rogers,Rogers Corp.,4520,452030,45,45203015,D,USA,326130,3080,222,940,B,CT,ROGERS CORP,ROG
9216, , ,7/31/13,Rogers,Rogers Corp.,4520,452030,45,45203015,D,USA,326130,3080,222,940,B,CT,ROGERS CORP,ROG
9216, , ,8/31/13,Rogers,Rogers Corp.,4520,452030,45,45203015,D,USA,326130,3080,222,940,B,CT,ROGERS CORP,ROG
9216, , ,9/30/13,Rogers,Rogers Corp.,4520,452030,45,45203015,D,USA,326130,3080,222,940,B,CT,ROGERS CORP,ROG
9216, , ,10/31/13,Rogers,Rogers Corp.,4520,452030,45,45203015,D,USA,326130,3080,222,940,B,CT,ROGERS CORP,ROG
9590, , ,1/31/10,Arden Hills,Intricon Corp,4520,452030,45,45203015,D,USA,334510,3842,300,905,B-,MN,INTRICON CORP,IIN
9590, , ,2/28/10,Arden Hills,Intricon Corp,4520,452030,45,45203015,D,USA,334510,3842,300,905,B-,MN,INTRICON CORP,IIN
9590, , ,3/31/10,Arden Hills,Intricon Corp,4520,452030,45,45203015,D,USA,334510,3842,300,905,B-,MN,INTRICON CORP,IIN
9590, , ,4/30/10,Arden Hills,Intricon Corp,4520,452030,45,45203015,D,USA,334510,3842,300,905,B-,MN,INTRICON CORP,IIN
9590, , ,5/31/10,Arden Hills,Intricon Corp,4520,452030,45,45203015,D,USA,334510,3842,300,905,B-,MN,INTRICON CORP,IIN
9590, , ,6/30/10,Arden Hills,Intricon Corp,4520,452030,45,45203015,D,USA,334510,3842,300,905,B-,MN,INTRICON CORP,IIN
9590, , ,7/31/10,Arden Hills,Intricon Corp,4520,452030,45,45203015,D,USA,334510,3842,300,905,B-,MN,INTRICON CORP,IIN
9590, , ,8/31/10,Arden Hills,Intricon Corp,4520,452030,45,45203015,D,USA,334510,3842,300,905,B-,MN,INTRICON CORP,IIN
9590, , ,9/30/10,Arden Hills,Intricon Corp,4520,452030,45,45203015,D,USA,334510,3842,300,905,B-,MN,INTRICON CORP,IIN
9590, , ,10/31/10,Arden Hills,Intricon Corp,4520,452030,45,45203015,D,USA,334510,3842,300,905,B-,MN,INTRICON CORP,IIN
9590, , ,11/30/10,Arden Hills,Intricon Corp,4520,452030,45,45203015,D,USA,334510,3842,300,905,B-,MN,INTRICON CORP,IIN
9590, , ,12/31/10,Arden Hills,Intricon Corp,4520,452030,45,45203015,D,USA,334510,3842,300,905,B-,MN,INTRICON CORP,IIN
9590, , ,1/31/11,Arden Hills,Intricon Corp,4520,452030,45,45203015,D,USA,334510,3842,300,905,B-,MN,INTRICON CORP,IIN
9590, , ,2/28/11,Arden Hills,Intricon Corp,4520,452030,45,45203015,D,USA,334510,3842,300,905,B-,MN,INTRICON CORP,IIN
9590, , ,3/31/11,Arden Hills,Intricon Corp,4520,452030,45,45203015,D,USA,334510,3842,300,905,B-,MN,INTRICON CORP,IIN
9590, , ,4/30/11,Arden Hills,Intricon Corp,4520,452030,45,45203015,D,USA,334510,3842,300,905,B-,MN,INTRICON CORP,IIN
9590, , ,5/31/11,Arden Hills,Intricon Corp,4520,452030,45,45203015,D,USA,334510,3842,300,905,B-,MN,INTRICON CORP,IIN
9590, , ,6/30/11,Arden Hills,Intricon Corp,4520,452030,45,45203015,D,USA,334510,3842,300,905,B-,MN,INTRICON CORP,IIN
9590, , ,7/31/11,Arden Hills,Intricon Corp,4520,452030,45,45203015,D,USA,334510,3842,300,905,B-,MN,INTRICON CORP,IIN
9590, , ,8/31/11,Arden Hills,Intricon Corp,4520,452030,45,45203015,D,USA,334510,3842,300,905,B-,MN,INTRICON CORP,IIN
9590, , ,9/30/11,Arden Hills,Intricon Corp,4520,452030,45,45203015,D,USA,334510,3842,300,905,B-,MN,INTRICON CORP,IIN
9590, , ,10/31/11,Arden Hills,Intricon Corp,4520,452030,45,45203015,D,USA,334510,3842,300,905,B-,MN,INTRICON CORP,IIN
9590, , ,11/30/11,Arden Hills,Intricon Corp,4520,452030,45,45203015,D,USA,334510,3842,300,905,B-,MN,INTRICON CORP,IIN
9590, , ,12/31/11,Arden Hills,Intricon Corp,4520,452030,45,45203015,D,USA,334510,3842,300,905,B-,MN,INTRICON CORP,IIN
9590, , ,1/31/12,Arden Hills,Intricon Corp,4520,452030,45,45203015,D,USA,334510,3842,300,905,B-,MN,INTRICON CORP,IIN
9590, , ,2/29/12,Arden Hills,Intricon Corp,4520,452030,45,45203015,D,USA,334510,3842,300,905,B-,MN,INTRICON CORP,IIN
9590, , ,3/31/12,Arden Hills,Intricon Corp,4520,452030,45,45203015,D,USA,334510,3842,300,905,B-,MN,INTRICON CORP,IIN
9590, , ,4/30/12,Arden Hills,Intricon Corp,4520,452030,45,45203015,D,USA,334510,3842,300,905,B-,MN,INTRICON CORP,IIN
9590, , ,5/31/12,Arden Hills,Intricon Corp,4520,452030,45,45203015,D,USA,334510,3842,300,905,B-,MN,INTRICON CORP,IIN
9590, , ,6/30/12,Arden Hills,Intricon Corp,4520,452030,45,45203015,D,USA,334510,3842,300,905,B-,MN,INTRICON CORP,IIN
9590, , ,7/31/12,Arden Hills,Intricon Corp,4520,452030,45,45203015,D,USA,334510,3842,300,905,B-,MN,INTRICON CORP,IIN
9590, , ,8/31/12,Arden Hills,Intricon Corp,4520,452030,45,45203015,D,USA,334510,3842,300,905,B-,MN,INTRICON CORP,IIN
9590, , ,9/30/12,Arden Hills,Intricon Corp,4520,452030,45,45203015,D,USA,334510,3842,300,905,B-,MN,INTRICON CORP,IIN
9590, , ,10/31/12,Arden Hills,Intricon Corp,4520,452030,45,45203015,D,USA,334510,3842,300,905,B-,MN,INTRICON CORP,IIN
9590, , ,11/30/12,Arden Hills,Intricon Corp,4520,452030,45,45203015,D,USA,334510,3842,300,905,B-,MN,INTRICON CORP,IIN
9590, , ,12/31/12,Arden Hills,Intricon Corp,4520,452030,45,45203015,D,USA,334510,3842,300,905,B-,MN,INTRICON CORP,IIN
9590, , ,1/31/13,Arden Hills,Intricon Corp,4520,452030,45,45203015,D,USA,334510,3842,300,905,B-,MN,INTRICON CORP,IIN
9590, , ,2/28/13,Arden Hills,Intricon Corp,4520,452030,45,45203015,D,USA,334510,3842,300,905,B-,MN,INTRICON CORP,IIN
9590, , ,3/31/13,Arden Hills,Intricon Corp,4520,452030,45,45203015,D,USA,334510,3842,300,905,B-,MN,INTRICON CORP,IIN
9590, , ,4/30/13,Arden Hills,Intricon Corp,4520,452030,45,45203015,D,USA,334510,3842,300,905,B-,MN,INTRICON CORP,IIN
9590, , ,5/31/13,Arden Hills,Intricon Corp,4520,452030,45,45203015,D,USA,334510,3842,300,905,B-,MN,INTRICON CORP,IIN
9590, , ,6/30/13,Arden Hills,Intricon Corp,4520,452030,45,45203015,D,USA,334510,3842,300,905,B-,MN,INTRICON CORP,IIN
9590, , ,7/31/13,Arden Hills,Intricon Corp,4520,452030,45,45203015,D,USA,334510,3842,300,905,B-,MN,INTRICON CORP,IIN
9590, , ,8/31/13,Arden Hills,Intricon Corp,4520,452030,45,45203015,D,USA,334510,3842,300,905,B-,MN,INTRICON CORP,IIN
9590, , ,9/30/13,Arden Hills,Intricon Corp,4520,452030,45,45203015,D,USA,334510,3842,300,905,B-,MN,INTRICON CORP,IIN
9590, , ,10/31/13,Arden Hills,Intricon Corp,4520,452030,45,45203015,D,USA,334510,3842,300,905,B-,MN,INTRICON CORP,IIN
9603, , ,1/31/10,Cleveland,Sentex Sensing Technology Inc,4520,452030,45,45203030,D,USA,999990,9995,188,940,C,OH,SENTEX SENSING TECHNOLOGY,SNTX
9603, , ,2/28/10,Cleveland,Sentex Sensing Technology Inc,4520,452030,45,45203030,D,USA,999990,9995,188,940,C,OH,SENTEX SENSING TECHNOLOGY,SNTX
9603, , ,3/31/10,Cleveland,Sentex Sensing Technology Inc,4520,452030,45,45203030,D,USA,999990,9995,188,940,C,OH,SENTEX SENSING TECHNOLOGY,SNTX
9603, , ,4/30/10,Cleveland,Sentex Sensing Technology Inc,4520,452030,45,45203030,D,USA,999990,9995,188,940,C,OH,SENTEX SENSING TECHNOLOGY,SNTX
9603, , ,5/31/10,Cleveland,Sentex Sensing Technology Inc,4520,452030,45,45203030,D,USA,999990,9995,188,940,C,OH,SENTEX SENSING TECHNOLOGY,SNTX
9603, , ,6/30/10,Cleveland,Sentex Sensing Technology Inc,4520,452030,45,45203030,D,USA,999990,9995,188,940,C,OH,SENTEX SENSING TECHNOLOGY,SNTX
9603, , ,7/31/10,Cleveland,Sentex Sensing Technology Inc,4520,452030,45,45203030,D,USA,999990,9995,188,940,C,OH,SENTEX SENSING TECHNOLOGY,SNTX
9603, , ,8/31/10,Cleveland,Sentex Sensing Technology Inc,4520,452030,45,45203030,D,USA,999990,9995,188,940,C,OH,SENTEX SENSING TECHNOLOGY,SNTX
9603, , ,9/30/10,Cleveland,Sentex Sensing Technology Inc,4520,452030,45,45203030,D,USA,999990,9995,188,940,C,OH,SENTEX SENSING TECHNOLOGY,SNTX
9603, , ,10/31/10,Cleveland,Sentex Sensing Technology Inc,4520,452030,45,45203030,D,USA,999990,9995,188,940,C,OH,SENTEX SENSING TECHNOLOGY,SNTX
9603, , ,11/30/10,Cleveland,Sentex Sensing Technology Inc,4520,452030,45,45203030,D,USA,999990,9995,188,940,C,OH,SENTEX SENSING TECHNOLOGY,SNTX
9603, , ,12/31/10,Cleveland,Sentex Sensing Technology Inc,4520,452030,45,45203030,D,USA,999990,9995,188,940,C,OH,SENTEX SENSING TECHNOLOGY,SNTX
9603, , ,1/31/11,Cleveland,Sentex Sensing Technology Inc,4520,452030,45,45203030,D,USA,999990,9995,188,940,C,OH,SENTEX SENSING TECHNOLOGY,SNTX
9603, , ,2/28/11,Cleveland,Sentex Sensing Technology Inc,4520,452030,45,45203030,D,USA,999990,9995,188,940,C,OH,SENTEX SENSING TECHNOLOGY,SNTX
9603, , ,3/31/11,Cleveland,Sentex Sensing Technology Inc,4520,452030,45,45203030,D,USA,999990,9995,188,940,C,OH,SENTEX SENSING TECHNOLOGY,SNTX
9603, , ,4/30/11,Cleveland,Sentex Sensing Technology Inc,4520,452030,45,45203030,D,USA,999990,9995,188,940,C,OH,SENTEX SENSING TECHNOLOGY,SNTX
9603, , ,5/31/11,Cleveland,Sentex Sensing Technology Inc,4520,452030,45,45203030,D,USA,999990,9995,188,940,C,OH,SENTEX SENSING TECHNOLOGY,SNTX
9603, , ,6/30/11,Cleveland,Sentex Sensing Technology Inc,4520,452030,45,45203030,D,USA,999990,9995,188,940,C,OH,SENTEX SENSING TECHNOLOGY,SNTX
9603, , ,7/31/11,Cleveland,Sentex Sensing Technology Inc,4520,452030,45,45203030,D,USA,999990,9995,188,940,C,OH,SENTEX SENSING TECHNOLOGY,SNTX
9715, , ,1/31/10,San Jose,Symmetricom Inc.,4520,452010,45,45201020,D,USA,334210,3661,180,940,B-,CA,SYMMETRICOM INC,SYMM
9715, , ,2/28/10,San Jose,Symmetricom Inc.,4520,452010,45,45201020,D,USA,334210,3661,180,940,B-,CA,SYMMETRICOM INC,SYMM
9715, , ,3/31/10,San Jose,Symmetricom Inc.,4520,452010,45,45201020,D,USA,334210,3661,180,940,B-,CA,SYMMETRICOM INC,SYMM
9715, , ,4/30/10,San Jose,Symmetricom Inc.,4520,452010,45,45201020,D,USA,334210,3661,180,940,B-,CA,SYMMETRICOM INC,SYMM
9715, , ,5/31/10,San Jose,Symmetricom Inc.,4520,452010,45,45201020,D,USA,334210,3661,180,940,B-,CA,SYMMETRICOM INC,SYMM
9715, , ,6/30/10,San Jose,Symmetricom Inc.,4520,452010,45,45201020,D,USA,334210,3661,180,940,B-,CA,SYMMETRICOM INC,SYMM
9715, , ,7/31/10,San Jose,Symmetricom Inc.,4520,452010,45,45201020,D,USA,334210,3661,180,940,B-,CA,SYMMETRICOM INC,SYMM
9715, , ,8/31/10,San Jose,Symmetricom Inc.,4520,452010,45,45201020,D,USA,334210,3661,180,940,B-,CA,SYMMETRICOM INC,SYMM
9715, , ,9/30/10,San Jose,Symmetricom Inc.,4520,452010,45,45201020,D,USA,334210,3661,180,940,B-,CA,SYMMETRICOM INC,SYMM
9715, , ,10/31/10,San Jose,Symmetricom Inc.,4520,452010,45,45201020,D,USA,334210,3661,180,940,B-,CA,SYMMETRICOM INC,SYMM
9715, , ,11/30/10,San Jose,Symmetricom Inc.,4520,452010,45,45201020,D,USA,334210,3661,180,940,B-,CA,SYMMETRICOM INC,SYMM
9715, , ,12/31/10,San Jose,Symmetricom Inc.,4520,452010,45,45201020,D,USA,334210,3661,180,940,B-,CA,SYMMETRICOM INC,SYMM
9715, , ,1/31/11,San Jose,Symmetricom Inc.,4520,452010,45,45201020,D,USA,334210,3661,180,940,B-,CA,SYMMETRICOM INC,SYMM
9715, , ,2/28/11,San Jose,Symmetricom Inc.,4520,452010,45,45201020,D,USA,334210,3661,180,940,B-,CA,SYMMETRICOM INC,SYMM
9715, , ,3/31/11,San Jose,Symmetricom Inc.,4520,452010,45,45201020,D,USA,334210,3661,180,940,B-,CA,SYMMETRICOM INC,SYMM
9715, , ,4/30/11,San Jose,Symmetricom Inc.,4520,452010,45,45201020,D,USA,334210,3661,180,940,B-,CA,SYMMETRICOM INC,SYMM
9715, , ,5/31/11,San Jose,Symmetricom Inc.,4520,452010,45,45201020,D,USA,334210,3661,180,940,B-,CA,SYMMETRICOM INC,SYMM
9715, , ,6/30/11,San Jose,Symmetricom Inc.,4520,452010,45,45201020,D,USA,334210,3661,180,940,B-,CA,SYMMETRICOM INC,SYMM
9715, , ,7/31/11,San Jose,Symmetricom Inc.,4520,452010,45,45201020,D,USA,334210,3661,180,940,B-,CA,SYMMETRICOM INC,SYMM
9715, , ,8/31/11,San Jose,Symmetricom Inc.,4520,452010,45,45201020,D,USA,334210,3661,180,940,B-,CA,SYMMETRICOM INC,SYMM
9715, , ,9/30/11,San Jose,Symmetricom Inc.,4520,452010,45,45201020,D,USA,334210,3661,180,940,B-,CA,SYMMETRICOM INC,SYMM
9715, , ,10/31/11,San Jose,Symmetricom Inc.,4520,452010,45,45201020,D,USA,334210,3661,180,940,B-,CA,SYMMETRICOM INC,SYMM
9715, , ,11/30/11,San Jose,Symmetricom Inc.,4520,452010,45,45201020,D,USA,334210,3661,180,940,B-,CA,SYMMETRICOM INC,SYMM
9715, , ,12/31/11,San Jose,Symmetricom Inc.,4520,452010,45,45201020,D,USA,334210,3661,180,940,B-,CA,SYMMETRICOM INC,SYMM
9715, , ,1/31/12,San Jose,Symmetricom Inc.,4520,452010,45,45201020,D,USA,334210,3661,180,940,B-,CA,SYMMETRICOM INC,SYMM
9715, , ,2/29/12,San Jose,Symmetricom Inc.,4520,452010,45,45201020,D,USA,334210,3661,180,940,B-,CA,SYMMETRICOM INC,SYMM
9715, , ,3/31/12,San Jose,Symmetricom Inc.,4520,452010,45,45201020,D,USA,334210,3661,180,940,B-,CA,SYMMETRICOM INC,SYMM
9715, , ,4/30/12,San Jose,Symmetricom Inc.,4520,452010,45,45201020,D,USA,334210,3661,180,940,B-,CA,SYMMETRICOM INC,SYMM
9715, , ,5/31/12,San Jose,Symmetricom Inc.,4520,452010,45,45201020,D,USA,334210,3661,180,940,B-,CA,SYMMETRICOM INC,SYMM
9715, , ,6/30/12,San Jose,Symmetricom Inc.,4520,452010,45,45201020,D,USA,334210,3661,180,940,B-,CA,SYMMETRICOM INC,SYMM
9715, , ,7/31/12,San Jose,Symmetricom Inc.,4520,452010,45,45201020,D,USA,334210,3661,180,940,B-,CA,SYMMETRICOM INC,SYMM
9715, , ,8/31/12,San Jose,Symmetricom Inc.,4520,452010,45,45201020,D,USA,334210,3661,180,940,B-,CA,SYMMETRICOM INC,SYMM
9715, , ,9/30/12,San Jose,Symmetricom Inc.,4520,452010,45,45201020,D,USA,334210,3661,180,940,B-,CA,SYMMETRICOM INC,SYMM
9715, , ,10/31/12,San Jose,Symmetricom Inc.,4520,452010,45,45201020,D,USA,334210,3661,180,940,B-,CA,SYMMETRICOM INC,SYMM
9715, , ,11/30/12,San Jose,Symmetricom Inc.,4520,452010,45,45201020,D,USA,334210,3661,180,940,B-,CA,SYMMETRICOM INC,SYMM
9715, , ,12/31/12,San Jose,Symmetricom Inc.,4520,452010,45,45201020,D,USA,334210,3661,180,940,B-,CA,SYMMETRICOM INC,SYMM
9715, , ,1/31/13,San Jose,Symmetricom Inc.,4520,452010,45,45201020,D,USA,334210,3661,180,940,B-,CA,SYMMETRICOM INC,SYMM
9715, , ,2/28/13,San Jose,Symmetricom Inc.,4520,452010,45,45201020,D,USA,334210,3661,180,940,B-,CA,SYMMETRICOM INC,SYMM
9715, , ,3/31/13,San Jose,Symmetricom Inc.,4520,452010,45,45201020,D,USA,334210,3661,180,940,B-,CA,SYMMETRICOM INC,SYMM
9715, , ,4/30/13,San Jose,Symmetricom Inc.,4520,452010,45,45201020,D,USA,334210,3661,180,940,B-,CA,SYMMETRICOM INC,SYMM
9715, , ,5/31/13,San Jose,Symmetricom Inc.,4520,452010,45,45201020,D,USA,334210,3661,180,940,B-,CA,SYMMETRICOM INC,SYMM
9715, , ,6/30/13,San Jose,Symmetricom Inc.,4520,452010,45,45201020,D,USA,334210,3661,180,940,B-,CA,SYMMETRICOM INC,SYMM
9715, , ,7/31/13,San Jose,Symmetricom Inc.,4520,452010,45,45201020,D,USA,334210,3661,180,940,B-,CA,SYMMETRICOM INC,SYMM
9715, , ,8/31/13,San Jose,Symmetricom Inc.,4520,452010,45,45201020,D,USA,334210,3661,180,940,B-,CA,SYMMETRICOM INC,SYMM
9715, , ,9/30/13,San Jose,Symmetricom Inc.,4520,452010,45,45201020,D,USA,334210,3661,180,940,B-,CA,SYMMETRICOM INC,SYMM
9715, , ,10/31/13,San Jose,Symmetricom Inc.,4520,452010,45,45201020,D,USA,334210,3661,180,940,B-,CA,SYMMETRICOM INC,SYMM
9809, , ,1/31/10,HOLLYWOOD,Sonar Radio Corp,4520,452010,45,45201020,D,USA,334220,3663,180,940, ,FL,SONAR RADIO CORP,SONR
9809, , ,2/28/10,HOLLYWOOD,Sonar Radio Corp,4520,452010,45,45201020,D,USA,334220,3663,180,940, ,FL,SONAR RADIO CORP,SONR
9809, , ,3/31/10,HOLLYWOOD,Sonar Radio Corp,4520,452010,45,45201020,D,USA,334220,3663,180,940, ,FL,SONAR RADIO CORP,SONR
9809, , ,4/30/10,HOLLYWOOD,Sonar Radio Corp,4520,452010,45,45201020,D,USA,334220,3663,180,940, ,FL,SONAR RADIO CORP,SONR
9809, , ,5/31/10,HOLLYWOOD,Sonar Radio Corp,4520,452010,45,45201020,D,USA,334220,3663,180,940, ,FL,SONAR RADIO CORP,SONR
9809, , ,6/30/10,HOLLYWOOD,Sonar Radio Corp,4520,452010,45,45201020,D,USA,334220,3663,180,940, ,FL,SONAR RADIO CORP,SONR
9809, , ,7/31/10,HOLLYWOOD,Sonar Radio Corp,4520,452010,45,45201020,D,USA,334220,3663,180,940, ,FL,SONAR RADIO CORP,SONR
9809, , ,8/31/10,HOLLYWOOD,Sonar Radio Corp,4520,452010,45,45201020,D,USA,334220,3663,180,940, ,FL,SONAR RADIO CORP,SONR
9809, , ,9/30/10,HOLLYWOOD,Sonar Radio Corp,4520,452010,45,45201020,D,USA,334220,3663,180,940, ,FL,SONAR RADIO CORP,SONR
9809, , ,10/31/10,HOLLYWOOD,Sonar Radio Corp,4520,452010,45,45201020,D,USA,334220,3663,180,940, ,FL,SONAR RADIO CORP,SONR
9809, , ,11/30/10,HOLLYWOOD,Sonar Radio Corp,4520,452010,45,45201020,D,USA,334220,3663,180,940, ,FL,SONAR RADIO CORP,SONR
9809, , ,12/31/10,HOLLYWOOD,Sonar Radio Corp,4520,452010,45,45201020,D,USA,334220,3663,180,940, ,FL,SONAR RADIO CORP,SONR
9809, , ,1/31/11,HOLLYWOOD,Sonar Radio Corp,4520,452010,45,45201020,D,USA,334220,3663,180,940, ,FL,SONAR RADIO CORP,SONR
9809, , ,2/28/11,HOLLYWOOD,Sonar Radio Corp,4520,452010,45,45201020,D,USA,334220,3663,180,940, ,FL,SONAR RADIO CORP,SONR
9809, , ,3/31/11,HOLLYWOOD,Sonar Radio Corp,4520,452010,45,45201020,D,USA,334220,3663,180,940, ,FL,SONAR RADIO CORP,SONR
9809, , ,4/30/11,HOLLYWOOD,Sonar Radio Corp,4520,452010,45,45201020,D,USA,334220,3663,180,940, ,FL,SONAR RADIO CORP,SONR
9809, , ,5/31/11,HOLLYWOOD,Sonar Radio Corp,4520,452010,45,45201020,D,USA,334220,3663,180,940, ,FL,SONAR RADIO CORP,SONR
9809, , ,6/30/11,HOLLYWOOD,Sonar Radio Corp,4520,452010,45,45201020,D,USA,334220,3663,180,940, ,FL,SONAR RADIO CORP,SONR
9809, , ,7/31/11,HOLLYWOOD,Sonar Radio Corp,4520,452010,45,45201020,D,USA,334220,3663,180,940, ,FL,SONAR RADIO CORP,SONR
9809, , ,8/31/11,HOLLYWOOD,Sonar Radio Corp,4520,452010,45,45201020,D,USA,334220,3663,180,940, ,FL,SONAR RADIO CORP,SONR
9809, , ,9/30/11,HOLLYWOOD,Sonar Radio Corp,4520,452010,45,45201020,D,USA,334220,3663,180,940, ,FL,SONAR RADIO CORP,SONR
9809, , ,10/31/11,HOLLYWOOD,Sonar Radio Corp,4520,452010,45,45201020,D,USA,334220,3663,180,940, ,FL,SONAR RADIO CORP,SONR
9809, , ,11/30/11,HOLLYWOOD,Sonar Radio Corp,4520,452010,45,45201020,D,USA,334220,3663,180,940, ,FL,SONAR RADIO CORP,SONR
9809, , ,12/31/11,HOLLYWOOD,Sonar Radio Corp,4520,452010,45,45201020,D,USA,334220,3663,180,940, ,FL,SONAR RADIO CORP,SONR
9809, , ,1/31/12,HOLLYWOOD,Sonar Radio Corp,4520,452010,45,45201020,D,USA,334220,3663,180,940, ,FL,SONAR RADIO CORP,SONR
9809, , ,2/29/12,HOLLYWOOD,Sonar Radio Corp,4520,452010,45,45201020,D,USA,334220,3663,180,940, ,FL,SONAR RADIO CORP,SONR
9809, , ,3/31/12,HOLLYWOOD,Sonar Radio Corp,4520,452010,45,45201020,D,USA,334220,3663,180,940, ,FL,SONAR RADIO CORP,SONR
9809, , ,4/30/12,HOLLYWOOD,Sonar Radio Corp,4520,452010,45,45201020,D,USA,334220,3663,180,940, ,FL,SONAR RADIO CORP,SONR
9809, , ,5/31/12,HOLLYWOOD,Sonar Radio Corp,4520,452010,45,45201020,D,USA,334220,3663,180,940, ,FL,SONAR RADIO CORP,SONR
9809, , ,6/30/12,HOLLYWOOD,Sonar Radio Corp,4520,452010,45,45201020,D,USA,334220,3663,180,940, ,FL,SONAR RADIO CORP,SONR
9809, , ,7/31/12,HOLLYWOOD,Sonar Radio Corp,4520,452010,45,45201020,D,USA,334220,3663,180,940, ,FL,SONAR RADIO CORP,SONR
9809, , ,8/31/12,HOLLYWOOD,Sonar Radio Corp,4520,452010,45,45201020,D,USA,334220,3663,180,940, ,FL,SONAR RADIO CORP,SONR
9809, , ,9/30/12,HOLLYWOOD,Sonar Radio Corp,4520,452010,45,45201020,D,USA,334220,3663,180,940, ,FL,SONAR RADIO CORP,SONR
9809, , ,10/31/12,HOLLYWOOD,Sonar Radio Corp,4520,452010,45,45201020,D,USA,334220,3663,180,940, ,FL,SONAR RADIO CORP,SONR
9809, , ,11/30/12,HOLLYWOOD,Sonar Radio Corp,4520,452010,45,45201020,D,USA,334220,3663,180,940, ,FL,SONAR RADIO CORP,SONR
9809, , ,12/31/12,HOLLYWOOD,Sonar Radio Corp,4520,452010,45,45201020,D,USA,334220,3663,180,940, ,FL,SONAR RADIO CORP,SONR
9809, , ,1/31/13,HOLLYWOOD,Sonar Radio Corp,4520,452010,45,45201020,D,USA,334220,3663,180,940, ,FL,SONAR RADIO CORP,SONR
9809, , ,2/28/13,HOLLYWOOD,Sonar Radio Corp,4520,452010,45,45201020,D,USA,334220,3663,180,940, ,FL,SONAR RADIO CORP,SONR
9809, , ,3/31/13,HOLLYWOOD,Sonar Radio Corp,4520,452010,45,45201020,D,USA,334220,3663,180,940, ,FL,SONAR RADIO CORP,SONR
9809, , ,4/30/13,HOLLYWOOD,Sonar Radio Corp,4520,452010,45,45201020,D,USA,334220,3663,180,940, ,FL,SONAR RADIO CORP,SONR
9809, , ,5/31/13,HOLLYWOOD,Sonar Radio Corp,4520,452010,45,45201020,D,USA,334220,3663,180,940, ,FL,SONAR RADIO CORP,SONR
9809, , ,6/30/13,HOLLYWOOD,Sonar Radio Corp,4520,452010,45,45201020,D,USA,334220,3663,180,940, ,FL,SONAR RADIO CORP,SONR
9809, , ,7/31/13,HOLLYWOOD,Sonar Radio Corp,4520,452010,45,45201020,D,USA,334220,3663,180,940, ,FL,SONAR RADIO CORP,SONR
9809, , ,8/31/13,HOLLYWOOD,Sonar Radio Corp,4520,452010,45,45201020,D,USA,334220,3663,180,940, ,FL,SONAR RADIO CORP,SONR
9809, , ,9/30/13,HOLLYWOOD,Sonar Radio Corp,4520,452010,45,45201020,D,USA,334220,3663,180,940, ,FL,SONAR RADIO CORP,SONR
9809, , ,10/31/13,HOLLYWOOD,Sonar Radio Corp,4520,452010,45,45201020,D,USA,334220,3663,180,940, ,FL,SONAR RADIO CORP,SONR
9937, , ,1/31/10,Fairview,Spectrum Control Inc,4520,452030,45,45203015,D,USA,334419,3679,220,925,B,PA,SPECTRUM CONTROL INC,SPEC.
9937, , ,2/28/10,Fairview,Spectrum Control Inc,4520,452030,45,45203015,D,USA,334419,3679,220,925,B,PA,SPECTRUM CONTROL INC,SPEC.
9937, , ,3/31/10,Fairview,Spectrum Control Inc,4520,452030,45,45203015,D,USA,334419,3679,220,925,B,PA,SPECTRUM CONTROL INC,SPEC.
9937, , ,4/30/10,Fairview,Spectrum Control Inc,4520,452030,45,45203015,D,USA,334419,3679,220,925,B,PA,SPECTRUM CONTROL INC,SPEC.
9937, , ,5/31/10,Fairview,Spectrum Control Inc,4520,452030,45,45203015,D,USA,334419,3679,220,925,B,PA,SPECTRUM CONTROL INC,SPEC.
9937, , ,6/30/10,Fairview,Spectrum Control Inc,4520,452030,45,45203015,D,USA,334419,3679,220,925,B,PA,SPECTRUM CONTROL INC,SPEC.
9937, , ,7/31/10,Fairview,Spectrum Control Inc,4520,452030,45,45203015,D,USA,334419,3679,220,925,B,PA,SPECTRUM CONTROL INC,SPEC.
9937, , ,8/31/10,Fairview,Spectrum Control Inc,4520,452030,45,45203015,D,USA,334419,3679,220,925,B,PA,SPECTRUM CONTROL INC,SPEC.
9937, , ,9/30/10,Fairview,Spectrum Control Inc,4520,452030,45,45203015,D,USA,334419,3679,220,925,B,PA,SPECTRUM CONTROL INC,SPEC.
9937, , ,10/31/10,Fairview,Spectrum Control Inc,4520,452030,45,45203015,D,USA,334419,3679,220,925,B,PA,SPECTRUM CONTROL INC,SPEC.
9937, , ,11/30/10,Fairview,Spectrum Control Inc,4520,452030,45,45203015,D,USA,334419,3679,220,925,B,PA,SPECTRUM CONTROL INC,SPEC.
9937, , ,12/31/10,Fairview,Spectrum Control Inc,4520,452030,45,45203015,D,USA,334419,3679,220,925,B,PA,SPECTRUM CONTROL INC,SPEC.
9937, , ,1/31/11,Fairview,Spectrum Control Inc,4520,452030,45,45203015,D,USA,334419,3679,220,925,B,PA,SPECTRUM CONTROL INC,SPEC.
9937, , ,2/28/11,Fairview,Spectrum Control Inc,4520,452030,45,45203015,D,USA,334419,3679,220,925,B,PA,SPECTRUM CONTROL INC,SPEC.
9937, , ,3/31/11,Fairview,Spectrum Control Inc,4520,452030,45,45203015,D,USA,334419,3679,220,925,B,PA,SPECTRUM CONTROL INC,SPEC.
9937, , ,4/30/11,Fairview,Spectrum Control Inc,4520,452030,45,45203015,D,USA,334419,3679,220,925,B,PA,SPECTRUM CONTROL INC,SPEC.
9937, , ,5/31/11,Fairview,Spectrum Control Inc,4520,452030,45,45203015,D,USA,334419,3679,220,925,B,PA,SPECTRUM CONTROL INC,SPEC.
9937, , ,6/30/11,Fairview,Spectrum Control Inc,4520,452030,45,45203015,D,USA,334419,3679,220,925,B,PA,SPECTRUM CONTROL INC,SPEC.
10213, , ,1/31/10,Sterling,Sutron Corp,4520,452030,45,45203010,D,USA,334519,3829,230,940,B-,VA,SUTRON CORP,STRN
10213, , ,2/28/10,Sterling,Sutron Corp,4520,452030,45,45203010,D,USA,334519,3829,230,940,B-,VA,SUTRON CORP,STRN
10213, , ,3/31/10,Sterling,Sutron Corp,4520,452030,45,45203010,D,USA,334519,3829,230,940,B-,VA,SUTRON CORP,STRN
10213, , ,4/30/10,Sterling,Sutron Corp,4520,452030,45,45203010,D,USA,334519,3829,230,940,B-,VA,SUTRON CORP,STRN
10213, , ,5/31/10,Sterling,Sutron Corp,4520,452030,45,45203010,D,USA,334519,3829,230,940,B-,VA,SUTRON CORP,STRN
10213, , ,6/30/10,Sterling,Sutron Corp,4520,452030,45,45203010,D,USA,334519,3829,230,940,B-,VA,SUTRON CORP,STRN
10213, , ,7/31/10,Sterling,Sutron Corp,4520,452030,45,45203010,D,USA,334519,3829,230,940,B-,VA,SUTRON CORP,STRN
10213, , ,8/31/10,Sterling,Sutron Corp,4520,452030,45,45203010,D,USA,334519,3829,230,940,B-,VA,SUTRON CORP,STRN
10213, , ,9/30/10,Sterling,Sutron Corp,4520,452030,45,45203010,D,USA,334519,3829,230,940,B-,VA,SUTRON CORP,STRN
10213, , ,10/31/10,Sterling,Sutron Corp,4520,452030,45,45203010,D,USA,334519,3829,230,940,B-,VA,SUTRON CORP,STRN
10213, , ,11/30/10,Sterling,Sutron Corp,4520,452030,45,45203010,D,USA,334519,3829,230,940,B-,VA,SUTRON CORP,STRN
10213, , ,12/31/10,Sterling,Sutron Corp,4520,452030,45,45203010,D,USA,334519,3829,230,940,B-,VA,SUTRON CORP,STRN
10213, , ,1/31/11,Sterling,Sutron Corp,4520,452030,45,45203010,D,USA,334519,3829,230,940,B-,VA,SUTRON CORP,STRN
10213, , ,2/28/11,Sterling,Sutron Corp,4520,452030,45,45203010,D,USA,334519,3829,230,940,B-,VA,SUTRON CORP,STRN
10213, , ,3/31/11,Sterling,Sutron Corp,4520,452030,45,45203010,D,USA,334519,3829,230,940,B-,VA,SUTRON CORP,STRN
10213, , ,4/30/11,Sterling,Sutron Corp,4520,452030,45,45203010,D,USA,334519,3829,230,940,B-,VA,SUTRON CORP,STRN
10213, , ,5/31/11,Sterling,Sutron Corp,4520,452030,45,45203010,D,USA,334519,3829,230,940,B-,VA,SUTRON CORP,STRN
10213, , ,6/30/11,Sterling,Sutron Corp,4520,452030,45,45203010,D,USA,334519,3829,230,940,B-,VA,SUTRON CORP,STRN
10213, , ,7/31/11,Sterling,Sutron Corp,4520,452030,45,45203010,D,USA,334519,3829,230,940,B-,VA,SUTRON CORP,STRN
10213, , ,8/31/11,Sterling,Sutron Corp,4520,452030,45,45203010,D,USA,334519,3829,230,940,B-,VA,SUTRON CORP,STRN
10213, , ,9/30/11,Sterling,Sutron Corp,4520,452030,45,45203010,D,USA,334519,3829,230,940,B-,VA,SUTRON CORP,STRN
10213, , ,10/31/11,Sterling,Sutron Corp,4520,452030,45,45203010,D,USA,334519,3829,230,940,B-,VA,SUTRON CORP,STRN
10213, , ,11/30/11,Sterling,Sutron Corp,4520,452030,45,45203010,D,USA,334519,3829,230,940,B-,VA,SUTRON CORP,STRN
10213, , ,12/31/11,Sterling,Sutron Corp,4520,452030,45,45203010,D,USA,334519,3829,230,940,B-,VA,SUTRON CORP,STRN
10213, , ,1/31/12,Sterling,Sutron Corp,4520,452030,45,45203010,D,USA,334519,3829,230,940,B-,VA,SUTRON CORP,STRN
10213, , ,2/29/12,Sterling,Sutron Corp,4520,452030,45,45203010,D,USA,334519,3829,230,940,B-,VA,SUTRON CORP,STRN
10213, , ,3/31/12,Sterling,Sutron Corp,4520,452030,45,45203010,D,USA,334519,3829,230,940,B-,VA,SUTRON CORP,STRN
10213, , ,4/30/12,Sterling,Sutron Corp,4520,452030,45,45203010,D,USA,334519,3829,230,940,B-,VA,SUTRON CORP,STRN
10213, , ,5/31/12,Sterling,Sutron Corp,4520,452030,45,45203010,D,USA,334519,3829,230,940,B-,VA,SUTRON CORP,STRN
10213, , ,6/30/12,Sterling,Sutron Corp,4520,452030,45,45203010,D,USA,334519,3829,230,940,B-,VA,SUTRON CORP,STRN
10213, , ,7/31/12,Sterling,Sutron Corp,4520,452030,45,45203010,D,USA,334519,3829,230,940,B-,VA,SUTRON CORP,STRN
10213, , ,8/31/12,Sterling,Sutron Corp,4520,452030,45,45203010,D,USA,334519,3829,230,940,B-,VA,SUTRON CORP,STRN
10213, , ,9/30/12,Sterling,Sutron Corp,4520,452030,45,45203010,D,USA,334519,3829,230,940,B-,VA,SUTRON CORP,STRN
10213, , ,10/31/12,Sterling,Sutron Corp,4520,452030,45,45203010,D,USA,334519,3829,230,940,B-,VA,SUTRON CORP,STRN
10213, , ,11/30/12,Sterling,Sutron Corp,4520,452030,45,45203010,D,USA,334519,3829,230,940,B-,VA,SUTRON CORP,STRN
10213, , ,12/31/12,Sterling,Sutron Corp,4520,452030,45,45203010,D,USA,334519,3829,230,940,B-,VA,SUTRON CORP,STRN
10213, , ,1/31/13,Sterling,Sutron Corp,4520,452030,45,45203010,D,USA,334519,3829,230,940,B-,VA,SUTRON CORP,STRN
10213, , ,2/28/13,Sterling,Sutron Corp,4520,452030,45,45203010,D,USA,334519,3829,230,940,B-,VA,SUTRON CORP,STRN
10213, , ,3/31/13,Sterling,Sutron Corp,4520,452030,45,45203010,D,USA,334519,3829,230,940,B-,VA,SUTRON CORP,STRN
10213, , ,4/30/13,Sterling,Sutron Corp,4520,452030,45,45203010,D,USA,334519,3829,230,940,B-,VA,SUTRON CORP,STRN
10213, , ,5/31/13,Sterling,Sutron Corp,4520,452030,45,45203010,D,USA,334519,3829,230,940,B-,VA,SUTRON CORP,STRN
10213, , ,6/30/13,Sterling,Sutron Corp,4520,452030,45,45203010,D,USA,334519,3829,230,940,B-,VA,SUTRON CORP,STRN
10213, , ,7/31/13,Sterling,Sutron Corp,4520,452030,45,45203010,D,USA,334519,3829,230,940,B-,VA,SUTRON CORP,STRN
10213, , ,8/31/13,Sterling,Sutron Corp,4520,452030,45,45203010,D,USA,334519,3829,230,940,B-,VA,SUTRON CORP,STRN
10213, , ,9/30/13,Sterling,Sutron Corp,4520,452030,45,45203010,D,USA,334519,3829,230,940,B-,VA,SUTRON CORP,STRN
10213, , ,10/31/13,Sterling,Sutron Corp,4520,452030,45,45203010,D,USA,334519,3829,230,940,B-,VA,SUTRON CORP,STRN
10259, , ,1/31/10,Las Vegas,Synergetics International Inc,4520,452030,45,45203010,D,USA,334519,3829,230,940, ,NV,SYNERGETICS INTL INC,NSPT
10259, , ,2/28/10,Las Vegas,Synergetics International Inc,4520,452030,45,45203010,D,USA,334519,3829,230,940, ,NV,SYNERGETICS INTL INC,NSPT
10259, , ,3/31/10,Las Vegas,Synergetics International Inc,4520,452030,45,45203010,D,USA,334519,3829,230,940, ,NV,SYNERGETICS INTL INC,NSPT
10259, , ,4/30/10,Las Vegas,Synergetics International Inc,4520,452030,45,45203010,D,USA,334519,3829,230,940, ,NV,SYNERGETICS INTL INC,NSPT
10259, , ,5/31/10,Las Vegas,Synergetics International Inc,4520,452030,45,45203010,D,USA,334519,3829,230,940, ,NV,SYNERGETICS INTL INC,NSPT
10259, , ,6/30/10,Las Vegas,Synergetics International Inc,4520,452030,45,45203010,D,USA,334519,3829,230,940, ,NV,SYNERGETICS INTL INC,NSPT
10259, , ,7/31/10,Las Vegas,Synergetics International Inc,4520,452030,45,45203010,D,USA,334519,3829,230,940, ,NV,SYNERGETICS INTL INC,NSPT
10259, , ,8/31/10,Las Vegas,Synergetics International Inc,4520,452030,45,45203010,D,USA,334519,3829,230,940, ,NV,SYNERGETICS INTL INC,NSPT
10259, , ,9/30/10,Las Vegas,Synergetics International Inc,4520,452030,45,45203010,D,USA,334519,3829,230,940, ,NV,SYNERGETICS INTL INC,NSPT
10259, , ,10/31/10,Las Vegas,Synergetics International Inc,4520,452030,45,45203010,D,USA,334519,3829,230,940, ,NV,SYNERGETICS INTL INC,NSPT
10259, , ,11/30/10,Las Vegas,Synergetics International Inc,4520,452030,45,45203010,D,USA,334519,3829,230,940, ,NV,SYNERGETICS INTL INC,NSPT
10259, , ,12/31/10,Las Vegas,Synergetics International Inc,4520,452030,45,45203010,D,USA,334519,3829,230,940, ,NV,SYNERGETICS INTL INC,NSPT
10259, , ,1/31/11,Las Vegas,Synergetics International Inc,4520,452030,45,45203010,D,USA,334519,3829,230,940, ,NV,SYNERGETICS INTL INC,NSPT
10259, , ,2/28/11,Las Vegas,Synergetics International Inc,4520,452030,45,45203010,D,USA,334519,3829,230,940, ,NV,SYNERGETICS INTL INC,NSPT
10259, , ,3/31/11,Las Vegas,Synergetics International Inc,4520,452030,45,45203010,D,USA,334519,3829,230,940, ,NV,SYNERGETICS INTL INC,NSPT
10259, , ,4/30/11,Las Vegas,Synergetics International Inc,4520,452030,45,45203010,D,USA,334519,3829,230,940, ,NV,SYNERGETICS INTL INC,NSPT
10259, , ,5/31/11,Las Vegas,Synergetics International Inc,4520,452030,45,45203010,D,USA,334519,3829,230,940, ,NV,SYNERGETICS INTL INC,NSPT
10259, , ,6/30/11,Las Vegas,Synergetics International Inc,4520,452030,45,45203010,D,USA,334519,3829,230,940, ,NV,SYNERGETICS INTL INC,NSPT
10259, , ,7/31/11,Las Vegas,Synergetics International Inc,4520,452030,45,45203010,D,USA,334519,3829,230,940, ,NV,SYNERGETICS INTL INC,NSPT
10259, , ,8/31/11,Las Vegas,Synergetics International Inc,4520,452030,45,45203010,D,USA,334519,3829,230,940, ,NV,SYNERGETICS INTL INC,NSPT
10259, , ,9/30/11,Las Vegas,Synergetics International Inc,4520,452030,45,45203010,D,USA,334519,3829,230,940, ,NV,SYNERGETICS INTL INC,NSPT
10259, , ,10/31/11,Las Vegas,Synergetics International Inc,4520,452030,45,45203010,D,USA,334519,3829,230,940, ,NV,SYNERGETICS INTL INC,NSPT
10259, , ,11/30/11,Las Vegas,Synergetics International Inc,4520,452030,45,45203010,D,USA,334519,3829,230,940, ,NV,SYNERGETICS INTL INC,NSPT
10259, , ,12/31/11,Las Vegas,Synergetics International Inc,4520,452030,45,45203010,D,USA,334519,3829,230,940, ,NV,SYNERGETICS INTL INC,NSPT
10259, , ,1/31/12,Las Vegas,Synergetics International Inc,4520,452030,45,45203010,D,USA,334519,3829,230,940, ,NV,SYNERGETICS INTL INC,NSPT
10259, , ,2/29/12,Las Vegas,Synergetics International Inc,4520,452030,45,45203010,D,USA,334519,3829,230,940, ,NV,SYNERGETICS INTL INC,NSPT
10259, , ,3/31/12,Las Vegas,Synergetics International Inc,4520,452030,45,45203010,D,USA,334519,3829,230,940, ,NV,SYNERGETICS INTL INC,NSPT
10259, , ,4/30/12,Las Vegas,Synergetics International Inc,4520,452030,45,45203010,D,USA,334519,3829,230,940, ,NV,SYNERGETICS INTL INC,NSPT
10259, , ,5/31/12,Las Vegas,Synergetics International Inc,4520,452030,45,45203010,D,USA,334519,3829,230,940, ,NV,SYNERGETICS INTL INC,NSPT
10259, , ,6/30/12,Las Vegas,Synergetics International Inc,4520,452030,45,45203010,D,USA,334519,3829,230,940, ,NV,SYNERGETICS INTL INC,NSPT
10259, , ,7/31/12,Las Vegas,Synergetics International Inc,4520,452030,45,45203010,D,USA,334519,3829,230,940, ,NV,SYNERGETICS INTL INC,NSPT
10259, , ,8/31/12,Las Vegas,Synergetics International Inc,4520,452030,45,45203010,D,USA,334519,3829,230,940, ,NV,SYNERGETICS INTL INC,NSPT
10259, , ,9/30/12,Las Vegas,Synergetics International Inc,4520,452030,45,45203010,D,USA,334519,3829,230,940, ,NV,SYNERGETICS INTL INC,NSPT
10259, , ,10/31/12,Las Vegas,Synergetics International Inc,4520,452030,45,45203010,D,USA,334519,3829,230,940, ,NV,SYNERGETICS INTL INC,NSPT
10259, , ,11/30/12,Las Vegas,Synergetics International Inc,4520,452030,45,45203010,D,USA,334519,3829,230,940, ,NV,SYNERGETICS INTL INC,NSPT
10259, , ,12/31/12,Las Vegas,Synergetics International Inc,4520,452030,45,45203010,D,USA,334519,3829,230,940, ,NV,SYNERGETICS INTL INC,NSPT
10259, , ,1/31/13,Las Vegas,Synergetics International Inc,4520,452030,45,45203010,D,USA,334519,3829,230,940, ,NV,SYNERGETICS INTL INC,NSPT
10259, , ,2/28/13,Las Vegas,Synergetics International Inc,4520,452030,45,45203010,D,USA,334519,3829,230,940, ,NV,SYNERGETICS INTL INC,NSPT
10259, , ,3/31/13,Las Vegas,Synergetics International Inc,4520,452030,45,45203010,D,USA,334519,3829,230,940, ,NV,SYNERGETICS INTL INC,NSPT
10259, , ,4/30/13,Las Vegas,Synergetics International Inc,4520,452030,45,45203010,D,USA,334519,3829,230,940, ,NV,SYNERGETICS INTL INC,NSPT
10259, , ,5/31/13,Las Vegas,Synergetics International Inc,4520,452030,45,45203010,D,USA,334519,3829,230,940, ,NV,SYNERGETICS INTL INC,NSPT
10259, , ,6/30/13,Las Vegas,Synergetics International Inc,4520,452030,45,45203010,D,USA,334519,3829,230,940, ,NV,SYNERGETICS INTL INC,NSPT
10259, , ,7/31/13,Las Vegas,Synergetics International Inc,4520,452030,45,45203010,D,USA,334519,3829,230,940, ,NV,SYNERGETICS INTL INC,NSPT
10259, , ,8/31/13,Las Vegas,Synergetics International Inc,4520,452030,45,45203010,D,USA,334519,3829,230,940, ,NV,SYNERGETICS INTL INC,NSPT
10259, , ,9/30/13,Las Vegas,Synergetics International Inc,4520,452030,45,45203010,D,USA,334519,3829,230,940, ,NV,SYNERGETICS INTL INC,NSPT
10259, , ,10/31/13,Las Vegas,Synergetics International Inc,4520,452030,45,45203010,D,USA,334519,3829,230,940, ,NV,SYNERGETICS INTL INC,NSPT
10263, , ,1/31/10,Cleveland,Systems Technology Associates Inc,4520,452010,45,45201020,D,USA,334210,3661,180,940, ,OH,SYSTEMS TECHNOLOGY ASSOC INC,STAI
10263, , ,2/28/10,Cleveland,Systems Technology Associates Inc,4520,452010,45,45201020,D,USA,334210,3661,180,940, ,OH,SYSTEMS TECHNOLOGY ASSOC INC,STAI
10263, , ,3/31/10,Cleveland,Systems Technology Associates Inc,4520,452010,45,45201020,D,USA,334210,3661,180,940, ,OH,SYSTEMS TECHNOLOGY ASSOC INC,STAI
10263, , ,4/30/10,Cleveland,Systems Technology Associates Inc,4520,452010,45,45201020,D,USA,334210,3661,180,940, ,OH,SYSTEMS TECHNOLOGY ASSOC INC,STAI
10263, , ,5/31/10,Cleveland,Systems Technology Associates Inc,4520,452010,45,45201020,D,USA,334210,3661,180,940, ,OH,SYSTEMS TECHNOLOGY ASSOC INC,STAI
10263, , ,6/30/10,Cleveland,Systems Technology Associates Inc,4520,452010,45,45201020,D,USA,334210,3661,180,940, ,OH,SYSTEMS TECHNOLOGY ASSOC INC,STAI
10263, , ,7/31/10,Cleveland,Systems Technology Associates Inc,4520,452010,45,45201020,D,USA,334210,3661,180,940, ,OH,SYSTEMS TECHNOLOGY ASSOC INC,STAI
10263, , ,8/31/10,Cleveland,Systems Technology Associates Inc,4520,452010,45,45201020,D,USA,334210,3661,180,940, ,OH,SYSTEMS TECHNOLOGY ASSOC INC,STAI
10263, , ,9/30/10,Cleveland,Systems Technology Associates Inc,4520,452010,45,45201020,D,USA,334210,3661,180,940, ,OH,SYSTEMS TECHNOLOGY ASSOC INC,STAI
10263, , ,10/31/10,Cleveland,Systems Technology Associates Inc,4520,452010,45,45201020,D,USA,334210,3661,180,940, ,OH,SYSTEMS TECHNOLOGY ASSOC INC,STAI
10263, , ,11/30/10,Cleveland,Systems Technology Associates Inc,4520,452010,45,45201020,D,USA,334210,3661,180,940, ,OH,SYSTEMS TECHNOLOGY ASSOC INC,STAI
10263, , ,12/31/10,Cleveland,Systems Technology Associates Inc,4520,452010,45,45201020,D,USA,334210,3661,180,940, ,OH,SYSTEMS TECHNOLOGY ASSOC INC,STAI
10263, , ,1/31/11,Cleveland,Systems Technology Associates Inc,4520,452010,45,45201020,D,USA,334210,3661,180,940, ,OH,SYSTEMS TECHNOLOGY ASSOC INC,STAI
10263, , ,2/28/11,Cleveland,Systems Technology Associates Inc,4520,452010,45,45201020,D,USA,334210,3661,180,940, ,OH,SYSTEMS TECHNOLOGY ASSOC INC,STAI
10263, , ,3/31/11,Cleveland,Systems Technology Associates Inc,4520,452010,45,45201020,D,USA,334210,3661,180,940, ,OH,SYSTEMS TECHNOLOGY ASSOC INC,STAI
10263, , ,4/30/11,Cleveland,Systems Technology Associates Inc,4520,452010,45,45201020,D,USA,334210,3661,180,940, ,OH,SYSTEMS TECHNOLOGY ASSOC INC,STAI
10263, , ,5/31/11,Cleveland,Systems Technology Associates Inc,4520,452010,45,45201020,D,USA,334210,3661,180,940, ,OH,SYSTEMS TECHNOLOGY ASSOC INC,STAI
10263, , ,6/30/11,Cleveland,Systems Technology Associates Inc,4520,452010,45,45201020,D,USA,334210,3661,180,940, ,OH,SYSTEMS TECHNOLOGY ASSOC INC,STAI
10263, , ,7/31/11,Cleveland,Systems Technology Associates Inc,4520,452010,45,45201020,D,USA,334210,3661,180,940, ,OH,SYSTEMS TECHNOLOGY ASSOC INC,STAI
10263, , ,8/31/11,Cleveland,Systems Technology Associates Inc,4520,452010,45,45201020,D,USA,334210,3661,180,940, ,OH,SYSTEMS TECHNOLOGY ASSOC INC,STAI
10263, , ,9/30/11,Cleveland,Systems Technology Associates Inc,4520,452010,45,45201020,D,USA,334210,3661,180,940, ,OH,SYSTEMS TECHNOLOGY ASSOC INC,STAI
10263, , ,10/31/11,Cleveland,Systems Technology Associates Inc,4520,452010,45,45201020,D,USA,334210,3661,180,940, ,OH,SYSTEMS TECHNOLOGY ASSOC INC,STAI
10263, , ,11/30/11,Cleveland,Systems Technology Associates Inc,4520,452010,45,45201020,D,USA,334210,3661,180,940, ,OH,SYSTEMS TECHNOLOGY ASSOC INC,STAI
10263, , ,12/31/11,Cleveland,Systems Technology Associates Inc,4520,452010,45,45201020,D,USA,334210,3661,180,940, ,OH,SYSTEMS TECHNOLOGY ASSOC INC,STAI
10263, , ,1/31/12,Cleveland,Systems Technology Associates Inc,4520,452010,45,45201020,D,USA,334210,3661,180,940, ,OH,SYSTEMS TECHNOLOGY ASSOC INC,STAI
10263, , ,2/29/12,Cleveland,Systems Technology Associates Inc,4520,452010,45,45201020,D,USA,334210,3661,180,940, ,OH,SYSTEMS TECHNOLOGY ASSOC INC,STAI
10263, , ,3/31/12,Cleveland,Systems Technology Associates Inc,4520,452010,45,45201020,D,USA,334210,3661,180,940, ,OH,SYSTEMS TECHNOLOGY ASSOC INC,STAI
10263, , ,4/30/12,Cleveland,Systems Technology Associates Inc,4520,452010,45,45201020,D,USA,334210,3661,180,940, ,OH,SYSTEMS TECHNOLOGY ASSOC INC,STAI
10263, , ,5/31/12,Cleveland,Systems Technology Associates Inc,4520,452010,45,45201020,D,USA,334210,3661,180,940, ,OH,SYSTEMS TECHNOLOGY ASSOC INC,STAI
10263, , ,6/30/12,Cleveland,Systems Technology Associates Inc,4520,452010,45,45201020,D,USA,334210,3661,180,940, ,OH,SYSTEMS TECHNOLOGY ASSOC INC,STAI
10263, , ,7/31/12,Cleveland,Systems Technology Associates Inc,4520,452010,45,45201020,D,USA,334210,3661,180,940, ,OH,SYSTEMS TECHNOLOGY ASSOC INC,STAI
10263, , ,8/31/12,Cleveland,Systems Technology Associates Inc,4520,452010,45,45201020,D,USA,334210,3661,180,940, ,OH,SYSTEMS TECHNOLOGY ASSOC INC,STAI
10263, , ,9/30/12,Cleveland,Systems Technology Associates Inc,4520,452010,45,45201020,D,USA,334210,3661,180,940, ,OH,SYSTEMS TECHNOLOGY ASSOC INC,STAI
10263, , ,10/31/12,Cleveland,Systems Technology Associates Inc,4520,452010,45,45201020,D,USA,334210,3661,180,940, ,OH,SYSTEMS TECHNOLOGY ASSOC INC,STAI
10263, , ,11/30/12,Cleveland,Systems Technology Associates Inc,4520,452010,45,45201020,D,USA,334210,3661,180,940, ,OH,SYSTEMS TECHNOLOGY ASSOC INC,STAI
10263, , ,12/31/12,Cleveland,Systems Technology Associates Inc,4520,452010,45,45201020,D,USA,334210,3661,180,940, ,OH,SYSTEMS TECHNOLOGY ASSOC INC,STAI
10263, , ,1/31/13,Cleveland,Systems Technology Associates Inc,4520,452010,45,45201020,D,USA,334210,3661,180,940, ,OH,SYSTEMS TECHNOLOGY ASSOC INC,STAI
10263, , ,2/28/13,Cleveland,Systems Technology Associates Inc,4520,452010,45,45201020,D,USA,334210,3661,180,940, ,OH,SYSTEMS TECHNOLOGY ASSOC INC,STAI
10263, , ,3/31/13,Cleveland,Systems Technology Associates Inc,4520,452010,45,45201020,D,USA,334210,3661,180,940, ,OH,SYSTEMS TECHNOLOGY ASSOC INC,STAI
10263, , ,4/30/13,Cleveland,Systems Technology Associates Inc,4520,452010,45,45201020,D,USA,334210,3661,180,940, ,OH,SYSTEMS TECHNOLOGY ASSOC INC,STAI
10263, , ,5/31/13,Cleveland,Systems Technology Associates Inc,4520,452010,45,45201020,D,USA,334210,3661,180,940, ,OH,SYSTEMS TECHNOLOGY ASSOC INC,STAI
10263, , ,6/30/13,Cleveland,Systems Technology Associates Inc,4520,452010,45,45201020,D,USA,334210,3661,180,940, ,OH,SYSTEMS TECHNOLOGY ASSOC INC,STAI
10263, , ,7/31/13,Cleveland,Systems Technology Associates Inc,4520,452010,45,45201020,D,USA,334210,3661,180,940, ,OH,SYSTEMS TECHNOLOGY ASSOC INC,STAI
10263, , ,8/31/13,Cleveland,Systems Technology Associates Inc,4520,452010,45,45201020,D,USA,334210,3661,180,940, ,OH,SYSTEMS TECHNOLOGY ASSOC INC,STAI
10263, , ,9/30/13,Cleveland,Systems Technology Associates Inc,4520,452010,45,45201020,D,USA,334210,3661,180,940, ,OH,SYSTEMS TECHNOLOGY ASSOC INC,STAI
10263, , ,10/31/13,Cleveland,Systems Technology Associates Inc,4520,452010,45,45201020,D,USA,334210,3661,180,940, ,OH,SYSTEMS TECHNOLOGY ASSOC INC,STAI
10275,A+,A-1,1/31/10,Tokyo,Tdk Corp,4520,452030,45,45203015,B,JPN,334419,3679,220,925, , ,TDK CORP,TTDKY
10275,A+,A-1,2/28/10,Tokyo,Tdk Corp,4520,452030,45,45203015,B,JPN,334419,3679,220,925, , ,TDK CORP,TTDKY
10275,A+,A-1,3/31/10,Tokyo,Tdk Corp,4520,452030,45,45203015,B,JPN,334419,3679,220,925, , ,TDK CORP,TTDKY
10275,A+,A-1,4/30/10,Tokyo,Tdk Corp,4520,452030,45,45203015,B,JPN,334419,3679,220,925, , ,TDK CORP,TTDKY
10275,A+,A-1,5/31/10,Tokyo,Tdk Corp,4520,452030,45,45203015,B,JPN,334419,3679,220,925, , ,TDK CORP,TTDKY
10275,A+,A-1,6/30/10,Tokyo,Tdk Corp,4520,452030,45,45203015,B,JPN,334419,3679,220,925, , ,TDK CORP,TTDKY
10275,A+,A-1,7/31/10,Tokyo,Tdk Corp,4520,452030,45,45203015,B,JPN,334419,3679,220,925, , ,TDK CORP,TTDKY
10275,A+,A-1,8/31/10,Tokyo,Tdk Corp,4520,452030,45,45203015,B,JPN,334419,3679,220,925, , ,TDK CORP,TTDKY
10275,A+,A-1,9/30/10,Tokyo,Tdk Corp,4520,452030,45,45203015,B,JPN,334419,3679,220,925, , ,TDK CORP,TTDKY
10275,A+,A-1,10/31/10,Tokyo,Tdk Corp,4520,452030,45,45203015,B,JPN,334419,3679,220,925, , ,TDK CORP,TTDKY
10275,A+,A-1,11/30/10,Tokyo,Tdk Corp,4520,452030,45,45203015,B,JPN,334419,3679,220,925, , ,TDK CORP,TTDKY
10275,A+,A-1,12/31/10,Tokyo,Tdk Corp,4520,452030,45,45203015,B,JPN,334419,3679,220,925, , ,TDK CORP,TTDKY
10275,A+,A-1,1/31/11,Tokyo,Tdk Corp,4520,452030,45,45203015,B,JPN,334419,3679,220,925, , ,TDK CORP,TTDKY
10275,A+,A-1,2/28/11,Tokyo,Tdk Corp,4520,452030,45,45203015,B,JPN,334419,3679,220,925, , ,TDK CORP,TTDKY
10275,A+,A-1,3/31/11,Tokyo,Tdk Corp,4520,452030,45,45203015,B,JPN,334419,3679,220,925, , ,TDK CORP,TTDKY
10275,A+,A-1,4/30/11,Tokyo,Tdk Corp,4520,452030,45,45203015,B,JPN,334419,3679,220,925, , ,TDK CORP,TTDKY
10275,A+,A-1,5/31/11,Tokyo,Tdk Corp,4520,452030,45,45203015,B,JPN,334419,3679,220,925, , ,TDK CORP,TTDKY
10275,A+,A-1,6/30/11,Tokyo,Tdk Corp,4520,452030,45,45203015,B,JPN,334419,3679,220,925, , ,TDK CORP,TTDKY
10275,A+,A-1,7/31/11,Tokyo,Tdk Corp,4520,452030,45,45203015,B,JPN,334419,3679,220,925, , ,TDK CORP,TTDKY
10275,A+,A-1,8/31/11,Tokyo,Tdk Corp,4520,452030,45,45203015,B,JPN,334419,3679,220,925, , ,TDK CORP,TTDKY
10275,A+,A-1,9/30/11,Tokyo,Tdk Corp,4520,452030,45,45203015,B,JPN,334419,3679,220,925, , ,TDK CORP,TTDKY
10275,A+,A-1,10/31/11,Tokyo,Tdk Corp,4520,452030,45,45203015,B,JPN,334419,3679,220,925, , ,TDK CORP,TTDKY
10275,A+,A-1,11/30/11,Tokyo,Tdk Corp,4520,452030,45,45203015,B,JPN,334419,3679,220,925, , ,TDK CORP,TTDKY
10275,A+,A-1,12/31/11,Tokyo,Tdk Corp,4520,452030,45,45203015,B,JPN,334419,3679,220,925, , ,TDK CORP,TTDKY
10275,A+,A-1,1/31/12,Tokyo,Tdk Corp,4520,452030,45,45203015,B,JPN,334419,3679,220,925, , ,TDK CORP,TTDKY
10275,A+,A-1,2/29/12,Tokyo,Tdk Corp,4520,452030,45,45203015,B,JPN,334419,3679,220,925, , ,TDK CORP,TTDKY
10275,A,A-1,3/31/12,Tokyo,Tdk Corp,4520,452030,45,45203015,B,JPN,334419,3679,220,925, , ,TDK CORP,TTDKY
10275,A,A-1,4/30/12,Tokyo,Tdk Corp,4520,452030,45,45203015,B,JPN,334419,3679,220,925, , ,TDK CORP,TTDKY
10275,A,A-1,5/31/12,Tokyo,Tdk Corp,4520,452030,45,45203015,B,JPN,334419,3679,220,925, , ,TDK CORP,TTDKY
10275,A,A-1,6/30/12,Tokyo,Tdk Corp,4520,452030,45,45203015,B,JPN,334419,3679,220,925, , ,TDK CORP,TTDKY
10275,A,A-1,7/31/12,Tokyo,Tdk Corp,4520,452030,45,45203015,B,JPN,334419,3679,220,925, , ,TDK CORP,TTDKY
10275,A,A-1,8/31/12,Tokyo,Tdk Corp,4520,452030,45,45203015,B,JPN,334419,3679,220,925, , ,TDK CORP,TTDKY
10275,A,A-1,9/30/12,Tokyo,Tdk Corp,4520,452030,45,45203015,B,JPN,334419,3679,220,925, , ,TDK CORP,TTDKY
10275,A,A-1,10/31/12,Tokyo,Tdk Corp,4520,452030,45,45203015,B,JPN,334419,3679,220,925, , ,TDK CORP,TTDKY
10275,A,A-1,11/30/12,Tokyo,Tdk Corp,4520,452030,45,45203015,B,JPN,334419,3679,220,925, , ,TDK CORP,TTDKY
10275,A,A-1,12/31/12,Tokyo,Tdk Corp,4520,452030,45,45203015,B,JPN,334419,3679,220,925, , ,TDK CORP,TTDKY
10275,A,A-1,1/31/13,Tokyo,Tdk Corp,4520,452030,45,45203015,B,JPN,334419,3679,220,925, , ,TDK CORP,TTDKY
10275,A-,A-2,2/28/13,Tokyo,Tdk Corp,4520,452030,45,45203015,B,JPN,334419,3679,220,925, , ,TDK CORP,TTDKY
10275,A-,A-2,3/31/13,Tokyo,Tdk Corp,4520,452030,45,45203015,B,JPN,334419,3679,220,925, , ,TDK CORP,TTDKY
10275,A-,A-2,4/30/13,Tokyo,Tdk Corp,4520,452030,45,45203015,B,JPN,334419,3679,220,925, , ,TDK CORP,TTDKY
10275,A-,A-2,5/31/13,Tokyo,Tdk Corp,4520,452030,45,45203015,B,JPN,334419,3679,220,925, , ,TDK CORP,TTDKY
10275,A-,A-2,6/30/13,Tokyo,Tdk Corp,4520,452030,45,45203015,B,JPN,334419,3679,220,925, , ,TDK CORP,TTDKY
10275,A-,A-2,7/31/13,Tokyo,Tdk Corp,4520,452030,45,45203015,B,JPN,334419,3679,220,925, , ,TDK CORP,TTDKY
10275,A-,A-2,8/31/13,Tokyo,Tdk Corp,4520,452030,45,45203015,B,JPN,334419,3679,220,925, , ,TDK CORP,TTDKY
10275,A-,A-2,9/30/13,Tokyo,Tdk Corp,4520,452030,45,45203015,B,JPN,334419,3679,220,925, , ,TDK CORP,TTDKY
10275,A-,A-2,10/31/13,Tokyo,Tdk Corp,4520,452030,45,45203015,B,JPN,334419,3679,220,925, , ,TDK CORP,TTDKY
10275,A-,A-2,11/30/13,Tokyo,Tdk Corp,4520,452030,45,45203015,B,JPN,334419,3679,220,925, , ,TDK CORP,TTDKY
10275,A-,A-2,12/31/13,Tokyo,Tdk Corp,4520,452030,45,45203015,B,JPN,334419,3679,220,925, , ,TDK CORP,TTDKY
10275,A-,A-2,1/31/14,Tokyo,Tdk Corp,4520,452030,45,45203015,B,JPN,334419,3679,220,925, , ,TDK CORP,TTDKY
10275,A-,A-2,2/28/14,Tokyo,Tdk Corp,4520,452030,45,45203015,B,JPN,334419,3679,220,925, , ,TDK CORP,TTDKY
10275,A-,A-2,3/31/14,Tokyo,Tdk Corp,4520,452030,45,45203015,B,JPN,334419,3679,220,925, , ,TDK CORP,TTDKY
10275,A-,A-2,4/30/14,Tokyo,Tdk Corp,4520,452030,45,45203015,B,JPN,334419,3679,220,925, , ,TDK CORP,TTDKY
10275,A-,A-2,5/31/14,Tokyo,Tdk Corp,4520,452030,45,45203015,B,JPN,334419,3679,220,925, , ,TDK CORP,TTDKY
10275,A-,A-2,6/30/14,Tokyo,Tdk Corp,4520,452030,45,45203015,B,JPN,334419,3679,220,925, , ,TDK CORP,TTDKY
10285, , ,6/30/10,Marietta,Intercom Systems Inc,4520,452030,45,45203010,D,USA,334416,3825,230,940, ,GA,INTERCOM SYSTEMS INC,IRCM
10285, , ,7/31/10,Marietta,Intercom Systems Inc,4520,452030,45,45203010,D,USA,334416,3825,230,940, ,GA,INTERCOM SYSTEMS INC,IRCM
10286, , ,1/31/10,Edgewood,Tii Network Technologies Inc,4520,452010,45,45201020,D,USA,334290,3669,220,925,B,NY,TII NETWORK TECHNOLOGIES INC,TIII
10286, , ,2/28/10,Edgewood,Tii Network Technologies Inc,4520,452010,45,45201020,D,USA,334290,3669,220,925,B,NY,TII NETWORK TECHNOLOGIES INC,TIII
10286, , ,3/31/10,Edgewood,Tii Network Technologies Inc,4520,452010,45,45201020,D,USA,334290,3669,220,925,B,NY,TII NETWORK TECHNOLOGIES INC,TIII
10286, , ,4/30/10,Edgewood,Tii Network Technologies Inc,4520,452010,45,45201020,D,USA,334290,3669,220,925,B,NY,TII NETWORK TECHNOLOGIES INC,TIII
10286, , ,5/31/10,Edgewood,Tii Network Technologies Inc,4520,452010,45,45201020,D,USA,334290,3669,220,925,B,NY,TII NETWORK TECHNOLOGIES INC,TIII
10286, , ,6/30/10,Edgewood,Tii Network Technologies Inc,4520,452010,45,45201020,D,USA,334290,3669,220,925,B,NY,TII NETWORK TECHNOLOGIES INC,TIII
10286, , ,7/31/10,Edgewood,Tii Network Technologies Inc,4520,452010,45,45201020,D,USA,334290,3669,220,925,B,NY,TII NETWORK TECHNOLOGIES INC,TIII
10286, , ,8/31/10,Edgewood,Tii Network Technologies Inc,4520,452010,45,45201020,D,USA,334290,3669,220,925,B,NY,TII NETWORK TECHNOLOGIES INC,TIII
10286, , ,9/30/10,Edgewood,Tii Network Technologies Inc,4520,452010,45,45201020,D,USA,334290,3669,220,925,B,NY,TII NETWORK TECHNOLOGIES INC,TIII
10286, , ,10/31/10,Edgewood,Tii Network Technologies Inc,4520,452010,45,45201020,D,USA,334290,3669,220,925,B,NY,TII NETWORK TECHNOLOGIES INC,TIII
10286, , ,11/30/10,Edgewood,Tii Network Technologies Inc,4520,452010,45,45201020,D,USA,334290,3669,220,925,B,NY,TII NETWORK TECHNOLOGIES INC,TIII
10286, , ,12/31/10,Edgewood,Tii Network Technologies Inc,4520,452010,45,45201020,D,USA,334290,3669,220,925,B,NY,TII NETWORK TECHNOLOGIES INC,TIII
10286, , ,1/31/11,Edgewood,Tii Network Technologies Inc,4520,452010,45,45201020,D,USA,334290,3669,220,925,B,NY,TII NETWORK TECHNOLOGIES INC,TIII
10286, , ,2/28/11,Edgewood,Tii Network Technologies Inc,4520,452010,45,45201020,D,USA,334290,3669,220,925,B,NY,TII NETWORK TECHNOLOGIES INC,TIII
10286, , ,3/31/11,Edgewood,Tii Network Technologies Inc,4520,452010,45,45201020,D,USA,334290,3669,220,925,B,NY,TII NETWORK TECHNOLOGIES INC,TIII
10286, , ,4/30/11,Edgewood,Tii Network Technologies Inc,4520,452010,45,45201020,D,USA,334290,3669,220,925,B,NY,TII NETWORK TECHNOLOGIES INC,TIII
10286, , ,5/31/11,Edgewood,Tii Network Technologies Inc,4520,452010,45,45201020,D,USA,334290,3669,220,925,B,NY,TII NETWORK TECHNOLOGIES INC,TIII
10286, , ,6/30/11,Edgewood,Tii Network Technologies Inc,4520,452010,45,45201020,D,USA,334290,3669,220,925,B,NY,TII NETWORK TECHNOLOGIES INC,TIII
10286, , ,7/31/11,Edgewood,Tii Network Technologies Inc,4520,452010,45,45201020,D,USA,334290,3669,220,925,B,NY,TII NETWORK TECHNOLOGIES INC,TIII
10286, , ,8/31/11,Edgewood,Tii Network Technologies Inc,4520,452010,45,45201020,D,USA,334290,3669,220,925,B,NY,TII NETWORK TECHNOLOGIES INC,TIII
10286, , ,9/30/11,Edgewood,Tii Network Technologies Inc,4520,452010,45,45201020,D,USA,334290,3669,220,925,B,NY,TII NETWORK TECHNOLOGIES INC,TIII
10286, , ,10/31/11,Edgewood,Tii Network Technologies Inc,4520,452010,45,45201020,D,USA,334290,3669,220,925,B,NY,TII NETWORK TECHNOLOGIES INC,TIII
10286, , ,11/30/11,Edgewood,Tii Network Technologies Inc,4520,452010,45,45201020,D,USA,334290,3669,220,925,B,NY,TII NETWORK TECHNOLOGIES INC,TIII
10286, , ,12/31/11,Edgewood,Tii Network Technologies Inc,4520,452010,45,45201020,D,USA,334290,3669,220,925,B,NY,TII NETWORK TECHNOLOGIES INC,TIII
10286, , ,1/31/12,Edgewood,Tii Network Technologies Inc,4520,452010,45,45201020,D,USA,334290,3669,220,925,B,NY,TII NETWORK TECHNOLOGIES INC,TIII
10286, , ,2/29/12,Edgewood,Tii Network Technologies Inc,4520,452010,45,45201020,D,USA,334290,3669,220,925,B,NY,TII NETWORK TECHNOLOGIES INC,TIII
10286, , ,3/31/12,Edgewood,Tii Network Technologies Inc,4520,452010,45,45201020,D,USA,334290,3669,220,925,B,NY,TII NETWORK TECHNOLOGIES INC,TIII
10286, , ,4/30/12,Edgewood,Tii Network Technologies Inc,4520,452010,45,45201020,D,USA,334290,3669,220,925,B,NY,TII NETWORK TECHNOLOGIES INC,TIII
10286, , ,5/31/12,Edgewood,Tii Network Technologies Inc,4520,452010,45,45201020,D,USA,334290,3669,220,925,B,NY,TII NETWORK TECHNOLOGIES INC,TIII
10286, , ,6/30/12,Edgewood,Tii Network Technologies Inc,4520,452010,45,45201020,D,USA,334290,3669,220,925,B,NY,TII NETWORK TECHNOLOGIES INC,TIII
10286, , ,7/31/12,Edgewood,Tii Network Technologies Inc,4520,452010,45,45201020,D,USA,334290,3669,220,925,B,NY,TII NETWORK TECHNOLOGIES INC,TIII
10361, , ,1/31/10,Hialeah,Simclar Inc,4520,452030,45,45203020,D,USA,334418,3679,220,925,B-,FL,SIMCLAR INC,SIMC
10361, , ,2/28/10,Hialeah,Simclar Inc,4520,452030,45,45203020,D,USA,334418,3679,220,925,B-,FL,SIMCLAR INC,SIMC
10361, , ,3/31/10,Hialeah,Simclar Inc,4520,452030,45,45203020,D,USA,334418,3679,220,925,B-,FL,SIMCLAR INC,SIMC
10361, , ,4/30/10,Hialeah,Simclar Inc,4520,452030,45,45203020,D,USA,334418,3679,220,925,B-,FL,SIMCLAR INC,SIMC
10361, , ,5/31/10,Hialeah,Simclar Inc,4520,452030,45,45203020,D,USA,334418,3679,220,925,B-,FL,SIMCLAR INC,SIMC
10361, , ,6/30/10,Hialeah,Simclar Inc,4520,452030,45,45203020,D,USA,334418,3679,220,925,B-,FL,SIMCLAR INC,SIMC
10361, , ,7/31/10,Hialeah,Simclar Inc,4520,452030,45,45203020,D,USA,334418,3679,220,925,B-,FL,SIMCLAR INC,SIMC
10361, , ,8/31/10,Hialeah,Simclar Inc,4520,452030,45,45203020,D,USA,334418,3679,220,925,B-,FL,SIMCLAR INC,SIMC
10361, , ,9/30/10,Hialeah,Simclar Inc,4520,452030,45,45203020,D,USA,334418,3679,220,925,B-,FL,SIMCLAR INC,SIMC
10361, , ,10/31/10,Hialeah,Simclar Inc,4520,452030,45,45203020,D,USA,334418,3679,220,925,B-,FL,SIMCLAR INC,SIMC
10361, , ,11/30/10,Hialeah,Simclar Inc,4520,452030,45,45203020,D,USA,334418,3679,220,925,B-,FL,SIMCLAR INC,SIMC
10361, , ,12/31/10,Hialeah,Simclar Inc,4520,452030,45,45203020,D,USA,334418,3679,220,925,B-,FL,SIMCLAR INC,SIMC
10361, , ,1/31/11,Hialeah,Simclar Inc,4520,452030,45,45203020,D,USA,334418,3679,220,925,B-,FL,SIMCLAR INC,SIMC
10361, , ,2/28/11,Hialeah,Simclar Inc,4520,452030,45,45203020,D,USA,334418,3679,220,925,B-,FL,SIMCLAR INC,SIMC
10361, , ,3/31/11,Hialeah,Simclar Inc,4520,452030,45,45203020,D,USA,334418,3679,220,925,B-,FL,SIMCLAR INC,SIMC
10361, , ,4/30/11,Hialeah,Simclar Inc,4520,452030,45,45203020,D,USA,334418,3679,220,925,B-,FL,SIMCLAR INC,SIMC
10361, , ,5/31/11,Hialeah,Simclar Inc,4520,452030,45,45203020,D,USA,334418,3679,220,925,B-,FL,SIMCLAR INC,SIMC
10361, , ,6/30/11,Hialeah,Simclar Inc,4520,452030,45,45203020,D,USA,334418,3679,220,925,B-,FL,SIMCLAR INC,SIMC
10361, , ,7/31/11,Hialeah,Simclar Inc,4520,452030,45,45203020,D,USA,334418,3679,220,925,B-,FL,SIMCLAR INC,SIMC
10361, , ,8/31/11,Hialeah,Simclar Inc,4520,452030,45,45203020,D,USA,334418,3679,220,925,B-,FL,SIMCLAR INC,SIMC
10361, , ,9/30/11,Hialeah,Simclar Inc,4520,452030,45,45203020,D,USA,334418,3679,220,925,B-,FL,SIMCLAR INC,SIMC
10361, , ,10/31/11,Hialeah,Simclar Inc,4520,452030,45,45203020,D,USA,334418,3679,220,925,B-,FL,SIMCLAR INC,SIMC
10361, , ,11/30/11,Hialeah,Simclar Inc,4520,452030,45,45203020,D,USA,334418,3679,220,925,B-,FL,SIMCLAR INC,SIMC
10361, , ,12/31/11,Hialeah,Simclar Inc,4520,452030,45,45203020,D,USA,334418,3679,220,925,B-,FL,SIMCLAR INC,SIMC
10361, , ,1/31/12,Hialeah,Simclar Inc,4520,452030,45,45203020,D,USA,334418,3679,220,925,B-,FL,SIMCLAR INC,SIMC
10361, , ,2/29/12,Hialeah,Simclar Inc,4520,452030,45,45203020,D,USA,334418,3679,220,925,B-,FL,SIMCLAR INC,SIMC
10361, , ,3/31/12,Hialeah,Simclar Inc,4520,452030,45,45203020,D,USA,334418,3679,220,925,B-,FL,SIMCLAR INC,SIMC
10361, , ,4/30/12,Hialeah,Simclar Inc,4520,452030,45,45203020,D,USA,334418,3679,220,925,B-,FL,SIMCLAR INC,SIMC
10361, , ,5/31/12,Hialeah,Simclar Inc,4520,452030,45,45203020,D,USA,334418,3679,220,925,B-,FL,SIMCLAR INC,SIMC
10361, , ,6/30/12,Hialeah,Simclar Inc,4520,452030,45,45203020,D,USA,334418,3679,220,925,B-,FL,SIMCLAR INC,SIMC
10361, , ,7/31/12,Hialeah,Simclar Inc,4520,452030,45,45203020,D,USA,334418,3679,220,925,B-,FL,SIMCLAR INC,SIMC
10361, , ,8/31/12,Hialeah,Simclar Inc,4520,452030,45,45203020,D,USA,334418,3679,220,925,B-,FL,SIMCLAR INC,SIMC
10361, , ,9/30/12,Hialeah,Simclar Inc,4520,452030,45,45203020,D,USA,334418,3679,220,925,B-,FL,SIMCLAR INC,SIMC
10361, , ,10/31/12,Hialeah,Simclar Inc,4520,452030,45,45203020,D,USA,334418,3679,220,925,B-,FL,SIMCLAR INC,SIMC
10361, , ,11/30/12,Hialeah,Simclar Inc,4520,452030,45,45203020,D,USA,334418,3679,220,925,B-,FL,SIMCLAR INC,SIMC
10361, , ,12/31/12,Hialeah,Simclar Inc,4520,452030,45,45203020,D,USA,334418,3679,220,925,B-,FL,SIMCLAR INC,SIMC
10361, , ,1/31/13,Hialeah,Simclar Inc,4520,452030,45,45203020,D,USA,334418,3679,220,925,B-,FL,SIMCLAR INC,SIMC
10361, , ,2/28/13,Hialeah,Simclar Inc,4520,452030,45,45203020,D,USA,334418,3679,220,925,B-,FL,SIMCLAR INC,SIMC
10361, , ,3/31/13,Hialeah,Simclar Inc,4520,452030,45,45203020,D,USA,334418,3679,220,925,B-,FL,SIMCLAR INC,SIMC
10361, , ,4/30/13,Hialeah,Simclar Inc,4520,452030,45,45203020,D,USA,334418,3679,220,925,B-,FL,SIMCLAR INC,SIMC
10361, , ,5/31/13,Hialeah,Simclar Inc,4520,452030,45,45203020,D,USA,334418,3679,220,925,B-,FL,SIMCLAR INC,SIMC
10361, , ,6/30/13,Hialeah,Simclar Inc,4520,452030,45,45203020,D,USA,334418,3679,220,925,B-,FL,SIMCLAR INC,SIMC
10361, , ,7/31/13,Hialeah,Simclar Inc,4520,452030,45,45203020,D,USA,334418,3679,220,925,B-,FL,SIMCLAR INC,SIMC
10361, , ,8/31/13,Hialeah,Simclar Inc,4520,452030,45,45203020,D,USA,334418,3679,220,925,B-,FL,SIMCLAR INC,SIMC
10361, , ,9/30/13,Hialeah,Simclar Inc,4520,452030,45,45203020,D,USA,334418,3679,220,925,B-,FL,SIMCLAR INC,SIMC
10361, , ,10/31/13,Hialeah,Simclar Inc,4520,452030,45,45203020,D,USA,334418,3679,220,925,B-,FL,SIMCLAR INC,SIMC
10364, , ,1/31/10,Concord,Technical Communications Co,4520,452010,45,45201020,D,USA,334220,3663,180,940,B,MA,TECHNICAL COMMUNICATIONS CP,TCCO
10364, , ,2/28/10,Concord,Technical Communications Co,4520,452010,45,45201020,D,USA,334220,3663,180,940,B,MA,TECHNICAL COMMUNICATIONS CP,TCCO
10364, , ,3/31/10,Concord,Technical Communications Co,4520,452010,45,45201020,D,USA,334220,3663,180,940,B,MA,TECHNICAL COMMUNICATIONS CP,TCCO
10364, , ,4/30/10,Concord,Technical Communications Co,4520,452010,45,45201020,D,USA,334220,3663,180,940,B,MA,TECHNICAL COMMUNICATIONS CP,TCCO
10364, , ,5/31/10,Concord,Technical Communications Co,4520,452010,45,45201020,D,USA,334220,3663,180,940,B,MA,TECHNICAL COMMUNICATIONS CP,TCCO
10364, , ,6/30/10,Concord,Technical Communications Co,4520,452010,45,45201020,D,USA,334220,3663,180,940,B,MA,TECHNICAL COMMUNICATIONS CP,TCCO
10364, , ,7/31/10,Concord,Technical Communications Co,4520,452010,45,45201020,D,USA,334220,3663,180,940,B,MA,TECHNICAL COMMUNICATIONS CP,TCCO
10364, , ,8/31/10,Concord,Technical Communications Co,4520,452010,45,45201020,D,USA,334220,3663,180,940,B,MA,TECHNICAL COMMUNICATIONS CP,TCCO
10364, , ,9/30/10,Concord,Technical Communications Co,4520,452010,45,45201020,D,USA,334220,3663,180,940,B,MA,TECHNICAL COMMUNICATIONS CP,TCCO
10364, , ,10/31/10,Concord,Technical Communications Co,4520,452010,45,45201020,D,USA,334220,3663,180,940,B,MA,TECHNICAL COMMUNICATIONS CP,TCCO
10364, , ,11/30/10,Concord,Technical Communications Co,4520,452010,45,45201020,D,USA,334220,3663,180,940,B,MA,TECHNICAL COMMUNICATIONS CP,TCCO
10364, , ,12/31/10,Concord,Technical Communications Co,4520,452010,45,45201020,D,USA,334220,3663,180,940,B,MA,TECHNICAL COMMUNICATIONS CP,TCCO
10364, , ,1/31/11,Concord,Technical Communications Co,4520,452010,45,45201020,D,USA,334220,3663,180,940,B,MA,TECHNICAL COMMUNICATIONS CP,TCCO
10364, , ,2/28/11,Concord,Technical Communications Co,4520,452010,45,45201020,D,USA,334220,3663,180,940,B,MA,TECHNICAL COMMUNICATIONS CP,TCCO
10364, , ,3/31/11,Concord,Technical Communications Co,4520,452010,45,45201020,D,USA,334220,3663,180,940,B,MA,TECHNICAL COMMUNICATIONS CP,TCCO
10364, , ,4/30/11,Concord,Technical Communications Co,4520,452010,45,45201020,D,USA,334220,3663,180,940,B,MA,TECHNICAL COMMUNICATIONS CP,TCCO
10364, , ,5/31/11,Concord,Technical Communications Co,4520,452010,45,45201020,D,USA,334220,3663,180,940,B,MA,TECHNICAL COMMUNICATIONS CP,TCCO
10364, , ,6/30/11,Concord,Technical Communications Co,4520,452010,45,45201020,D,USA,334220,3663,180,940,B,MA,TECHNICAL COMMUNICATIONS CP,TCCO
10364, , ,7/31/11,Concord,Technical Communications Co,4520,452010,45,45201020,D,USA,334220,3663,180,940,B,MA,TECHNICAL COMMUNICATIONS CP,TCCO
10364, , ,8/31/11,Concord,Technical Communications Co,4520,452010,45,45201020,D,USA,334220,3663,180,940,B,MA,TECHNICAL COMMUNICATIONS CP,TCCO
10364, , ,9/30/11,Concord,Technical Communications Co,4520,452010,45,45201020,D,USA,334220,3663,180,940,B,MA,TECHNICAL COMMUNICATIONS CP,TCCO
10364, , ,10/31/11,Concord,Technical Communications Co,4520,452010,45,45201020,D,USA,334220,3663,180,940,B,MA,TECHNICAL COMMUNICATIONS CP,TCCO
10364, , ,11/30/11,Concord,Technical Communications Co,4520,452010,45,45201020,D,USA,334220,3663,180,940,B,MA,TECHNICAL COMMUNICATIONS CP,TCCO
10364, , ,12/31/11,Concord,Technical Communications Co,4520,452010,45,45201020,D,USA,334220,3663,180,940,B,MA,TECHNICAL COMMUNICATIONS CP,TCCO
10364, , ,1/31/12,Concord,Technical Communications Co,4520,452010,45,45201020,D,USA,334220,3663,180,940,B,MA,TECHNICAL COMMUNICATIONS CP,TCCO
10364, , ,2/29/12,Concord,Technical Communications Co,4520,452010,45,45201020,D,USA,334220,3663,180,940,B,MA,TECHNICAL COMMUNICATIONS CP,TCCO
10364, , ,3/31/12,Concord,Technical Communications Co,4520,452010,45,45201020,D,USA,334220,3663,180,940,B,MA,TECHNICAL COMMUNICATIONS CP,TCCO
10364, , ,4/30/12,Concord,Technical Communications Co,4520,452010,45,45201020,D,USA,334220,3663,180,940,B,MA,TECHNICAL COMMUNICATIONS CP,TCCO
10364, , ,5/31/12,Concord,Technical Communications Co,4520,452010,45,45201020,D,USA,334220,3663,180,940,B,MA,TECHNICAL COMMUNICATIONS CP,TCCO
10364, , ,6/30/12,Concord,Technical Communications Co,4520,452010,45,45201020,D,USA,334220,3663,180,940,B,MA,TECHNICAL COMMUNICATIONS CP,TCCO
10364, , ,7/31/12,Concord,Technical Communications Co,4520,452010,45,45201020,D,USA,334220,3663,180,940,B,MA,TECHNICAL COMMUNICATIONS CP,TCCO
10364, , ,8/31/12,Concord,Technical Communications Co,4520,452010,45,45201020,D,USA,334220,3663,180,940,B,MA,TECHNICAL COMMUNICATIONS CP,TCCO
10364, , ,9/30/12,Concord,Technical Communications Co,4520,452010,45,45201020,D,USA,334220,3663,180,940,B,MA,TECHNICAL COMMUNICATIONS CP,TCCO
10364, , ,10/31/12,Concord,Technical Communications Co,4520,452010,45,45201020,D,USA,334220,3663,180,940,B,MA,TECHNICAL COMMUNICATIONS CP,TCCO
10364, , ,11/30/12,Concord,Technical Communications Co,4520,452010,45,45201020,D,USA,334220,3663,180,940,B,MA,TECHNICAL COMMUNICATIONS CP,TCCO
10364, , ,12/31/12,Concord,Technical Communications Co,4520,452010,45,45201020,D,USA,334220,3663,180,940,B,MA,TECHNICAL COMMUNICATIONS CP,TCCO
10364, , ,1/31/13,Concord,Technical Communications Co,4520,452010,45,45201020,D,USA,334220,3663,180,940,B,MA,TECHNICAL COMMUNICATIONS CP,TCCO
10364, , ,2/28/13,Concord,Technical Communications Co,4520,452010,45,45201020,D,USA,334220,3663,180,940,B,MA,TECHNICAL COMMUNICATIONS CP,TCCO
10364, , ,3/31/13,Concord,Technical Communications Co,4520,452010,45,45201020,D,USA,334220,3663,180,940,B,MA,TECHNICAL COMMUNICATIONS CP,TCCO
10364, , ,4/30/13,Concord,Technical Communications Co,4520,452010,45,45201020,D,USA,334220,3663,180,940,B,MA,TECHNICAL COMMUNICATIONS CP,TCCO
10364, , ,5/31/13,Concord,Technical Communications Co,4520,452010,45,45201020,D,USA,334220,3663,180,940,B,MA,TECHNICAL COMMUNICATIONS CP,TCCO
10364, , ,6/30/13,Concord,Technical Communications Co,4520,452010,45,45201020,D,USA,334220,3663,180,940,B,MA,TECHNICAL COMMUNICATIONS CP,TCCO
10364, , ,7/31/13,Concord,Technical Communications Co,4520,452010,45,45201020,D,USA,334220,3663,180,940,B,MA,TECHNICAL COMMUNICATIONS CP,TCCO
10364, , ,8/31/13,Concord,Technical Communications Co,4520,452010,45,45201020,D,USA,334220,3663,180,940,B,MA,TECHNICAL COMMUNICATIONS CP,TCCO
10364, , ,9/30/13,Concord,Technical Communications Co,4520,452010,45,45201020,D,USA,334220,3663,180,940,B,MA,TECHNICAL COMMUNICATIONS CP,TCCO
10364, , ,10/31/13,Concord,Technical Communications Co,4520,452010,45,45201020,D,USA,334220,3663,180,940,B,MA,TECHNICAL COMMUNICATIONS CP,TCCO
10374, , ,1/31/10,San Diego,Pulse Electronics Corp,4520,452030,45,45203020,D,USA,334419,3679,220,925,C,CA,PULSE ELECTRONICS CORP,PULS
10374, , ,2/28/10,San Diego,Pulse Electronics Corp,4520,452030,45,45203020,D,USA,334419,3679,220,925,C,CA,PULSE ELECTRONICS CORP,PULS
10374, , ,3/31/10,San Diego,Pulse Electronics Corp,4520,452030,45,45203020,D,USA,334419,3679,220,925,C,CA,PULSE ELECTRONICS CORP,PULS
10374, , ,4/30/10,San Diego,Pulse Electronics Corp,4520,452030,45,45203020,D,USA,334419,3679,220,925,C,CA,PULSE ELECTRONICS CORP,PULS
10374, , ,5/31/10,San Diego,Pulse Electronics Corp,4520,452030,45,45203020,D,USA,334419,3679,220,925,C,CA,PULSE ELECTRONICS CORP,PULS
10374, , ,6/30/10,San Diego,Pulse Electronics Corp,4520,452030,45,45203020,D,USA,334419,3679,220,925,C,CA,PULSE ELECTRONICS CORP,PULS
10374, , ,7/31/10,San Diego,Pulse Electronics Corp,4520,452030,45,45203020,D,USA,334419,3679,220,925,C,CA,PULSE ELECTRONICS CORP,PULS
10374, , ,8/31/10,San Diego,Pulse Electronics Corp,4520,452030,45,45203020,D,USA,334419,3679,220,925,C,CA,PULSE ELECTRONICS CORP,PULS
10374, , ,9/30/10,San Diego,Pulse Electronics Corp,4520,452030,45,45203020,D,USA,334419,3679,220,925,C,CA,PULSE ELECTRONICS CORP,PULS
10374, , ,10/31/10,San Diego,Pulse Electronics Corp,4520,452030,45,45203020,D,USA,334419,3679,220,925,C,CA,PULSE ELECTRONICS CORP,PULS
10374, , ,11/30/10,San Diego,Pulse Electronics Corp,4520,452030,45,45203020,D,USA,334419,3679,220,925,C,CA,PULSE ELECTRONICS CORP,PULS
10374, , ,12/31/10,San Diego,Pulse Electronics Corp,4520,452030,45,45203020,D,USA,334419,3679,220,925,C,CA,PULSE ELECTRONICS CORP,PULS
10374, , ,1/31/11,San Diego,Pulse Electronics Corp,4520,452030,45,45203020,D,USA,334419,3679,220,925,C,CA,PULSE ELECTRONICS CORP,PULS
10374, , ,2/28/11,San Diego,Pulse Electronics Corp,4520,452030,45,45203020,D,USA,334419,3679,220,925,C,CA,PULSE ELECTRONICS CORP,PULS
10374, , ,3/31/11,San Diego,Pulse Electronics Corp,4520,452030,45,45203020,D,USA,334419,3679,220,925,C,CA,PULSE ELECTRONICS CORP,PULS
10374, , ,4/30/11,San Diego,Pulse Electronics Corp,4520,452030,45,45203020,D,USA,334419,3679,220,925,C,CA,PULSE ELECTRONICS CORP,PULS
10374, , ,5/31/11,San Diego,Pulse Electronics Corp,4520,452030,45,45203020,D,USA,334419,3679,220,925,C,CA,PULSE ELECTRONICS CORP,PULS
10374, , ,6/30/11,San Diego,Pulse Electronics Corp,4520,452030,45,45203020,D,USA,334419,3679,220,925,C,CA,PULSE ELECTRONICS CORP,PULS
10374, , ,7/31/11,San Diego,Pulse Electronics Corp,4520,452030,45,45203020,D,USA,334419,3679,220,925,C,CA,PULSE ELECTRONICS CORP,PULS
10374, , ,8/31/11,San Diego,Pulse Electronics Corp,4520,452030,45,45203020,D,USA,334419,3679,220,925,C,CA,PULSE ELECTRONICS CORP,PULS
10374, , ,9/30/11,San Diego,Pulse Electronics Corp,4520,452030,45,45203020,D,USA,334419,3679,220,925,C,CA,PULSE ELECTRONICS CORP,PULS
10374, , ,10/31/11,San Diego,Pulse Electronics Corp,4520,452030,45,45203020,D,USA,334419,3679,220,925,C,CA,PULSE ELECTRONICS CORP,PULS
10374, , ,11/30/11,San Diego,Pulse Electronics Corp,4520,452030,45,45203020,D,USA,334419,3679,220,925,C,CA,PULSE ELECTRONICS CORP,PULS
10374, , ,12/31/11,San Diego,Pulse Electronics Corp,4520,452030,45,45203020,D,USA,334419,3679,220,925,C,CA,PULSE ELECTRONICS CORP,PULS
10374, , ,1/31/12,San Diego,Pulse Electronics Corp,4520,452030,45,45203020,D,USA,334419,3679,220,925,C,CA,PULSE ELECTRONICS CORP,PULS
10374, , ,2/29/12,San Diego,Pulse Electronics Corp,4520,452030,45,45203020,D,USA,334419,3679,220,925,C,CA,PULSE ELECTRONICS CORP,PULS
10374, , ,3/31/12,San Diego,Pulse Electronics Corp,4520,452030,45,45203020,D,USA,334419,3679,220,925,C,CA,PULSE ELECTRONICS CORP,PULS
10374, , ,4/30/12,San Diego,Pulse Electronics Corp,4520,452030,45,45203020,D,USA,334419,3679,220,925,C,CA,PULSE ELECTRONICS CORP,PULS
10374, , ,5/31/12,San Diego,Pulse Electronics Corp,4520,452030,45,45203020,D,USA,334419,3679,220,925,C,CA,PULSE ELECTRONICS CORP,PULS
10374, , ,6/30/12,San Diego,Pulse Electronics Corp,4520,452030,45,45203020,D,USA,334419,3679,220,925,C,CA,PULSE ELECTRONICS CORP,PULS
10374, , ,7/31/12,San Diego,Pulse Electronics Corp,4520,452030,45,45203020,D,USA,334419,3679,220,925,C,CA,PULSE ELECTRONICS CORP,PULS
10374, , ,8/31/12,San Diego,Pulse Electronics Corp,4520,452030,45,45203020,D,USA,334419,3679,220,925,C,CA,PULSE ELECTRONICS CORP,PULS
10374, , ,9/30/12,San Diego,Pulse Electronics Corp,4520,452030,45,45203020,D,USA,334419,3679,220,925,C,CA,PULSE ELECTRONICS CORP,PULS
10374, , ,10/31/12,San Diego,Pulse Electronics Corp,4520,452030,45,45203020,D,USA,334419,3679,220,925,C,CA,PULSE ELECTRONICS CORP,PULS
10374, , ,11/30/12,San Diego,Pulse Electronics Corp,4520,452030,45,45203020,D,USA,334419,3679,220,925,C,CA,PULSE ELECTRONICS CORP,PULS
10374, , ,12/31/12,San Diego,Pulse Electronics Corp,4520,452030,45,45203020,D,USA,334419,3679,220,925,C,CA,PULSE ELECTRONICS CORP,PULS
10374, , ,1/31/13,San Diego,Pulse Electronics Corp,4520,452030,45,45203020,D,USA,334419,3679,220,925,C,CA,PULSE ELECTRONICS CORP,PULS
10374, , ,2/28/13,San Diego,Pulse Electronics Corp,4520,452030,45,45203020,D,USA,334419,3679,220,925,C,CA,PULSE ELECTRONICS CORP,PULS
10374, , ,3/31/13,San Diego,Pulse Electronics Corp,4520,452030,45,45203020,D,USA,334419,3679,220,925,C,CA,PULSE ELECTRONICS CORP,PULS
10374, , ,4/30/13,San Diego,Pulse Electronics Corp,4520,452030,45,45203020,D,USA,334419,3679,220,925,C,CA,PULSE ELECTRONICS CORP,PULS
10374, , ,5/31/13,San Diego,Pulse Electronics Corp,4520,452030,45,45203020,D,USA,334419,3679,220,925,C,CA,PULSE ELECTRONICS CORP,PULS
10374, , ,6/30/13,San Diego,Pulse Electronics Corp,4520,452030,45,45203020,D,USA,334419,3679,220,925,C,CA,PULSE ELECTRONICS CORP,PULS
10374, , ,7/31/13,San Diego,Pulse Electronics Corp,4520,452030,45,45203020,D,USA,334419,3679,220,925,C,CA,PULSE ELECTRONICS CORP,PULS
10374, , ,8/31/13,San Diego,Pulse Electronics Corp,4520,452030,45,45203020,D,USA,334419,3679,220,925,C,CA,PULSE ELECTRONICS CORP,PULS
10374, , ,9/30/13,San Diego,Pulse Electronics Corp,4520,452030,45,45203020,D,USA,334419,3679,220,925,C,CA,PULSE ELECTRONICS CORP,PULS
10374, , ,10/31/13,San Diego,Pulse Electronics Corp,4520,452030,45,45203020,D,USA,334419,3679,220,925,C,CA,PULSE ELECTRONICS CORP,PULS
10420, , ,1/31/10,Naperville,Tellabs Inc,4520,452010,45,45201020,B,USA,334210,3661,180,940,B,IL,TELLABS INC,TLAB
10420, , ,2/28/10,Naperville,Tellabs Inc,4520,452010,45,45201020,B,USA,334210,3661,180,940,B,IL,TELLABS INC,TLAB
10420, , ,3/31/10,Naperville,Tellabs Inc,4520,452010,45,45201020,B,USA,334210,3661,180,940,B,IL,TELLABS INC,TLAB
10420, , ,4/30/10,Naperville,Tellabs Inc,4520,452010,45,45201020,B,USA,334210,3661,180,940,B,IL,TELLABS INC,TLAB
10420, , ,5/31/10,Naperville,Tellabs Inc,4520,452010,45,45201020,B,USA,334210,3661,180,940,B,IL,TELLABS INC,TLAB
10420, , ,6/30/10,Naperville,Tellabs Inc,4520,452010,45,45201020,B,USA,334210,3661,180,940,B,IL,TELLABS INC,TLAB
10420, , ,7/31/10,Naperville,Tellabs Inc,4520,452010,45,45201020,B,USA,334210,3661,180,940,B,IL,TELLABS INC,TLAB
10420, , ,8/31/10,Naperville,Tellabs Inc,4520,452010,45,45201020,B,USA,334210,3661,180,940,B,IL,TELLABS INC,TLAB
10420, , ,9/30/10,Naperville,Tellabs Inc,4520,452010,45,45201020,B,USA,334210,3661,180,940,B,IL,TELLABS INC,TLAB
10420, , ,10/31/10,Naperville,Tellabs Inc,4520,452010,45,45201020,B,USA,334210,3661,180,940,B,IL,TELLABS INC,TLAB
10420, , ,11/30/10,Naperville,Tellabs Inc,4520,452010,45,45201020,B,USA,334210,3661,180,940,B,IL,TELLABS INC,TLAB
10420, , ,12/31/10,Naperville,Tellabs Inc,4520,452010,45,45201020,B,USA,334210,3661,180,940,B,IL,TELLABS INC,TLAB
10420, , ,1/31/11,Naperville,Tellabs Inc,4520,452010,45,45201020,B,USA,334210,3661,180,940,B,IL,TELLABS INC,TLAB
10420, , ,2/28/11,Naperville,Tellabs Inc,4520,452010,45,45201020,B,USA,334210,3661,180,940,B,IL,TELLABS INC,TLAB
10420, , ,3/31/11,Naperville,Tellabs Inc,4520,452010,45,45201020,B,USA,334210,3661,180,940,B,IL,TELLABS INC,TLAB
10420, , ,4/30/11,Naperville,Tellabs Inc,4520,452010,45,45201020,B,USA,334210,3661,180,940,B,IL,TELLABS INC,TLAB
10420, , ,5/31/11,Naperville,Tellabs Inc,4520,452010,45,45201020,B,USA,334210,3661,180,940,B,IL,TELLABS INC,TLAB
10420, , ,6/30/11,Naperville,Tellabs Inc,4520,452010,45,45201020,B,USA,334210,3661,180,940,B,IL,TELLABS INC,TLAB
10420, , ,7/31/11,Naperville,Tellabs Inc,4520,452010,45,45201020,B,USA,334210,3661,180,940,B,IL,TELLABS INC,TLAB
10420, , ,8/31/11,Naperville,Tellabs Inc,4520,452010,45,45201020,B,USA,334210,3661,180,940,B,IL,TELLABS INC,TLAB
10420, , ,9/30/11,Naperville,Tellabs Inc,4520,452010,45,45201020,B,USA,334210,3661,180,940,B,IL,TELLABS INC,TLAB
10420, , ,10/31/11,Naperville,Tellabs Inc,4520,452010,45,45201020,B,USA,334210,3661,180,940,B,IL,TELLABS INC,TLAB
10420, , ,11/30/11,Naperville,Tellabs Inc,4520,452010,45,45201020,B,USA,334210,3661,180,940,B,IL,TELLABS INC,TLAB
10420, , ,12/31/11,Naperville,Tellabs Inc,4520,452010,45,45201020,B,USA,334210,3661,180,940,B,IL,TELLABS INC,TLAB
10420, , ,1/31/12,Naperville,Tellabs Inc,4520,452010,45,45201020,B,USA,334210,3661,180,940,B,IL,TELLABS INC,TLAB
10420, , ,2/29/12,Naperville,Tellabs Inc,4520,452010,45,45201020,B,USA,334210,3661,180,940,B,IL,TELLABS INC,TLAB
10420, , ,3/31/12,Naperville,Tellabs Inc,4520,452010,45,45201020,B,USA,334210,3661,180,940,B,IL,TELLABS INC,TLAB
10420, , ,4/30/12,Naperville,Tellabs Inc,4520,452010,45,45201020,B,USA,334210,3661,180,940,B,IL,TELLABS INC,TLAB
10420, , ,5/31/12,Naperville,Tellabs Inc,4520,452010,45,45201020,B,USA,334210,3661,180,940,B,IL,TELLABS INC,TLAB
10420, , ,6/30/12,Naperville,Tellabs Inc,4520,452010,45,45201020,B,USA,334210,3661,180,940,B,IL,TELLABS INC,TLAB
10420, , ,7/31/12,Naperville,Tellabs Inc,4520,452010,45,45201020,B,USA,334210,3661,180,940,B,IL,TELLABS INC,TLAB
10420, , ,8/31/12,Naperville,Tellabs Inc,4520,452010,45,45201020,B,USA,334210,3661,180,940,B,IL,TELLABS INC,TLAB
10420, , ,9/30/12,Naperville,Tellabs Inc,4520,452010,45,45201020,B,USA,334210,3661,180,940,B,IL,TELLABS INC,TLAB
10420, , ,10/31/12,Naperville,Tellabs Inc,4520,452010,45,45201020,B,USA,334210,3661,180,940,B,IL,TELLABS INC,TLAB
10420, , ,11/30/12,Naperville,Tellabs Inc,4520,452010,45,45201020,B,USA,334210,3661,180,940,B,IL,TELLABS INC,TLAB
10420, , ,12/31/12,Naperville,Tellabs Inc,4520,452010,45,45201020,B,USA,334210,3661,180,940,B,IL,TELLABS INC,TLAB
10420, , ,1/31/13,Naperville,Tellabs Inc,4520,452010,45,45201020,B,USA,334210,3661,180,940,B,IL,TELLABS INC,TLAB
10420, , ,2/28/13,Naperville,Tellabs Inc,4520,452010,45,45201020,B,USA,334210,3661,180,940,B,IL,TELLABS INC,TLAB
10420, , ,3/31/13,Naperville,Tellabs Inc,4520,452010,45,45201020,B,USA,334210,3661,180,940,B,IL,TELLABS INC,TLAB
10420, , ,4/30/13,Naperville,Tellabs Inc,4520,452010,45,45201020,B,USA,334210,3661,180,940,B,IL,TELLABS INC,TLAB
10420, , ,5/31/13,Naperville,Tellabs Inc,4520,452010,45,45201020,B,USA,334210,3661,180,940,B,IL,TELLABS INC,TLAB
10420, , ,6/30/13,Naperville,Tellabs Inc,4520,452010,45,45201020,B,USA,334210,3661,180,940,B,IL,TELLABS INC,TLAB
10420, , ,7/31/13,Naperville,Tellabs Inc,4520,452010,45,45201020,B,USA,334210,3661,180,940,B,IL,TELLABS INC,TLAB
10420, , ,8/31/13,Naperville,Tellabs Inc,4520,452010,45,45201020,B,USA,334210,3661,180,940,B,IL,TELLABS INC,TLAB
10420, , ,9/30/13,Naperville,Tellabs Inc,4520,452010,45,45201020,B,USA,334210,3661,180,940,B,IL,TELLABS INC,TLAB
10420, , ,10/31/13,Naperville,Tellabs Inc,4520,452010,45,45201020,B,USA,334210,3661,180,940,B,IL,TELLABS INC,TLAB
10431, , ,1/31/10,San Jose,Televideo Inc,4520,452020,45,45202020,D,USA,334113,3575,190,940,D,CA,TELEVIDEO INC,TELVQ
10431, , ,2/28/10,San Jose,Televideo Inc,4520,452020,45,45202020,D,USA,334113,3575,190,940,D,CA,TELEVIDEO INC,TELVQ
10431, , ,3/31/10,San Jose,Televideo Inc,4520,452020,45,45202020,D,USA,334113,3575,190,940,D,CA,TELEVIDEO INC,TELVQ
10431, , ,4/30/10,San Jose,Televideo Inc,4520,452020,45,45202020,D,USA,334113,3575,190,940,D,CA,TELEVIDEO INC,TELVQ
10431, , ,5/31/10,San Jose,Televideo Inc,4520,452020,45,45202020,D,USA,334113,3575,190,940,D,CA,TELEVIDEO INC,TELVQ
10431, , ,6/30/10,San Jose,Televideo Inc,4520,452020,45,45202020,D,USA,334113,3575,190,940,D,CA,TELEVIDEO INC,TELVQ
10431, , ,7/31/10,San Jose,Televideo Inc,4520,452020,45,45202020,D,USA,334113,3575,190,940,D,CA,TELEVIDEO INC,TELVQ
10431, , ,8/31/10,San Jose,Televideo Inc,4520,452020,45,45202020,D,USA,334113,3575,190,940,D,CA,TELEVIDEO INC,TELVQ
10431, , ,9/30/10,San Jose,Televideo Inc,4520,452020,45,45202020,D,USA,334113,3575,190,940,D,CA,TELEVIDEO INC,TELVQ
10431, , ,10/31/10,San Jose,Televideo Inc,4520,452020,45,45202020,D,USA,334113,3575,190,940,D,CA,TELEVIDEO INC,TELVQ
10431, , ,11/30/10,San Jose,Televideo Inc,4520,452020,45,45202020,D,USA,334113,3575,190,940,D,CA,TELEVIDEO INC,TELVQ
10431, , ,12/31/10,San Jose,Televideo Inc,4520,452020,45,45202020,D,USA,334113,3575,190,940,D,CA,TELEVIDEO INC,TELVQ
10431, , ,1/31/11,San Jose,Televideo Inc,4520,452020,45,45202020,D,USA,334113,3575,190,940,D,CA,TELEVIDEO INC,TELVQ
10431, , ,2/28/11,San Jose,Televideo Inc,4520,452020,45,45202020,D,USA,334113,3575,190,940,D,CA,TELEVIDEO INC,TELVQ
10431, , ,3/31/11,San Jose,Televideo Inc,4520,452020,45,45202020,D,USA,334113,3575,190,940,D,CA,TELEVIDEO INC,TELVQ
10431, , ,4/30/11,San Jose,Televideo Inc,4520,452020,45,45202020,D,USA,334113,3575,190,940,D,CA,TELEVIDEO INC,TELVQ
10431, , ,5/31/11,San Jose,Televideo Inc,4520,452020,45,45202020,D,USA,334113,3575,190,940,D,CA,TELEVIDEO INC,TELVQ
10431, , ,6/30/11,San Jose,Televideo Inc,4520,452020,45,45202020,D,USA,334113,3575,190,940,D,CA,TELEVIDEO INC,TELVQ
10431, , ,7/31/11,San Jose,Televideo Inc,4520,452020,45,45202020,D,USA,334113,3575,190,940,D,CA,TELEVIDEO INC,TELVQ
10431, , ,8/31/11,San Jose,Televideo Inc,4520,452020,45,45202020,D,USA,334113,3575,190,940,D,CA,TELEVIDEO INC,TELVQ
10431, , ,9/30/11,San Jose,Televideo Inc,4520,452020,45,45202020,D,USA,334113,3575,190,940,D,CA,TELEVIDEO INC,TELVQ
10431, , ,10/31/11,San Jose,Televideo Inc,4520,452020,45,45202020,D,USA,334113,3575,190,940,D,CA,TELEVIDEO INC,TELVQ
10553, , ,1/31/10,Marlborough,3Com Corp,4520,452010,45,45201020,D,USA,334119,3576,187,940,C,MA,3COM CORP,COMS
10553, , ,2/28/10,Marlborough,3Com Corp,4520,452010,45,45201020,D,USA,334119,3576,187,940,C,MA,3COM CORP,COMS
10553, , ,3/31/10,Marlborough,3Com Corp,4520,452010,45,45201020,D,USA,334119,3576,187,940,C,MA,3COM CORP,COMS
10553, , ,4/30/10,Marlborough,3Com Corp,4520,452010,45,45201020,D,USA,334119,3576,187,940,C,MA,3COM CORP,COMS
10656, , ,1/31/10,Auburn Hills,Trans-Industries Inc,4520,452030,45,45203010,D,USA,339950,3990,355,925,D,MI,TRANS-INDUSTRIES INC,TRNIQ
10656, , ,2/28/10,Auburn Hills,Trans-Industries Inc,4520,452030,45,45203010,D,USA,339950,3990,355,925,D,MI,TRANS-INDUSTRIES INC,TRNIQ
10656, , ,3/31/10,Auburn Hills,Trans-Industries Inc,4520,452030,45,45203010,D,USA,339950,3990,355,925,D,MI,TRANS-INDUSTRIES INC,TRNIQ
10656, , ,4/30/10,Auburn Hills,Trans-Industries Inc,4520,452030,45,45203010,D,USA,339950,3990,355,925,D,MI,TRANS-INDUSTRIES INC,TRNIQ
10656, , ,5/31/10,Auburn Hills,Trans-Industries Inc,4520,452030,45,45203010,D,USA,339950,3990,355,925,D,MI,TRANS-INDUSTRIES INC,TRNIQ
10656, , ,6/30/10,Auburn Hills,Trans-Industries Inc,4520,452030,45,45203010,D,USA,339950,3990,355,925,D,MI,TRANS-INDUSTRIES INC,TRNIQ
10656, , ,7/31/10,Auburn Hills,Trans-Industries Inc,4520,452030,45,45203010,D,USA,339950,3990,355,925,D,MI,TRANS-INDUSTRIES INC,TRNIQ
10656, , ,8/31/10,Auburn Hills,Trans-Industries Inc,4520,452030,45,45203010,D,USA,339950,3990,355,925,D,MI,TRANS-INDUSTRIES INC,TRNIQ
10656, , ,9/30/10,Auburn Hills,Trans-Industries Inc,4520,452030,45,45203010,D,USA,339950,3990,355,925,D,MI,TRANS-INDUSTRIES INC,TRNIQ
10656, , ,10/31/10,Auburn Hills,Trans-Industries Inc,4520,452030,45,45203010,D,USA,339950,3990,355,925,D,MI,TRANS-INDUSTRIES INC,TRNIQ
10656, , ,11/30/10,Auburn Hills,Trans-Industries Inc,4520,452030,45,45203010,D,USA,339950,3990,355,925,D,MI,TRANS-INDUSTRIES INC,TRNIQ
10656, , ,12/31/10,Auburn Hills,Trans-Industries Inc,4520,452030,45,45203010,D,USA,339950,3990,355,925,D,MI,TRANS-INDUSTRIES INC,TRNIQ
10656, , ,1/31/11,Auburn Hills,Trans-Industries Inc,4520,452030,45,45203010,D,USA,339950,3990,355,925,D,MI,TRANS-INDUSTRIES INC,TRNIQ
10656, , ,2/28/11,Auburn Hills,Trans-Industries Inc,4520,452030,45,45203010,D,USA,339950,3990,355,925,D,MI,TRANS-INDUSTRIES INC,TRNIQ
10656, , ,3/31/11,Auburn Hills,Trans-Industries Inc,4520,452030,45,45203010,D,USA,339950,3990,355,925,D,MI,TRANS-INDUSTRIES INC,TRNIQ
10656, , ,4/30/11,Auburn Hills,Trans-Industries Inc,4520,452030,45,45203010,D,USA,339950,3990,355,925,D,MI,TRANS-INDUSTRIES INC,TRNIQ
10656, , ,5/31/11,Auburn Hills,Trans-Industries Inc,4520,452030,45,45203010,D,USA,339950,3990,355,925,D,MI,TRANS-INDUSTRIES INC,TRNIQ
10656, , ,6/30/11,Auburn Hills,Trans-Industries Inc,4520,452030,45,45203010,D,USA,339950,3990,355,925,D,MI,TRANS-INDUSTRIES INC,TRNIQ
10656, , ,7/31/11,Auburn Hills,Trans-Industries Inc,4520,452030,45,45203010,D,USA,339950,3990,355,925,D,MI,TRANS-INDUSTRIES INC,TRNIQ
10656, , ,8/31/11,Auburn Hills,Trans-Industries Inc,4520,452030,45,45203010,D,USA,339950,3990,355,925,D,MI,TRANS-INDUSTRIES INC,TRNIQ
10656, , ,9/30/11,Auburn Hills,Trans-Industries Inc,4520,452030,45,45203010,D,USA,339950,3990,355,925,D,MI,TRANS-INDUSTRIES INC,TRNIQ
10656, , ,10/31/11,Auburn Hills,Trans-Industries Inc,4520,452030,45,45203010,D,USA,339950,3990,355,925,D,MI,TRANS-INDUSTRIES INC,TRNIQ
10656, , ,11/30/11,Auburn Hills,Trans-Industries Inc,4520,452030,45,45203010,D,USA,339950,3990,355,925,D,MI,TRANS-INDUSTRIES INC,TRNIQ
10656, , ,12/31/11,Auburn Hills,Trans-Industries Inc,4520,452030,45,45203010,D,USA,339950,3990,355,925,D,MI,TRANS-INDUSTRIES INC,TRNIQ
10656, , ,1/31/12,Auburn Hills,Trans-Industries Inc,4520,452030,45,45203010,D,USA,339950,3990,355,925,D,MI,TRANS-INDUSTRIES INC,TRNIQ
10656, , ,2/29/12,Auburn Hills,Trans-Industries Inc,4520,452030,45,45203010,D,USA,339950,3990,355,925,D,MI,TRANS-INDUSTRIES INC,TRNIQ
10656, , ,3/31/12,Auburn Hills,Trans-Industries Inc,4520,452030,45,45203010,D,USA,339950,3990,355,925,D,MI,TRANS-INDUSTRIES INC,TRNIQ
10656, , ,4/30/12,Auburn Hills,Trans-Industries Inc,4520,452030,45,45203010,D,USA,339950,3990,355,925,D,MI,TRANS-INDUSTRIES INC,TRNIQ
10656, , ,5/31/12,Auburn Hills,Trans-Industries Inc,4520,452030,45,45203010,D,USA,339950,3990,355,925,D,MI,TRANS-INDUSTRIES INC,TRNIQ
10658, , ,1/31/10,New York,Trans-Lux Corp,4520,452030,45,45203010,D,USA,339950,3990,355,925,C,NY,TRANS-LUX CORP,TNLX
10658, , ,2/28/10,New York,Trans-Lux Corp,4520,452030,45,45203010,D,USA,339950,3990,355,925,C,NY,TRANS-LUX CORP,TNLX
10658, , ,3/31/10,New York,Trans-Lux Corp,4520,452030,45,45203010,D,USA,339950,3990,355,925,C,NY,TRANS-LUX CORP,TNLX
10658, , ,4/30/10,New York,Trans-Lux Corp,4520,452030,45,45203010,D,USA,339950,3990,355,925,C,NY,TRANS-LUX CORP,TNLX
10658, , ,5/31/10,New York,Trans-Lux Corp,4520,452030,45,45203010,D,USA,339950,3990,355,925,C,NY,TRANS-LUX CORP,TNLX
10658, , ,6/30/10,New York,Trans-Lux Corp,4520,452030,45,45203010,D,USA,339950,3990,355,925,C,NY,TRANS-LUX CORP,TNLX
10658, , ,7/31/10,New York,Trans-Lux Corp,4520,452030,45,45203010,D,USA,339950,3990,355,925,C,NY,TRANS-LUX CORP,TNLX
10658, , ,8/31/10,New York,Trans-Lux Corp,4520,452030,45,45203010,D,USA,339950,3990,355,925,C,NY,TRANS-LUX CORP,TNLX
10658, , ,9/30/10,New York,Trans-Lux Corp,4520,452030,45,45203010,D,USA,339950,3990,355,925,C,NY,TRANS-LUX CORP,TNLX
10658, , ,10/31/10,New York,Trans-Lux Corp,4520,452030,45,45203010,D,USA,339950,3990,355,925,C,NY,TRANS-LUX CORP,TNLX
10658, , ,11/30/10,New York,Trans-Lux Corp,4520,452030,45,45203010,D,USA,339950,3990,355,925,C,NY,TRANS-LUX CORP,TNLX
10658, , ,12/31/10,New York,Trans-Lux Corp,4520,452030,45,45203010,D,USA,339950,3990,355,925,C,NY,TRANS-LUX CORP,TNLX
10658, , ,1/31/11,New York,Trans-Lux Corp,4520,452030,45,45203010,D,USA,339950,3990,355,925,C,NY,TRANS-LUX CORP,TNLX
10658, , ,2/28/11,New York,Trans-Lux Corp,4520,452030,45,45203010,D,USA,339950,3990,355,925,C,NY,TRANS-LUX CORP,TNLX
10658, , ,3/31/11,New York,Trans-Lux Corp,4520,452030,45,45203010,D,USA,339950,3990,355,925,C,NY,TRANS-LUX CORP,TNLX
10658, , ,4/30/11,New York,Trans-Lux Corp,4520,452030,45,45203010,D,USA,339950,3990,355,925,C,NY,TRANS-LUX CORP,TNLX
10658, , ,5/31/11,New York,Trans-Lux Corp,4520,452030,45,45203010,D,USA,339950,3990,355,925,C,NY,TRANS-LUX CORP,TNLX
10658, , ,6/30/11,New York,Trans-Lux Corp,4520,452030,45,45203010,D,USA,339950,3990,355,925,C,NY,TRANS-LUX CORP,TNLX
10658, , ,7/31/11,New York,Trans-Lux Corp,4520,452030,45,45203010,D,USA,339950,3990,355,925,C,NY,TRANS-LUX CORP,TNLX
10658, , ,8/31/11,New York,Trans-Lux Corp,4520,452030,45,45203010,D,USA,339950,3990,355,925,C,NY,TRANS-LUX CORP,TNLX
10658, , ,9/30/11,New York,Trans-Lux Corp,4520,452030,45,45203010,D,USA,339950,3990,355,925,C,NY,TRANS-LUX CORP,TNLX
10658, , ,10/31/11,New York,Trans-Lux Corp,4520,452030,45,45203010,D,USA,339950,3990,355,925,C,NY,TRANS-LUX CORP,TNLX
10658, , ,11/30/11,New York,Trans-Lux Corp,4520,452030,45,45203010,D,USA,339950,3990,355,925,C,NY,TRANS-LUX CORP,TNLX
10658, , ,12/31/11,New York,Trans-Lux Corp,4520,452030,45,45203010,D,USA,339950,3990,355,925,C,NY,TRANS-LUX CORP,TNLX
10658, , ,1/31/12,New York,Trans-Lux Corp,4520,452030,45,45203010,D,USA,339950,3990,355,925,C,NY,TRANS-LUX CORP,TNLX
10658, , ,2/29/12,New York,Trans-Lux Corp,4520,452030,45,45203010,D,USA,339950,3990,355,925,C,NY,TRANS-LUX CORP,TNLX
10658, , ,3/31/12,New York,Trans-Lux Corp,4520,452030,45,45203010,D,USA,339950,3990,355,925,C,NY,TRANS-LUX CORP,TNLX
10658, , ,4/30/12,New York,Trans-Lux Corp,4520,452030,45,45203010,D,USA,339950,3990,355,925,C,NY,TRANS-LUX CORP,TNLX
10658, , ,5/31/12,New York,Trans-Lux Corp,4520,452030,45,45203010,D,USA,339950,3990,355,925,C,NY,TRANS-LUX CORP,TNLX
10658, , ,6/30/12,New York,Trans-Lux Corp,4520,452030,45,45203010,D,USA,339950,3990,355,925,C,NY,TRANS-LUX CORP,TNLX
10658, , ,7/31/12,New York,Trans-Lux Corp,4520,452030,45,45203010,D,USA,339950,3990,355,925,C,NY,TRANS-LUX CORP,TNLX
10658, , ,8/31/12,New York,Trans-Lux Corp,4520,452030,45,45203010,D,USA,339950,3990,355,925,C,NY,TRANS-LUX CORP,TNLX
10658, , ,9/30/12,New York,Trans-Lux Corp,4520,452030,45,45203010,D,USA,339950,3990,355,925,C,NY,TRANS-LUX CORP,TNLX
10658, , ,10/31/12,New York,Trans-Lux Corp,4520,452030,45,45203010,D,USA,339950,3990,355,925,C,NY,TRANS-LUX CORP,TNLX
10658, , ,11/30/12,New York,Trans-Lux Corp,4520,452030,45,45203010,D,USA,339950,3990,355,925,C,NY,TRANS-LUX CORP,TNLX
10658, , ,12/31/12,New York,Trans-Lux Corp,4520,452030,45,45203010,D,USA,339950,3990,355,925,C,NY,TRANS-LUX CORP,TNLX
10658, , ,1/31/13,New York,Trans-Lux Corp,4520,452030,45,45203010,D,USA,339950,3990,355,925,C,NY,TRANS-LUX CORP,TNLX
10658, , ,2/28/13,New York,Trans-Lux Corp,4520,452030,45,45203010,D,USA,339950,3990,355,925,C,NY,TRANS-LUX CORP,TNLX
10658, , ,3/31/13,New York,Trans-Lux Corp,4520,452030,45,45203010,D,USA,339950,3990,355,925,C,NY,TRANS-LUX CORP,TNLX
10658, , ,4/30/13,New York,Trans-Lux Corp,4520,452030,45,45203010,D,USA,339950,3990,355,925,C,NY,TRANS-LUX CORP,TNLX
10658, , ,5/31/13,New York,Trans-Lux Corp,4520,452030,45,45203010,D,USA,339950,3990,355,925,C,NY,TRANS-LUX CORP,TNLX
10658, , ,6/30/13,New York,Trans-Lux Corp,4520,452030,45,45203010,D,USA,339950,3990,355,925,C,NY,TRANS-LUX CORP,TNLX
10658, , ,7/31/13,New York,Trans-Lux Corp,4520,452030,45,45203010,D,USA,339950,3990,355,925,C,NY,TRANS-LUX CORP,TNLX
10658, , ,8/31/13,New York,Trans-Lux Corp,4520,452030,45,45203010,D,USA,339950,3990,355,925,C,NY,TRANS-LUX CORP,TNLX
10658, , ,9/30/13,New York,Trans-Lux Corp,4520,452030,45,45203010,D,USA,339950,3990,355,925,C,NY,TRANS-LUX CORP,TNLX
10658, , ,10/31/13,New York,Trans-Lux Corp,4520,452030,45,45203010,D,USA,339950,3990,355,925,C,NY,TRANS-LUX CORP,TNLX
10681, , ,1/31/10,KULPSVILLE,Transducer Systems Inc,4520,452050,45,45205020,D,USA,334419,3679,220,925, ,PA,TRANSDUCER SYSTEMS INC,XNSR
10681, , ,2/28/10,KULPSVILLE,Transducer Systems Inc,4520,452050,45,45205020,D,USA,334419,3679,220,925, ,PA,TRANSDUCER SYSTEMS INC,XNSR
10681, , ,3/31/10,KULPSVILLE,Transducer Systems Inc,4520,452050,45,45205020,D,USA,334419,3679,220,925, ,PA,TRANSDUCER SYSTEMS INC,XNSR
10681, , ,4/30/10,KULPSVILLE,Transducer Systems Inc,4520,452050,45,45205020,D,USA,334419,3679,220,925, ,PA,TRANSDUCER SYSTEMS INC,XNSR
10681, , ,5/31/10,KULPSVILLE,Transducer Systems Inc,4520,452050,45,45205020,D,USA,334419,3679,220,925, ,PA,TRANSDUCER SYSTEMS INC,XNSR
10681, , ,6/30/10,KULPSVILLE,Transducer Systems Inc,4520,452050,45,45205020,D,USA,334419,3679,220,925, ,PA,TRANSDUCER SYSTEMS INC,XNSR
10681, , ,7/31/10,KULPSVILLE,Transducer Systems Inc,4520,452050,45,45205020,D,USA,334419,3679,220,925, ,PA,TRANSDUCER SYSTEMS INC,XNSR
10681, , ,8/31/10,KULPSVILLE,Transducer Systems Inc,4520,452050,45,45205020,D,USA,334419,3679,220,925, ,PA,TRANSDUCER SYSTEMS INC,XNSR
10681, , ,9/30/10,KULPSVILLE,Transducer Systems Inc,4520,452050,45,45205020,D,USA,334419,3679,220,925, ,PA,TRANSDUCER SYSTEMS INC,XNSR
10681, , ,10/31/10,KULPSVILLE,Transducer Systems Inc,4520,452050,45,45205020,D,USA,334419,3679,220,925, ,PA,TRANSDUCER SYSTEMS INC,XNSR
10681, , ,11/30/10,KULPSVILLE,Transducer Systems Inc,4520,452050,45,45205020,D,USA,334419,3679,220,925, ,PA,TRANSDUCER SYSTEMS INC,XNSR
10681, , ,12/31/10,KULPSVILLE,Transducer Systems Inc,4520,452050,45,45205020,D,USA,334419,3679,220,925, ,PA,TRANSDUCER SYSTEMS INC,XNSR
10681, , ,1/31/11,KULPSVILLE,Transducer Systems Inc,4520,452050,45,45205020,D,USA,334419,3679,220,925, ,PA,TRANSDUCER SYSTEMS INC,XNSR
10681, , ,2/28/11,KULPSVILLE,Transducer Systems Inc,4520,452050,45,45205020,D,USA,334419,3679,220,925, ,PA,TRANSDUCER SYSTEMS INC,XNSR
10681, , ,3/31/11,KULPSVILLE,Transducer Systems Inc,4520,452050,45,45205020,D,USA,334419,3679,220,925, ,PA,TRANSDUCER SYSTEMS INC,XNSR
10681, , ,4/30/11,KULPSVILLE,Transducer Systems Inc,4520,452050,45,45205020,D,USA,334419,3679,220,925, ,PA,TRANSDUCER SYSTEMS INC,XNSR
10681, , ,5/31/11,KULPSVILLE,Transducer Systems Inc,4520,452050,45,45205020,D,USA,334419,3679,220,925, ,PA,TRANSDUCER SYSTEMS INC,XNSR
10681, , ,6/30/11,KULPSVILLE,Transducer Systems Inc,4520,452050,45,45205020,D,USA,334419,3679,220,925, ,PA,TRANSDUCER SYSTEMS INC,XNSR
10681, , ,7/31/11,KULPSVILLE,Transducer Systems Inc,4520,452050,45,45205020,D,USA,334419,3679,220,925, ,PA,TRANSDUCER SYSTEMS INC,XNSR
10681, , ,8/31/11,KULPSVILLE,Transducer Systems Inc,4520,452050,45,45205020,D,USA,334419,3679,220,925, ,PA,TRANSDUCER SYSTEMS INC,XNSR
10681, , ,9/30/11,KULPSVILLE,Transducer Systems Inc,4520,452050,45,45205020,D,USA,334419,3679,220,925, ,PA,TRANSDUCER SYSTEMS INC,XNSR
10681, , ,10/31/11,KULPSVILLE,Transducer Systems Inc,4520,452050,45,45205020,D,USA,334419,3679,220,925, ,PA,TRANSDUCER SYSTEMS INC,XNSR
10681, , ,11/30/11,KULPSVILLE,Transducer Systems Inc,4520,452050,45,45205020,D,USA,334419,3679,220,925, ,PA,TRANSDUCER SYSTEMS INC,XNSR
10681, , ,12/31/11,KULPSVILLE,Transducer Systems Inc,4520,452050,45,45205020,D,USA,334419,3679,220,925, ,PA,TRANSDUCER SYSTEMS INC,XNSR
10681, , ,1/31/12,KULPSVILLE,Transducer Systems Inc,4520,452050,45,45205020,D,USA,334419,3679,220,925, ,PA,TRANSDUCER SYSTEMS INC,XNSR
10681, , ,2/29/12,KULPSVILLE,Transducer Systems Inc,4520,452050,45,45205020,D,USA,334419,3679,220,925, ,PA,TRANSDUCER SYSTEMS INC,XNSR
10681, , ,3/31/12,KULPSVILLE,Transducer Systems Inc,4520,452050,45,45205020,D,USA,334419,3679,220,925, ,PA,TRANSDUCER SYSTEMS INC,XNSR
10681, , ,4/30/12,KULPSVILLE,Transducer Systems Inc,4520,452050,45,45205020,D,USA,334419,3679,220,925, ,PA,TRANSDUCER SYSTEMS INC,XNSR
10681, , ,5/31/12,KULPSVILLE,Transducer Systems Inc,4520,452050,45,45205020,D,USA,334419,3679,220,925, ,PA,TRANSDUCER SYSTEMS INC,XNSR
10681, , ,6/30/12,KULPSVILLE,Transducer Systems Inc,4520,452050,45,45205020,D,USA,334419,3679,220,925, ,PA,TRANSDUCER SYSTEMS INC,XNSR
10681, , ,7/31/12,KULPSVILLE,Transducer Systems Inc,4520,452050,45,45205020,D,USA,334419,3679,220,925, ,PA,TRANSDUCER SYSTEMS INC,XNSR
10681, , ,8/31/12,KULPSVILLE,Transducer Systems Inc,4520,452050,45,45205020,D,USA,334419,3679,220,925, ,PA,TRANSDUCER SYSTEMS INC,XNSR
10681, , ,9/30/12,KULPSVILLE,Transducer Systems Inc,4520,452050,45,45205020,D,USA,334419,3679,220,925, ,PA,TRANSDUCER SYSTEMS INC,XNSR
10681, , ,10/31/12,KULPSVILLE,Transducer Systems Inc,4520,452050,45,45205020,D,USA,334419,3679,220,925, ,PA,TRANSDUCER SYSTEMS INC,XNSR
10681, , ,11/30/12,KULPSVILLE,Transducer Systems Inc,4520,452050,45,45205020,D,USA,334419,3679,220,925, ,PA,TRANSDUCER SYSTEMS INC,XNSR
10681, , ,12/31/12,KULPSVILLE,Transducer Systems Inc,4520,452050,45,45205020,D,USA,334419,3679,220,925, ,PA,TRANSDUCER SYSTEMS INC,XNSR
10681, , ,1/31/13,KULPSVILLE,Transducer Systems Inc,4520,452050,45,45205020,D,USA,334419,3679,220,925, ,PA,TRANSDUCER SYSTEMS INC,XNSR
10681, , ,2/28/13,KULPSVILLE,Transducer Systems Inc,4520,452050,45,45205020,D,USA,334419,3679,220,925, ,PA,TRANSDUCER SYSTEMS INC,XNSR
10681, , ,3/31/13,KULPSVILLE,Transducer Systems Inc,4520,452050,45,45205020,D,USA,334419,3679,220,925, ,PA,TRANSDUCER SYSTEMS INC,XNSR
10681, , ,4/30/13,KULPSVILLE,Transducer Systems Inc,4520,452050,45,45205020,D,USA,334419,3679,220,925, ,PA,TRANSDUCER SYSTEMS INC,XNSR
10681, , ,5/31/13,KULPSVILLE,Transducer Systems Inc,4520,452050,45,45205020,D,USA,334419,3679,220,925, ,PA,TRANSDUCER SYSTEMS INC,XNSR
10681, , ,6/30/13,KULPSVILLE,Transducer Systems Inc,4520,452050,45,45205020,D,USA,334419,3679,220,925, ,PA,TRANSDUCER SYSTEMS INC,XNSR
10681, , ,7/31/13,KULPSVILLE,Transducer Systems Inc,4520,452050,45,45205020,D,USA,334419,3679,220,925, ,PA,TRANSDUCER SYSTEMS INC,XNSR
10681, , ,8/31/13,KULPSVILLE,Transducer Systems Inc,4520,452050,45,45205020,D,USA,334419,3679,220,925, ,PA,TRANSDUCER SYSTEMS INC,XNSR
10681, , ,9/30/13,KULPSVILLE,Transducer Systems Inc,4520,452050,45,45205020,D,USA,334419,3679,220,925, ,PA,TRANSDUCER SYSTEMS INC,XNSR
10681, , ,10/31/13,KULPSVILLE,Transducer Systems Inc,4520,452050,45,45205020,D,USA,334419,3679,220,925, ,PA,TRANSDUCER SYSTEMS INC,XNSR
10686, , ,1/31/10,Somerville,Transnet Corp,4520,452030,45,45203030,D,USA,423430,5045,190,940, ,NJ,TRANSNET CORP,TRNT
10686, , ,2/28/10,Somerville,Transnet Corp,4520,452030,45,45203030,D,USA,423430,5045,190,940, ,NJ,TRANSNET CORP,TRNT
10686, , ,3/31/10,Somerville,Transnet Corp,4520,452030,45,45203030,D,USA,423430,5045,190,940, ,NJ,TRANSNET CORP,TRNT
10686, , ,4/30/10,Somerville,Transnet Corp,4520,452030,45,45203030,D,USA,423430,5045,190,940, ,NJ,TRANSNET CORP,TRNT
10686, , ,5/31/10,Somerville,Transnet Corp,4520,452030,45,45203030,D,USA,423430,5045,190,940, ,NJ,TRANSNET CORP,TRNT
10686, , ,6/30/10,Somerville,Transnet Corp,4520,452030,45,45203030,D,USA,423430,5045,190,940, ,NJ,TRANSNET CORP,TRNT
10686, , ,7/31/10,Somerville,Transnet Corp,4520,452030,45,45203030,D,USA,423430,5045,190,940, ,NJ,TRANSNET CORP,TRNT
10686, , ,8/31/10,Somerville,Transnet Corp,4520,452030,45,45203030,D,USA,423430,5045,190,940, ,NJ,TRANSNET CORP,TRNT
10686, , ,9/30/10,Somerville,Transnet Corp,4520,452030,45,45203030,D,USA,423430,5045,190,940, ,NJ,TRANSNET CORP,TRNT
10686, , ,10/31/10,Somerville,Transnet Corp,4520,452030,45,45203030,D,USA,423430,5045,190,940, ,NJ,TRANSNET CORP,TRNT
10686, , ,11/30/10,Somerville,Transnet Corp,4520,452030,45,45203030,D,USA,423430,5045,190,940, ,NJ,TRANSNET CORP,TRNT
10686, , ,12/31/10,Somerville,Transnet Corp,4520,452030,45,45203030,D,USA,423430,5045,190,940, ,NJ,TRANSNET CORP,TRNT
10686, , ,1/31/11,Somerville,Transnet Corp,4520,452030,45,45203030,D,USA,423430,5045,190,940, ,NJ,TRANSNET CORP,TRNT
10686, , ,2/28/11,Somerville,Transnet Corp,4520,452030,45,45203030,D,USA,423430,5045,190,940, ,NJ,TRANSNET CORP,TRNT
10686, , ,3/31/11,Somerville,Transnet Corp,4520,452030,45,45203030,D,USA,423430,5045,190,940, ,NJ,TRANSNET CORP,TRNT
10686, , ,4/30/11,Somerville,Transnet Corp,4520,452030,45,45203030,D,USA,423430,5045,190,940, ,NJ,TRANSNET CORP,TRNT
10686, , ,5/31/11,Somerville,Transnet Corp,4520,452030,45,45203030,D,USA,423430,5045,190,940, ,NJ,TRANSNET CORP,TRNT
10686, , ,6/30/11,Somerville,Transnet Corp,4520,452030,45,45203030,D,USA,423430,5045,190,940, ,NJ,TRANSNET CORP,TRNT
10686, , ,7/31/11,Somerville,Transnet Corp,4520,452030,45,45203030,D,USA,423430,5045,190,940, ,NJ,TRANSNET CORP,TRNT
10686, , ,8/31/11,Somerville,Transnet Corp,4520,452030,45,45203030,D,USA,423430,5045,190,940, ,NJ,TRANSNET CORP,TRNT
10686, , ,9/30/11,Somerville,Transnet Corp,4520,452030,45,45203030,D,USA,423430,5045,190,940, ,NJ,TRANSNET CORP,TRNT
10686, , ,10/31/11,Somerville,Transnet Corp,4520,452030,45,45203030,D,USA,423430,5045,190,940, ,NJ,TRANSNET CORP,TRNT
10686, , ,11/30/11,Somerville,Transnet Corp,4520,452030,45,45203030,D,USA,423430,5045,190,940, ,NJ,TRANSNET CORP,TRNT
10686, , ,12/31/11,Somerville,Transnet Corp,4520,452030,45,45203030,D,USA,423430,5045,190,940, ,NJ,TRANSNET CORP,TRNT
10686, , ,1/31/12,Somerville,Transnet Corp,4520,452030,45,45203030,D,USA,423430,5045,190,940, ,NJ,TRANSNET CORP,TRNT
10686, , ,2/29/12,Somerville,Transnet Corp,4520,452030,45,45203030,D,USA,423430,5045,190,940, ,NJ,TRANSNET CORP,TRNT
10686, , ,3/31/12,Somerville,Transnet Corp,4520,452030,45,45203030,D,USA,423430,5045,190,940, ,NJ,TRANSNET CORP,TRNT
10686, , ,4/30/12,Somerville,Transnet Corp,4520,452030,45,45203030,D,USA,423430,5045,190,940, ,NJ,TRANSNET CORP,TRNT
10686, , ,5/31/12,Somerville,Transnet Corp,4520,452030,45,45203030,D,USA,423430,5045,190,940, ,NJ,TRANSNET CORP,TRNT
10686, , ,6/30/12,Somerville,Transnet Corp,4520,452030,45,45203030,D,USA,423430,5045,190,940, ,NJ,TRANSNET CORP,TRNT
10686, , ,7/31/12,Somerville,Transnet Corp,4520,452030,45,45203030,D,USA,423430,5045,190,940, ,NJ,TRANSNET CORP,TRNT
10686, , ,8/31/12,Somerville,Transnet Corp,4520,452030,45,45203030,D,USA,423430,5045,190,940, ,NJ,TRANSNET CORP,TRNT
10686, , ,9/30/12,Somerville,Transnet Corp,4520,452030,45,45203030,D,USA,423430,5045,190,940, ,NJ,TRANSNET CORP,TRNT
10686, , ,10/31/12,Somerville,Transnet Corp,4520,452030,45,45203030,D,USA,423430,5045,190,940, ,NJ,TRANSNET CORP,TRNT
10686, , ,11/30/12,Somerville,Transnet Corp,4520,452030,45,45203030,D,USA,423430,5045,190,940, ,NJ,TRANSNET CORP,TRNT
10686, , ,12/31/12,Somerville,Transnet Corp,4520,452030,45,45203030,D,USA,423430,5045,190,940, ,NJ,TRANSNET CORP,TRNT
10686, , ,1/31/13,Somerville,Transnet Corp,4520,452030,45,45203030,D,USA,423430,5045,190,940, ,NJ,TRANSNET CORP,TRNT
10686, , ,2/28/13,Somerville,Transnet Corp,4520,452030,45,45203030,D,USA,423430,5045,190,940, ,NJ,TRANSNET CORP,TRNT
10686, , ,3/31/13,Somerville,Transnet Corp,4520,452030,45,45203030,D,USA,423430,5045,190,940, ,NJ,TRANSNET CORP,TRNT
10686, , ,4/30/13,Somerville,Transnet Corp,4520,452030,45,45203030,D,USA,423430,5045,190,940, ,NJ,TRANSNET CORP,TRNT
10686, , ,5/31/13,Somerville,Transnet Corp,4520,452030,45,45203030,D,USA,423430,5045,190,940, ,NJ,TRANSNET CORP,TRNT
10810, , ,1/31/10,Peoria,Frankfort Tower Industries Inc.,4520,452010,45,45201020,D,USA,332312,3440,155,976,D,IL,FRANKFORT TOWER INDS INC,FFTIQ
10827, , ,1/31/10,San Antonio,MDI Inc,4520,452030,45,45203010,D,USA,999990,9995,403,940,D,TX,MDI INC,MDIZQ
10827, , ,2/28/10,San Antonio,MDI Inc,4520,452030,45,45203010,D,USA,999990,9995,403,940,D,TX,MDI INC,MDIZQ
10827, , ,3/31/10,San Antonio,MDI Inc,4520,452030,45,45203010,D,USA,999990,9995,403,940,D,TX,MDI INC,MDIZQ
10827, , ,4/30/10,San Antonio,MDI Inc,4520,452030,45,45203010,D,USA,999990,9995,403,940,D,TX,MDI INC,MDIZQ
10827, , ,5/31/10,San Antonio,MDI Inc,4520,452030,45,45203010,D,USA,999990,9995,403,940,D,TX,MDI INC,MDIZQ
10827, , ,6/30/10,San Antonio,MDI Inc,4520,452030,45,45203010,D,USA,999990,9995,403,940,D,TX,MDI INC,MDIZQ
10827, , ,7/31/10,San Antonio,MDI Inc,4520,452030,45,45203010,D,USA,999990,9995,403,940,D,TX,MDI INC,MDIZQ
10827, , ,8/31/10,San Antonio,MDI Inc,4520,452030,45,45203010,D,USA,999990,9995,403,940,D,TX,MDI INC,MDIZQ
10827, , ,9/30/10,San Antonio,MDI Inc,4520,452030,45,45203010,D,USA,999990,9995,403,940,D,TX,MDI INC,MDIZQ
10827, , ,10/31/10,San Antonio,MDI Inc,4520,452030,45,45203010,D,USA,999990,9995,403,940,D,TX,MDI INC,MDIZQ
10827, , ,11/30/10,San Antonio,MDI Inc,4520,452030,45,45203010,D,USA,999990,9995,403,940,D,TX,MDI INC,MDIZQ
10827, , ,12/31/10,San Antonio,MDI Inc,4520,452030,45,45203010,D,USA,999990,9995,403,940,D,TX,MDI INC,MDIZQ
10827, , ,1/31/11,San Antonio,MDI Inc,4520,452030,45,45203010,D,USA,999990,9995,403,940,D,TX,MDI INC,MDIZQ
10827, , ,2/28/11,San Antonio,MDI Inc,4520,452030,45,45203010,D,USA,999990,9995,403,940,D,TX,MDI INC,MDIZQ
10827, , ,3/31/11,San Antonio,MDI Inc,4520,452030,45,45203010,D,USA,999990,9995,403,940,D,TX,MDI INC,MDIZQ
10827, , ,4/30/11,San Antonio,MDI Inc,4520,452030,45,45203010,D,USA,999990,9995,403,940,D,TX,MDI INC,MDIZQ
10827, , ,5/31/11,San Antonio,MDI Inc,4520,452030,45,45203010,D,USA,999990,9995,403,940,D,TX,MDI INC,MDIZQ
10827, , ,6/30/11,San Antonio,MDI Inc,4520,452030,45,45203010,D,USA,999990,9995,403,940,D,TX,MDI INC,MDIZQ
10827, , ,7/31/11,San Antonio,MDI Inc,4520,452030,45,45203010,D,USA,999990,9995,403,940,D,TX,MDI INC,MDIZQ
10827, , ,8/31/11,San Antonio,MDI Inc,4520,452030,45,45203010,D,USA,999990,9995,403,940,D,TX,MDI INC,MDIZQ
10827, , ,9/30/11,San Antonio,MDI Inc,4520,452030,45,45203010,D,USA,999990,9995,403,940,D,TX,MDI INC,MDIZQ
10827, , ,10/31/11,San Antonio,MDI Inc,4520,452030,45,45203010,D,USA,999990,9995,403,940,D,TX,MDI INC,MDIZQ
10827, , ,11/30/11,San Antonio,MDI Inc,4520,452030,45,45203010,D,USA,999990,9995,403,940,D,TX,MDI INC,MDIZQ
10827, , ,12/31/11,San Antonio,MDI Inc,4520,452030,45,45203010,D,USA,999990,9995,403,940,D,TX,MDI INC,MDIZQ
10827, , ,1/31/12,San Antonio,MDI Inc,4520,452030,45,45203010,D,USA,999990,9995,403,940,D,TX,MDI INC,MDIZQ
10827, , ,2/29/12,San Antonio,MDI Inc,4520,452030,45,45203010,D,USA,999990,9995,403,940,D,TX,MDI INC,MDIZQ
11161, , ,1/31/10,Edgewood,Vicon Industries Inc.,4520,452030,45,45203010,D,USA,334290,3669,180,940,C,NY,VICON INDUSTRIES INC,VII
11161, , ,2/28/10,Edgewood,Vicon Industries Inc.,4520,452030,45,45203010,D,USA,334290,3669,180,940,C,NY,VICON INDUSTRIES INC,VII
11161, , ,3/31/10,Edgewood,Vicon Industries Inc.,4520,452030,45,45203010,D,USA,334290,3669,180,940,C,NY,VICON INDUSTRIES INC,VII
11161, , ,4/30/10,Edgewood,Vicon Industries Inc.,4520,452030,45,45203010,D,USA,334290,3669,180,940,C,NY,VICON INDUSTRIES INC,VII
11161, , ,5/31/10,Edgewood,Vicon Industries Inc.,4520,452030,45,45203010,D,USA,334290,3669,180,940,C,NY,VICON INDUSTRIES INC,VII
11161, , ,6/30/10,Edgewood,Vicon Industries Inc.,4520,452030,45,45203010,D,USA,334290,3669,180,940,C,NY,VICON INDUSTRIES INC,VII
11161, , ,7/31/10,Edgewood,Vicon Industries Inc.,4520,452030,45,45203010,D,USA,334290,3669,180,940,C,NY,VICON INDUSTRIES INC,VII
11161, , ,8/31/10,Edgewood,Vicon Industries Inc.,4520,452030,45,45203010,D,USA,334290,3669,180,940,C,NY,VICON INDUSTRIES INC,VII
11161, , ,9/30/10,Edgewood,Vicon Industries Inc.,4520,452030,45,45203010,D,USA,334290,3669,180,940,C,NY,VICON INDUSTRIES INC,VII
11161, , ,10/31/10,Edgewood,Vicon Industries Inc.,4520,452030,45,45203010,D,USA,334290,3669,180,940,C,NY,VICON INDUSTRIES INC,VII
11161, , ,11/30/10,Edgewood,Vicon Industries Inc.,4520,452030,45,45203010,D,USA,334290,3669,180,940,C,NY,VICON INDUSTRIES INC,VII
11161, , ,12/31/10,Edgewood,Vicon Industries Inc.,4520,452030,45,45203010,D,USA,334290,3669,180,940,C,NY,VICON INDUSTRIES INC,VII
11161, , ,1/31/11,Edgewood,Vicon Industries Inc.,4520,452030,45,45203010,D,USA,334290,3669,180,940,C,NY,VICON INDUSTRIES INC,VII
11161, , ,2/28/11,Edgewood,Vicon Industries Inc.,4520,452030,45,45203010,D,USA,334290,3669,180,940,C,NY,VICON INDUSTRIES INC,VII
11161, , ,3/31/11,Edgewood,Vicon Industries Inc.,4520,452030,45,45203010,D,USA,334290,3669,180,940,C,NY,VICON INDUSTRIES INC,VII
11161, , ,4/30/11,Edgewood,Vicon Industries Inc.,4520,452030,45,45203010,D,USA,334290,3669,180,940,C,NY,VICON INDUSTRIES INC,VII
11161, , ,5/31/11,Edgewood,Vicon Industries Inc.,4520,452030,45,45203010,D,USA,334290,3669,180,940,C,NY,VICON INDUSTRIES INC,VII
11161, , ,6/30/11,Edgewood,Vicon Industries Inc.,4520,452030,45,45203010,D,USA,334290,3669,180,940,C,NY,VICON INDUSTRIES INC,VII
11161, , ,7/31/11,Edgewood,Vicon Industries Inc.,4520,452030,45,45203010,D,USA,334290,3669,180,940,C,NY,VICON INDUSTRIES INC,VII
11161, , ,8/31/11,Edgewood,Vicon Industries Inc.,4520,452030,45,45203010,D,USA,334290,3669,180,940,C,NY,VICON INDUSTRIES INC,VII
11161, , ,9/30/11,Edgewood,Vicon Industries Inc.,4520,452030,45,45203010,D,USA,334290,3669,180,940,C,NY,VICON INDUSTRIES INC,VII
11161, , ,10/31/11,Edgewood,Vicon Industries Inc.,4520,452030,45,45203010,D,USA,334290,3669,180,940,C,NY,VICON INDUSTRIES INC,VII
11161, , ,11/30/11,Edgewood,Vicon Industries Inc.,4520,452030,45,45203010,D,USA,334290,3669,180,940,C,NY,VICON INDUSTRIES INC,VII
11161, , ,12/31/11,Edgewood,Vicon Industries Inc.,4520,452030,45,45203010,D,USA,334290,3669,180,940,C,NY,VICON INDUSTRIES INC,VII
11161, , ,1/31/12,Edgewood,Vicon Industries Inc.,4520,452030,45,45203010,D,USA,334290,3669,180,940,C,NY,VICON INDUSTRIES INC,VII
11161, , ,2/29/12,Edgewood,Vicon Industries Inc.,4520,452030,45,45203010,D,USA,334290,3669,180,940,C,NY,VICON INDUSTRIES INC,VII
11161, , ,3/31/12,Edgewood,Vicon Industries Inc.,4520,452030,45,45203010,D,USA,334290,3669,180,940,C,NY,VICON INDUSTRIES INC,VII
11161, , ,4/30/12,Edgewood,Vicon Industries Inc.,4520,452030,45,45203010,D,USA,334290,3669,180,940,C,NY,VICON INDUSTRIES INC,VII
11161, , ,5/31/12,Edgewood,Vicon Industries Inc.,4520,452030,45,45203010,D,USA,334290,3669,180,940,C,NY,VICON INDUSTRIES INC,VII
11161, , ,6/30/12,Edgewood,Vicon Industries Inc.,4520,452030,45,45203010,D,USA,334290,3669,180,940,C,NY,VICON INDUSTRIES INC,VII
11161, , ,7/31/12,Edgewood,Vicon Industries Inc.,4520,452030,45,45203010,D,USA,334290,3669,180,940,C,NY,VICON INDUSTRIES INC,VII
11161, , ,8/31/12,Edgewood,Vicon Industries Inc.,4520,452030,45,45203010,D,USA,334290,3669,180,940,C,NY,VICON INDUSTRIES INC,VII
11161, , ,9/30/12,Edgewood,Vicon Industries Inc.,4520,452030,45,45203010,D,USA,334290,3669,180,940,C,NY,VICON INDUSTRIES INC,VII
11161, , ,10/31/12,Edgewood,Vicon Industries Inc.,4520,452030,45,45203010,D,USA,334290,3669,180,940,C,NY,VICON INDUSTRIES INC,VII
11161, , ,11/30/12,Edgewood,Vicon Industries Inc.,4520,452030,45,45203010,D,USA,334290,3669,180,940,C,NY,VICON INDUSTRIES INC,VII
11161, , ,12/31/12,Edgewood,Vicon Industries Inc.,4520,452030,45,45203010,D,USA,334290,3669,180,940,C,NY,VICON INDUSTRIES INC,VII
11161, , ,1/31/13,Edgewood,Vicon Industries Inc.,4520,452030,45,45203010,D,USA,334290,3669,180,940,C,NY,VICON INDUSTRIES INC,VII
11161, , ,2/28/13,Edgewood,Vicon Industries Inc.,4520,452030,45,45203010,D,USA,334290,3669,180,940,C,NY,VICON INDUSTRIES INC,VII
11161, , ,3/31/13,Edgewood,Vicon Industries Inc.,4520,452030,45,45203010,D,USA,334290,3669,180,940,C,NY,VICON INDUSTRIES INC,VII
11161, , ,4/30/13,Edgewood,Vicon Industries Inc.,4520,452030,45,45203010,D,USA,334290,3669,180,940,C,NY,VICON INDUSTRIES INC,VII
11161, , ,5/31/13,Edgewood,Vicon Industries Inc.,4520,452030,45,45203010,D,USA,334290,3669,180,940,C,NY,VICON INDUSTRIES INC,VII
11161, , ,6/30/13,Edgewood,Vicon Industries Inc.,4520,452030,45,45203010,D,USA,334290,3669,180,940,C,NY,VICON INDUSTRIES INC,VII
11161, , ,7/31/13,Edgewood,Vicon Industries Inc.,4520,452030,45,45203010,D,USA,334290,3669,180,940,C,NY,VICON INDUSTRIES INC,VII
11161, , ,8/31/13,Edgewood,Vicon Industries Inc.,4520,452030,45,45203010,D,USA,334290,3669,180,940,C,NY,VICON INDUSTRIES INC,VII
11161, , ,9/30/13,Edgewood,Vicon Industries Inc.,4520,452030,45,45203010,D,USA,334290,3669,180,940,C,NY,VICON INDUSTRIES INC,VII
11161, , ,10/31/13,Edgewood,Vicon Industries Inc.,4520,452030,45,45203010,D,USA,334290,3669,180,940,C,NY,VICON INDUSTRIES INC,VII
11169, , ,1/31/10,Tucker,Video Display Corp,4520,452020,45,45202030,D,USA,334419,3670,220,925,B-,GA,VIDEO DISPLAY CORP,VIDE
11169, , ,2/28/10,Tucker,Video Display Corp,4520,452020,45,45202030,D,USA,334419,3670,220,925,B-,GA,VIDEO DISPLAY CORP,VIDE
11169, , ,3/31/10,Tucker,Video Display Corp,4520,452020,45,45202030,D,USA,334419,3670,220,925,B-,GA,VIDEO DISPLAY CORP,VIDE
11169, , ,4/30/10,Tucker,Video Display Corp,4520,452020,45,45202030,D,USA,334419,3670,220,925,B-,GA,VIDEO DISPLAY CORP,VIDE
11169, , ,5/31/10,Tucker,Video Display Corp,4520,452020,45,45202030,D,USA,334419,3670,220,925,B-,GA,VIDEO DISPLAY CORP,VIDE
11169, , ,6/30/10,Tucker,Video Display Corp,4520,452020,45,45202030,D,USA,334419,3670,220,925,B-,GA,VIDEO DISPLAY CORP,VIDE
11169, , ,7/31/10,Tucker,Video Display Corp,4520,452020,45,45202030,D,USA,334419,3670,220,925,B-,GA,VIDEO DISPLAY CORP,VIDE
11169, , ,8/31/10,Tucker,Video Display Corp,4520,452020,45,45202030,D,USA,334419,3670,220,925,B-,GA,VIDEO DISPLAY CORP,VIDE
11169, , ,9/30/10,Tucker,Video Display Corp,4520,452020,45,45202030,D,USA,334419,3670,220,925,B-,GA,VIDEO DISPLAY CORP,VIDE
11169, , ,10/31/10,Tucker,Video Display Corp,4520,452020,45,45202030,D,USA,334419,3670,220,925,B-,GA,VIDEO DISPLAY CORP,VIDE
11169, , ,11/30/10,Tucker,Video Display Corp,4520,452020,45,45202030,D,USA,334419,3670,220,925,B-,GA,VIDEO DISPLAY CORP,VIDE
11169, , ,12/31/10,Tucker,Video Display Corp,4520,452020,45,45202030,D,USA,334419,3670,220,925,B-,GA,VIDEO DISPLAY CORP,VIDE
11169, , ,1/31/11,Tucker,Video Display Corp,4520,452020,45,45202030,D,USA,334419,3670,220,925,B-,GA,VIDEO DISPLAY CORP,VIDE
11169, , ,2/28/11,Tucker,Video Display Corp,4520,452020,45,45202030,D,USA,334419,3670,220,925,B-,GA,VIDEO DISPLAY CORP,VIDE
11169, , ,3/31/11,Tucker,Video Display Corp,4520,452020,45,45202030,D,USA,334419,3670,220,925,B-,GA,VIDEO DISPLAY CORP,VIDE
11169, , ,4/30/11,Tucker,Video Display Corp,4520,452020,45,45202030,D,USA,334419,3670,220,925,B-,GA,VIDEO DISPLAY CORP,VIDE
11169, , ,5/31/11,Tucker,Video Display Corp,4520,452020,45,45202030,D,USA,334419,3670,220,925,B-,GA,VIDEO DISPLAY CORP,VIDE
11169, , ,6/30/11,Tucker,Video Display Corp,4520,452020,45,45202030,D,USA,334419,3670,220,925,B-,GA,VIDEO DISPLAY CORP,VIDE
11169, , ,7/31/11,Tucker,Video Display Corp,4520,452020,45,45202030,D,USA,334419,3670,220,925,B-,GA,VIDEO DISPLAY CORP,VIDE
11169, , ,8/31/11,Tucker,Video Display Corp,4520,452020,45,45202030,D,USA,334419,3670,220,925,B-,GA,VIDEO DISPLAY CORP,VIDE
11169, , ,9/30/11,Tucker,Video Display Corp,4520,452020,45,45202030,D,USA,334419,3670,220,925,B-,GA,VIDEO DISPLAY CORP,VIDE
11169, , ,10/31/11,Tucker,Video Display Corp,4520,452020,45,45202030,D,USA,334419,3670,220,925,B-,GA,VIDEO DISPLAY CORP,VIDE
11169, , ,11/30/11,Tucker,Video Display Corp,4520,452020,45,45202030,D,USA,334419,3670,220,925,B-,GA,VIDEO DISPLAY CORP,VIDE
11169, , ,12/31/11,Tucker,Video Display Corp,4520,452020,45,45202030,D,USA,334419,3670,220,925,B-,GA,VIDEO DISPLAY CORP,VIDE
11169, , ,1/31/12,Tucker,Video Display Corp,4520,452020,45,45202030,D,USA,334419,3670,220,925,B-,GA,VIDEO DISPLAY CORP,VIDE
11169, , ,2/29/12,Tucker,Video Display Corp,4520,452020,45,45202030,D,USA,334419,3670,220,925,B-,GA,VIDEO DISPLAY CORP,VIDE
11169, , ,3/31/12,Tucker,Video Display Corp,4520,452020,45,45202030,D,USA,334419,3670,220,925,B-,GA,VIDEO DISPLAY CORP,VIDE
11169, , ,4/30/12,Tucker,Video Display Corp,4520,452020,45,45202030,D,USA,334419,3670,220,925,B-,GA,VIDEO DISPLAY CORP,VIDE
11169, , ,5/31/12,Tucker,Video Display Corp,4520,452020,45,45202030,D,USA,334419,3670,220,925,B-,GA,VIDEO DISPLAY CORP,VIDE
11169, , ,6/30/12,Tucker,Video Display Corp,4520,452020,45,45202030,D,USA,334419,3670,220,925,B-,GA,VIDEO DISPLAY CORP,VIDE
11169, , ,7/31/12,Tucker,Video Display Corp,4520,452020,45,45202030,D,USA,334419,3670,220,925,B-,GA,VIDEO DISPLAY CORP,VIDE
11169, , ,8/31/12,Tucker,Video Display Corp,4520,452020,45,45202030,D,USA,334419,3670,220,925,B-,GA,VIDEO DISPLAY CORP,VIDE
11169, , ,9/30/12,Tucker,Video Display Corp,4520,452020,45,45202030,D,USA,334419,3670,220,925,B-,GA,VIDEO DISPLAY CORP,VIDE
11169, , ,10/31/12,Tucker,Video Display Corp,4520,452020,45,45202030,D,USA,334419,3670,220,925,B-,GA,VIDEO DISPLAY CORP,VIDE
11169, , ,11/30/12,Tucker,Video Display Corp,4520,452020,45,45202030,D,USA,334419,3670,220,925,B-,GA,VIDEO DISPLAY CORP,VIDE
11169, , ,12/31/12,Tucker,Video Display Corp,4520,452020,45,45202030,D,USA,334419,3670,220,925,B-,GA,VIDEO DISPLAY CORP,VIDE
11169, , ,1/31/13,Tucker,Video Display Corp,4520,452020,45,45202030,D,USA,334419,3670,220,925,B-,GA,VIDEO DISPLAY CORP,VIDE
11169, , ,2/28/13,Tucker,Video Display Corp,4520,452020,45,45202030,D,USA,334419,3670,220,925,B-,GA,VIDEO DISPLAY CORP,VIDE
11169, , ,3/31/13,Tucker,Video Display Corp,4520,452020,45,45202030,D,USA,334419,3670,220,925,B-,GA,VIDEO DISPLAY CORP,VIDE
11169, , ,4/30/13,Tucker,Video Display Corp,4520,452020,45,45202030,D,USA,334419,3670,220,925,B-,GA,VIDEO DISPLAY CORP,VIDE
11169, , ,5/31/13,Tucker,Video Display Corp,4520,452020,45,45202030,D,USA,334419,3670,220,925,B-,GA,VIDEO DISPLAY CORP,VIDE
11169, , ,6/30/13,Tucker,Video Display Corp,4520,452020,45,45202030,D,USA,334419,3670,220,925,B-,GA,VIDEO DISPLAY CORP,VIDE
11169, , ,7/31/13,Tucker,Video Display Corp,4520,452020,45,45202030,D,USA,334419,3670,220,925,B-,GA,VIDEO DISPLAY CORP,VIDE
11169, , ,8/31/13,Tucker,Video Display Corp,4520,452020,45,45202030,D,USA,334419,3670,220,925,B-,GA,VIDEO DISPLAY CORP,VIDE
11169, , ,9/30/13,Tucker,Video Display Corp,4520,452020,45,45202030,D,USA,334419,3670,220,925,B-,GA,VIDEO DISPLAY CORP,VIDE
11169, , ,10/31/13,Tucker,Video Display Corp,4520,452020,45,45202030,D,USA,334419,3670,220,925,B-,GA,VIDEO DISPLAY CORP,VIDE
11191,BB, ,1/31/10,Malvern,Vishay Intertechnology Inc.,4520,452030,45,45203015,D,USA,334416,3670,220,925,B-,PA,VISHAY INTERTECHNOLOGY INC,VSH
11191,BB, ,2/28/10,Malvern,Vishay Intertechnology Inc.,4520,452030,45,45203015,D,USA,334416,3670,220,925,B-,PA,VISHAY INTERTECHNOLOGY INC,VSH
11191,BB, ,3/31/10,Malvern,Vishay Intertechnology Inc.,4520,452030,45,45203015,D,USA,334416,3670,220,925,B-,PA,VISHAY INTERTECHNOLOGY INC,VSH
11191,BB, ,4/30/10,Malvern,Vishay Intertechnology Inc.,4520,452030,45,45203015,D,USA,334416,3670,220,925,B-,PA,VISHAY INTERTECHNOLOGY INC,VSH
11191,BB, ,5/31/10,Malvern,Vishay Intertechnology Inc.,4520,452030,45,45203015,D,USA,334416,3670,220,925,B-,PA,VISHAY INTERTECHNOLOGY INC,VSH
11191,BB, ,6/30/10,Malvern,Vishay Intertechnology Inc.,4520,452030,45,45203015,D,USA,334416,3670,220,925,B-,PA,VISHAY INTERTECHNOLOGY INC,VSH
11191,BB, ,7/31/10,Malvern,Vishay Intertechnology Inc.,4520,452030,45,45203015,D,USA,334416,3670,220,925,B-,PA,VISHAY INTERTECHNOLOGY INC,VSH
11191,BB, ,8/31/10,Malvern,Vishay Intertechnology Inc.,4520,452030,45,45203015,D,USA,334416,3670,220,925,B-,PA,VISHAY INTERTECHNOLOGY INC,VSH
11191,BB, ,9/30/10,Malvern,Vishay Intertechnology Inc.,4520,452030,45,45203015,D,USA,334416,3670,220,925,B-,PA,VISHAY INTERTECHNOLOGY INC,VSH
11191,BB, ,10/31/10,Malvern,Vishay Intertechnology Inc.,4520,452030,45,45203015,D,USA,334416,3670,220,925,B-,PA,VISHAY INTERTECHNOLOGY INC,VSH
11191,BB, ,11/30/10,Malvern,Vishay Intertechnology Inc.,4520,452030,45,45203015,D,USA,334416,3670,220,925,B-,PA,VISHAY INTERTECHNOLOGY INC,VSH
11191,BB, ,12/31/10,Malvern,Vishay Intertechnology Inc.,4520,452030,45,45203015,D,USA,334416,3670,220,925,B-,PA,VISHAY INTERTECHNOLOGY INC,VSH
11191,BB, ,1/31/11,Malvern,Vishay Intertechnology Inc.,4520,452030,45,45203015,D,USA,334416,3670,220,925,B-,PA,VISHAY INTERTECHNOLOGY INC,VSH
11191,BB, ,2/28/11,Malvern,Vishay Intertechnology Inc.,4520,452030,45,45203015,D,USA,334416,3670,220,925,B-,PA,VISHAY INTERTECHNOLOGY INC,VSH
11191,BB, ,3/31/11,Malvern,Vishay Intertechnology Inc.,4520,452030,45,45203015,D,USA,334416,3670,220,925,B-,PA,VISHAY INTERTECHNOLOGY INC,VSH
11191,BB, ,4/30/11,Malvern,Vishay Intertechnology Inc.,4520,452030,45,45203015,D,USA,334416,3670,220,925,B-,PA,VISHAY INTERTECHNOLOGY INC,VSH
11191,BB, ,5/31/11,Malvern,Vishay Intertechnology Inc.,4520,452030,45,45203015,D,USA,334416,3670,220,925,B-,PA,VISHAY INTERTECHNOLOGY INC,VSH
11191,BB+, ,6/30/11,Malvern,Vishay Intertechnology Inc.,4520,452030,45,45203015,D,USA,334416,3670,220,925,B-,PA,VISHAY INTERTECHNOLOGY INC,VSH
11191,BB+, ,7/31/11,Malvern,Vishay Intertechnology Inc.,4520,452030,45,45203015,D,USA,334416,3670,220,925,B-,PA,VISHAY INTERTECHNOLOGY INC,VSH
11191,BB+, ,8/31/11,Malvern,Vishay Intertechnology Inc.,4520,452030,45,45203015,D,USA,334416,3670,220,925,B-,PA,VISHAY INTERTECHNOLOGY INC,VSH
11191,BB+, ,9/30/11,Malvern,Vishay Intertechnology Inc.,4520,452030,45,45203015,D,USA,334416,3670,220,925,B-,PA,VISHAY INTERTECHNOLOGY INC,VSH
11191,BB+, ,10/31/11,Malvern,Vishay Intertechnology Inc.,4520,452030,45,45203015,D,USA,334416,3670,220,925,B-,PA,VISHAY INTERTECHNOLOGY INC,VSH
11191,BB+, ,11/30/11,Malvern,Vishay Intertechnology Inc.,4520,452030,45,45203015,D,USA,334416,3670,220,925,B-,PA,VISHAY INTERTECHNOLOGY INC,VSH
11191,BB+, ,12/31/11,Malvern,Vishay Intertechnology Inc.,4520,452030,45,45203015,D,USA,334416,3670,220,925,B-,PA,VISHAY INTERTECHNOLOGY INC,VSH
11191,BB+, ,1/31/12,Malvern,Vishay Intertechnology Inc.,4520,452030,45,45203015,D,USA,334416,3670,220,925,B-,PA,VISHAY INTERTECHNOLOGY INC,VSH
11191,BB+, ,2/29/12,Malvern,Vishay Intertechnology Inc.,4520,452030,45,45203015,D,USA,334416,3670,220,925,B-,PA,VISHAY INTERTECHNOLOGY INC,VSH
11191,BB+, ,3/31/12,Malvern,Vishay Intertechnology Inc.,4520,452030,45,45203015,D,USA,334416,3670,220,925,B-,PA,VISHAY INTERTECHNOLOGY INC,VSH
11191,BB+, ,4/30/12,Malvern,Vishay Intertechnology Inc.,4520,452030,45,45203015,D,USA,334416,3670,220,925,B-,PA,VISHAY INTERTECHNOLOGY INC,VSH
11191,BB+, ,5/31/12,Malvern,Vishay Intertechnology Inc.,4520,452030,45,45203015,D,USA,334416,3670,220,925,B-,PA,VISHAY INTERTECHNOLOGY INC,VSH
11191,BB+, ,6/30/12,Malvern,Vishay Intertechnology Inc.,4520,452030,45,45203015,D,USA,334416,3670,220,925,B-,PA,VISHAY INTERTECHNOLOGY INC,VSH
11191,BB+, ,7/31/12,Malvern,Vishay Intertechnology Inc.,4520,452030,45,45203015,D,USA,334416,3670,220,925,B-,PA,VISHAY INTERTECHNOLOGY INC,VSH
11191,BB+, ,8/31/12,Malvern,Vishay Intertechnology Inc.,4520,452030,45,45203015,D,USA,334416,3670,220,925,B-,PA,VISHAY INTERTECHNOLOGY INC,VSH
11191,BB+, ,9/30/12,Malvern,Vishay Intertechnology Inc.,4520,452030,45,45203015,D,USA,334416,3670,220,925,B-,PA,VISHAY INTERTECHNOLOGY INC,VSH
11191,BB+, ,10/31/12,Malvern,Vishay Intertechnology Inc.,4520,452030,45,45203015,D,USA,334416,3670,220,925,B-,PA,VISHAY INTERTECHNOLOGY INC,VSH
11191,BB+, ,11/30/12,Malvern,Vishay Intertechnology Inc.,4520,452030,45,45203015,D,USA,334416,3670,220,925,B-,PA,VISHAY INTERTECHNOLOGY INC,VSH
11191,BB+, ,12/31/12,Malvern,Vishay Intertechnology Inc.,4520,452030,45,45203015,D,USA,334416,3670,220,925,B-,PA,VISHAY INTERTECHNOLOGY INC,VSH
11191,BB+, ,1/31/13,Malvern,Vishay Intertechnology Inc.,4520,452030,45,45203015,D,USA,334416,3670,220,925,B-,PA,VISHAY INTERTECHNOLOGY INC,VSH
11191,BB+, ,2/28/13,Malvern,Vishay Intertechnology Inc.,4520,452030,45,45203015,D,USA,334416,3670,220,925,B-,PA,VISHAY INTERTECHNOLOGY INC,VSH
11191,BB+, ,3/31/13,Malvern,Vishay Intertechnology Inc.,4520,452030,45,45203015,D,USA,334416,3670,220,925,B-,PA,VISHAY INTERTECHNOLOGY INC,VSH
11191,BB+, ,4/30/13,Malvern,Vishay Intertechnology Inc.,4520,452030,45,45203015,D,USA,334416,3670,220,925,B-,PA,VISHAY INTERTECHNOLOGY INC,VSH
11191,BB+, ,5/31/13,Malvern,Vishay Intertechnology Inc.,4520,452030,45,45203015,D,USA,334416,3670,220,925,B-,PA,VISHAY INTERTECHNOLOGY INC,VSH
11191,BB+, ,6/30/13,Malvern,Vishay Intertechnology Inc.,4520,452030,45,45203015,D,USA,334416,3670,220,925,B-,PA,VISHAY INTERTECHNOLOGY INC,VSH
11191,BB+, ,7/31/13,Malvern,Vishay Intertechnology Inc.,4520,452030,45,45203015,D,USA,334416,3670,220,925,B-,PA,VISHAY INTERTECHNOLOGY INC,VSH
11191,BB+, ,8/31/13,Malvern,Vishay Intertechnology Inc.,4520,452030,45,45203015,D,USA,334416,3670,220,925,B-,PA,VISHAY INTERTECHNOLOGY INC,VSH
11191,BB+, ,9/30/13,Malvern,Vishay Intertechnology Inc.,4520,452030,45,45203015,D,USA,334416,3670,220,925,B-,PA,VISHAY INTERTECHNOLOGY INC,VSH
11191,BB+, ,10/31/13,Malvern,Vishay Intertechnology Inc.,4520,452030,45,45203015,D,USA,334416,3670,220,925,B-,PA,VISHAY INTERTECHNOLOGY INC,VSH
11191,BB+, ,11/30/13,Malvern,Vishay Intertechnology Inc.,4520,452030,45,45203015,D,USA,334416,3670,220,925,B-,PA,VISHAY INTERTECHNOLOGY INC,VSH
11191,BB+, ,12/31/13,Malvern,Vishay Intertechnology Inc.,4520,452030,45,45203015,D,USA,334416,3670,220,925,B-,PA,VISHAY INTERTECHNOLOGY INC,VSH
11191,BB+, ,1/31/14,Malvern,Vishay Intertechnology Inc.,4520,452030,45,45203015,D,USA,334416,3670,220,925,B-,PA,VISHAY INTERTECHNOLOGY INC,VSH
11191,BB+, ,2/28/14,Malvern,Vishay Intertechnology Inc.,4520,452030,45,45203015,D,USA,334416,3670,220,925,B-,PA,VISHAY INTERTECHNOLOGY INC,VSH
11191,BB+, ,3/31/14,Malvern,Vishay Intertechnology Inc.,4520,452030,45,45203015,D,USA,334416,3670,220,925,B-,PA,VISHAY INTERTECHNOLOGY INC,VSH
11191,BB+, ,4/30/14,Malvern,Vishay Intertechnology Inc.,4520,452030,45,45203015,D,USA,334416,3670,220,925,B-,PA,VISHAY INTERTECHNOLOGY INC,VSH
11191,BB+, ,5/31/14,Malvern,Vishay Intertechnology Inc.,4520,452030,45,45203015,D,USA,334416,3670,220,925,B-,PA,VISHAY INTERTECHNOLOGY INC,VSH
11191,BB+, ,6/30/14,Malvern,Vishay Intertechnology Inc.,4520,452030,45,45203015,D,USA,334416,3670,220,925,B-,PA,VISHAY INTERTECHNOLOGY INC,VSH
11238, , ,1/31/10,Pomona,PCC Group Inc,4520,452020,45,45202010,D,USA,421430,5045,190,940, ,CA,PCC GROUP INC,NLWP
11238, , ,2/28/10,Pomona,PCC Group Inc,4520,452020,45,45202010,D,USA,421430,5045,190,940, ,CA,PCC GROUP INC,NLWP
11238, , ,3/31/10,Pomona,PCC Group Inc,4520,452020,45,45202010,D,USA,421430,5045,190,940, ,CA,PCC GROUP INC,NLWP
11238, , ,4/30/10,Pomona,PCC Group Inc,4520,452020,45,45202010,D,USA,421430,5045,190,940, ,CA,PCC GROUP INC,NLWP
11238, , ,5/31/10,Pomona,PCC Group Inc,4520,452020,45,45202010,D,USA,421430,5045,190,940, ,CA,PCC GROUP INC,NLWP
11238, , ,6/30/10,Pomona,PCC Group Inc,4520,452020,45,45202010,D,USA,421430,5045,190,940, ,CA,PCC GROUP INC,NLWP
11238, , ,7/31/10,Pomona,PCC Group Inc,4520,452020,45,45202010,D,USA,421430,5045,190,940, ,CA,PCC GROUP INC,NLWP
11238, , ,8/31/10,Pomona,PCC Group Inc,4520,452020,45,45202010,D,USA,421430,5045,190,940, ,CA,PCC GROUP INC,NLWP
11399, , ,1/31/10,Irvine,Western Digital Corp,4520,452020,45,45202030,D,USA,334112,3572,188,940,B,CA,WESTERN DIGITAL CORP,WDC
11399, , ,2/28/10,Irvine,Western Digital Corp,4520,452020,45,45202030,D,USA,334112,3572,188,940,B,CA,WESTERN DIGITAL CORP,WDC
11399, , ,3/31/10,Irvine,Western Digital Corp,4520,452020,45,45202030,D,USA,334112,3572,188,940,B,CA,WESTERN DIGITAL CORP,WDC
11399, , ,4/30/10,Irvine,Western Digital Corp,4520,452020,45,45202030,D,USA,334112,3572,188,940,B,CA,WESTERN DIGITAL CORP,WDC
11399, , ,5/31/10,Irvine,Western Digital Corp,4520,452020,45,45202030,D,USA,334112,3572,188,940,B,CA,WESTERN DIGITAL CORP,WDC
11399, , ,6/30/10,Irvine,Western Digital Corp,4520,452020,45,45202030,D,USA,334112,3572,188,940,B,CA,WESTERN DIGITAL CORP,WDC
11399, , ,7/31/10,Irvine,Western Digital Corp,4520,452020,45,45202030,D,USA,334112,3572,188,940,B,CA,WESTERN DIGITAL CORP,WDC
11399, , ,8/31/10,Irvine,Western Digital Corp,4520,452020,45,45202030,D,USA,334112,3572,188,940,B,CA,WESTERN DIGITAL CORP,WDC
11399, , ,9/30/10,Irvine,Western Digital Corp,4520,452020,45,45202030,D,USA,334112,3572,188,940,B,CA,WESTERN DIGITAL CORP,WDC
11399, , ,10/31/10,Irvine,Western Digital Corp,4520,452020,45,45202030,D,USA,334112,3572,188,940,B,CA,WESTERN DIGITAL CORP,WDC
11399, , ,11/30/10,Irvine,Western Digital Corp,4520,452020,45,45202030,D,USA,334112,3572,188,940,B,CA,WESTERN DIGITAL CORP,WDC
11399, , ,12/31/10,Irvine,Western Digital Corp,4520,452020,45,45202030,D,USA,334112,3572,188,940,B,CA,WESTERN DIGITAL CORP,WDC
11399, , ,1/31/11,Irvine,Western Digital Corp,4520,452020,45,45202030,D,USA,334112,3572,188,940,B,CA,WESTERN DIGITAL CORP,WDC
11399, , ,2/28/11,Irvine,Western Digital Corp,4520,452020,45,45202030,D,USA,334112,3572,188,940,B,CA,WESTERN DIGITAL CORP,WDC
11399, , ,3/31/11,Irvine,Western Digital Corp,4520,452020,45,45202030,D,USA,334112,3572,188,940,B,CA,WESTERN DIGITAL CORP,WDC
11399, , ,4/30/11,Irvine,Western Digital Corp,4520,452020,45,45202030,D,USA,334112,3572,188,940,B,CA,WESTERN DIGITAL CORP,WDC
11399, , ,5/31/11,Irvine,Western Digital Corp,4520,452020,45,45202030,D,USA,334112,3572,188,940,B,CA,WESTERN DIGITAL CORP,WDC
11399, , ,6/30/11,Irvine,Western Digital Corp,4520,452020,45,45202030,D,USA,334112,3572,188,940,B,CA,WESTERN DIGITAL CORP,WDC
11399, , ,7/31/11,Irvine,Western Digital Corp,4520,452020,45,45202030,D,USA,334112,3572,188,940,B,CA,WESTERN DIGITAL CORP,WDC
11399, , ,8/31/11,Irvine,Western Digital Corp,4520,452020,45,45202030,D,USA,334112,3572,188,940,B,CA,WESTERN DIGITAL CORP,WDC
11399, , ,9/30/11,Irvine,Western Digital Corp,4520,452020,45,45202030,D,USA,334112,3572,188,940,B,CA,WESTERN DIGITAL CORP,WDC
11399, , ,10/31/11,Irvine,Western Digital Corp,4520,452020,45,45202030,D,USA,334112,3572,188,940,B,CA,WESTERN DIGITAL CORP,WDC
11399, , ,11/30/11,Irvine,Western Digital Corp,4520,452020,45,45202030,D,USA,334112,3572,188,940,B,CA,WESTERN DIGITAL CORP,WDC
11399, , ,12/31/11,Irvine,Western Digital Corp,4520,452020,45,45202030,D,USA,334112,3572,188,940,B,CA,WESTERN DIGITAL CORP,WDC
11399, , ,1/31/12,Irvine,Western Digital Corp,4520,452020,45,45202030,D,USA,334112,3572,188,940,B,CA,WESTERN DIGITAL CORP,WDC
11399, , ,2/29/12,Irvine,Western Digital Corp,4520,452020,45,45202030,D,USA,334112,3572,188,940,B,CA,WESTERN DIGITAL CORP,WDC
11399, , ,3/31/12,Irvine,Western Digital Corp,4520,452020,45,45202030,D,USA,334112,3572,188,940,B,CA,WESTERN DIGITAL CORP,WDC
11399, , ,4/30/12,Irvine,Western Digital Corp,4520,452020,45,45202030,D,USA,334112,3572,188,940,B,CA,WESTERN DIGITAL CORP,WDC
11399, , ,5/31/12,Irvine,Western Digital Corp,4520,452020,45,45202030,D,USA,334112,3572,188,940,B,CA,WESTERN DIGITAL CORP,WDC
11399, , ,6/30/12,Irvine,Western Digital Corp,4520,452020,45,45202030,D,USA,334112,3572,188,940,B,CA,WESTERN DIGITAL CORP,WDC
11399, , ,7/31/12,Irvine,Western Digital Corp,4520,452020,45,45202030,D,USA,334112,3572,188,940,B,CA,WESTERN DIGITAL CORP,WDC
11399, , ,8/31/12,Irvine,Western Digital Corp,4520,452020,45,45202030,D,USA,334112,3572,188,940,B,CA,WESTERN DIGITAL CORP,WDC
11399, , ,9/30/12,Irvine,Western Digital Corp,4520,452020,45,45202030,D,USA,334112,3572,188,940,B,CA,WESTERN DIGITAL CORP,WDC
11399, , ,10/31/12,Irvine,Western Digital Corp,4520,452020,45,45202030,D,USA,334112,3572,188,940,B,CA,WESTERN DIGITAL CORP,WDC
11399, , ,11/30/12,Irvine,Western Digital Corp,4520,452020,45,45202030,D,USA,334112,3572,188,940,B,CA,WESTERN DIGITAL CORP,WDC
11399, , ,12/31/12,Irvine,Western Digital Corp,4520,452020,45,45202030,D,USA,334112,3572,188,940,B,CA,WESTERN DIGITAL CORP,WDC
11399, , ,1/31/13,Irvine,Western Digital Corp,4520,452020,45,45202030,D,USA,334112,3572,188,940,B,CA,WESTERN DIGITAL CORP,WDC
11399, , ,2/28/13,Irvine,Western Digital Corp,4520,452020,45,45202030,D,USA,334112,3572,188,940,B,CA,WESTERN DIGITAL CORP,WDC
11399, , ,3/31/13,Irvine,Western Digital Corp,4520,452020,45,45202030,D,USA,334112,3572,188,940,B,CA,WESTERN DIGITAL CORP,WDC
11399, , ,4/30/13,Irvine,Western Digital Corp,4520,452020,45,45202030,D,USA,334112,3572,188,940,B,CA,WESTERN DIGITAL CORP,WDC
11399, , ,5/31/13,Irvine,Western Digital Corp,4520,452020,45,45202030,D,USA,334112,3572,188,940,B,CA,WESTERN DIGITAL CORP,WDC
11399, , ,6/30/13,Irvine,Western Digital Corp,4520,452020,45,45202030,D,USA,334112,3572,188,940,B,CA,WESTERN DIGITAL CORP,WDC
11399, , ,7/31/13,Irvine,Western Digital Corp,4520,452020,45,45202030,D,USA,334112,3572,188,940,B,CA,WESTERN DIGITAL CORP,WDC
11399, , ,8/31/13,Irvine,Western Digital Corp,4520,452020,45,45202030,D,USA,334112,3572,188,940,B,CA,WESTERN DIGITAL CORP,WDC
11399, , ,9/30/13,Irvine,Western Digital Corp,4520,452020,45,45202030,D,USA,334112,3572,188,940,B,CA,WESTERN DIGITAL CORP,WDC
11399, , ,10/31/13,Irvine,Western Digital Corp,4520,452020,45,45202030,D,USA,334112,3572,188,940,B,CA,WESTERN DIGITAL CORP,WDC
11523, , ,1/31/10,Trumbull,E-Sync Networks Inc,4520,452010,45,45201020,D,USA,513390,4822,180,940, ,CT,E-SYNC NETWORKS INC,ESNI
11523, , ,2/28/10,Trumbull,E-Sync Networks Inc,4520,452010,45,45201020,D,USA,513390,4822,180,940, ,CT,E-SYNC NETWORKS INC,ESNI
11523, , ,3/31/10,Trumbull,E-Sync Networks Inc,4520,452010,45,45201020,D,USA,513390,4822,180,940, ,CT,E-SYNC NETWORKS INC,ESNI
11523, , ,4/30/10,Trumbull,E-Sync Networks Inc,4520,452010,45,45201020,D,USA,513390,4822,180,940, ,CT,E-SYNC NETWORKS INC,ESNI
11523, , ,5/31/10,Trumbull,E-Sync Networks Inc,4520,452010,45,45201020,D,USA,513390,4822,180,940, ,CT,E-SYNC NETWORKS INC,ESNI
11523, , ,6/30/10,Trumbull,E-Sync Networks Inc,4520,452010,45,45201020,D,USA,513390,4822,180,940, ,CT,E-SYNC NETWORKS INC,ESNI
11523, , ,7/31/10,Trumbull,E-Sync Networks Inc,4520,452010,45,45201020,D,USA,513390,4822,180,940, ,CT,E-SYNC NETWORKS INC,ESNI
11667, , ,1/31/10,Boulder,Silicon Mountain Holdings Inc,4520,452020,45,45202030,D,USA,334118,3575,245,978, ,CO,SILICON MOUNTAIN HOLDINGS,SLCM
11667, , ,2/28/10,Boulder,Silicon Mountain Holdings Inc,4520,452020,45,45202030,D,USA,334118,3575,245,978, ,CO,SILICON MOUNTAIN HOLDINGS,SLCM
11667, , ,3/31/10,Boulder,Silicon Mountain Holdings Inc,4520,452020,45,45202030,D,USA,334118,3575,245,978, ,CO,SILICON MOUNTAIN HOLDINGS,SLCM
11667, , ,4/30/10,Boulder,Silicon Mountain Holdings Inc,4520,452020,45,45202030,D,USA,334118,3575,245,978, ,CO,SILICON MOUNTAIN HOLDINGS,SLCM
11667, , ,5/31/10,Boulder,Silicon Mountain Holdings Inc,4520,452020,45,45202030,D,USA,334118,3575,245,978, ,CO,SILICON MOUNTAIN HOLDINGS,SLCM
11667, , ,6/30/10,Boulder,Silicon Mountain Holdings Inc,4520,452020,45,45202030,D,USA,334118,3575,245,978, ,CO,SILICON MOUNTAIN HOLDINGS,SLCM
11667, , ,7/31/10,Boulder,Silicon Mountain Holdings Inc,4520,452020,45,45202030,D,USA,334118,3575,245,978, ,CO,SILICON MOUNTAIN HOLDINGS,SLCM
11667, , ,8/31/10,Boulder,Silicon Mountain Holdings Inc,4520,452020,45,45202030,D,USA,334118,3575,245,978, ,CO,SILICON MOUNTAIN HOLDINGS,SLCM
11667, , ,9/30/10,Boulder,Silicon Mountain Holdings Inc,4520,452020,45,45202030,D,USA,334118,3575,245,978, ,CO,SILICON MOUNTAIN HOLDINGS,SLCM
11667, , ,10/31/10,Boulder,Silicon Mountain Holdings Inc,4520,452020,45,45202030,D,USA,334118,3575,245,978, ,CO,SILICON MOUNTAIN HOLDINGS,SLCM
11667, , ,11/30/10,Boulder,Silicon Mountain Holdings Inc,4520,452020,45,45202030,D,USA,334118,3575,245,978, ,CO,SILICON MOUNTAIN HOLDINGS,SLCM
11667, , ,12/31/10,Boulder,Silicon Mountain Holdings Inc,4520,452020,45,45202030,D,USA,334118,3575,245,978, ,CO,SILICON MOUNTAIN HOLDINGS,SLCM
11667, , ,1/31/11,Boulder,Silicon Mountain Holdings Inc,4520,452020,45,45202030,D,USA,334118,3575,245,978, ,CO,SILICON MOUNTAIN HOLDINGS,SLCM
11667, , ,2/28/11,Boulder,Silicon Mountain Holdings Inc,4520,452020,45,45202030,D,USA,334118,3575,245,978, ,CO,SILICON MOUNTAIN HOLDINGS,SLCM
11667, , ,3/31/11,Boulder,Silicon Mountain Holdings Inc,4520,452020,45,45202030,D,USA,334118,3575,245,978, ,CO,SILICON MOUNTAIN HOLDINGS,SLCM
11667, , ,4/30/11,Boulder,Silicon Mountain Holdings Inc,4520,452020,45,45202030,D,USA,334118,3575,245,978, ,CO,SILICON MOUNTAIN HOLDINGS,SLCM
11667, , ,5/31/11,Boulder,Silicon Mountain Holdings Inc,4520,452020,45,45202030,D,USA,334118,3575,245,978, ,CO,SILICON MOUNTAIN HOLDINGS,SLCM
11667, , ,6/30/11,Boulder,Silicon Mountain Holdings Inc,4520,452020,45,45202030,D,USA,334118,3575,245,978, ,CO,SILICON MOUNTAIN HOLDINGS,SLCM
11667, , ,7/31/11,Boulder,Silicon Mountain Holdings Inc,4520,452020,45,45202030,D,USA,334118,3575,245,978, ,CO,SILICON MOUNTAIN HOLDINGS,SLCM
11667, , ,8/31/11,Boulder,Silicon Mountain Holdings Inc,4520,452020,45,45202030,D,USA,334118,3575,245,978, ,CO,SILICON MOUNTAIN HOLDINGS,SLCM
11667, , ,9/30/11,Boulder,Silicon Mountain Holdings Inc,4520,452020,45,45202030,D,USA,334118,3575,245,978, ,CO,SILICON MOUNTAIN HOLDINGS,SLCM
11667, , ,10/31/11,Boulder,Silicon Mountain Holdings Inc,4520,452020,45,45202030,D,USA,334118,3575,245,978, ,CO,SILICON MOUNTAIN HOLDINGS,SLCM
11667, , ,11/30/11,Boulder,Silicon Mountain Holdings Inc,4520,452020,45,45202030,D,USA,334118,3575,245,978, ,CO,SILICON MOUNTAIN HOLDINGS,SLCM
11667, , ,12/31/11,Boulder,Silicon Mountain Holdings Inc,4520,452020,45,45202030,D,USA,334118,3575,245,978, ,CO,SILICON MOUNTAIN HOLDINGS,SLCM
11667, , ,1/31/12,Boulder,Silicon Mountain Holdings Inc,4520,452020,45,45202030,D,USA,334118,3575,245,978, ,CO,SILICON MOUNTAIN HOLDINGS,SLCM
11667, , ,2/29/12,Boulder,Silicon Mountain Holdings Inc,4520,452020,45,45202030,D,USA,334118,3575,245,978, ,CO,SILICON MOUNTAIN HOLDINGS,SLCM
11667, , ,3/31/12,Boulder,Silicon Mountain Holdings Inc,4520,452020,45,45202030,D,USA,334118,3575,245,978, ,CO,SILICON MOUNTAIN HOLDINGS,SLCM
11667, , ,4/30/12,Boulder,Silicon Mountain Holdings Inc,4520,452020,45,45202030,D,USA,334118,3575,245,978, ,CO,SILICON MOUNTAIN HOLDINGS,SLCM
11667, , ,5/31/12,Boulder,Silicon Mountain Holdings Inc,4520,452020,45,45202030,D,USA,334118,3575,245,978, ,CO,SILICON MOUNTAIN HOLDINGS,SLCM
11667, , ,6/30/12,Boulder,Silicon Mountain Holdings Inc,4520,452020,45,45202030,D,USA,334118,3575,245,978, ,CO,SILICON MOUNTAIN HOLDINGS,SLCM
11667, , ,7/31/12,Boulder,Silicon Mountain Holdings Inc,4520,452020,45,45202030,D,USA,334118,3575,245,978, ,CO,SILICON MOUNTAIN HOLDINGS,SLCM
11667, , ,8/31/12,Boulder,Silicon Mountain Holdings Inc,4520,452020,45,45202030,D,USA,334118,3575,245,978, ,CO,SILICON MOUNTAIN HOLDINGS,SLCM
11667, , ,9/30/12,Boulder,Silicon Mountain Holdings Inc,4520,452020,45,45202030,D,USA,334118,3575,245,978, ,CO,SILICON MOUNTAIN HOLDINGS,SLCM
11667, , ,10/31/12,Boulder,Silicon Mountain Holdings Inc,4520,452020,45,45202030,D,USA,334118,3575,245,978, ,CO,SILICON MOUNTAIN HOLDINGS,SLCM
11667, , ,11/30/12,Boulder,Silicon Mountain Holdings Inc,4520,452020,45,45202030,D,USA,334118,3575,245,978, ,CO,SILICON MOUNTAIN HOLDINGS,SLCM
11667, , ,12/31/12,Boulder,Silicon Mountain Holdings Inc,4520,452020,45,45202030,D,USA,334118,3575,245,978, ,CO,SILICON MOUNTAIN HOLDINGS,SLCM
11667, , ,1/31/13,Boulder,Silicon Mountain Holdings Inc,4520,452020,45,45202030,D,USA,334118,3575,245,978, ,CO,SILICON MOUNTAIN HOLDINGS,SLCM
11667, , ,2/28/13,Boulder,Silicon Mountain Holdings Inc,4520,452020,45,45202030,D,USA,334118,3575,245,978, ,CO,SILICON MOUNTAIN HOLDINGS,SLCM
11667, , ,3/31/13,Boulder,Silicon Mountain Holdings Inc,4520,452020,45,45202030,D,USA,334118,3575,245,978, ,CO,SILICON MOUNTAIN HOLDINGS,SLCM
11667, , ,4/30/13,Boulder,Silicon Mountain Holdings Inc,4520,452020,45,45202030,D,USA,334118,3575,245,978, ,CO,SILICON MOUNTAIN HOLDINGS,SLCM
11667, , ,5/31/13,Boulder,Silicon Mountain Holdings Inc,4520,452020,45,45202030,D,USA,334118,3575,245,978, ,CO,SILICON MOUNTAIN HOLDINGS,SLCM
11667, , ,6/30/13,Boulder,Silicon Mountain Holdings Inc,4520,452020,45,45202030,D,USA,334118,3575,245,978, ,CO,SILICON MOUNTAIN HOLDINGS,SLCM
11667, , ,7/31/13,Boulder,Silicon Mountain Holdings Inc,4520,452020,45,45202030,D,USA,334118,3575,245,978, ,CO,SILICON MOUNTAIN HOLDINGS,SLCM
11667, , ,8/31/13,Boulder,Silicon Mountain Holdings Inc,4520,452020,45,45202030,D,USA,334118,3575,245,978, ,CO,SILICON MOUNTAIN HOLDINGS,SLCM
11667, , ,9/30/13,Boulder,Silicon Mountain Holdings Inc,4520,452020,45,45202030,D,USA,334118,3575,245,978, ,CO,SILICON MOUNTAIN HOLDINGS,SLCM
11667, , ,10/31/13,Boulder,Silicon Mountain Holdings Inc,4520,452020,45,45202030,D,USA,334118,3575,245,978, ,CO,SILICON MOUNTAIN HOLDINGS,SLCM
11694, , ,1/31/10,Middlefield,Zygo Corp,4520,452030,45,45203020,D,USA,333314,3827,230,940,B-,CT,ZYGO CORP,ZIGO
11694, , ,2/28/10,Middlefield,Zygo Corp,4520,452030,45,45203020,D,USA,333314,3827,230,940,B-,CT,ZYGO CORP,ZIGO
11694, , ,3/31/10,Middlefield,Zygo Corp,4520,452030,45,45203020,D,USA,333314,3827,230,940,B-,CT,ZYGO CORP,ZIGO
11694, , ,4/30/10,Middlefield,Zygo Corp,4520,452030,45,45203020,D,USA,333314,3827,230,940,B-,CT,ZYGO CORP,ZIGO
11694, , ,5/31/10,Middlefield,Zygo Corp,4520,452030,45,45203020,D,USA,333314,3827,230,940,B-,CT,ZYGO CORP,ZIGO
11694, , ,6/30/10,Middlefield,Zygo Corp,4520,452030,45,45203020,D,USA,333314,3827,230,940,B-,CT,ZYGO CORP,ZIGO
11694, , ,7/31/10,Middlefield,Zygo Corp,4520,452030,45,45203020,D,USA,333314,3827,230,940,B-,CT,ZYGO CORP,ZIGO
11694, , ,8/31/10,Middlefield,Zygo Corp,4520,452030,45,45203020,D,USA,333314,3827,230,940,B-,CT,ZYGO CORP,ZIGO
11694, , ,9/30/10,Middlefield,Zygo Corp,4520,452030,45,45203020,D,USA,333314,3827,230,940,B-,CT,ZYGO CORP,ZIGO
11694, , ,10/31/10,Middlefield,Zygo Corp,4520,452030,45,45203020,D,USA,333314,3827,230,940,B-,CT,ZYGO CORP,ZIGO
11694, , ,11/30/10,Middlefield,Zygo Corp,4520,452030,45,45203020,D,USA,333314,3827,230,940,B-,CT,ZYGO CORP,ZIGO
11694, , ,12/31/10,Middlefield,Zygo Corp,4520,452030,45,45203020,D,USA,333314,3827,230,940,B-,CT,ZYGO CORP,ZIGO
11694, , ,1/31/11,Middlefield,Zygo Corp,4520,452030,45,45203020,D,USA,333314,3827,230,940,B-,CT,ZYGO CORP,ZIGO
11694, , ,2/28/11,Middlefield,Zygo Corp,4520,452030,45,45203020,D,USA,333314,3827,230,940,B-,CT,ZYGO CORP,ZIGO
11694, , ,3/31/11,Middlefield,Zygo Corp,4520,452030,45,45203020,D,USA,333314,3827,230,940,B-,CT,ZYGO CORP,ZIGO
11694, , ,4/30/11,Middlefield,Zygo Corp,4520,452030,45,45203020,D,USA,333314,3827,230,940,B-,CT,ZYGO CORP,ZIGO
11694, , ,5/31/11,Middlefield,Zygo Corp,4520,452030,45,45203020,D,USA,333314,3827,230,940,B-,CT,ZYGO CORP,ZIGO
11694, , ,6/30/11,Middlefield,Zygo Corp,4520,452030,45,45203020,D,USA,333314,3827,230,940,B-,CT,ZYGO CORP,ZIGO
11694, , ,7/31/11,Middlefield,Zygo Corp,4520,452030,45,45203020,D,USA,333314,3827,230,940,B-,CT,ZYGO CORP,ZIGO
11694, , ,8/31/11,Middlefield,Zygo Corp,4520,452030,45,45203020,D,USA,333314,3827,230,940,B-,CT,ZYGO CORP,ZIGO
11694, , ,9/30/11,Middlefield,Zygo Corp,4520,452030,45,45203020,D,USA,333314,3827,230,940,B-,CT,ZYGO CORP,ZIGO
11694, , ,10/31/11,Middlefield,Zygo Corp,4520,452030,45,45203020,D,USA,333314,3827,230,940,B-,CT,ZYGO CORP,ZIGO
11694, , ,11/30/11,Middlefield,Zygo Corp,4520,452030,45,45203020,D,USA,333314,3827,230,940,B-,CT,ZYGO CORP,ZIGO
11694, , ,12/31/11,Middlefield,Zygo Corp,4520,452030,45,45203020,D,USA,333314,3827,230,940,B-,CT,ZYGO CORP,ZIGO
11694, , ,1/31/12,Middlefield,Zygo Corp,4520,452030,45,45203020,D,USA,333314,3827,230,940,B-,CT,ZYGO CORP,ZIGO
11694, , ,2/29/12,Middlefield,Zygo Corp,4520,452030,45,45203020,D,USA,333314,3827,230,940,B-,CT,ZYGO CORP,ZIGO
11694, , ,3/31/12,Middlefield,Zygo Corp,4520,452030,45,45203020,D,USA,333314,3827,230,940,B-,CT,ZYGO CORP,ZIGO
11694, , ,4/30/12,Middlefield,Zygo Corp,4520,452030,45,45203020,D,USA,333314,3827,230,940,B-,CT,ZYGO CORP,ZIGO
11694, , ,5/31/12,Middlefield,Zygo Corp,4520,452030,45,45203020,D,USA,333314,3827,230,940,B-,CT,ZYGO CORP,ZIGO
11694, , ,6/30/12,Middlefield,Zygo Corp,4520,452030,45,45203020,D,USA,333314,3827,230,940,B-,CT,ZYGO CORP,ZIGO
11694, , ,7/31/12,Middlefield,Zygo Corp,4520,452030,45,45203020,D,USA,333314,3827,230,940,B-,CT,ZYGO CORP,ZIGO
11694, , ,8/31/12,Middlefield,Zygo Corp,4520,452030,45,45203020,D,USA,333314,3827,230,940,B-,CT,ZYGO CORP,ZIGO
11694, , ,9/30/12,Middlefield,Zygo Corp,4520,452030,45,45203020,D,USA,333314,3827,230,940,B-,CT,ZYGO CORP,ZIGO
11694, , ,10/31/12,Middlefield,Zygo Corp,4520,452030,45,45203020,D,USA,333314,3827,230,940,B-,CT,ZYGO CORP,ZIGO
11694, , ,11/30/12,Middlefield,Zygo Corp,4520,452030,45,45203020,D,USA,333314,3827,230,940,B-,CT,ZYGO CORP,ZIGO
11694, , ,12/31/12,Middlefield,Zygo Corp,4520,452030,45,45203020,D,USA,333314,3827,230,940,B-,CT,ZYGO CORP,ZIGO
11694, , ,1/31/13,Middlefield,Zygo Corp,4520,452030,45,45203020,D,USA,333314,3827,230,940,B-,CT,ZYGO CORP,ZIGO
11694, , ,2/28/13,Middlefield,Zygo Corp,4520,452030,45,45203020,D,USA,333314,3827,230,940,B-,CT,ZYGO CORP,ZIGO
11694, , ,3/31/13,Middlefield,Zygo Corp,4520,452030,45,45203020,D,USA,333314,3827,230,940,B-,CT,ZYGO CORP,ZIGO
11694, , ,4/30/13,Middlefield,Zygo Corp,4520,452030,45,45203020,D,USA,333314,3827,230,940,B-,CT,ZYGO CORP,ZIGO
11694, , ,5/31/13,Middlefield,Zygo Corp,4520,452030,45,45203020,D,USA,333314,3827,230,940,B-,CT,ZYGO CORP,ZIGO
11694, , ,6/30/13,Middlefield,Zygo Corp,4520,452030,45,45203020,D,USA,333314,3827,230,940,B-,CT,ZYGO CORP,ZIGO
11694, , ,7/31/13,Middlefield,Zygo Corp,4520,452030,45,45203020,D,USA,333314,3827,230,940,B-,CT,ZYGO CORP,ZIGO
11694, , ,8/31/13,Middlefield,Zygo Corp,4520,452030,45,45203020,D,USA,333314,3827,230,940,B-,CT,ZYGO CORP,ZIGO
11694, , ,9/30/13,Middlefield,Zygo Corp,4520,452030,45,45203020,D,USA,333314,3827,230,940,B-,CT,ZYGO CORP,ZIGO
11694, , ,10/31/13,Middlefield,Zygo Corp,4520,452030,45,45203020,D,USA,333314,3827,230,940,B-,CT,ZYGO CORP,ZIGO
11717, , ,1/31/10,San Mateo,Advanced Cellular Technology Inc,4520,452010,45,45201020,D,USA,334220,3663,180,940, ,CA,ADVANCED CELLULAR TECH INC,ADWT
11717, , ,2/28/10,San Mateo,Advanced Cellular Technology Inc,4520,452010,45,45201020,D,USA,334220,3663,180,940, ,CA,ADVANCED CELLULAR TECH INC,ADWT
11717, , ,3/31/10,San Mateo,Advanced Cellular Technology Inc,4520,452010,45,45201020,D,USA,334220,3663,180,940, ,CA,ADVANCED CELLULAR TECH INC,ADWT
11717, , ,4/30/10,San Mateo,Advanced Cellular Technology Inc,4520,452010,45,45201020,D,USA,334220,3663,180,940, ,CA,ADVANCED CELLULAR TECH INC,ADWT
11717, , ,5/31/10,San Mateo,Advanced Cellular Technology Inc,4520,452010,45,45201020,D,USA,334220,3663,180,940, ,CA,ADVANCED CELLULAR TECH INC,ADWT
11717, , ,6/30/10,San Mateo,Advanced Cellular Technology Inc,4520,452010,45,45201020,D,USA,334220,3663,180,940, ,CA,ADVANCED CELLULAR TECH INC,ADWT
11717, , ,7/31/10,San Mateo,Advanced Cellular Technology Inc,4520,452010,45,45201020,D,USA,334220,3663,180,940, ,CA,ADVANCED CELLULAR TECH INC,ADWT
11717, , ,8/31/10,San Mateo,Advanced Cellular Technology Inc,4520,452010,45,45201020,D,USA,334220,3663,180,940, ,CA,ADVANCED CELLULAR TECH INC,ADWT
11717, , ,9/30/10,San Mateo,Advanced Cellular Technology Inc,4520,452010,45,45201020,D,USA,334220,3663,180,940, ,CA,ADVANCED CELLULAR TECH INC,ADWT
11717, , ,10/31/10,San Mateo,Advanced Cellular Technology Inc,4520,452010,45,45201020,D,USA,334220,3663,180,940, ,CA,ADVANCED CELLULAR TECH INC,ADWT
11717, , ,11/30/10,San Mateo,Advanced Cellular Technology Inc,4520,452010,45,45201020,D,USA,334220,3663,180,940, ,CA,ADVANCED CELLULAR TECH INC,ADWT
11717, , ,12/31/10,San Mateo,Advanced Cellular Technology Inc,4520,452010,45,45201020,D,USA,334220,3663,180,940, ,CA,ADVANCED CELLULAR TECH INC,ADWT
11717, , ,1/31/11,San Mateo,Advanced Cellular Technology Inc,4520,452010,45,45201020,D,USA,334220,3663,180,940, ,CA,ADVANCED CELLULAR TECH INC,ADWT
11717, , ,2/28/11,San Mateo,Advanced Cellular Technology Inc,4520,452010,45,45201020,D,USA,334220,3663,180,940, ,CA,ADVANCED CELLULAR TECH INC,ADWT
11717, , ,3/31/11,San Mateo,Advanced Cellular Technology Inc,4520,452010,45,45201020,D,USA,334220,3663,180,940, ,CA,ADVANCED CELLULAR TECH INC,ADWT
11717, , ,4/30/11,San Mateo,Advanced Cellular Technology Inc,4520,452010,45,45201020,D,USA,334220,3663,180,940, ,CA,ADVANCED CELLULAR TECH INC,ADWT
11717, , ,5/31/11,San Mateo,Advanced Cellular Technology Inc,4520,452010,45,45201020,D,USA,334220,3663,180,940, ,CA,ADVANCED CELLULAR TECH INC,ADWT
11717, , ,6/30/11,San Mateo,Advanced Cellular Technology Inc,4520,452010,45,45201020,D,USA,334220,3663,180,940, ,CA,ADVANCED CELLULAR TECH INC,ADWT
11717, , ,7/31/11,San Mateo,Advanced Cellular Technology Inc,4520,452010,45,45201020,D,USA,334220,3663,180,940, ,CA,ADVANCED CELLULAR TECH INC,ADWT
11717, , ,8/31/11,San Mateo,Advanced Cellular Technology Inc,4520,452010,45,45201020,D,USA,334220,3663,180,940, ,CA,ADVANCED CELLULAR TECH INC,ADWT
11717, , ,9/30/11,San Mateo,Advanced Cellular Technology Inc,4520,452010,45,45201020,D,USA,334220,3663,180,940, ,CA,ADVANCED CELLULAR TECH INC,ADWT
11717, , ,10/31/11,San Mateo,Advanced Cellular Technology Inc,4520,452010,45,45201020,D,USA,334220,3663,180,940, ,CA,ADVANCED CELLULAR TECH INC,ADWT
11717, , ,11/30/11,San Mateo,Advanced Cellular Technology Inc,4520,452010,45,45201020,D,USA,334220,3663,180,940, ,CA,ADVANCED CELLULAR TECH INC,ADWT
11804, , ,1/31/10,Piscataway,Proterion Corp,4520,452030,45,45203010,D,USA,334519,3829,230,940, ,NJ,PROTERION CORP,PROI
11804, , ,2/28/10,Piscataway,Proterion Corp,4520,452030,45,45203010,D,USA,334519,3829,230,940, ,NJ,PROTERION CORP,PROI
11804, , ,3/31/10,Piscataway,Proterion Corp,4520,452030,45,45203010,D,USA,334519,3829,230,940, ,NJ,PROTERION CORP,PROI
11804, , ,4/30/10,Piscataway,Proterion Corp,4520,452030,45,45203010,D,USA,334519,3829,230,940, ,NJ,PROTERION CORP,PROI
11804, , ,5/31/10,Piscataway,Proterion Corp,4520,452030,45,45203010,D,USA,334519,3829,230,940, ,NJ,PROTERION CORP,PROI
11804, , ,6/30/10,Piscataway,Proterion Corp,4520,452030,45,45203010,D,USA,334519,3829,230,940, ,NJ,PROTERION CORP,PROI
11804, , ,7/31/10,Piscataway,Proterion Corp,4520,452030,45,45203010,D,USA,334519,3829,230,940, ,NJ,PROTERION CORP,PROI
11804, , ,8/31/10,Piscataway,Proterion Corp,4520,452030,45,45203010,D,USA,334519,3829,230,940, ,NJ,PROTERION CORP,PROI
11804, , ,9/30/10,Piscataway,Proterion Corp,4520,452030,45,45203010,D,USA,334519,3829,230,940, ,NJ,PROTERION CORP,PROI
11804, , ,10/31/10,Piscataway,Proterion Corp,4520,452030,45,45203010,D,USA,334519,3829,230,940, ,NJ,PROTERION CORP,PROI
11804, , ,11/30/10,Piscataway,Proterion Corp,4520,452030,45,45203010,D,USA,334519,3829,230,940, ,NJ,PROTERION CORP,PROI
11804, , ,12/31/10,Piscataway,Proterion Corp,4520,452030,45,45203010,D,USA,334519,3829,230,940, ,NJ,PROTERION CORP,PROI
11804, , ,1/31/11,Piscataway,Proterion Corp,4520,452030,45,45203010,D,USA,334519,3829,230,940, ,NJ,PROTERION CORP,PROI
11804, , ,2/28/11,Piscataway,Proterion Corp,4520,452030,45,45203010,D,USA,334519,3829,230,940, ,NJ,PROTERION CORP,PROI
11804, , ,3/31/11,Piscataway,Proterion Corp,4520,452030,45,45203010,D,USA,334519,3829,230,940, ,NJ,PROTERION CORP,PROI
11804, , ,4/30/11,Piscataway,Proterion Corp,4520,452030,45,45203010,D,USA,334519,3829,230,940, ,NJ,PROTERION CORP,PROI
11804, , ,5/31/11,Piscataway,Proterion Corp,4520,452030,45,45203010,D,USA,334519,3829,230,940, ,NJ,PROTERION CORP,PROI
11804, , ,6/30/11,Piscataway,Proterion Corp,4520,452030,45,45203010,D,USA,334519,3829,230,940, ,NJ,PROTERION CORP,PROI
11804, , ,7/31/11,Piscataway,Proterion Corp,4520,452030,45,45203010,D,USA,334519,3829,230,940, ,NJ,PROTERION CORP,PROI
11804, , ,8/31/11,Piscataway,Proterion Corp,4520,452030,45,45203010,D,USA,334519,3829,230,940, ,NJ,PROTERION CORP,PROI
11804, , ,9/30/11,Piscataway,Proterion Corp,4520,452030,45,45203010,D,USA,334519,3829,230,940, ,NJ,PROTERION CORP,PROI
11804, , ,10/31/11,Piscataway,Proterion Corp,4520,452030,45,45203010,D,USA,334519,3829,230,940, ,NJ,PROTERION CORP,PROI
11804, , ,11/30/11,Piscataway,Proterion Corp,4520,452030,45,45203010,D,USA,334519,3829,230,940, ,NJ,PROTERION CORP,PROI
11804, , ,12/31/11,Piscataway,Proterion Corp,4520,452030,45,45203010,D,USA,334519,3829,230,940, ,NJ,PROTERION CORP,PROI
11804, , ,1/31/12,Piscataway,Proterion Corp,4520,452030,45,45203010,D,USA,334519,3829,230,940, ,NJ,PROTERION CORP,PROI
11804, , ,2/29/12,Piscataway,Proterion Corp,4520,452030,45,45203010,D,USA,334519,3829,230,940, ,NJ,PROTERION CORP,PROI
11804, , ,3/31/12,Piscataway,Proterion Corp,4520,452030,45,45203010,D,USA,334519,3829,230,940, ,NJ,PROTERION CORP,PROI
11804, , ,4/30/12,Piscataway,Proterion Corp,4520,452030,45,45203010,D,USA,334519,3829,230,940, ,NJ,PROTERION CORP,PROI
11804, , ,5/31/12,Piscataway,Proterion Corp,4520,452030,45,45203010,D,USA,334519,3829,230,940, ,NJ,PROTERION CORP,PROI
12053,A-, ,1/31/10,Hopkinton,EMC Corp,4520,452020,45,45202030,B,USA,334112,3572,188,940,B+,MA,EMC CORP/MA,EMC
12053,A-, ,2/28/10,Hopkinton,EMC Corp,4520,452020,45,45202030,B,USA,334112,3572,188,940,B+,MA,EMC CORP/MA,EMC
12053,A-, ,3/31/10,Hopkinton,EMC Corp,4520,452020,45,45202030,B,USA,334112,3572,188,940,B+,MA,EMC CORP/MA,EMC
12053,A-, ,4/30/10,Hopkinton,EMC Corp,4520,452020,45,45202030,B,USA,334112,3572,188,940,B+,MA,EMC CORP/MA,EMC
12053,A-, ,5/31/10,Hopkinton,EMC Corp,4520,452020,45,45202030,B,USA,334112,3572,188,940,B+,MA,EMC CORP/MA,EMC
12053,A-, ,6/30/10,Hopkinton,EMC Corp,4520,452020,45,45202030,B,USA,334112,3572,188,940,B+,MA,EMC CORP/MA,EMC
12053,A-, ,7/31/10,Hopkinton,EMC Corp,4520,452020,45,45202030,B,USA,334112,3572,188,940,B+,MA,EMC CORP/MA,EMC
12053,A-, ,8/31/10,Hopkinton,EMC Corp,4520,452020,45,45202030,B,USA,334112,3572,188,940,B+,MA,EMC CORP/MA,EMC
12053,A-, ,9/30/10,Hopkinton,EMC Corp,4520,452020,45,45202030,B,USA,334112,3572,188,940,B+,MA,EMC CORP/MA,EMC
12053,A-, ,10/31/10,Hopkinton,EMC Corp,4520,452020,45,45202030,B,USA,334112,3572,188,940,B+,MA,EMC CORP/MA,EMC
12053,A-, ,11/30/10,Hopkinton,EMC Corp,4520,452020,45,45202030,B,USA,334112,3572,188,940,B+,MA,EMC CORP/MA,EMC
12053,A-, ,12/31/10,Hopkinton,EMC Corp,4520,452020,45,45202030,B,USA,334112,3572,188,940,B+,MA,EMC CORP/MA,EMC
12053,A-, ,1/31/11,Hopkinton,EMC Corp,4520,452020,45,45202030,B,USA,334112,3572,188,940,B+,MA,EMC CORP/MA,EMC
12053,A-, ,2/28/11,Hopkinton,EMC Corp,4520,452020,45,45202030,B,USA,334112,3572,188,940,B+,MA,EMC CORP/MA,EMC
12053,A-, ,3/31/11,Hopkinton,EMC Corp,4520,452020,45,45202030,B,USA,334112,3572,188,940,B+,MA,EMC CORP/MA,EMC
12053,A-, ,4/30/11,Hopkinton,EMC Corp,4520,452020,45,45202030,B,USA,334112,3572,188,940,B+,MA,EMC CORP/MA,EMC
12053,A-, ,5/31/11,Hopkinton,EMC Corp,4520,452020,45,45202030,B,USA,334112,3572,188,940,B+,MA,EMC CORP/MA,EMC
12053,A-, ,6/30/11,Hopkinton,EMC Corp,4520,452020,45,45202030,B,USA,334112,3572,188,940,B+,MA,EMC CORP/MA,EMC
12053,A-, ,7/31/11,Hopkinton,EMC Corp,4520,452020,45,45202030,B,USA,334112,3572,188,940,B+,MA,EMC CORP/MA,EMC
12053,A-, ,8/31/11,Hopkinton,EMC Corp,4520,452020,45,45202030,B,USA,334112,3572,188,940,B+,MA,EMC CORP/MA,EMC
12053,A-, ,9/30/11,Hopkinton,EMC Corp,4520,452020,45,45202030,B,USA,334112,3572,188,940,B+,MA,EMC CORP/MA,EMC
12053,A-, ,10/31/11,Hopkinton,EMC Corp,4520,452020,45,45202030,B,USA,334112,3572,188,940,B+,MA,EMC CORP/MA,EMC
12053,A-, ,11/30/11,Hopkinton,EMC Corp,4520,452020,45,45202030,B,USA,334112,3572,188,940,B+,MA,EMC CORP/MA,EMC
12053,A-, ,12/31/11,Hopkinton,EMC Corp,4520,452020,45,45202030,B,USA,334112,3572,188,940,B+,MA,EMC CORP/MA,EMC
12053,A-, ,1/31/12,Hopkinton,EMC Corp,4520,452020,45,45202030,B,USA,334112,3572,188,940,B+,MA,EMC CORP/MA,EMC
12053,A-, ,2/29/12,Hopkinton,EMC Corp,4520,452020,45,45202030,B,USA,334112,3572,188,940,B+,MA,EMC CORP/MA,EMC
12053,A-, ,3/31/12,Hopkinton,EMC Corp,4520,452020,45,45202030,B,USA,334112,3572,188,940,B+,MA,EMC CORP/MA,EMC
12053,A-, ,4/30/12,Hopkinton,EMC Corp,4520,452020,45,45202030,B,USA,334112,3572,188,940,B+,MA,EMC CORP/MA,EMC
12053,A-, ,5/31/12,Hopkinton,EMC Corp,4520,452020,45,45202030,B,USA,334112,3572,188,940,B+,MA,EMC CORP/MA,EMC
12053,A, ,6/30/12,Hopkinton,EMC Corp,4520,452020,45,45202030,B,USA,334112,3572,188,940,B+,MA,EMC CORP/MA,EMC
12053,A, ,7/31/12,Hopkinton,EMC Corp,4520,452020,45,45202030,B,USA,334112,3572,188,940,B+,MA,EMC CORP/MA,EMC
12053,A, ,8/31/12,Hopkinton,EMC Corp,4520,452020,45,45202030,B,USA,334112,3572,188,940,B+,MA,EMC CORP/MA,EMC
12053,A, ,9/30/12,Hopkinton,EMC Corp,4520,452020,45,45202030,B,USA,334112,3572,188,940,B+,MA,EMC CORP/MA,EMC
12053,A, ,10/31/12,Hopkinton,EMC Corp,4520,452020,45,45202030,B,USA,334112,3572,188,940,B+,MA,EMC CORP/MA,EMC
12053,A, ,11/30/12,Hopkinton,EMC Corp,4520,452020,45,45202030,B,USA,334112,3572,188,940,B+,MA,EMC CORP/MA,EMC
12053,A, ,12/31/12,Hopkinton,EMC Corp,4520,452020,45,45202030,B,USA,334112,3572,188,940,B+,MA,EMC CORP/MA,EMC
12053,A, ,1/31/13,Hopkinton,EMC Corp,4520,452020,45,45202030,B,USA,334112,3572,188,940,B+,MA,EMC CORP/MA,EMC
12053,A, ,2/28/13,Hopkinton,EMC Corp,4520,452020,45,45202030,B,USA,334112,3572,188,940,B+,MA,EMC CORP/MA,EMC
12053,A, ,3/31/13,Hopkinton,EMC Corp,4520,452020,45,45202030,B,USA,334112,3572,188,940,B+,MA,EMC CORP/MA,EMC
12053,A, ,4/30/13,Hopkinton,EMC Corp,4520,452020,45,45202030,B,USA,334112,3572,188,940,B+,MA,EMC CORP/MA,EMC
12053,A, ,5/31/13,Hopkinton,EMC Corp,4520,452020,45,45202030,B,USA,334112,3572,188,940,B+,MA,EMC CORP/MA,EMC
12053,A, ,6/30/13,Hopkinton,EMC Corp,4520,452020,45,45202030,B,USA,334112,3572,188,940,B+,MA,EMC CORP/MA,EMC
12053,A, ,7/31/13,Hopkinton,EMC Corp,4520,452020,45,45202030,B,USA,334112,3572,188,940,B+,MA,EMC CORP/MA,EMC
12053,A, ,8/31/13,Hopkinton,EMC Corp,4520,452020,45,45202030,B,USA,334112,3572,188,940,B+,MA,EMC CORP/MA,EMC
12053,A, ,9/30/13,Hopkinton,EMC Corp,4520,452020,45,45202030,B,USA,334112,3572,188,940,B+,MA,EMC CORP/MA,EMC
12053,A, ,10/31/13,Hopkinton,EMC Corp,4520,452020,45,45202030,B,USA,334112,3572,188,940,B+,MA,EMC CORP/MA,EMC
12053,A, ,11/30/13,Hopkinton,EMC Corp,4520,452020,45,45202030,B,USA,334112,3572,188,940,B+,MA,EMC CORP/MA,EMC
12053,A, ,12/31/13,Hopkinton,EMC Corp,4520,452020,45,45202030,B,USA,334112,3572,188,940,B+,MA,EMC CORP/MA,EMC
12053,A, ,1/31/14,Hopkinton,EMC Corp,4520,452020,45,45202030,B,USA,334112,3572,188,940,B+,MA,EMC CORP/MA,EMC
12053,A, ,2/28/14,Hopkinton,EMC Corp,4520,452020,45,45202030,B,USA,334112,3572,188,940,B+,MA,EMC CORP/MA,EMC
12053,A, ,3/31/14,Hopkinton,EMC Corp,4520,452020,45,45202030,B,USA,334112,3572,188,940,B+,MA,EMC CORP/MA,EMC
12053,A, ,4/30/14,Hopkinton,EMC Corp,4520,452020,45,45202030,B,USA,334112,3572,188,940,B+,MA,EMC CORP/MA,EMC
12053,A, ,5/31/14,Hopkinton,EMC Corp,4520,452020,45,45202030,B,USA,334112,3572,188,940,B+,MA,EMC CORP/MA,EMC
12053,A, ,6/30/14,Hopkinton,EMC Corp,4520,452020,45,45202030,B,USA,334112,3572,188,940,B+,MA,EMC CORP/MA,EMC
12136, , ,1/31/10,Redwood City,Sun Microsystems Inc,4520,452020,45,45202010,B,USA,334111,3571,190,940,C,CA,SUN MICROSYSTEMS INC,JAVA
12143, , ,1/31/10,Pelham,Alpha Technologies Group Inc,4520,452020,45,45202020,D,USA,332410,3443,355,925,C,NH,ALPHA TECHNOLOGIES GROUP INC,AHAG
12143, , ,2/28/10,Pelham,Alpha Technologies Group Inc,4520,452020,45,45202020,D,USA,332410,3443,355,925,C,NH,ALPHA TECHNOLOGIES GROUP INC,AHAG
12143, , ,3/31/10,Pelham,Alpha Technologies Group Inc,4520,452020,45,45202020,D,USA,332410,3443,355,925,C,NH,ALPHA TECHNOLOGIES GROUP INC,AHAG
12143, , ,4/30/10,Pelham,Alpha Technologies Group Inc,4520,452020,45,45202020,D,USA,332410,3443,355,925,C,NH,ALPHA TECHNOLOGIES GROUP INC,AHAG
12143, , ,5/31/10,Pelham,Alpha Technologies Group Inc,4520,452020,45,45202020,D,USA,332410,3443,355,925,C,NH,ALPHA TECHNOLOGIES GROUP INC,AHAG
12143, , ,6/30/10,Pelham,Alpha Technologies Group Inc,4520,452020,45,45202020,D,USA,332410,3443,355,925,C,NH,ALPHA TECHNOLOGIES GROUP INC,AHAG
12143, , ,7/31/10,Pelham,Alpha Technologies Group Inc,4520,452020,45,45202020,D,USA,332410,3443,355,925,C,NH,ALPHA TECHNOLOGIES GROUP INC,AHAG
12143, , ,8/31/10,Pelham,Alpha Technologies Group Inc,4520,452020,45,45202020,D,USA,332410,3443,355,925,C,NH,ALPHA TECHNOLOGIES GROUP INC,AHAG
12143, , ,9/30/10,Pelham,Alpha Technologies Group Inc,4520,452020,45,45202020,D,USA,332410,3443,355,925,C,NH,ALPHA TECHNOLOGIES GROUP INC,AHAG
12143, , ,10/31/10,Pelham,Alpha Technologies Group Inc,4520,452020,45,45202020,D,USA,332410,3443,355,925,C,NH,ALPHA TECHNOLOGIES GROUP INC,AHAG
12143, , ,11/30/10,Pelham,Alpha Technologies Group Inc,4520,452020,45,45202020,D,USA,332410,3443,355,925,C,NH,ALPHA TECHNOLOGIES GROUP INC,AHAG
12143, , ,12/31/10,Pelham,Alpha Technologies Group Inc,4520,452020,45,45202020,D,USA,332410,3443,355,925,C,NH,ALPHA TECHNOLOGIES GROUP INC,AHAG
12143, , ,1/31/11,Pelham,Alpha Technologies Group Inc,4520,452020,45,45202020,D,USA,332410,3443,355,925,C,NH,ALPHA TECHNOLOGIES GROUP INC,AHAG
12143, , ,2/28/11,Pelham,Alpha Technologies Group Inc,4520,452020,45,45202020,D,USA,332410,3443,355,925,C,NH,ALPHA TECHNOLOGIES GROUP INC,AHAG
12143, , ,3/31/11,Pelham,Alpha Technologies Group Inc,4520,452020,45,45202020,D,USA,332410,3443,355,925,C,NH,ALPHA TECHNOLOGIES GROUP INC,AHAG
12143, , ,4/30/11,Pelham,Alpha Technologies Group Inc,4520,452020,45,45202020,D,USA,332410,3443,355,925,C,NH,ALPHA TECHNOLOGIES GROUP INC,AHAG
12143, , ,5/31/11,Pelham,Alpha Technologies Group Inc,4520,452020,45,45202020,D,USA,332410,3443,355,925,C,NH,ALPHA TECHNOLOGIES GROUP INC,AHAG
12143, , ,6/30/11,Pelham,Alpha Technologies Group Inc,4520,452020,45,45202020,D,USA,332410,3443,355,925,C,NH,ALPHA TECHNOLOGIES GROUP INC,AHAG
12143, , ,7/31/11,Pelham,Alpha Technologies Group Inc,4520,452020,45,45202020,D,USA,332410,3443,355,925,C,NH,ALPHA TECHNOLOGIES GROUP INC,AHAG
12143, , ,8/31/11,Pelham,Alpha Technologies Group Inc,4520,452020,45,45202020,D,USA,332410,3443,355,925,C,NH,ALPHA TECHNOLOGIES GROUP INC,AHAG
12143, , ,9/30/11,Pelham,Alpha Technologies Group Inc,4520,452020,45,45202020,D,USA,332410,3443,355,925,C,NH,ALPHA TECHNOLOGIES GROUP INC,AHAG
12143, , ,10/31/11,Pelham,Alpha Technologies Group Inc,4520,452020,45,45202020,D,USA,332410,3443,355,925,C,NH,ALPHA TECHNOLOGIES GROUP INC,AHAG
12143, , ,11/30/11,Pelham,Alpha Technologies Group Inc,4520,452020,45,45202020,D,USA,332410,3443,355,925,C,NH,ALPHA TECHNOLOGIES GROUP INC,AHAG
12143, , ,12/31/11,Pelham,Alpha Technologies Group Inc,4520,452020,45,45202020,D,USA,332410,3443,355,925,C,NH,ALPHA TECHNOLOGIES GROUP INC,AHAG
12143, , ,1/31/12,Pelham,Alpha Technologies Group Inc,4520,452020,45,45202020,D,USA,332410,3443,355,925,C,NH,ALPHA TECHNOLOGIES GROUP INC,AHAG
12143, , ,2/29/12,Pelham,Alpha Technologies Group Inc,4520,452020,45,45202020,D,USA,332410,3443,355,925,C,NH,ALPHA TECHNOLOGIES GROUP INC,AHAG
12143, , ,3/31/12,Pelham,Alpha Technologies Group Inc,4520,452020,45,45202020,D,USA,332410,3443,355,925,C,NH,ALPHA TECHNOLOGIES GROUP INC,AHAG
12143, , ,4/30/12,Pelham,Alpha Technologies Group Inc,4520,452020,45,45202020,D,USA,332410,3443,355,925,C,NH,ALPHA TECHNOLOGIES GROUP INC,AHAG
12143, , ,5/31/12,Pelham,Alpha Technologies Group Inc,4520,452020,45,45202020,D,USA,332410,3443,355,925,C,NH,ALPHA TECHNOLOGIES GROUP INC,AHAG
12143, , ,6/30/12,Pelham,Alpha Technologies Group Inc,4520,452020,45,45202020,D,USA,332410,3443,355,925,C,NH,ALPHA TECHNOLOGIES GROUP INC,AHAG
12143, , ,7/31/12,Pelham,Alpha Technologies Group Inc,4520,452020,45,45202020,D,USA,332410,3443,355,925,C,NH,ALPHA TECHNOLOGIES GROUP INC,AHAG
12143, , ,8/31/12,Pelham,Alpha Technologies Group Inc,4520,452020,45,45202020,D,USA,332410,3443,355,925,C,NH,ALPHA TECHNOLOGIES GROUP INC,AHAG
12143, , ,9/30/12,Pelham,Alpha Technologies Group Inc,4520,452020,45,45202020,D,USA,332410,3443,355,925,C,NH,ALPHA TECHNOLOGIES GROUP INC,AHAG
12143, , ,10/31/12,Pelham,Alpha Technologies Group Inc,4520,452020,45,45202020,D,USA,332410,3443,355,925,C,NH,ALPHA TECHNOLOGIES GROUP INC,AHAG
12143, , ,11/30/12,Pelham,Alpha Technologies Group Inc,4520,452020,45,45202020,D,USA,332410,3443,355,925,C,NH,ALPHA TECHNOLOGIES GROUP INC,AHAG
12143, , ,12/31/12,Pelham,Alpha Technologies Group Inc,4520,452020,45,45202020,D,USA,332410,3443,355,925,C,NH,ALPHA TECHNOLOGIES GROUP INC,AHAG
12143, , ,1/31/13,Pelham,Alpha Technologies Group Inc,4520,452020,45,45202020,D,USA,332410,3443,355,925,C,NH,ALPHA TECHNOLOGIES GROUP INC,AHAG
12143, , ,2/28/13,Pelham,Alpha Technologies Group Inc,4520,452020,45,45202020,D,USA,332410,3443,355,925,C,NH,ALPHA TECHNOLOGIES GROUP INC,AHAG
12143, , ,3/31/13,Pelham,Alpha Technologies Group Inc,4520,452020,45,45202020,D,USA,332410,3443,355,925,C,NH,ALPHA TECHNOLOGIES GROUP INC,AHAG
12143, , ,4/30/13,Pelham,Alpha Technologies Group Inc,4520,452020,45,45202020,D,USA,332410,3443,355,925,C,NH,ALPHA TECHNOLOGIES GROUP INC,AHAG
12143, , ,5/31/13,Pelham,Alpha Technologies Group Inc,4520,452020,45,45202020,D,USA,332410,3443,355,925,C,NH,ALPHA TECHNOLOGIES GROUP INC,AHAG
12143, , ,6/30/13,Pelham,Alpha Technologies Group Inc,4520,452020,45,45202020,D,USA,332410,3443,355,925,C,NH,ALPHA TECHNOLOGIES GROUP INC,AHAG
12143, , ,7/31/13,Pelham,Alpha Technologies Group Inc,4520,452020,45,45202020,D,USA,332410,3443,355,925,C,NH,ALPHA TECHNOLOGIES GROUP INC,AHAG
12143, , ,8/31/13,Pelham,Alpha Technologies Group Inc,4520,452020,45,45202020,D,USA,332410,3443,355,925,C,NH,ALPHA TECHNOLOGIES GROUP INC,AHAG
12143, , ,9/30/13,Pelham,Alpha Technologies Group Inc,4520,452020,45,45202020,D,USA,332410,3443,355,925,C,NH,ALPHA TECHNOLOGIES GROUP INC,AHAG
12143, , ,10/31/13,Pelham,Alpha Technologies Group Inc,4520,452020,45,45202020,D,USA,332410,3443,355,925,C,NH,ALPHA TECHNOLOGIES GROUP INC,AHAG
12171,BBB-, ,1/31/10,Clearwater,Tech Data Corp,4520,452030,45,45203030,D,USA,423430,5045,426,976,B+,FL,TECH DATA CORP,TECD
12171,BBB-, ,2/28/10,Clearwater,Tech Data Corp,4520,452030,45,45203030,D,USA,423430,5045,426,976,B+,FL,TECH DATA CORP,TECD
12171,BBB-, ,3/31/10,Clearwater,Tech Data Corp,4520,452030,45,45203030,D,USA,423430,5045,426,976,B+,FL,TECH DATA CORP,TECD
12171,BBB-, ,4/30/10,Clearwater,Tech Data Corp,4520,452030,45,45203030,D,USA,423430,5045,426,976,B+,FL,TECH DATA CORP,TECD
12171,BBB-, ,5/31/10,Clearwater,Tech Data Corp,4520,452030,45,45203030,D,USA,423430,5045,426,976,B+,FL,TECH DATA CORP,TECD
12171,BBB-, ,6/30/10,Clearwater,Tech Data Corp,4520,452030,45,45203030,D,USA,423430,5045,426,976,B+,FL,TECH DATA CORP,TECD
12171,BBB-, ,7/31/10,Clearwater,Tech Data Corp,4520,452030,45,45203030,D,USA,423430,5045,426,976,B+,FL,TECH DATA CORP,TECD
12171,BBB-, ,8/31/10,Clearwater,Tech Data Corp,4520,452030,45,45203030,D,USA,423430,5045,426,976,B+,FL,TECH DATA CORP,TECD
12171,BBB-, ,9/30/10,Clearwater,Tech Data Corp,4520,452030,45,45203030,D,USA,423430,5045,426,976,B+,FL,TECH DATA CORP,TECD
12171,BBB-, ,10/31/10,Clearwater,Tech Data Corp,4520,452030,45,45203030,D,USA,423430,5045,426,976,B+,FL,TECH DATA CORP,TECD
12171,BBB-, ,11/30/10,Clearwater,Tech Data Corp,4520,452030,45,45203030,D,USA,423430,5045,426,976,B+,FL,TECH DATA CORP,TECD
12171,BBB-, ,12/31/10,Clearwater,Tech Data Corp,4520,452030,45,45203030,D,USA,423430,5045,426,976,B+,FL,TECH DATA CORP,TECD
12171,BBB-, ,1/31/11,Clearwater,Tech Data Corp,4520,452030,45,45203030,D,USA,423430,5045,426,976,B+,FL,TECH DATA CORP,TECD
12171,BBB-, ,2/28/11,Clearwater,Tech Data Corp,4520,452030,45,45203030,D,USA,423430,5045,426,976,B+,FL,TECH DATA CORP,TECD
12171,BBB-, ,3/31/11,Clearwater,Tech Data Corp,4520,452030,45,45203030,D,USA,423430,5045,426,976,B+,FL,TECH DATA CORP,TECD
12171,BBB-, ,4/30/11,Clearwater,Tech Data Corp,4520,452030,45,45203030,D,USA,423430,5045,426,976,B+,FL,TECH DATA CORP,TECD
12171,BBB-, ,5/31/11,Clearwater,Tech Data Corp,4520,452030,45,45203030,D,USA,423430,5045,426,976,B+,FL,TECH DATA CORP,TECD
12171,BBB-, ,6/30/11,Clearwater,Tech Data Corp,4520,452030,45,45203030,D,USA,423430,5045,426,976,B+,FL,TECH DATA CORP,TECD
12171,BBB-, ,7/31/11,Clearwater,Tech Data Corp,4520,452030,45,45203030,D,USA,423430,5045,426,976,B+,FL,TECH DATA CORP,TECD
12171,BBB-, ,8/31/11,Clearwater,Tech Data Corp,4520,452030,45,45203030,D,USA,423430,5045,426,976,B+,FL,TECH DATA CORP,TECD
12171,BBB-, ,9/30/11,Clearwater,Tech Data Corp,4520,452030,45,45203030,D,USA,423430,5045,426,976,B+,FL,TECH DATA CORP,TECD
12171,BBB-, ,10/31/11,Clearwater,Tech Data Corp,4520,452030,45,45203030,D,USA,423430,5045,426,976,B+,FL,TECH DATA CORP,TECD
12171,BBB-, ,11/30/11,Clearwater,Tech Data Corp,4520,452030,45,45203030,D,USA,423430,5045,426,976,B+,FL,TECH DATA CORP,TECD
12171,BBB-, ,12/31/11,Clearwater,Tech Data Corp,4520,452030,45,45203030,D,USA,423430,5045,426,976,B+,FL,TECH DATA CORP,TECD
12171,BBB-, ,1/31/12,Clearwater,Tech Data Corp,4520,452030,45,45203030,D,USA,423430,5045,426,976,B+,FL,TECH DATA CORP,TECD
12171,BBB-, ,2/29/12,Clearwater,Tech Data Corp,4520,452030,45,45203030,D,USA,423430,5045,426,976,B+,FL,TECH DATA CORP,TECD
12171,BBB-, ,3/31/12,Clearwater,Tech Data Corp,4520,452030,45,45203030,D,USA,423430,5045,426,976,B+,FL,TECH DATA CORP,TECD
12171,BBB-, ,4/30/12,Clearwater,Tech Data Corp,4520,452030,45,45203030,D,USA,423430,5045,426,976,B+,FL,TECH DATA CORP,TECD
12171,BBB-, ,5/31/12,Clearwater,Tech Data Corp,4520,452030,45,45203030,D,USA,423430,5045,426,976,B+,FL,TECH DATA CORP,TECD
12171,BBB-, ,6/30/12,Clearwater,Tech Data Corp,4520,452030,45,45203030,D,USA,423430,5045,426,976,B+,FL,TECH DATA CORP,TECD
12171,BBB-, ,7/31/12,Clearwater,Tech Data Corp,4520,452030,45,45203030,D,USA,423430,5045,426,976,B+,FL,TECH DATA CORP,TECD
12171,BBB-, ,8/31/12,Clearwater,Tech Data Corp,4520,452030,45,45203030,D,USA,423430,5045,426,976,B+,FL,TECH DATA CORP,TECD
12171,BBB-, ,9/30/12,Clearwater,Tech Data Corp,4520,452030,45,45203030,D,USA,423430,5045,426,976,B+,FL,TECH DATA CORP,TECD
12171,BBB-, ,10/31/12,Clearwater,Tech Data Corp,4520,452030,45,45203030,D,USA,423430,5045,426,976,B+,FL,TECH DATA CORP,TECD
12171,BBB-, ,11/30/12,Clearwater,Tech Data Corp,4520,452030,45,45203030,D,USA,423430,5045,426,976,B+,FL,TECH DATA CORP,TECD
12171,BBB-, ,12/31/12,Clearwater,Tech Data Corp,4520,452030,45,45203030,D,USA,423430,5045,426,976,B+,FL,TECH DATA CORP,TECD
12171,BBB-, ,1/31/13,Clearwater,Tech Data Corp,4520,452030,45,45203030,D,USA,423430,5045,426,976,B+,FL,TECH DATA CORP,TECD
12171,BBB-, ,2/28/13,Clearwater,Tech Data Corp,4520,452030,45,45203030,D,USA,423430,5045,426,976,B+,FL,TECH DATA CORP,TECD
12171,BBB-, ,3/31/13,Clearwater,Tech Data Corp,4520,452030,45,45203030,D,USA,423430,5045,426,976,B+,FL,TECH DATA CORP,TECD
12171,BBB-, ,4/30/13,Clearwater,Tech Data Corp,4520,452030,45,45203030,D,USA,423430,5045,426,976,B+,FL,TECH DATA CORP,TECD
12171,BBB-, ,5/31/13,Clearwater,Tech Data Corp,4520,452030,45,45203030,D,USA,423430,5045,426,976,B+,FL,TECH DATA CORP,TECD
12171,BBB-, ,6/30/13,Clearwater,Tech Data Corp,4520,452030,45,45203030,D,USA,423430,5045,426,976,B+,FL,TECH DATA CORP,TECD
12171,BBB-, ,7/31/13,Clearwater,Tech Data Corp,4520,452030,45,45203030,D,USA,423430,5045,426,976,B+,FL,TECH DATA CORP,TECD
12171,BBB-, ,8/31/13,Clearwater,Tech Data Corp,4520,452030,45,45203030,D,USA,423430,5045,426,976,B+,FL,TECH DATA CORP,TECD
12171,BBB-, ,9/30/13,Clearwater,Tech Data Corp,4520,452030,45,45203030,D,USA,423430,5045,426,976,B+,FL,TECH DATA CORP,TECD
12171,BBB-, ,10/31/13,Clearwater,Tech Data Corp,4520,452030,45,45203030,D,USA,423430,5045,426,976,B+,FL,TECH DATA CORP,TECD
12171,BBB-, ,11/30/13,Clearwater,Tech Data Corp,4520,452030,45,45203030,D,USA,423430,5045,426,976,B+,FL,TECH DATA CORP,TECD
12171,BBB-, ,12/31/13,Clearwater,Tech Data Corp,4520,452030,45,45203030,D,USA,423430,5045,426,976,B+,FL,TECH DATA CORP,TECD
12171,BBB-, ,1/31/14,Clearwater,Tech Data Corp,4520,452030,45,45203030,D,USA,423430,5045,426,976,B+,FL,TECH DATA CORP,TECD
12171,BBB-, ,2/28/14,Clearwater,Tech Data Corp,4520,452030,45,45203030,D,USA,423430,5045,426,976,B+,FL,TECH DATA CORP,TECD
12171,BBB-, ,3/31/14,Clearwater,Tech Data Corp,4520,452030,45,45203030,D,USA,423430,5045,426,976,B+,FL,TECH DATA CORP,TECD
12171,BBB-, ,4/30/14,Clearwater,Tech Data Corp,4520,452030,45,45203030,D,USA,423430,5045,426,976,B+,FL,TECH DATA CORP,TECD
12171,BBB-, ,5/31/14,Clearwater,Tech Data Corp,4520,452030,45,45203030,D,USA,423430,5045,426,976,B+,FL,TECH DATA CORP,TECD
12171,BBB-, ,6/30/14,Clearwater,Tech Data Corp,4520,452030,45,45203030,D,USA,423430,5045,426,976,B+,FL,TECH DATA CORP,TECD
12189,B, ,1/31/10,Grand Rapids,X-Rite Inc,4520,452030,45,45203010,D,USA,333315,3861,230,940,B-,MI,X-RITE INC,XRIT
12189,B, ,2/28/10,Grand Rapids,X-Rite Inc,4520,452030,45,45203010,D,USA,333315,3861,230,940,B-,MI,X-RITE INC,XRIT
12189,B, ,3/31/10,Grand Rapids,X-Rite Inc,4520,452030,45,45203010,D,USA,333315,3861,230,940,B-,MI,X-RITE INC,XRIT
12189,B, ,4/30/10,Grand Rapids,X-Rite Inc,4520,452030,45,45203010,D,USA,333315,3861,230,940,B-,MI,X-RITE INC,XRIT
12189,B, ,5/31/10,Grand Rapids,X-Rite Inc,4520,452030,45,45203010,D,USA,333315,3861,230,940,B-,MI,X-RITE INC,XRIT
12189,B, ,6/30/10,Grand Rapids,X-Rite Inc,4520,452030,45,45203010,D,USA,333315,3861,230,940,B-,MI,X-RITE INC,XRIT
12189,B, ,7/31/10,Grand Rapids,X-Rite Inc,4520,452030,45,45203010,D,USA,333315,3861,230,940,B-,MI,X-RITE INC,XRIT
12189,B, ,8/31/10,Grand Rapids,X-Rite Inc,4520,452030,45,45203010,D,USA,333315,3861,230,940,B-,MI,X-RITE INC,XRIT
12189,B, ,9/30/10,Grand Rapids,X-Rite Inc,4520,452030,45,45203010,D,USA,333315,3861,230,940,B-,MI,X-RITE INC,XRIT
12189,B, ,10/31/10,Grand Rapids,X-Rite Inc,4520,452030,45,45203010,D,USA,333315,3861,230,940,B-,MI,X-RITE INC,XRIT
12189,B, ,11/30/10,Grand Rapids,X-Rite Inc,4520,452030,45,45203010,D,USA,333315,3861,230,940,B-,MI,X-RITE INC,XRIT
12189,B+, ,12/31/10,Grand Rapids,X-Rite Inc,4520,452030,45,45203010,D,USA,333315,3861,230,940,B-,MI,X-RITE INC,XRIT
12189,B+, ,1/31/11,Grand Rapids,X-Rite Inc,4520,452030,45,45203010,D,USA,333315,3861,230,940,B-,MI,X-RITE INC,XRIT
12189,B+, ,2/28/11,Grand Rapids,X-Rite Inc,4520,452030,45,45203010,D,USA,333315,3861,230,940,B-,MI,X-RITE INC,XRIT
12189,B+, ,3/31/11,Grand Rapids,X-Rite Inc,4520,452030,45,45203010,D,USA,333315,3861,230,940,B-,MI,X-RITE INC,XRIT
12189,B+, ,4/30/11,Grand Rapids,X-Rite Inc,4520,452030,45,45203010,D,USA,333315,3861,230,940,B-,MI,X-RITE INC,XRIT
12189,B+, ,5/31/11,Grand Rapids,X-Rite Inc,4520,452030,45,45203010,D,USA,333315,3861,230,940,B-,MI,X-RITE INC,XRIT
12189, , ,6/30/11,Grand Rapids,X-Rite Inc,4520,452030,45,45203010,D,USA,333315,3861,230,940,B-,MI,X-RITE INC,XRIT
12189, , ,7/31/11,Grand Rapids,X-Rite Inc,4520,452030,45,45203010,D,USA,333315,3861,230,940,B-,MI,X-RITE INC,XRIT
12189, , ,8/31/11,Grand Rapids,X-Rite Inc,4520,452030,45,45203010,D,USA,333315,3861,230,940,B-,MI,X-RITE INC,XRIT
12189, , ,9/30/11,Grand Rapids,X-Rite Inc,4520,452030,45,45203010,D,USA,333315,3861,230,940,B-,MI,X-RITE INC,XRIT
12189, , ,10/31/11,Grand Rapids,X-Rite Inc,4520,452030,45,45203010,D,USA,333315,3861,230,940,B-,MI,X-RITE INC,XRIT
12189, , ,11/30/11,Grand Rapids,X-Rite Inc,4520,452030,45,45203010,D,USA,333315,3861,230,940,B-,MI,X-RITE INC,XRIT
12189, , ,12/31/11,Grand Rapids,X-Rite Inc,4520,452030,45,45203010,D,USA,333315,3861,230,940,B-,MI,X-RITE INC,XRIT
12189, , ,1/31/12,Grand Rapids,X-Rite Inc,4520,452030,45,45203010,D,USA,333315,3861,230,940,B-,MI,X-RITE INC,XRIT
12189, , ,2/29/12,Grand Rapids,X-Rite Inc,4520,452030,45,45203010,D,USA,333315,3861,230,940,B-,MI,X-RITE INC,XRIT
12189, , ,3/31/12,Grand Rapids,X-Rite Inc,4520,452030,45,45203010,D,USA,333315,3861,230,940,B-,MI,X-RITE INC,XRIT
12189, , ,4/30/12,Grand Rapids,X-Rite Inc,4520,452030,45,45203010,D,USA,333315,3861,230,940,B-,MI,X-RITE INC,XRIT
12189, , ,5/31/12,Grand Rapids,X-Rite Inc,4520,452030,45,45203010,D,USA,333315,3861,230,940,B-,MI,X-RITE INC,XRIT
12200, , ,1/31/10,Tyson's Corner,Document Security Systems Inc-Old,4520,452030,45,45203010,D,USA,333244,3555,245,978,C,VA,DOCUMENT SECURITY SYS-OLD,DSS.1
12200, , ,2/28/10,Tyson's Corner,Document Security Systems Inc-Old,4520,452030,45,45203010,D,USA,333244,3555,245,978,C,VA,DOCUMENT SECURITY SYS-OLD,DSS.1
12200, , ,3/31/10,Tyson's Corner,Document Security Systems Inc-Old,4520,452030,45,45203010,D,USA,333244,3555,245,978,C,VA,DOCUMENT SECURITY SYS-OLD,DSS.1
12200, , ,4/30/10,Tyson's Corner,Document Security Systems Inc-Old,4520,452030,45,45203010,D,USA,333244,3555,245,978,C,VA,DOCUMENT SECURITY SYS-OLD,DSS.1
12200, , ,5/31/10,Tyson's Corner,Document Security Systems Inc-Old,4520,452030,45,45203010,D,USA,333244,3555,245,978,C,VA,DOCUMENT SECURITY SYS-OLD,DSS.1
12200, , ,6/30/10,Tyson's Corner,Document Security Systems Inc-Old,4520,452030,45,45203010,D,USA,333244,3555,245,978,C,VA,DOCUMENT SECURITY SYS-OLD,DSS.1
12200, , ,7/31/10,Tyson's Corner,Document Security Systems Inc-Old,4520,452030,45,45203010,D,USA,333244,3555,245,978,C,VA,DOCUMENT SECURITY SYS-OLD,DSS.1
12200, , ,8/31/10,Tyson's Corner,Document Security Systems Inc-Old,4520,452030,45,45203010,D,USA,333244,3555,245,978,C,VA,DOCUMENT SECURITY SYS-OLD,DSS.1
12200, , ,9/30/10,Tyson's Corner,Document Security Systems Inc-Old,4520,452030,45,45203010,D,USA,333244,3555,245,978,C,VA,DOCUMENT SECURITY SYS-OLD,DSS.1
12200, , ,10/31/10,Tyson's Corner,Document Security Systems Inc-Old,4520,452030,45,45203010,D,USA,333244,3555,245,978,C,VA,DOCUMENT SECURITY SYS-OLD,DSS.1
12200, , ,11/30/10,Tyson's Corner,Document Security Systems Inc-Old,4520,452030,45,45203010,D,USA,333244,3555,245,978,C,VA,DOCUMENT SECURITY SYS-OLD,DSS.1
12200, , ,12/31/10,Tyson's Corner,Document Security Systems Inc-Old,4520,452030,45,45203010,D,USA,333244,3555,245,978,C,VA,DOCUMENT SECURITY SYS-OLD,DSS.1
12200, , ,1/31/11,Tyson's Corner,Document Security Systems Inc-Old,4520,452030,45,45203010,D,USA,333244,3555,245,978,C,VA,DOCUMENT SECURITY SYS-OLD,DSS.1
12200, , ,2/28/11,Tyson's Corner,Document Security Systems Inc-Old,4520,452030,45,45203010,D,USA,333244,3555,245,978,C,VA,DOCUMENT SECURITY SYS-OLD,DSS.1
12200, , ,3/31/11,Tyson's Corner,Document Security Systems Inc-Old,4520,452030,45,45203010,D,USA,333244,3555,245,978,C,VA,DOCUMENT SECURITY SYS-OLD,DSS.1
12200, , ,4/30/11,Tyson's Corner,Document Security Systems Inc-Old,4520,452030,45,45203010,D,USA,333244,3555,245,978,C,VA,DOCUMENT SECURITY SYS-OLD,DSS.1
12200, , ,5/31/11,Tyson's Corner,Document Security Systems Inc-Old,4520,452030,45,45203010,D,USA,333244,3555,245,978,C,VA,DOCUMENT SECURITY SYS-OLD,DSS.1
12200, , ,6/30/11,Tyson's Corner,Document Security Systems Inc-Old,4520,452030,45,45203010,D,USA,333244,3555,245,978,C,VA,DOCUMENT SECURITY SYS-OLD,DSS.1
12200, , ,7/31/11,Tyson's Corner,Document Security Systems Inc-Old,4520,452030,45,45203010,D,USA,333244,3555,245,978,C,VA,DOCUMENT SECURITY SYS-OLD,DSS.1
12200, , ,8/31/11,Tyson's Corner,Document Security Systems Inc-Old,4520,452030,45,45203010,D,USA,333244,3555,245,978,C,VA,DOCUMENT SECURITY SYS-OLD,DSS.1
12200, , ,9/30/11,Tyson's Corner,Document Security Systems Inc-Old,4520,452030,45,45203010,D,USA,333244,3555,245,978,C,VA,DOCUMENT SECURITY SYS-OLD,DSS.1
12200, , ,10/31/11,Tyson's Corner,Document Security Systems Inc-Old,4520,452030,45,45203010,D,USA,333244,3555,245,978,C,VA,DOCUMENT SECURITY SYS-OLD,DSS.1
12200, , ,11/30/11,Tyson's Corner,Document Security Systems Inc-Old,4520,452030,45,45203010,D,USA,333244,3555,245,978,C,VA,DOCUMENT SECURITY SYS-OLD,DSS.1
12200, , ,12/31/11,Tyson's Corner,Document Security Systems Inc-Old,4520,452030,45,45203010,D,USA,333244,3555,245,978,C,VA,DOCUMENT SECURITY SYS-OLD,DSS.1
12200, , ,1/31/12,Tyson's Corner,Document Security Systems Inc-Old,4520,452030,45,45203010,D,USA,333244,3555,245,978,C,VA,DOCUMENT SECURITY SYS-OLD,DSS.1
12200, , ,2/29/12,Tyson's Corner,Document Security Systems Inc-Old,4520,452030,45,45203010,D,USA,333244,3555,245,978,C,VA,DOCUMENT SECURITY SYS-OLD,DSS.1
12200, , ,3/31/12,Tyson's Corner,Document Security Systems Inc-Old,4520,452030,45,45203010,D,USA,333244,3555,245,978,C,VA,DOCUMENT SECURITY SYS-OLD,DSS.1
12200, , ,4/30/12,Tyson's Corner,Document Security Systems Inc-Old,4520,452030,45,45203010,D,USA,333244,3555,245,978,C,VA,DOCUMENT SECURITY SYS-OLD,DSS.1
12200, , ,5/31/12,Tyson's Corner,Document Security Systems Inc-Old,4520,452030,45,45203010,D,USA,333244,3555,245,978,C,VA,DOCUMENT SECURITY SYS-OLD,DSS.1
12200, , ,6/30/12,Tyson's Corner,Document Security Systems Inc-Old,4520,452030,45,45203010,D,USA,333244,3555,245,978,C,VA,DOCUMENT SECURITY SYS-OLD,DSS.1
12200, , ,7/31/12,Tyson's Corner,Document Security Systems Inc-Old,4520,452030,45,45203010,D,USA,333244,3555,245,978,C,VA,DOCUMENT SECURITY SYS-OLD,DSS.1
12200, , ,8/31/12,Tyson's Corner,Document Security Systems Inc-Old,4520,452030,45,45203010,D,USA,333244,3555,245,978,C,VA,DOCUMENT SECURITY SYS-OLD,DSS.1
12200, , ,9/30/12,Tyson's Corner,Document Security Systems Inc-Old,4520,452030,45,45203010,D,USA,333244,3555,245,978,C,VA,DOCUMENT SECURITY SYS-OLD,DSS.1
12200, , ,10/31/12,Tyson's Corner,Document Security Systems Inc-Old,4520,452030,45,45203010,D,USA,333244,3555,245,978,C,VA,DOCUMENT SECURITY SYS-OLD,DSS.1
12200, , ,11/30/12,Tyson's Corner,Document Security Systems Inc-Old,4520,452030,45,45203010,D,USA,333244,3555,245,978,C,VA,DOCUMENT SECURITY SYS-OLD,DSS.1
12200, , ,12/31/12,Tyson's Corner,Document Security Systems Inc-Old,4520,452030,45,45203010,D,USA,333244,3555,245,978,C,VA,DOCUMENT SECURITY SYS-OLD,DSS.1
12200, , ,1/31/13,Tyson's Corner,Document Security Systems Inc-Old,4520,452030,45,45203010,D,USA,333244,3555,245,978,C,VA,DOCUMENT SECURITY SYS-OLD,DSS.1
12200, , ,2/28/13,Tyson's Corner,Document Security Systems Inc-Old,4520,452030,45,45203010,D,USA,333244,3555,245,978,C,VA,DOCUMENT SECURITY SYS-OLD,DSS.1
12200, , ,3/31/13,Tyson's Corner,Document Security Systems Inc-Old,4520,452030,45,45203010,D,USA,333244,3555,245,978,C,VA,DOCUMENT SECURITY SYS-OLD,DSS.1
12200, , ,4/30/13,Tyson's Corner,Document Security Systems Inc-Old,4520,452030,45,45203010,D,USA,333244,3555,245,978,C,VA,DOCUMENT SECURITY SYS-OLD,DSS.1
12200, , ,5/31/13,Tyson's Corner,Document Security Systems Inc-Old,4520,452030,45,45203010,D,USA,333244,3555,245,978,C,VA,DOCUMENT SECURITY SYS-OLD,DSS.1
12200, , ,6/30/13,Tyson's Corner,Document Security Systems Inc-Old,4520,452030,45,45203010,D,USA,333244,3555,245,978,C,VA,DOCUMENT SECURITY SYS-OLD,DSS.1
12212, , ,1/31/10,Morrisville,Tekelec,4520,452010,45,45201020,D,USA,334220,3663,180,940,B,NC,TEKELEC,TKLC
12212, , ,2/28/10,Morrisville,Tekelec,4520,452010,45,45201020,D,USA,334220,3663,180,940,B,NC,TEKELEC,TKLC
12212, , ,3/31/10,Morrisville,Tekelec,4520,452010,45,45201020,D,USA,334220,3663,180,940,B,NC,TEKELEC,TKLC
12212, , ,4/30/10,Morrisville,Tekelec,4520,452010,45,45201020,D,USA,334220,3663,180,940,B,NC,TEKELEC,TKLC
12212, , ,5/31/10,Morrisville,Tekelec,4520,452010,45,45201020,D,USA,334220,3663,180,940,B,NC,TEKELEC,TKLC
12212, , ,6/30/10,Morrisville,Tekelec,4520,452010,45,45201020,D,USA,334220,3663,180,940,B,NC,TEKELEC,TKLC
12212, , ,7/31/10,Morrisville,Tekelec,4520,452010,45,45201020,D,USA,334220,3663,180,940,B,NC,TEKELEC,TKLC
12212, , ,8/31/10,Morrisville,Tekelec,4520,452010,45,45201020,D,USA,334220,3663,180,940,B,NC,TEKELEC,TKLC
12212, , ,9/30/10,Morrisville,Tekelec,4520,452010,45,45201020,D,USA,334220,3663,180,940,B,NC,TEKELEC,TKLC
12212, , ,10/31/10,Morrisville,Tekelec,4520,452010,45,45201020,D,USA,334220,3663,180,940,B,NC,TEKELEC,TKLC
12212, , ,11/30/10,Morrisville,Tekelec,4520,452010,45,45201020,D,USA,334220,3663,180,940,B,NC,TEKELEC,TKLC
12212, , ,12/31/10,Morrisville,Tekelec,4520,452010,45,45201020,D,USA,334220,3663,180,940,B,NC,TEKELEC,TKLC
12212, , ,1/31/11,Morrisville,Tekelec,4520,452010,45,45201020,D,USA,334220,3663,180,940,B,NC,TEKELEC,TKLC
12212, , ,2/28/11,Morrisville,Tekelec,4520,452010,45,45201020,D,USA,334220,3663,180,940,B,NC,TEKELEC,TKLC
12212, , ,3/31/11,Morrisville,Tekelec,4520,452010,45,45201020,D,USA,334220,3663,180,940,B,NC,TEKELEC,TKLC
12212, , ,4/30/11,Morrisville,Tekelec,4520,452010,45,45201020,D,USA,334220,3663,180,940,B,NC,TEKELEC,TKLC
12212, , ,5/31/11,Morrisville,Tekelec,4520,452010,45,45201020,D,USA,334220,3663,180,940,B,NC,TEKELEC,TKLC
12212, , ,6/30/11,Morrisville,Tekelec,4520,452010,45,45201020,D,USA,334220,3663,180,940,B,NC,TEKELEC,TKLC
12212, , ,7/31/11,Morrisville,Tekelec,4520,452010,45,45201020,D,USA,334220,3663,180,940,B,NC,TEKELEC,TKLC
12212, , ,8/31/11,Morrisville,Tekelec,4520,452010,45,45201020,D,USA,334220,3663,180,940,B,NC,TEKELEC,TKLC
12212, , ,9/30/11,Morrisville,Tekelec,4520,452010,45,45201020,D,USA,334220,3663,180,940,B,NC,TEKELEC,TKLC
12212, , ,10/31/11,Morrisville,Tekelec,4520,452010,45,45201020,D,USA,334220,3663,180,940,B,NC,TEKELEC,TKLC
12212, , ,11/30/11,Morrisville,Tekelec,4520,452010,45,45201020,D,USA,334220,3663,180,940,B,NC,TEKELEC,TKLC
12212, , ,12/31/11,Morrisville,Tekelec,4520,452010,45,45201020,D,USA,334220,3663,180,940,B,NC,TEKELEC,TKLC
12212, , ,1/31/12,Morrisville,Tekelec,4520,452010,45,45201020,D,USA,334220,3663,180,940,B,NC,TEKELEC,TKLC
12236, , ,1/31/10,Hampton,Measurement Specialties Inc.,4520,452030,45,45203020,D,USA,334519,3829,345,925,B-,VA,MEASUREMENT SPECIALTIES INC,MEAS
12236, , ,2/28/10,Hampton,Measurement Specialties Inc.,4520,452030,45,45203020,D,USA,334519,3829,345,925,B-,VA,MEASUREMENT SPECIALTIES INC,MEAS
12236, , ,3/31/10,Hampton,Measurement Specialties Inc.,4520,452030,45,45203020,D,USA,334519,3829,345,925,B-,VA,MEASUREMENT SPECIALTIES INC,MEAS
12236, , ,4/30/10,Hampton,Measurement Specialties Inc.,4520,452030,45,45203020,D,USA,334519,3829,345,925,B-,VA,MEASUREMENT SPECIALTIES INC,MEAS
12236, , ,5/31/10,Hampton,Measurement Specialties Inc.,4520,452030,45,45203020,D,USA,334519,3829,345,925,B-,VA,MEASUREMENT SPECIALTIES INC,MEAS
12236, , ,6/30/10,Hampton,Measurement Specialties Inc.,4520,452030,45,45203020,D,USA,334519,3829,345,925,B-,VA,MEASUREMENT SPECIALTIES INC,MEAS
12236, , ,7/31/10,Hampton,Measurement Specialties Inc.,4520,452030,45,45203020,D,USA,334519,3829,345,925,B-,VA,MEASUREMENT SPECIALTIES INC,MEAS
12236, , ,8/31/10,Hampton,Measurement Specialties Inc.,4520,452030,45,45203020,D,USA,334519,3829,345,925,B-,VA,MEASUREMENT SPECIALTIES INC,MEAS
12236, , ,9/30/10,Hampton,Measurement Specialties Inc.,4520,452030,45,45203020,D,USA,334519,3829,345,925,B-,VA,MEASUREMENT SPECIALTIES INC,MEAS
12236, , ,10/31/10,Hampton,Measurement Specialties Inc.,4520,452030,45,45203020,D,USA,334519,3829,345,925,B-,VA,MEASUREMENT SPECIALTIES INC,MEAS
12236, , ,11/30/10,Hampton,Measurement Specialties Inc.,4520,452030,45,45203020,D,USA,334519,3829,345,925,B-,VA,MEASUREMENT SPECIALTIES INC,MEAS
12236, , ,12/31/10,Hampton,Measurement Specialties Inc.,4520,452030,45,45203020,D,USA,334519,3829,345,925,B-,VA,MEASUREMENT SPECIALTIES INC,MEAS
12236, , ,1/31/11,Hampton,Measurement Specialties Inc.,4520,452030,45,45203020,D,USA,334519,3829,345,925,B-,VA,MEASUREMENT SPECIALTIES INC,MEAS
12236, , ,2/28/11,Hampton,Measurement Specialties Inc.,4520,452030,45,45203020,D,USA,334519,3829,345,925,B-,VA,MEASUREMENT SPECIALTIES INC,MEAS
12236, , ,3/31/11,Hampton,Measurement Specialties Inc.,4520,452030,45,45203020,D,USA,334519,3829,345,925,B-,VA,MEASUREMENT SPECIALTIES INC,MEAS
12236, , ,4/30/11,Hampton,Measurement Specialties Inc.,4520,452030,45,45203020,D,USA,334519,3829,345,925,B-,VA,MEASUREMENT SPECIALTIES INC,MEAS
12236, , ,5/31/11,Hampton,Measurement Specialties Inc.,4520,452030,45,45203020,D,USA,334519,3829,345,925,B-,VA,MEASUREMENT SPECIALTIES INC,MEAS
12236, , ,6/30/11,Hampton,Measurement Specialties Inc.,4520,452030,45,45203020,D,USA,334519,3829,345,925,B-,VA,MEASUREMENT SPECIALTIES INC,MEAS
12236, , ,7/31/11,Hampton,Measurement Specialties Inc.,4520,452030,45,45203020,D,USA,334519,3829,345,925,B-,VA,MEASUREMENT SPECIALTIES INC,MEAS
12236, , ,8/31/11,Hampton,Measurement Specialties Inc.,4520,452030,45,45203020,D,USA,334519,3829,345,925,B-,VA,MEASUREMENT SPECIALTIES INC,MEAS
12236, , ,9/30/11,Hampton,Measurement Specialties Inc.,4520,452030,45,45203020,D,USA,334519,3829,345,925,B-,VA,MEASUREMENT SPECIALTIES INC,MEAS
12236, , ,10/31/11,Hampton,Measurement Specialties Inc.,4520,452030,45,45203020,D,USA,334519,3829,345,925,B-,VA,MEASUREMENT SPECIALTIES INC,MEAS
12236, , ,11/30/11,Hampton,Measurement Specialties Inc.,4520,452030,45,45203020,D,USA,334519,3829,345,925,B-,VA,MEASUREMENT SPECIALTIES INC,MEAS
12236, , ,12/31/11,Hampton,Measurement Specialties Inc.,4520,452030,45,45203020,D,USA,334519,3829,345,925,B-,VA,MEASUREMENT SPECIALTIES INC,MEAS
12236, , ,1/31/12,Hampton,Measurement Specialties Inc.,4520,452030,45,45203020,D,USA,334519,3829,345,925,B-,VA,MEASUREMENT SPECIALTIES INC,MEAS
12236, , ,2/29/12,Hampton,Measurement Specialties Inc.,4520,452030,45,45203020,D,USA,334519,3829,345,925,B-,VA,MEASUREMENT SPECIALTIES INC,MEAS
12236, , ,3/31/12,Hampton,Measurement Specialties Inc.,4520,452030,45,45203020,D,USA,334519,3829,345,925,B-,VA,MEASUREMENT SPECIALTIES INC,MEAS
12236, , ,4/30/12,Hampton,Measurement Specialties Inc.,4520,452030,45,45203020,D,USA,334519,3829,345,925,B-,VA,MEASUREMENT SPECIALTIES INC,MEAS
12236, , ,5/31/12,Hampton,Measurement Specialties Inc.,4520,452030,45,45203020,D,USA,334519,3829,345,925,B-,VA,MEASUREMENT SPECIALTIES INC,MEAS
12236, , ,6/30/12,Hampton,Measurement Specialties Inc.,4520,452030,45,45203020,D,USA,334519,3829,345,925,B-,VA,MEASUREMENT SPECIALTIES INC,MEAS
12236, , ,7/31/12,Hampton,Measurement Specialties Inc.,4520,452030,45,45203020,D,USA,334519,3829,345,925,B-,VA,MEASUREMENT SPECIALTIES INC,MEAS
12236, , ,8/31/12,Hampton,Measurement Specialties Inc.,4520,452030,45,45203020,D,USA,334519,3829,345,925,B-,VA,MEASUREMENT SPECIALTIES INC,MEAS
12236, , ,9/30/12,Hampton,Measurement Specialties Inc.,4520,452030,45,45203020,D,USA,334519,3829,345,925,B-,VA,MEASUREMENT SPECIALTIES INC,MEAS
12236, , ,10/31/12,Hampton,Measurement Specialties Inc.,4520,452030,45,45203020,D,USA,334519,3829,345,925,B-,VA,MEASUREMENT SPECIALTIES INC,MEAS
12236, , ,11/30/12,Hampton,Measurement Specialties Inc.,4520,452030,45,45203020,D,USA,334519,3829,345,925,B-,VA,MEASUREMENT SPECIALTIES INC,MEAS
12236, , ,12/31/12,Hampton,Measurement Specialties Inc.,4520,452030,45,45203020,D,USA,334519,3829,345,925,B-,VA,MEASUREMENT SPECIALTIES INC,MEAS
12236, , ,1/31/13,Hampton,Measurement Specialties Inc.,4520,452030,45,45203020,D,USA,334519,3829,345,925,B-,VA,MEASUREMENT SPECIALTIES INC,MEAS
12236, , ,2/28/13,Hampton,Measurement Specialties Inc.,4520,452030,45,45203020,D,USA,334519,3829,345,925,B-,VA,MEASUREMENT SPECIALTIES INC,MEAS
12236, , ,3/31/13,Hampton,Measurement Specialties Inc.,4520,452030,45,45203020,D,USA,334519,3829,345,925,B-,VA,MEASUREMENT SPECIALTIES INC,MEAS
12236, , ,4/30/13,Hampton,Measurement Specialties Inc.,4520,452030,45,45203020,D,USA,334519,3829,345,925,B-,VA,MEASUREMENT SPECIALTIES INC,MEAS
12236, , ,5/31/13,Hampton,Measurement Specialties Inc.,4520,452030,45,45203020,D,USA,334519,3829,345,925,B-,VA,MEASUREMENT SPECIALTIES INC,MEAS
12236, , ,6/30/13,Hampton,Measurement Specialties Inc.,4520,452030,45,45203020,D,USA,334519,3829,345,925,B-,VA,MEASUREMENT SPECIALTIES INC,MEAS
12236, , ,7/31/13,Hampton,Measurement Specialties Inc.,4520,452030,45,45203020,D,USA,334519,3829,345,925,B-,VA,MEASUREMENT SPECIALTIES INC,MEAS
12236, , ,8/31/13,Hampton,Measurement Specialties Inc.,4520,452030,45,45203020,D,USA,334519,3829,345,925,B-,VA,MEASUREMENT SPECIALTIES INC,MEAS
12236, , ,9/30/13,Hampton,Measurement Specialties Inc.,4520,452030,45,45203020,D,USA,334519,3829,345,925,B-,VA,MEASUREMENT SPECIALTIES INC,MEAS
12236, , ,10/31/13,Hampton,Measurement Specialties Inc.,4520,452030,45,45203020,D,USA,334519,3829,345,925,B-,VA,MEASUREMENT SPECIALTIES INC,MEAS
12357, , ,1/31/10,Montreal,American Video Teleconference,4520,452010,45,45201020,D,CAN,334220,3663,180,940, ,QC,AMERICAN VIDEO TELECONFERENC,AVOT
12357, , ,2/28/10,Montreal,American Video Teleconference,4520,452010,45,45201020,D,CAN,334220,3663,180,940, ,QC,AMERICAN VIDEO TELECONFERENC,AVOT
12357, , ,3/31/10,Montreal,American Video Teleconference,4520,452010,45,45201020,D,CAN,334220,3663,180,940, ,QC,AMERICAN VIDEO TELECONFERENC,AVOT
12357, , ,4/30/10,Montreal,American Video Teleconference,4520,452010,45,45201020,D,CAN,334220,3663,180,940, ,QC,AMERICAN VIDEO TELECONFERENC,AVOT
12357, , ,5/31/10,Montreal,American Video Teleconference,4520,452010,45,45201020,D,CAN,334220,3663,180,940, ,QC,AMERICAN VIDEO TELECONFERENC,AVOT
12357, , ,6/30/10,Montreal,American Video Teleconference,4520,452010,45,45201020,D,CAN,334220,3663,180,940, ,QC,AMERICAN VIDEO TELECONFERENC,AVOT
12357, , ,7/31/10,Montreal,American Video Teleconference,4520,452010,45,45201020,D,CAN,334220,3663,180,940, ,QC,AMERICAN VIDEO TELECONFERENC,AVOT
12357, , ,8/31/10,Montreal,American Video Teleconference,4520,452010,45,45201020,D,CAN,334220,3663,180,940, ,QC,AMERICAN VIDEO TELECONFERENC,AVOT
12357, , ,9/30/10,Montreal,American Video Teleconference,4520,452010,45,45201020,D,CAN,334220,3663,180,940, ,QC,AMERICAN VIDEO TELECONFERENC,AVOT
12357, , ,10/31/10,Montreal,American Video Teleconference,4520,452010,45,45201020,D,CAN,334220,3663,180,940, ,QC,AMERICAN VIDEO TELECONFERENC,AVOT
12357, , ,11/30/10,Montreal,American Video Teleconference,4520,452010,45,45201020,D,CAN,334220,3663,180,940, ,QC,AMERICAN VIDEO TELECONFERENC,AVOT
12357, , ,12/31/10,Montreal,American Video Teleconference,4520,452010,45,45201020,D,CAN,334220,3663,180,940, ,QC,AMERICAN VIDEO TELECONFERENC,AVOT
12357, , ,1/31/11,Montreal,American Video Teleconference,4520,452010,45,45201020,D,CAN,334220,3663,180,940, ,QC,AMERICAN VIDEO TELECONFERENC,AVOT
12357, , ,2/28/11,Montreal,American Video Teleconference,4520,452010,45,45201020,D,CAN,334220,3663,180,940, ,QC,AMERICAN VIDEO TELECONFERENC,AVOT
12357, , ,3/31/11,Montreal,American Video Teleconference,4520,452010,45,45201020,D,CAN,334220,3663,180,940, ,QC,AMERICAN VIDEO TELECONFERENC,AVOT
12357, , ,4/30/11,Montreal,American Video Teleconference,4520,452010,45,45201020,D,CAN,334220,3663,180,940, ,QC,AMERICAN VIDEO TELECONFERENC,AVOT
12357, , ,5/31/11,Montreal,American Video Teleconference,4520,452010,45,45201020,D,CAN,334220,3663,180,940, ,QC,AMERICAN VIDEO TELECONFERENC,AVOT
12357, , ,6/30/11,Montreal,American Video Teleconference,4520,452010,45,45201020,D,CAN,334220,3663,180,940, ,QC,AMERICAN VIDEO TELECONFERENC,AVOT
12357, , ,7/31/11,Montreal,American Video Teleconference,4520,452010,45,45201020,D,CAN,334220,3663,180,940, ,QC,AMERICAN VIDEO TELECONFERENC,AVOT
12357, , ,8/31/11,Montreal,American Video Teleconference,4520,452010,45,45201020,D,CAN,334220,3663,180,940, ,QC,AMERICAN VIDEO TELECONFERENC,AVOT
12357, , ,9/30/11,Montreal,American Video Teleconference,4520,452010,45,45201020,D,CAN,334220,3663,180,940, ,QC,AMERICAN VIDEO TELECONFERENC,AVOT
12357, , ,10/31/11,Montreal,American Video Teleconference,4520,452010,45,45201020,D,CAN,334220,3663,180,940, ,QC,AMERICAN VIDEO TELECONFERENC,AVOT
12357, , ,11/30/11,Montreal,American Video Teleconference,4520,452010,45,45201020,D,CAN,334220,3663,180,940, ,QC,AMERICAN VIDEO TELECONFERENC,AVOT
12357, , ,12/31/11,Montreal,American Video Teleconference,4520,452010,45,45201020,D,CAN,334220,3663,180,940, ,QC,AMERICAN VIDEO TELECONFERENC,AVOT
12357, , ,1/31/12,Montreal,American Video Teleconference,4520,452010,45,45201020,D,CAN,334220,3663,180,940, ,QC,AMERICAN VIDEO TELECONFERENC,AVOT
12357, , ,2/29/12,Montreal,American Video Teleconference,4520,452010,45,45201020,D,CAN,334220,3663,180,940, ,QC,AMERICAN VIDEO TELECONFERENC,AVOT
12357, , ,3/31/12,Montreal,American Video Teleconference,4520,452010,45,45201020,D,CAN,334220,3663,180,940, ,QC,AMERICAN VIDEO TELECONFERENC,AVOT
12357, , ,4/30/12,Montreal,American Video Teleconference,4520,452010,45,45201020,D,CAN,334220,3663,180,940, ,QC,AMERICAN VIDEO TELECONFERENC,AVOT
12357, , ,5/31/12,Montreal,American Video Teleconference,4520,452010,45,45201020,D,CAN,334220,3663,180,940, ,QC,AMERICAN VIDEO TELECONFERENC,AVOT
12357, , ,6/30/12,Montreal,American Video Teleconference,4520,452010,45,45201020,D,CAN,334220,3663,180,940, ,QC,AMERICAN VIDEO TELECONFERENC,AVOT
12357, , ,7/31/12,Montreal,American Video Teleconference,4520,452010,45,45201020,D,CAN,334220,3663,180,940, ,QC,AMERICAN VIDEO TELECONFERENC,AVOT
12357, , ,8/31/12,Montreal,American Video Teleconference,4520,452010,45,45201020,D,CAN,334220,3663,180,940, ,QC,AMERICAN VIDEO TELECONFERENC,AVOT
12357, , ,9/30/12,Montreal,American Video Teleconference,4520,452010,45,45201020,D,CAN,334220,3663,180,940, ,QC,AMERICAN VIDEO TELECONFERENC,AVOT
12357, , ,10/31/12,Montreal,American Video Teleconference,4520,452010,45,45201020,D,CAN,334220,3663,180,940, ,QC,AMERICAN VIDEO TELECONFERENC,AVOT
12357, , ,11/30/12,Montreal,American Video Teleconference,4520,452010,45,45201020,D,CAN,334220,3663,180,940, ,QC,AMERICAN VIDEO TELECONFERENC,AVOT
12357, , ,12/31/12,Montreal,American Video Teleconference,4520,452010,45,45201020,D,CAN,334220,3663,180,940, ,QC,AMERICAN VIDEO TELECONFERENC,AVOT
12357, , ,1/31/13,Montreal,American Video Teleconference,4520,452010,45,45201020,D,CAN,334220,3663,180,940, ,QC,AMERICAN VIDEO TELECONFERENC,AVOT
12357, , ,2/28/13,Montreal,American Video Teleconference,4520,452010,45,45201020,D,CAN,334220,3663,180,940, ,QC,AMERICAN VIDEO TELECONFERENC,AVOT
12357, , ,3/31/13,Montreal,American Video Teleconference,4520,452010,45,45201020,D,CAN,334220,3663,180,940, ,QC,AMERICAN VIDEO TELECONFERENC,AVOT
12357, , ,4/30/13,Montreal,American Video Teleconference,4520,452010,45,45201020,D,CAN,334220,3663,180,940, ,QC,AMERICAN VIDEO TELECONFERENC,AVOT
12357, , ,5/31/13,Montreal,American Video Teleconference,4520,452010,45,45201020,D,CAN,334220,3663,180,940, ,QC,AMERICAN VIDEO TELECONFERENC,AVOT
12357, , ,6/30/13,Montreal,American Video Teleconference,4520,452010,45,45201020,D,CAN,334220,3663,180,940, ,QC,AMERICAN VIDEO TELECONFERENC,AVOT
12357, , ,7/31/13,Montreal,American Video Teleconference,4520,452010,45,45201020,D,CAN,334220,3663,180,940, ,QC,AMERICAN VIDEO TELECONFERENC,AVOT
12357, , ,8/31/13,Montreal,American Video Teleconference,4520,452010,45,45201020,D,CAN,334220,3663,180,940, ,QC,AMERICAN VIDEO TELECONFERENC,AVOT
12357, , ,9/30/13,Montreal,American Video Teleconference,4520,452010,45,45201020,D,CAN,334220,3663,180,940, ,QC,AMERICAN VIDEO TELECONFERENC,AVOT
12357, , ,10/31/13,Montreal,American Video Teleconference,4520,452010,45,45201020,D,CAN,334220,3663,180,940, ,QC,AMERICAN VIDEO TELECONFERENC,AVOT
12377, , ,1/31/10,Woodbury,Research Frontiers Inc,4520,452030,45,45203010,D,USA,541712,8731,292,905,C,NY,RESEARCH FRONTIERS INC,REFR
12377, , ,2/28/10,Woodbury,Research Frontiers Inc,4520,452030,45,45203010,D,USA,541712,8731,292,905,C,NY,RESEARCH FRONTIERS INC,REFR
12377, , ,3/31/10,Woodbury,Research Frontiers Inc,4520,452030,45,45203010,D,USA,541712,8731,292,905,C,NY,RESEARCH FRONTIERS INC,REFR
12377, , ,4/30/10,Woodbury,Research Frontiers Inc,4520,452030,45,45203010,D,USA,541712,8731,292,905,C,NY,RESEARCH FRONTIERS INC,REFR
12377, , ,5/31/10,Woodbury,Research Frontiers Inc,4520,452030,45,45203010,D,USA,541712,8731,292,905,C,NY,RESEARCH FRONTIERS INC,REFR
12377, , ,6/30/10,Woodbury,Research Frontiers Inc,4520,452030,45,45203010,D,USA,541712,8731,292,905,C,NY,RESEARCH FRONTIERS INC,REFR
12377, , ,7/31/10,Woodbury,Research Frontiers Inc,4520,452030,45,45203010,D,USA,541712,8731,292,905,C,NY,RESEARCH FRONTIERS INC,REFR
12377, , ,8/31/10,Woodbury,Research Frontiers Inc,4520,452030,45,45203010,D,USA,541712,8731,292,905,C,NY,RESEARCH FRONTIERS INC,REFR
12377, , ,9/30/10,Woodbury,Research Frontiers Inc,4520,452030,45,45203010,D,USA,541712,8731,292,905,C,NY,RESEARCH FRONTIERS INC,REFR
12377, , ,10/31/10,Woodbury,Research Frontiers Inc,4520,452030,45,45203010,D,USA,541712,8731,292,905,C,NY,RESEARCH FRONTIERS INC,REFR
12377, , ,11/30/10,Woodbury,Research Frontiers Inc,4520,452030,45,45203010,D,USA,541712,8731,292,905,C,NY,RESEARCH FRONTIERS INC,REFR
12377, , ,12/31/10,Woodbury,Research Frontiers Inc,4520,452030,45,45203010,D,USA,541712,8731,292,905,C,NY,RESEARCH FRONTIERS INC,REFR
12377, , ,1/31/11,Woodbury,Research Frontiers Inc,4520,452030,45,45203010,D,USA,541712,8731,292,905,C,NY,RESEARCH FRONTIERS INC,REFR
12377, , ,2/28/11,Woodbury,Research Frontiers Inc,4520,452030,45,45203010,D,USA,541712,8731,292,905,C,NY,RESEARCH FRONTIERS INC,REFR
12377, , ,3/31/11,Woodbury,Research Frontiers Inc,4520,452030,45,45203010,D,USA,541712,8731,292,905,C,NY,RESEARCH FRONTIERS INC,REFR
12377, , ,4/30/11,Woodbury,Research Frontiers Inc,4520,452030,45,45203010,D,USA,541712,8731,292,905,C,NY,RESEARCH FRONTIERS INC,REFR
12377, , ,5/31/11,Woodbury,Research Frontiers Inc,4520,452030,45,45203010,D,USA,541712,8731,292,905,C,NY,RESEARCH FRONTIERS INC,REFR
12377, , ,6/30/11,Woodbury,Research Frontiers Inc,4520,452030,45,45203010,D,USA,541712,8731,292,905,C,NY,RESEARCH FRONTIERS INC,REFR
12377, , ,7/31/11,Woodbury,Research Frontiers Inc,4520,452030,45,45203010,D,USA,541712,8731,292,905,C,NY,RESEARCH FRONTIERS INC,REFR
12377, , ,8/31/11,Woodbury,Research Frontiers Inc,4520,452030,45,45203010,D,USA,541712,8731,292,905,C,NY,RESEARCH FRONTIERS INC,REFR
12377, , ,9/30/11,Woodbury,Research Frontiers Inc,4520,452030,45,45203010,D,USA,541712,8731,292,905,C,NY,RESEARCH FRONTIERS INC,REFR
12377, , ,10/31/11,Woodbury,Research Frontiers Inc,4520,452030,45,45203010,D,USA,541712,8731,292,905,C,NY,RESEARCH FRONTIERS INC,REFR
12377, , ,11/30/11,Woodbury,Research Frontiers Inc,4520,452030,45,45203010,D,USA,541712,8731,292,905,C,NY,RESEARCH FRONTIERS INC,REFR
12377, , ,12/31/11,Woodbury,Research Frontiers Inc,4520,452030,45,45203010,D,USA,541712,8731,292,905,C,NY,RESEARCH FRONTIERS INC,REFR
12377, , ,1/31/12,Woodbury,Research Frontiers Inc,4520,452030,45,45203010,D,USA,541712,8731,292,905,C,NY,RESEARCH FRONTIERS INC,REFR
12377, , ,2/29/12,Woodbury,Research Frontiers Inc,4520,452030,45,45203010,D,USA,541712,8731,292,905,C,NY,RESEARCH FRONTIERS INC,REFR
12377, , ,3/31/12,Woodbury,Research Frontiers Inc,4520,452030,45,45203010,D,USA,541712,8731,292,905,C,NY,RESEARCH FRONTIERS INC,REFR
12377, , ,4/30/12,Woodbury,Research Frontiers Inc,4520,452030,45,45203010,D,USA,541712,8731,292,905,C,NY,RESEARCH FRONTIERS INC,REFR
12377, , ,5/31/12,Woodbury,Research Frontiers Inc,4520,452030,45,45203010,D,USA,541712,8731,292,905,C,NY,RESEARCH FRONTIERS INC,REFR
12377, , ,6/30/12,Woodbury,Research Frontiers Inc,4520,452030,45,45203010,D,USA,541712,8731,292,905,C,NY,RESEARCH FRONTIERS INC,REFR
12377, , ,7/31/12,Woodbury,Research Frontiers Inc,4520,452030,45,45203010,D,USA,541712,8731,292,905,C,NY,RESEARCH FRONTIERS INC,REFR
12377, , ,8/31/12,Woodbury,Research Frontiers Inc,4520,452030,45,45203010,D,USA,541712,8731,292,905,C,NY,RESEARCH FRONTIERS INC,REFR
12377, , ,9/30/12,Woodbury,Research Frontiers Inc,4520,452030,45,45203010,D,USA,541712,8731,292,905,C,NY,RESEARCH FRONTIERS INC,REFR
12377, , ,10/31/12,Woodbury,Research Frontiers Inc,4520,452030,45,45203010,D,USA,541712,8731,292,905,C,NY,RESEARCH FRONTIERS INC,REFR
12377, , ,11/30/12,Woodbury,Research Frontiers Inc,4520,452030,45,45203010,D,USA,541712,8731,292,905,C,NY,RESEARCH FRONTIERS INC,REFR
12377, , ,12/31/12,Woodbury,Research Frontiers Inc,4520,452030,45,45203010,D,USA,541712,8731,292,905,C,NY,RESEARCH FRONTIERS INC,REFR
12377, , ,1/31/13,Woodbury,Research Frontiers Inc,4520,452030,45,45203010,D,USA,541712,8731,292,905,C,NY,RESEARCH FRONTIERS INC,REFR
12377, , ,2/28/13,Woodbury,Research Frontiers Inc,4520,452030,45,45203010,D,USA,541712,8731,292,905,C,NY,RESEARCH FRONTIERS INC,REFR
12377, , ,3/31/13,Woodbury,Research Frontiers Inc,4520,452030,45,45203010,D,USA,541712,8731,292,905,C,NY,RESEARCH FRONTIERS INC,REFR
12377, , ,4/30/13,Woodbury,Research Frontiers Inc,4520,452030,45,45203010,D,USA,541712,8731,292,905,C,NY,RESEARCH FRONTIERS INC,REFR
12377, , ,5/31/13,Woodbury,Research Frontiers Inc,4520,452030,45,45203010,D,USA,541712,8731,292,905,C,NY,RESEARCH FRONTIERS INC,REFR
12377, , ,6/30/13,Woodbury,Research Frontiers Inc,4520,452030,45,45203010,D,USA,541712,8731,292,905,C,NY,RESEARCH FRONTIERS INC,REFR
12377, , ,7/31/13,Woodbury,Research Frontiers Inc,4520,452030,45,45203010,D,USA,541712,8731,292,905,C,NY,RESEARCH FRONTIERS INC,REFR
12377, , ,8/31/13,Woodbury,Research Frontiers Inc,4520,452030,45,45203010,D,USA,541712,8731,292,905,C,NY,RESEARCH FRONTIERS INC,REFR
12377, , ,9/30/13,Woodbury,Research Frontiers Inc,4520,452030,45,45203010,D,USA,541712,8731,292,905,C,NY,RESEARCH FRONTIERS INC,REFR
12377, , ,10/31/13,Woodbury,Research Frontiers Inc,4520,452030,45,45203010,D,USA,541712,8731,292,905,C,NY,RESEARCH FRONTIERS INC,REFR
12400, , ,1/31/10,Mission Viejo,Dynatem Inc,4520,452020,45,45202010,D,USA,334111,3571,190,940, ,CA,DYNATEM INC,DYTM
12400, , ,2/28/10,Mission Viejo,Dynatem Inc,4520,452020,45,45202010,D,USA,334111,3571,190,940, ,CA,DYNATEM INC,DYTM
12400, , ,3/31/10,Mission Viejo,Dynatem Inc,4520,452020,45,45202010,D,USA,334111,3571,190,940, ,CA,DYNATEM INC,DYTM
12400, , ,4/30/10,Mission Viejo,Dynatem Inc,4520,452020,45,45202010,D,USA,334111,3571,190,940, ,CA,DYNATEM INC,DYTM
12400, , ,5/31/10,Mission Viejo,Dynatem Inc,4520,452020,45,45202010,D,USA,334111,3571,190,940, ,CA,DYNATEM INC,DYTM
12400, , ,6/30/10,Mission Viejo,Dynatem Inc,4520,452020,45,45202010,D,USA,334111,3571,190,940, ,CA,DYNATEM INC,DYTM
12400, , ,7/31/10,Mission Viejo,Dynatem Inc,4520,452020,45,45202010,D,USA,334111,3571,190,940, ,CA,DYNATEM INC,DYTM
12400, , ,8/31/10,Mission Viejo,Dynatem Inc,4520,452020,45,45202010,D,USA,334111,3571,190,940, ,CA,DYNATEM INC,DYTM
12400, , ,9/30/10,Mission Viejo,Dynatem Inc,4520,452020,45,45202010,D,USA,334111,3571,190,940, ,CA,DYNATEM INC,DYTM
12400, , ,10/31/10,Mission Viejo,Dynatem Inc,4520,452020,45,45202010,D,USA,334111,3571,190,940, ,CA,DYNATEM INC,DYTM
12400, , ,11/30/10,Mission Viejo,Dynatem Inc,4520,452020,45,45202010,D,USA,334111,3571,190,940, ,CA,DYNATEM INC,DYTM
12400, , ,12/31/10,Mission Viejo,Dynatem Inc,4520,452020,45,45202010,D,USA,334111,3571,190,940, ,CA,DYNATEM INC,DYTM
12400, , ,1/31/11,Mission Viejo,Dynatem Inc,4520,452020,45,45202010,D,USA,334111,3571,190,940, ,CA,DYNATEM INC,DYTM
12400, , ,2/28/11,Mission Viejo,Dynatem Inc,4520,452020,45,45202010,D,USA,334111,3571,190,940, ,CA,DYNATEM INC,DYTM
12400, , ,3/31/11,Mission Viejo,Dynatem Inc,4520,452020,45,45202010,D,USA,334111,3571,190,940, ,CA,DYNATEM INC,DYTM
12400, , ,4/30/11,Mission Viejo,Dynatem Inc,4520,452020,45,45202010,D,USA,334111,3571,190,940, ,CA,DYNATEM INC,DYTM
12400, , ,5/31/11,Mission Viejo,Dynatem Inc,4520,452020,45,45202010,D,USA,334111,3571,190,940, ,CA,DYNATEM INC,DYTM
12400, , ,6/30/11,Mission Viejo,Dynatem Inc,4520,452020,45,45202010,D,USA,334111,3571,190,940, ,CA,DYNATEM INC,DYTM
12400, , ,7/31/11,Mission Viejo,Dynatem Inc,4520,452020,45,45202010,D,USA,334111,3571,190,940, ,CA,DYNATEM INC,DYTM
12400, , ,8/31/11,Mission Viejo,Dynatem Inc,4520,452020,45,45202010,D,USA,334111,3571,190,940, ,CA,DYNATEM INC,DYTM
12400, , ,9/30/11,Mission Viejo,Dynatem Inc,4520,452020,45,45202010,D,USA,334111,3571,190,940, ,CA,DYNATEM INC,DYTM
12400, , ,10/31/11,Mission Viejo,Dynatem Inc,4520,452020,45,45202010,D,USA,334111,3571,190,940, ,CA,DYNATEM INC,DYTM
12400, , ,11/30/11,Mission Viejo,Dynatem Inc,4520,452020,45,45202010,D,USA,334111,3571,190,940, ,CA,DYNATEM INC,DYTM
12400, , ,12/31/11,Mission Viejo,Dynatem Inc,4520,452020,45,45202010,D,USA,334111,3571,190,940, ,CA,DYNATEM INC,DYTM
12400, , ,1/31/12,Mission Viejo,Dynatem Inc,4520,452020,45,45202010,D,USA,334111,3571,190,940, ,CA,DYNATEM INC,DYTM
12400, , ,2/29/12,Mission Viejo,Dynatem Inc,4520,452020,45,45202010,D,USA,334111,3571,190,940, ,CA,DYNATEM INC,DYTM
12400, , ,3/31/12,Mission Viejo,Dynatem Inc,4520,452020,45,45202010,D,USA,334111,3571,190,940, ,CA,DYNATEM INC,DYTM
12400, , ,4/30/12,Mission Viejo,Dynatem Inc,4520,452020,45,45202010,D,USA,334111,3571,190,940, ,CA,DYNATEM INC,DYTM
12400, , ,5/31/12,Mission Viejo,Dynatem Inc,4520,452020,45,45202010,D,USA,334111,3571,190,940, ,CA,DYNATEM INC,DYTM
12400, , ,6/30/12,Mission Viejo,Dynatem Inc,4520,452020,45,45202010,D,USA,334111,3571,190,940, ,CA,DYNATEM INC,DYTM
12400, , ,7/31/12,Mission Viejo,Dynatem Inc,4520,452020,45,45202010,D,USA,334111,3571,190,940, ,CA,DYNATEM INC,DYTM
12400, , ,8/31/12,Mission Viejo,Dynatem Inc,4520,452020,45,45202010,D,USA,334111,3571,190,940, ,CA,DYNATEM INC,DYTM
12400, , ,9/30/12,Mission Viejo,Dynatem Inc,4520,452020,45,45202010,D,USA,334111,3571,190,940, ,CA,DYNATEM INC,DYTM
12400, , ,10/31/12,Mission Viejo,Dynatem Inc,4520,452020,45,45202010,D,USA,334111,3571,190,940, ,CA,DYNATEM INC,DYTM
12400, , ,11/30/12,Mission Viejo,Dynatem Inc,4520,452020,45,45202010,D,USA,334111,3571,190,940, ,CA,DYNATEM INC,DYTM
12400, , ,12/31/12,Mission Viejo,Dynatem Inc,4520,452020,45,45202010,D,USA,334111,3571,190,940, ,CA,DYNATEM INC,DYTM
12400, , ,1/31/13,Mission Viejo,Dynatem Inc,4520,452020,45,45202010,D,USA,334111,3571,190,940, ,CA,DYNATEM INC,DYTM
12400, , ,2/28/13,Mission Viejo,Dynatem Inc,4520,452020,45,45202010,D,USA,334111,3571,190,940, ,CA,DYNATEM INC,DYTM
12400, , ,3/31/13,Mission Viejo,Dynatem Inc,4520,452020,45,45202010,D,USA,334111,3571,190,940, ,CA,DYNATEM INC,DYTM
12400, , ,4/30/13,Mission Viejo,Dynatem Inc,4520,452020,45,45202010,D,USA,334111,3571,190,940, ,CA,DYNATEM INC,DYTM
12400, , ,5/31/13,Mission Viejo,Dynatem Inc,4520,452020,45,45202010,D,USA,334111,3571,190,940, ,CA,DYNATEM INC,DYTM
12400, , ,6/30/13,Mission Viejo,Dynatem Inc,4520,452020,45,45202010,D,USA,334111,3571,190,940, ,CA,DYNATEM INC,DYTM
12400, , ,7/31/13,Mission Viejo,Dynatem Inc,4520,452020,45,45202010,D,USA,334111,3571,190,940, ,CA,DYNATEM INC,DYTM
12400, , ,8/31/13,Mission Viejo,Dynatem Inc,4520,452020,45,45202010,D,USA,334111,3571,190,940, ,CA,DYNATEM INC,DYTM
12400, , ,9/30/13,Mission Viejo,Dynatem Inc,4520,452020,45,45202010,D,USA,334111,3571,190,940, ,CA,DYNATEM INC,DYTM
12400, , ,10/31/13,Mission Viejo,Dynatem Inc,4520,452020,45,45202010,D,USA,334111,3571,190,940, ,CA,DYNATEM INC,DYTM
12435, , ,1/31/10,Hauppauge,Cyber Digital Inc,4520,452010,45,45201020,D,USA,334118,3576,190,940, ,NY,CYBER DIGITAL INC,CYBD
12435, , ,2/28/10,Hauppauge,Cyber Digital Inc,4520,452010,45,45201020,D,USA,334118,3576,190,940, ,NY,CYBER DIGITAL INC,CYBD
12435, , ,3/31/10,Hauppauge,Cyber Digital Inc,4520,452010,45,45201020,D,USA,334118,3576,190,940, ,NY,CYBER DIGITAL INC,CYBD
12435, , ,4/30/10,Hauppauge,Cyber Digital Inc,4520,452010,45,45201020,D,USA,334118,3576,190,940, ,NY,CYBER DIGITAL INC,CYBD
12435, , ,5/31/10,Hauppauge,Cyber Digital Inc,4520,452010,45,45201020,D,USA,334118,3576,190,940, ,NY,CYBER DIGITAL INC,CYBD
12435, , ,6/30/10,Hauppauge,Cyber Digital Inc,4520,452010,45,45201020,D,USA,334118,3576,190,940, ,NY,CYBER DIGITAL INC,CYBD
12435, , ,7/31/10,Hauppauge,Cyber Digital Inc,4520,452010,45,45201020,D,USA,334118,3576,190,940, ,NY,CYBER DIGITAL INC,CYBD
12435, , ,8/31/10,Hauppauge,Cyber Digital Inc,4520,452010,45,45201020,D,USA,334118,3576,190,940, ,NY,CYBER DIGITAL INC,CYBD
12435, , ,9/30/10,Hauppauge,Cyber Digital Inc,4520,452010,45,45201020,D,USA,334118,3576,190,940, ,NY,CYBER DIGITAL INC,CYBD
12435, , ,10/31/10,Hauppauge,Cyber Digital Inc,4520,452010,45,45201020,D,USA,334118,3576,190,940, ,NY,CYBER DIGITAL INC,CYBD
12435, , ,11/30/10,Hauppauge,Cyber Digital Inc,4520,452010,45,45201020,D,USA,334118,3576,190,940, ,NY,CYBER DIGITAL INC,CYBD
12435, , ,12/31/10,Hauppauge,Cyber Digital Inc,4520,452010,45,45201020,D,USA,334118,3576,190,940, ,NY,CYBER DIGITAL INC,CYBD
12435, , ,1/31/11,Hauppauge,Cyber Digital Inc,4520,452010,45,45201020,D,USA,334118,3576,190,940, ,NY,CYBER DIGITAL INC,CYBD
12435, , ,2/28/11,Hauppauge,Cyber Digital Inc,4520,452010,45,45201020,D,USA,334118,3576,190,940, ,NY,CYBER DIGITAL INC,CYBD
12435, , ,3/31/11,Hauppauge,Cyber Digital Inc,4520,452010,45,45201020,D,USA,334118,3576,190,940, ,NY,CYBER DIGITAL INC,CYBD
12435, , ,4/30/11,Hauppauge,Cyber Digital Inc,4520,452010,45,45201020,D,USA,334118,3576,190,940, ,NY,CYBER DIGITAL INC,CYBD
12435, , ,5/31/11,Hauppauge,Cyber Digital Inc,4520,452010,45,45201020,D,USA,334118,3576,190,940, ,NY,CYBER DIGITAL INC,CYBD
12435, , ,6/30/11,Hauppauge,Cyber Digital Inc,4520,452010,45,45201020,D,USA,334118,3576,190,940, ,NY,CYBER DIGITAL INC,CYBD
12435, , ,7/31/11,Hauppauge,Cyber Digital Inc,4520,452010,45,45201020,D,USA,334118,3576,190,940, ,NY,CYBER DIGITAL INC,CYBD
12435, , ,8/31/11,Hauppauge,Cyber Digital Inc,4520,452010,45,45201020,D,USA,334118,3576,190,940, ,NY,CYBER DIGITAL INC,CYBD
12435, , ,9/30/11,Hauppauge,Cyber Digital Inc,4520,452010,45,45201020,D,USA,334118,3576,190,940, ,NY,CYBER DIGITAL INC,CYBD
12435, , ,10/31/11,Hauppauge,Cyber Digital Inc,4520,452010,45,45201020,D,USA,334118,3576,190,940, ,NY,CYBER DIGITAL INC,CYBD
12435, , ,11/30/11,Hauppauge,Cyber Digital Inc,4520,452010,45,45201020,D,USA,334118,3576,190,940, ,NY,CYBER DIGITAL INC,CYBD
12435, , ,12/31/11,Hauppauge,Cyber Digital Inc,4520,452010,45,45201020,D,USA,334118,3576,190,940, ,NY,CYBER DIGITAL INC,CYBD
12435, , ,1/31/12,Hauppauge,Cyber Digital Inc,4520,452010,45,45201020,D,USA,334118,3576,190,940, ,NY,CYBER DIGITAL INC,CYBD
12435, , ,2/29/12,Hauppauge,Cyber Digital Inc,4520,452010,45,45201020,D,USA,334118,3576,190,940, ,NY,CYBER DIGITAL INC,CYBD
12435, , ,3/31/12,Hauppauge,Cyber Digital Inc,4520,452010,45,45201020,D,USA,334118,3576,190,940, ,NY,CYBER DIGITAL INC,CYBD
12435, , ,4/30/12,Hauppauge,Cyber Digital Inc,4520,452010,45,45201020,D,USA,334118,3576,190,940, ,NY,CYBER DIGITAL INC,CYBD
12435, , ,5/31/12,Hauppauge,Cyber Digital Inc,4520,452010,45,45201020,D,USA,334118,3576,190,940, ,NY,CYBER DIGITAL INC,CYBD
12435, , ,6/30/12,Hauppauge,Cyber Digital Inc,4520,452010,45,45201020,D,USA,334118,3576,190,940, ,NY,CYBER DIGITAL INC,CYBD
12435, , ,7/31/12,Hauppauge,Cyber Digital Inc,4520,452010,45,45201020,D,USA,334118,3576,190,940, ,NY,CYBER DIGITAL INC,CYBD
12435, , ,8/31/12,Hauppauge,Cyber Digital Inc,4520,452010,45,45201020,D,USA,334118,3576,190,940, ,NY,CYBER DIGITAL INC,CYBD
12435, , ,9/30/12,Hauppauge,Cyber Digital Inc,4520,452010,45,45201020,D,USA,334118,3576,190,940, ,NY,CYBER DIGITAL INC,CYBD
12435, , ,10/31/12,Hauppauge,Cyber Digital Inc,4520,452010,45,45201020,D,USA,334118,3576,190,940, ,NY,CYBER DIGITAL INC,CYBD
12435, , ,11/30/12,Hauppauge,Cyber Digital Inc,4520,452010,45,45201020,D,USA,334118,3576,190,940, ,NY,CYBER DIGITAL INC,CYBD
12435, , ,12/31/12,Hauppauge,Cyber Digital Inc,4520,452010,45,45201020,D,USA,334118,3576,190,940, ,NY,CYBER DIGITAL INC,CYBD
12435, , ,1/31/13,Hauppauge,Cyber Digital Inc,4520,452010,45,45201020,D,USA,334118,3576,190,940, ,NY,CYBER DIGITAL INC,CYBD
12435, , ,2/28/13,Hauppauge,Cyber Digital Inc,4520,452010,45,45201020,D,USA,334118,3576,190,940, ,NY,CYBER DIGITAL INC,CYBD
12435, , ,3/31/13,Hauppauge,Cyber Digital Inc,4520,452010,45,45201020,D,USA,334118,3576,190,940, ,NY,CYBER DIGITAL INC,CYBD
12435, , ,4/30/13,Hauppauge,Cyber Digital Inc,4520,452010,45,45201020,D,USA,334118,3576,190,940, ,NY,CYBER DIGITAL INC,CYBD
12435, , ,5/31/13,Hauppauge,Cyber Digital Inc,4520,452010,45,45201020,D,USA,334118,3576,190,940, ,NY,CYBER DIGITAL INC,CYBD
12435, , ,6/30/13,Hauppauge,Cyber Digital Inc,4520,452010,45,45201020,D,USA,334118,3576,190,940, ,NY,CYBER DIGITAL INC,CYBD
12435, , ,7/31/13,Hauppauge,Cyber Digital Inc,4520,452010,45,45201020,D,USA,334118,3576,190,940, ,NY,CYBER DIGITAL INC,CYBD
12435, , ,8/31/13,Hauppauge,Cyber Digital Inc,4520,452010,45,45201020,D,USA,334118,3576,190,940, ,NY,CYBER DIGITAL INC,CYBD
12435, , ,9/30/13,Hauppauge,Cyber Digital Inc,4520,452010,45,45201020,D,USA,334118,3576,190,940, ,NY,CYBER DIGITAL INC,CYBD
12435, , ,10/31/13,Hauppauge,Cyber Digital Inc,4520,452010,45,45201020,D,USA,334118,3576,190,940, ,NY,CYBER DIGITAL INC,CYBD
12482, , ,1/31/10,Plymouth,Clearfield Inc,4520,452010,45,45201020,D,USA,333314,3827,230,940,B-,MN,CLEARFIELD INC,CLFD
12482, , ,2/28/10,Plymouth,Clearfield Inc,4520,452010,45,45201020,D,USA,333314,3827,230,940,B-,MN,CLEARFIELD INC,CLFD
12482, , ,3/31/10,Plymouth,Clearfield Inc,4520,452010,45,45201020,D,USA,333314,3827,230,940,B-,MN,CLEARFIELD INC,CLFD
12482, , ,4/30/10,Plymouth,Clearfield Inc,4520,452010,45,45201020,D,USA,333314,3827,230,940,B-,MN,CLEARFIELD INC,CLFD
12482, , ,5/31/10,Plymouth,Clearfield Inc,4520,452010,45,45201020,D,USA,333314,3827,230,940,B-,MN,CLEARFIELD INC,CLFD
12482, , ,6/30/10,Plymouth,Clearfield Inc,4520,452010,45,45201020,D,USA,333314,3827,230,940,B-,MN,CLEARFIELD INC,CLFD
12482, , ,7/31/10,Plymouth,Clearfield Inc,4520,452010,45,45201020,D,USA,333314,3827,230,940,B-,MN,CLEARFIELD INC,CLFD
12482, , ,8/31/10,Plymouth,Clearfield Inc,4520,452010,45,45201020,D,USA,333314,3827,230,940,B-,MN,CLEARFIELD INC,CLFD
12482, , ,9/30/10,Plymouth,Clearfield Inc,4520,452010,45,45201020,D,USA,333314,3827,230,940,B-,MN,CLEARFIELD INC,CLFD
12482, , ,10/31/10,Plymouth,Clearfield Inc,4520,452010,45,45201020,D,USA,333314,3827,230,940,B-,MN,CLEARFIELD INC,CLFD
12482, , ,11/30/10,Plymouth,Clearfield Inc,4520,452010,45,45201020,D,USA,333314,3827,230,940,B-,MN,CLEARFIELD INC,CLFD
12482, , ,12/31/10,Plymouth,Clearfield Inc,4520,452010,45,45201020,D,USA,333314,3827,230,940,B-,MN,CLEARFIELD INC,CLFD
12482, , ,1/31/11,Plymouth,Clearfield Inc,4520,452010,45,45201020,D,USA,333314,3827,230,940,B-,MN,CLEARFIELD INC,CLFD
12482, , ,2/28/11,Plymouth,Clearfield Inc,4520,452010,45,45201020,D,USA,333314,3827,230,940,B-,MN,CLEARFIELD INC,CLFD
12482, , ,3/31/11,Plymouth,Clearfield Inc,4520,452010,45,45201020,D,USA,333314,3827,230,940,B-,MN,CLEARFIELD INC,CLFD
12482, , ,4/30/11,Plymouth,Clearfield Inc,4520,452010,45,45201020,D,USA,333314,3827,230,940,B-,MN,CLEARFIELD INC,CLFD
12482, , ,5/31/11,Plymouth,Clearfield Inc,4520,452010,45,45201020,D,USA,333314,3827,230,940,B-,MN,CLEARFIELD INC,CLFD
12482, , ,6/30/11,Plymouth,Clearfield Inc,4520,452010,45,45201020,D,USA,333314,3827,230,940,B-,MN,CLEARFIELD INC,CLFD
12482, , ,7/31/11,Plymouth,Clearfield Inc,4520,452010,45,45201020,D,USA,333314,3827,230,940,B-,MN,CLEARFIELD INC,CLFD
12482, , ,8/31/11,Plymouth,Clearfield Inc,4520,452010,45,45201020,D,USA,333314,3827,230,940,B-,MN,CLEARFIELD INC,CLFD
12482, , ,9/30/11,Plymouth,Clearfield Inc,4520,452010,45,45201020,D,USA,333314,3827,230,940,B-,MN,CLEARFIELD INC,CLFD
12482, , ,10/31/11,Plymouth,Clearfield Inc,4520,452010,45,45201020,D,USA,333314,3827,230,940,B-,MN,CLEARFIELD INC,CLFD
12482, , ,11/30/11,Plymouth,Clearfield Inc,4520,452010,45,45201020,D,USA,333314,3827,230,940,B-,MN,CLEARFIELD INC,CLFD
12482, , ,12/31/11,Plymouth,Clearfield Inc,4520,452010,45,45201020,D,USA,333314,3827,230,940,B-,MN,CLEARFIELD INC,CLFD
12482, , ,1/31/12,Plymouth,Clearfield Inc,4520,452010,45,45201020,D,USA,333314,3827,230,940,B-,MN,CLEARFIELD INC,CLFD
12482, , ,2/29/12,Plymouth,Clearfield Inc,4520,452010,45,45201020,D,USA,333314,3827,230,940,B-,MN,CLEARFIELD INC,CLFD
12482, , ,3/31/12,Plymouth,Clearfield Inc,4520,452010,45,45201020,D,USA,333314,3827,230,940,B-,MN,CLEARFIELD INC,CLFD
12482, , ,4/30/12,Plymouth,Clearfield Inc,4520,452010,45,45201020,D,USA,333314,3827,230,940,B-,MN,CLEARFIELD INC,CLFD
12482, , ,5/31/12,Plymouth,Clearfield Inc,4520,452010,45,45201020,D,USA,333314,3827,230,940,B-,MN,CLEARFIELD INC,CLFD
12482, , ,6/30/12,Plymouth,Clearfield Inc,4520,452010,45,45201020,D,USA,333314,3827,230,940,B-,MN,CLEARFIELD INC,CLFD
12482, , ,7/31/12,Plymouth,Clearfield Inc,4520,452010,45,45201020,D,USA,333314,3827,230,940,B-,MN,CLEARFIELD INC,CLFD
12482, , ,8/31/12,Plymouth,Clearfield Inc,4520,452010,45,45201020,D,USA,333314,3827,230,940,B-,MN,CLEARFIELD INC,CLFD
12482, , ,9/30/12,Plymouth,Clearfield Inc,4520,452010,45,45201020,D,USA,333314,3827,230,940,B-,MN,CLEARFIELD INC,CLFD
12482, , ,10/31/12,Plymouth,Clearfield Inc,4520,452010,45,45201020,D,USA,333314,3827,230,940,B-,MN,CLEARFIELD INC,CLFD
12482, , ,11/30/12,Plymouth,Clearfield Inc,4520,452010,45,45201020,D,USA,333314,3827,230,940,B-,MN,CLEARFIELD INC,CLFD
12482, , ,12/31/12,Plymouth,Clearfield Inc,4520,452010,45,45201020,D,USA,333314,3827,230,940,B-,MN,CLEARFIELD INC,CLFD
12482, , ,1/31/13,Plymouth,Clearfield Inc,4520,452010,45,45201020,D,USA,333314,3827,230,940,B-,MN,CLEARFIELD INC,CLFD
12482, , ,2/28/13,Plymouth,Clearfield Inc,4520,452010,45,45201020,D,USA,333314,3827,230,940,B-,MN,CLEARFIELD INC,CLFD
12482, , ,3/31/13,Plymouth,Clearfield Inc,4520,452010,45,45201020,D,USA,333314,3827,230,940,B-,MN,CLEARFIELD INC,CLFD
12482, , ,4/30/13,Plymouth,Clearfield Inc,4520,452010,45,45201020,D,USA,333314,3827,230,940,B-,MN,CLEARFIELD INC,CLFD
12482, , ,5/31/13,Plymouth,Clearfield Inc,4520,452010,45,45201020,D,USA,333314,3827,230,940,B-,MN,CLEARFIELD INC,CLFD
12482, , ,6/30/13,Plymouth,Clearfield Inc,4520,452010,45,45201020,D,USA,333314,3827,230,940,B-,MN,CLEARFIELD INC,CLFD
12482, , ,7/31/13,Plymouth,Clearfield Inc,4520,452010,45,45201020,D,USA,333314,3827,230,940,B-,MN,CLEARFIELD INC,CLFD
12482, , ,8/31/13,Plymouth,Clearfield Inc,4520,452010,45,45201020,D,USA,333314,3827,230,940,B-,MN,CLEARFIELD INC,CLFD
12482, , ,9/30/13,Plymouth,Clearfield Inc,4520,452010,45,45201020,D,USA,333314,3827,230,940,B-,MN,CLEARFIELD INC,CLFD
12482, , ,10/31/13,Plymouth,Clearfield Inc,4520,452010,45,45201020,D,USA,333314,3827,230,940,B-,MN,CLEARFIELD INC,CLFD
12522, , ,1/31/10,Netanya,Rada Electronics Industries Ltd,4520,452030,45,45203010,D,ISR,334511,3812,220,925, , ,RADA ELECTRONIC INDS,RADA
12522, , ,2/28/10,Netanya,Rada Electronics Industries Ltd,4520,452030,45,45203010,D,ISR,334511,3812,220,925, , ,RADA ELECTRONIC INDS,RADA
12522, , ,3/31/10,Netanya,Rada Electronics Industries Ltd,4520,452030,45,45203010,D,ISR,334511,3812,220,925, , ,RADA ELECTRONIC INDS,RADA
12522, , ,4/30/10,Netanya,Rada Electronics Industries Ltd,4520,452030,45,45203010,D,ISR,334511,3812,220,925, , ,RADA ELECTRONIC INDS,RADA
12522, , ,5/31/10,Netanya,Rada Electronics Industries Ltd,4520,452030,45,45203010,D,ISR,334511,3812,220,925, , ,RADA ELECTRONIC INDS,RADA
12522, , ,6/30/10,Netanya,Rada Electronics Industries Ltd,4520,452030,45,45203010,D,ISR,334511,3812,220,925, , ,RADA ELECTRONIC INDS,RADA
12522, , ,7/31/10,Netanya,Rada Electronics Industries Ltd,4520,452030,45,45203010,D,ISR,334511,3812,220,925, , ,RADA ELECTRONIC INDS,RADA
12522, , ,8/31/10,Netanya,Rada Electronics Industries Ltd,4520,452030,45,45203010,D,ISR,334511,3812,220,925, , ,RADA ELECTRONIC INDS,RADA
12522, , ,9/30/10,Netanya,Rada Electronics Industries Ltd,4520,452030,45,45203010,D,ISR,334511,3812,220,925, , ,RADA ELECTRONIC INDS,RADA
12522, , ,10/31/10,Netanya,Rada Electronics Industries Ltd,4520,452030,45,45203010,D,ISR,334511,3812,220,925, , ,RADA ELECTRONIC INDS,RADA
12522, , ,11/30/10,Netanya,Rada Electronics Industries Ltd,4520,452030,45,45203010,D,ISR,334511,3812,220,925, , ,RADA ELECTRONIC INDS,RADA
12522, , ,12/31/10,Netanya,Rada Electronics Industries Ltd,4520,452030,45,45203010,D,ISR,334511,3812,220,925, , ,RADA ELECTRONIC INDS,RADA
12522, , ,1/31/11,Netanya,Rada Electronics Industries Ltd,4520,452030,45,45203010,D,ISR,334511,3812,220,925, , ,RADA ELECTRONIC INDS,RADA
12522, , ,2/28/11,Netanya,Rada Electronics Industries Ltd,4520,452030,45,45203010,D,ISR,334511,3812,220,925, , ,RADA ELECTRONIC INDS,RADA
12522, , ,3/31/11,Netanya,Rada Electronics Industries Ltd,4520,452030,45,45203010,D,ISR,334511,3812,220,925, , ,RADA ELECTRONIC INDS,RADA
12522, , ,4/30/11,Netanya,Rada Electronics Industries Ltd,4520,452030,45,45203010,D,ISR,334511,3812,220,925, , ,RADA ELECTRONIC INDS,RADA
12522, , ,5/31/11,Netanya,Rada Electronics Industries Ltd,4520,452030,45,45203010,D,ISR,334511,3812,220,925, , ,RADA ELECTRONIC INDS,RADA
12522, , ,6/30/11,Netanya,Rada Electronics Industries Ltd,4520,452030,45,45203010,D,ISR,334511,3812,220,925, , ,RADA ELECTRONIC INDS,RADA
12522, , ,7/31/11,Netanya,Rada Electronics Industries Ltd,4520,452030,45,45203010,D,ISR,334511,3812,220,925, , ,RADA ELECTRONIC INDS,RADA
12522, , ,8/31/11,Netanya,Rada Electronics Industries Ltd,4520,452030,45,45203010,D,ISR,334511,3812,220,925, , ,RADA ELECTRONIC INDS,RADA
12522, , ,9/30/11,Netanya,Rada Electronics Industries Ltd,4520,452030,45,45203010,D,ISR,334511,3812,220,925, , ,RADA ELECTRONIC INDS,RADA
12522, , ,10/31/11,Netanya,Rada Electronics Industries Ltd,4520,452030,45,45203010,D,ISR,334511,3812,220,925, , ,RADA ELECTRONIC INDS,RADA
12522, , ,11/30/11,Netanya,Rada Electronics Industries Ltd,4520,452030,45,45203010,D,ISR,334511,3812,220,925, , ,RADA ELECTRONIC INDS,RADA
12522, , ,12/31/11,Netanya,Rada Electronics Industries Ltd,4520,452030,45,45203010,D,ISR,334511,3812,220,925, , ,RADA ELECTRONIC INDS,RADA
12522, , ,1/31/12,Netanya,Rada Electronics Industries Ltd,4520,452030,45,45203010,D,ISR,334511,3812,220,925, , ,RADA ELECTRONIC INDS,RADA
12522, , ,2/29/12,Netanya,Rada Electronics Industries Ltd,4520,452030,45,45203010,D,ISR,334511,3812,220,925, , ,RADA ELECTRONIC INDS,RADA
12522, , ,3/31/12,Netanya,Rada Electronics Industries Ltd,4520,452030,45,45203010,D,ISR,334511,3812,220,925, , ,RADA ELECTRONIC INDS,RADA
12522, , ,4/30/12,Netanya,Rada Electronics Industries Ltd,4520,452030,45,45203010,D,ISR,334511,3812,220,925, , ,RADA ELECTRONIC INDS,RADA
12522, , ,5/31/12,Netanya,Rada Electronics Industries Ltd,4520,452030,45,45203010,D,ISR,334511,3812,220,925, , ,RADA ELECTRONIC INDS,RADA
12522, , ,6/30/12,Netanya,Rada Electronics Industries Ltd,4520,452030,45,45203010,D,ISR,334511,3812,220,925, , ,RADA ELECTRONIC INDS,RADA
12522, , ,7/31/12,Netanya,Rada Electronics Industries Ltd,4520,452030,45,45203010,D,ISR,334511,3812,220,925, , ,RADA ELECTRONIC INDS,RADA
12522, , ,8/31/12,Netanya,Rada Electronics Industries Ltd,4520,452030,45,45203010,D,ISR,334511,3812,220,925, , ,RADA ELECTRONIC INDS,RADA
12522, , ,9/30/12,Netanya,Rada Electronics Industries Ltd,4520,452030,45,45203010,D,ISR,334511,3812,220,925, , ,RADA ELECTRONIC INDS,RADA
12522, , ,10/31/12,Netanya,Rada Electronics Industries Ltd,4520,452030,45,45203010,D,ISR,334511,3812,220,925, , ,RADA ELECTRONIC INDS,RADA
12522, , ,11/30/12,Netanya,Rada Electronics Industries Ltd,4520,452030,45,45203010,D,ISR,334511,3812,220,925, , ,RADA ELECTRONIC INDS,RADA
12522, , ,12/31/12,Netanya,Rada Electronics Industries Ltd,4520,452030,45,45203010,D,ISR,334511,3812,220,925, , ,RADA ELECTRONIC INDS,RADA
12522, , ,1/31/13,Netanya,Rada Electronics Industries Ltd,4520,452030,45,45203010,D,ISR,334511,3812,220,925, , ,RADA ELECTRONIC INDS,RADA
12522, , ,2/28/13,Netanya,Rada Electronics Industries Ltd,4520,452030,45,45203010,D,ISR,334511,3812,220,925, , ,RADA ELECTRONIC INDS,RADA
12522, , ,3/31/13,Netanya,Rada Electronics Industries Ltd,4520,452030,45,45203010,D,ISR,334511,3812,220,925, , ,RADA ELECTRONIC INDS,RADA
12522, , ,4/30/13,Netanya,Rada Electronics Industries Ltd,4520,452030,45,45203010,D,ISR,334511,3812,220,925, , ,RADA ELECTRONIC INDS,RADA
12522, , ,5/31/13,Netanya,Rada Electronics Industries Ltd,4520,452030,45,45203010,D,ISR,334511,3812,220,925, , ,RADA ELECTRONIC INDS,RADA
12522, , ,6/30/13,Netanya,Rada Electronics Industries Ltd,4520,452030,45,45203010,D,ISR,334511,3812,220,925, , ,RADA ELECTRONIC INDS,RADA
12522, , ,7/31/13,Netanya,Rada Electronics Industries Ltd,4520,452030,45,45203010,D,ISR,334511,3812,220,925, , ,RADA ELECTRONIC INDS,RADA
12522, , ,8/31/13,Netanya,Rada Electronics Industries Ltd,4520,452030,45,45203010,D,ISR,334511,3812,220,925, , ,RADA ELECTRONIC INDS,RADA
12522, , ,9/30/13,Netanya,Rada Electronics Industries Ltd,4520,452030,45,45203010,D,ISR,334511,3812,220,925, , ,RADA ELECTRONIC INDS,RADA
12522, , ,10/31/13,Netanya,Rada Electronics Industries Ltd,4520,452030,45,45203010,D,ISR,334511,3812,220,925, , ,RADA ELECTRONIC INDS,RADA
12593, , ,1/31/10,Beverly Hills,Universal Detection Technology,4520,452030,45,45203010,D,USA,334513,3823,230,940,C,CA,UNIVERSAL DETECTION TECHNOL,UNDT
12593, , ,2/28/10,Beverly Hills,Universal Detection Technology,4520,452030,45,45203010,D,USA,334513,3823,230,940,C,CA,UNIVERSAL DETECTION TECHNOL,UNDT
12593, , ,3/31/10,Beverly Hills,Universal Detection Technology,4520,452030,45,45203010,D,USA,334513,3823,230,940,C,CA,UNIVERSAL DETECTION TECHNOL,UNDT
12593, , ,4/30/10,Beverly Hills,Universal Detection Technology,4520,452030,45,45203010,D,USA,334513,3823,230,940,C,CA,UNIVERSAL DETECTION TECHNOL,UNDT
12593, , ,5/31/10,Beverly Hills,Universal Detection Technology,4520,452030,45,45203010,D,USA,334513,3823,230,940,C,CA,UNIVERSAL DETECTION TECHNOL,UNDT
12593, , ,6/30/10,Beverly Hills,Universal Detection Technology,4520,452030,45,45203010,D,USA,334513,3823,230,940,C,CA,UNIVERSAL DETECTION TECHNOL,UNDT
12593, , ,7/31/10,Beverly Hills,Universal Detection Technology,4520,452030,45,45203010,D,USA,334513,3823,230,940,C,CA,UNIVERSAL DETECTION TECHNOL,UNDT
12593, , ,8/31/10,Beverly Hills,Universal Detection Technology,4520,452030,45,45203010,D,USA,334513,3823,230,940,C,CA,UNIVERSAL DETECTION TECHNOL,UNDT
12593, , ,9/30/10,Beverly Hills,Universal Detection Technology,4520,452030,45,45203010,D,USA,334513,3823,230,940,C,CA,UNIVERSAL DETECTION TECHNOL,UNDT
12593, , ,10/31/10,Beverly Hills,Universal Detection Technology,4520,452030,45,45203010,D,USA,334513,3823,230,940,C,CA,UNIVERSAL DETECTION TECHNOL,UNDT
12593, , ,11/30/10,Beverly Hills,Universal Detection Technology,4520,452030,45,45203010,D,USA,334513,3823,230,940,C,CA,UNIVERSAL DETECTION TECHNOL,UNDT
12593, , ,12/31/10,Beverly Hills,Universal Detection Technology,4520,452030,45,45203010,D,USA,334513,3823,230,940,C,CA,UNIVERSAL DETECTION TECHNOL,UNDT
12593, , ,1/31/11,Beverly Hills,Universal Detection Technology,4520,452030,45,45203010,D,USA,334513,3823,230,940,C,CA,UNIVERSAL DETECTION TECHNOL,UNDT
12593, , ,2/28/11,Beverly Hills,Universal Detection Technology,4520,452030,45,45203010,D,USA,334513,3823,230,940,C,CA,UNIVERSAL DETECTION TECHNOL,UNDT
12593, , ,3/31/11,Beverly Hills,Universal Detection Technology,4520,452030,45,45203010,D,USA,334513,3823,230,940,C,CA,UNIVERSAL DETECTION TECHNOL,UNDT
12593, , ,4/30/11,Beverly Hills,Universal Detection Technology,4520,452030,45,45203010,D,USA,334513,3823,230,940,C,CA,UNIVERSAL DETECTION TECHNOL,UNDT
12593, , ,5/31/11,Beverly Hills,Universal Detection Technology,4520,452030,45,45203010,D,USA,334513,3823,230,940,C,CA,UNIVERSAL DETECTION TECHNOL,UNDT
12593, , ,6/30/11,Beverly Hills,Universal Detection Technology,4520,452030,45,45203010,D,USA,334513,3823,230,940,C,CA,UNIVERSAL DETECTION TECHNOL,UNDT
12593, , ,7/31/11,Beverly Hills,Universal Detection Technology,4520,452030,45,45203010,D,USA,334513,3823,230,940,C,CA,UNIVERSAL DETECTION TECHNOL,UNDT
12593, , ,8/31/11,Beverly Hills,Universal Detection Technology,4520,452030,45,45203010,D,USA,334513,3823,230,940,C,CA,UNIVERSAL DETECTION TECHNOL,UNDT
12593, , ,9/30/11,Beverly Hills,Universal Detection Technology,4520,452030,45,45203010,D,USA,334513,3823,230,940,C,CA,UNIVERSAL DETECTION TECHNOL,UNDT
12593, , ,10/31/11,Beverly Hills,Universal Detection Technology,4520,452030,45,45203010,D,USA,334513,3823,230,940,C,CA,UNIVERSAL DETECTION TECHNOL,UNDT
12593, , ,11/30/11,Beverly Hills,Universal Detection Technology,4520,452030,45,45203010,D,USA,334513,3823,230,940,C,CA,UNIVERSAL DETECTION TECHNOL,UNDT
12593, , ,12/31/11,Beverly Hills,Universal Detection Technology,4520,452030,45,45203010,D,USA,334513,3823,230,940,C,CA,UNIVERSAL DETECTION TECHNOL,UNDT
12593, , ,1/31/12,Beverly Hills,Universal Detection Technology,4520,452030,45,45203010,D,USA,334513,3823,230,940,C,CA,UNIVERSAL DETECTION TECHNOL,UNDT
12593, , ,2/29/12,Beverly Hills,Universal Detection Technology,4520,452030,45,45203010,D,USA,334513,3823,230,940,C,CA,UNIVERSAL DETECTION TECHNOL,UNDT
12593, , ,3/31/12,Beverly Hills,Universal Detection Technology,4520,452030,45,45203010,D,USA,334513,3823,230,940,C,CA,UNIVERSAL DETECTION TECHNOL,UNDT
12593, , ,4/30/12,Beverly Hills,Universal Detection Technology,4520,452030,45,45203010,D,USA,334513,3823,230,940,C,CA,UNIVERSAL DETECTION TECHNOL,UNDT
12593, , ,5/31/12,Beverly Hills,Universal Detection Technology,4520,452030,45,45203010,D,USA,334513,3823,230,940,C,CA,UNIVERSAL DETECTION TECHNOL,UNDT
12593, , ,6/30/12,Beverly Hills,Universal Detection Technology,4520,452030,45,45203010,D,USA,334513,3823,230,940,C,CA,UNIVERSAL DETECTION TECHNOL,UNDT
12593, , ,7/31/12,Beverly Hills,Universal Detection Technology,4520,452030,45,45203010,D,USA,334513,3823,230,940,C,CA,UNIVERSAL DETECTION TECHNOL,UNDT
12593, , ,8/31/12,Beverly Hills,Universal Detection Technology,4520,452030,45,45203010,D,USA,334513,3823,230,940,C,CA,UNIVERSAL DETECTION TECHNOL,UNDT
12593, , ,9/30/12,Beverly Hills,Universal Detection Technology,4520,452030,45,45203010,D,USA,334513,3823,230,940,C,CA,UNIVERSAL DETECTION TECHNOL,UNDT
12593, , ,10/31/12,Beverly Hills,Universal Detection Technology,4520,452030,45,45203010,D,USA,334513,3823,230,940,C,CA,UNIVERSAL DETECTION TECHNOL,UNDT
12593, , ,11/30/12,Beverly Hills,Universal Detection Technology,4520,452030,45,45203010,D,USA,334513,3823,230,940,C,CA,UNIVERSAL DETECTION TECHNOL,UNDT
12593, , ,12/31/12,Beverly Hills,Universal Detection Technology,4520,452030,45,45203010,D,USA,334513,3823,230,940,C,CA,UNIVERSAL DETECTION TECHNOL,UNDT
12593, , ,1/31/13,Beverly Hills,Universal Detection Technology,4520,452030,45,45203010,D,USA,334513,3823,230,940,C,CA,UNIVERSAL DETECTION TECHNOL,UNDT
12593, , ,2/28/13,Beverly Hills,Universal Detection Technology,4520,452030,45,45203010,D,USA,334513,3823,230,940,C,CA,UNIVERSAL DETECTION TECHNOL,UNDT
12593, , ,3/31/13,Beverly Hills,Universal Detection Technology,4520,452030,45,45203010,D,USA,334513,3823,230,940,C,CA,UNIVERSAL DETECTION TECHNOL,UNDT
12593, , ,4/30/13,Beverly Hills,Universal Detection Technology,4520,452030,45,45203010,D,USA,334513,3823,230,940,C,CA,UNIVERSAL DETECTION TECHNOL,UNDT
12593, , ,5/31/13,Beverly Hills,Universal Detection Technology,4520,452030,45,45203010,D,USA,334513,3823,230,940,C,CA,UNIVERSAL DETECTION TECHNOL,UNDT
12593, , ,6/30/13,Beverly Hills,Universal Detection Technology,4520,452030,45,45203010,D,USA,334513,3823,230,940,C,CA,UNIVERSAL DETECTION TECHNOL,UNDT
12593, , ,7/31/13,Beverly Hills,Universal Detection Technology,4520,452030,45,45203010,D,USA,334513,3823,230,940,C,CA,UNIVERSAL DETECTION TECHNOL,UNDT
12593, , ,8/31/13,Beverly Hills,Universal Detection Technology,4520,452030,45,45203010,D,USA,334513,3823,230,940,C,CA,UNIVERSAL DETECTION TECHNOL,UNDT
12593, , ,9/30/13,Beverly Hills,Universal Detection Technology,4520,452030,45,45203010,D,USA,334513,3823,230,940,C,CA,UNIVERSAL DETECTION TECHNOL,UNDT
12593, , ,10/31/13,Beverly Hills,Universal Detection Technology,4520,452030,45,45203010,D,USA,334513,3823,230,940,C,CA,UNIVERSAL DETECTION TECHNOL,UNDT
12621, , ,1/31/10,Durham,Emrise Corp,4520,452030,45,45203015,D,USA,335931,3640,180,940,B-,NC,EMRISE CORP,EMRI
12621, , ,2/28/10,Durham,Emrise Corp,4520,452030,45,45203015,D,USA,335931,3640,180,940,B-,NC,EMRISE CORP,EMRI
12621, , ,3/31/10,Durham,Emrise Corp,4520,452030,45,45203015,D,USA,335931,3640,180,940,B-,NC,EMRISE CORP,EMRI
12621, , ,4/30/10,Durham,Emrise Corp,4520,452030,45,45203015,D,USA,335931,3640,180,940,B-,NC,EMRISE CORP,EMRI
12621, , ,5/31/10,Durham,Emrise Corp,4520,452030,45,45203015,D,USA,335931,3640,180,940,B-,NC,EMRISE CORP,EMRI
12621, , ,6/30/10,Durham,Emrise Corp,4520,452030,45,45203015,D,USA,335931,3640,180,940,B-,NC,EMRISE CORP,EMRI
12621, , ,7/31/10,Durham,Emrise Corp,4520,452030,45,45203015,D,USA,335931,3640,180,940,B-,NC,EMRISE CORP,EMRI
12621, , ,8/31/10,Durham,Emrise Corp,4520,452030,45,45203015,D,USA,335931,3640,180,940,B-,NC,EMRISE CORP,EMRI
12621, , ,9/30/10,Durham,Emrise Corp,4520,452030,45,45203015,D,USA,335931,3640,180,940,B-,NC,EMRISE CORP,EMRI
12621, , ,10/31/10,Durham,Emrise Corp,4520,452030,45,45203015,D,USA,335931,3640,180,940,B-,NC,EMRISE CORP,EMRI
12621, , ,11/30/10,Durham,Emrise Corp,4520,452030,45,45203015,D,USA,335931,3640,180,940,B-,NC,EMRISE CORP,EMRI
12621, , ,12/31/10,Durham,Emrise Corp,4520,452030,45,45203015,D,USA,335931,3640,180,940,B-,NC,EMRISE CORP,EMRI
12621, , ,1/31/11,Durham,Emrise Corp,4520,452030,45,45203015,D,USA,335931,3640,180,940,B-,NC,EMRISE CORP,EMRI
12621, , ,2/28/11,Durham,Emrise Corp,4520,452030,45,45203015,D,USA,335931,3640,180,940,B-,NC,EMRISE CORP,EMRI
12621, , ,3/31/11,Durham,Emrise Corp,4520,452030,45,45203015,D,USA,335931,3640,180,940,B-,NC,EMRISE CORP,EMRI
12621, , ,4/30/11,Durham,Emrise Corp,4520,452030,45,45203015,D,USA,335931,3640,180,940,B-,NC,EMRISE CORP,EMRI
12621, , ,5/31/11,Durham,Emrise Corp,4520,452030,45,45203015,D,USA,335931,3640,180,940,B-,NC,EMRISE CORP,EMRI
12621, , ,6/30/11,Durham,Emrise Corp,4520,452030,45,45203015,D,USA,335931,3640,180,940,B-,NC,EMRISE CORP,EMRI
12621, , ,7/31/11,Durham,Emrise Corp,4520,452030,45,45203015,D,USA,335931,3640,180,940,B-,NC,EMRISE CORP,EMRI
12621, , ,8/31/11,Durham,Emrise Corp,4520,452030,45,45203015,D,USA,335931,3640,180,940,B-,NC,EMRISE CORP,EMRI
12621, , ,9/30/11,Durham,Emrise Corp,4520,452030,45,45203015,D,USA,335931,3640,180,940,B-,NC,EMRISE CORP,EMRI
12621, , ,10/31/11,Durham,Emrise Corp,4520,452030,45,45203015,D,USA,335931,3640,180,940,B-,NC,EMRISE CORP,EMRI
12621, , ,11/30/11,Durham,Emrise Corp,4520,452030,45,45203015,D,USA,335931,3640,180,940,B-,NC,EMRISE CORP,EMRI
12621, , ,12/31/11,Durham,Emrise Corp,4520,452030,45,45203015,D,USA,335931,3640,180,940,B-,NC,EMRISE CORP,EMRI
12621, , ,1/31/12,Durham,Emrise Corp,4520,452030,45,45203015,D,USA,335931,3640,180,940,B-,NC,EMRISE CORP,EMRI
12621, , ,2/29/12,Durham,Emrise Corp,4520,452030,45,45203015,D,USA,335931,3640,180,940,B-,NC,EMRISE CORP,EMRI
12621, , ,3/31/12,Durham,Emrise Corp,4520,452030,45,45203015,D,USA,335931,3640,180,940,B-,NC,EMRISE CORP,EMRI
12621, , ,4/30/12,Durham,Emrise Corp,4520,452030,45,45203015,D,USA,335931,3640,180,940,B-,NC,EMRISE CORP,EMRI
12621, , ,5/31/12,Durham,Emrise Corp,4520,452030,45,45203015,D,USA,335931,3640,180,940,B-,NC,EMRISE CORP,EMRI
12621, , ,6/30/12,Durham,Emrise Corp,4520,452030,45,45203015,D,USA,335931,3640,180,940,B-,NC,EMRISE CORP,EMRI
12621, , ,7/31/12,Durham,Emrise Corp,4520,452030,45,45203015,D,USA,335931,3640,180,940,B-,NC,EMRISE CORP,EMRI
12621, , ,8/31/12,Durham,Emrise Corp,4520,452030,45,45203015,D,USA,335931,3640,180,940,B-,NC,EMRISE CORP,EMRI
12621, , ,9/30/12,Durham,Emrise Corp,4520,452030,45,45203015,D,USA,335931,3640,180,940,B-,NC,EMRISE CORP,EMRI
12621, , ,10/31/12,Durham,Emrise Corp,4520,452030,45,45203015,D,USA,335931,3640,180,940,B-,NC,EMRISE CORP,EMRI
12621, , ,11/30/12,Durham,Emrise Corp,4520,452030,45,45203015,D,USA,335931,3640,180,940,B-,NC,EMRISE CORP,EMRI
12621, , ,12/31/12,Durham,Emrise Corp,4520,452030,45,45203015,D,USA,335931,3640,180,940,B-,NC,EMRISE CORP,EMRI
12621, , ,1/31/13,Durham,Emrise Corp,4520,452030,45,45203015,D,USA,335931,3640,180,940,B-,NC,EMRISE CORP,EMRI
12621, , ,2/28/13,Durham,Emrise Corp,4520,452030,45,45203015,D,USA,335931,3640,180,940,B-,NC,EMRISE CORP,EMRI
12621, , ,3/31/13,Durham,Emrise Corp,4520,452030,45,45203015,D,USA,335931,3640,180,940,B-,NC,EMRISE CORP,EMRI
12621, , ,4/30/13,Durham,Emrise Corp,4520,452030,45,45203015,D,USA,335931,3640,180,940,B-,NC,EMRISE CORP,EMRI
12621, , ,5/31/13,Durham,Emrise Corp,4520,452030,45,45203015,D,USA,335931,3640,180,940,B-,NC,EMRISE CORP,EMRI
12621, , ,6/30/13,Durham,Emrise Corp,4520,452030,45,45203015,D,USA,335931,3640,180,940,B-,NC,EMRISE CORP,EMRI
12621, , ,7/31/13,Durham,Emrise Corp,4520,452030,45,45203015,D,USA,335931,3640,180,940,B-,NC,EMRISE CORP,EMRI
12621, , ,8/31/13,Durham,Emrise Corp,4520,452030,45,45203015,D,USA,335931,3640,180,940,B-,NC,EMRISE CORP,EMRI
12621, , ,9/30/13,Durham,Emrise Corp,4520,452030,45,45203015,D,USA,335931,3640,180,940,B-,NC,EMRISE CORP,EMRI
12621, , ,10/31/13,Durham,Emrise Corp,4520,452030,45,45203015,D,USA,335931,3640,180,940,B-,NC,EMRISE CORP,EMRI
12658, , ,1/31/10,Lawrenceville,SED International Holdings Inc,4520,452030,45,45203030,D,USA,423430,5045,190,940,C,GA,SED INTERNATIONAL HLDGS INC,SEDN
12658, , ,2/28/10,Lawrenceville,SED International Holdings Inc,4520,452030,45,45203030,D,USA,423430,5045,190,940,C,GA,SED INTERNATIONAL HLDGS INC,SEDN
12658, , ,3/31/10,Lawrenceville,SED International Holdings Inc,4520,452030,45,45203030,D,USA,423430,5045,190,940,C,GA,SED INTERNATIONAL HLDGS INC,SEDN
12658, , ,4/30/10,Lawrenceville,SED International Holdings Inc,4520,452030,45,45203030,D,USA,423430,5045,190,940,C,GA,SED INTERNATIONAL HLDGS INC,SEDN
12658, , ,5/31/10,Lawrenceville,SED International Holdings Inc,4520,452030,45,45203030,D,USA,423430,5045,190,940,C,GA,SED INTERNATIONAL HLDGS INC,SEDN
12658, , ,6/30/10,Lawrenceville,SED International Holdings Inc,4520,452030,45,45203030,D,USA,423430,5045,190,940,C,GA,SED INTERNATIONAL HLDGS INC,SEDN
12658, , ,7/31/10,Lawrenceville,SED International Holdings Inc,4520,452030,45,45203030,D,USA,423430,5045,190,940,C,GA,SED INTERNATIONAL HLDGS INC,SEDN
12658, , ,8/31/10,Lawrenceville,SED International Holdings Inc,4520,452030,45,45203030,D,USA,423430,5045,190,940,C,GA,SED INTERNATIONAL HLDGS INC,SEDN
12658, , ,9/30/10,Lawrenceville,SED International Holdings Inc,4520,452030,45,45203030,D,USA,423430,5045,190,940,C,GA,SED INTERNATIONAL HLDGS INC,SEDN
12658, , ,10/31/10,Lawrenceville,SED International Holdings Inc,4520,452030,45,45203030,D,USA,423430,5045,190,940,C,GA,SED INTERNATIONAL HLDGS INC,SEDN
12658, , ,11/30/10,Lawrenceville,SED International Holdings Inc,4520,452030,45,45203030,D,USA,423430,5045,190,940,C,GA,SED INTERNATIONAL HLDGS INC,SEDN
12658, , ,12/31/10,Lawrenceville,SED International Holdings Inc,4520,452030,45,45203030,D,USA,423430,5045,190,940,C,GA,SED INTERNATIONAL HLDGS INC,SEDN
12658, , ,1/31/11,Lawrenceville,SED International Holdings Inc,4520,452030,45,45203030,D,USA,423430,5045,190,940,C,GA,SED INTERNATIONAL HLDGS INC,SEDN
12658, , ,2/28/11,Lawrenceville,SED International Holdings Inc,4520,452030,45,45203030,D,USA,423430,5045,190,940,C,GA,SED INTERNATIONAL HLDGS INC,SEDN
12658, , ,3/31/11,Lawrenceville,SED International Holdings Inc,4520,452030,45,45203030,D,USA,423430,5045,190,940,C,GA,SED INTERNATIONAL HLDGS INC,SEDN
12658, , ,4/30/11,Lawrenceville,SED International Holdings Inc,4520,452030,45,45203030,D,USA,423430,5045,190,940,C,GA,SED INTERNATIONAL HLDGS INC,SEDN
12658, , ,5/31/11,Lawrenceville,SED International Holdings Inc,4520,452030,45,45203030,D,USA,423430,5045,190,940,C,GA,SED INTERNATIONAL HLDGS INC,SEDN
12658, , ,6/30/11,Lawrenceville,SED International Holdings Inc,4520,452030,45,45203030,D,USA,423430,5045,190,940,C,GA,SED INTERNATIONAL HLDGS INC,SEDN
12658, , ,7/31/11,Lawrenceville,SED International Holdings Inc,4520,452030,45,45203030,D,USA,423430,5045,190,940,C,GA,SED INTERNATIONAL HLDGS INC,SEDN
12658, , ,8/31/11,Lawrenceville,SED International Holdings Inc,4520,452030,45,45203030,D,USA,423430,5045,190,940,C,GA,SED INTERNATIONAL HLDGS INC,SEDN
12658, , ,9/30/11,Lawrenceville,SED International Holdings Inc,4520,452030,45,45203030,D,USA,423430,5045,190,940,C,GA,SED INTERNATIONAL HLDGS INC,SEDN
12658, , ,10/31/11,Lawrenceville,SED International Holdings Inc,4520,452030,45,45203030,D,USA,423430,5045,190,940,C,GA,SED INTERNATIONAL HLDGS INC,SEDN
12658, , ,11/30/11,Lawrenceville,SED International Holdings Inc,4520,452030,45,45203030,D,USA,423430,5045,190,940,C,GA,SED INTERNATIONAL HLDGS INC,SEDN
12658, , ,12/31/11,Lawrenceville,SED International Holdings Inc,4520,452030,45,45203030,D,USA,423430,5045,190,940,C,GA,SED INTERNATIONAL HLDGS INC,SEDN
12658, , ,1/31/12,Lawrenceville,SED International Holdings Inc,4520,452030,45,45203030,D,USA,423430,5045,190,940,C,GA,SED INTERNATIONAL HLDGS INC,SEDN
12658, , ,2/29/12,Lawrenceville,SED International Holdings Inc,4520,452030,45,45203030,D,USA,423430,5045,190,940,C,GA,SED INTERNATIONAL HLDGS INC,SEDN
12658, , ,3/31/12,Lawrenceville,SED International Holdings Inc,4520,452030,45,45203030,D,USA,423430,5045,190,940,C,GA,SED INTERNATIONAL HLDGS INC,SEDN
12658, , ,4/30/12,Lawrenceville,SED International Holdings Inc,4520,452030,45,45203030,D,USA,423430,5045,190,940,C,GA,SED INTERNATIONAL HLDGS INC,SEDN
12658, , ,5/31/12,Lawrenceville,SED International Holdings Inc,4520,452030,45,45203030,D,USA,423430,5045,190,940,C,GA,SED INTERNATIONAL HLDGS INC,SEDN
12658, , ,6/30/12,Lawrenceville,SED International Holdings Inc,4520,452030,45,45203030,D,USA,423430,5045,190,940,C,GA,SED INTERNATIONAL HLDGS INC,SEDN
12658, , ,7/31/12,Lawrenceville,SED International Holdings Inc,4520,452030,45,45203030,D,USA,423430,5045,190,940,C,GA,SED INTERNATIONAL HLDGS INC,SEDN
12658, , ,8/31/12,Lawrenceville,SED International Holdings Inc,4520,452030,45,45203030,D,USA,423430,5045,190,940,C,GA,SED INTERNATIONAL HLDGS INC,SEDN
12658, , ,9/30/12,Lawrenceville,SED International Holdings Inc,4520,452030,45,45203030,D,USA,423430,5045,190,940,C,GA,SED INTERNATIONAL HLDGS INC,SEDN
12658, , ,10/31/12,Lawrenceville,SED International Holdings Inc,4520,452030,45,45203030,D,USA,423430,5045,190,940,C,GA,SED INTERNATIONAL HLDGS INC,SEDN
12658, , ,11/30/12,Lawrenceville,SED International Holdings Inc,4520,452030,45,45203030,D,USA,423430,5045,190,940,C,GA,SED INTERNATIONAL HLDGS INC,SEDN
12658, , ,12/31/12,Lawrenceville,SED International Holdings Inc,4520,452030,45,45203030,D,USA,423430,5045,190,940,C,GA,SED INTERNATIONAL HLDGS INC,SEDN
12658, , ,1/31/13,Lawrenceville,SED International Holdings Inc,4520,452030,45,45203030,D,USA,423430,5045,190,940,C,GA,SED INTERNATIONAL HLDGS INC,SEDN
12658, , ,2/28/13,Lawrenceville,SED International Holdings Inc,4520,452030,45,45203030,D,USA,423430,5045,190,940,C,GA,SED INTERNATIONAL HLDGS INC,SEDN
12658, , ,3/31/13,Lawrenceville,SED International Holdings Inc,4520,452030,45,45203030,D,USA,423430,5045,190,940,C,GA,SED INTERNATIONAL HLDGS INC,SEDN
12658, , ,4/30/13,Lawrenceville,SED International Holdings Inc,4520,452030,45,45203030,D,USA,423430,5045,190,940,C,GA,SED INTERNATIONAL HLDGS INC,SEDN
12658, , ,5/31/13,Lawrenceville,SED International Holdings Inc,4520,452030,45,45203030,D,USA,423430,5045,190,940,C,GA,SED INTERNATIONAL HLDGS INC,SEDN
12658, , ,6/30/13,Lawrenceville,SED International Holdings Inc,4520,452030,45,45203030,D,USA,423430,5045,190,940,C,GA,SED INTERNATIONAL HLDGS INC,SEDN
12658, , ,7/31/13,Lawrenceville,SED International Holdings Inc,4520,452030,45,45203030,D,USA,423430,5045,190,940,C,GA,SED INTERNATIONAL HLDGS INC,SEDN
12658, , ,8/31/13,Lawrenceville,SED International Holdings Inc,4520,452030,45,45203030,D,USA,423430,5045,190,940,C,GA,SED INTERNATIONAL HLDGS INC,SEDN
12658, , ,9/30/13,Lawrenceville,SED International Holdings Inc,4520,452030,45,45203030,D,USA,423430,5045,190,940,C,GA,SED INTERNATIONAL HLDGS INC,SEDN
12658, , ,10/31/13,Lawrenceville,SED International Holdings Inc,4520,452030,45,45203030,D,USA,423430,5045,190,940,C,GA,SED INTERNATIONAL HLDGS INC,SEDN
12680, , ,1/31/10,Rochester,Imagexpres Corp,4520,452030,45,45203010,D,USA,421690,5065,222,940, ,NY,IMAGEXPRES CORP,IMJX
12680, , ,2/28/10,Rochester,Imagexpres Corp,4520,452030,45,45203010,D,USA,421690,5065,222,940, ,NY,IMAGEXPRES CORP,IMJX
12680, , ,3/31/10,Rochester,Imagexpres Corp,4520,452030,45,45203010,D,USA,421690,5065,222,940, ,NY,IMAGEXPRES CORP,IMJX
12680, , ,4/30/10,Rochester,Imagexpres Corp,4520,452030,45,45203010,D,USA,421690,5065,222,940, ,NY,IMAGEXPRES CORP,IMJX
12680, , ,5/31/10,Rochester,Imagexpres Corp,4520,452030,45,45203010,D,USA,421690,5065,222,940, ,NY,IMAGEXPRES CORP,IMJX
12680, , ,6/30/10,Rochester,Imagexpres Corp,4520,452030,45,45203010,D,USA,421690,5065,222,940, ,NY,IMAGEXPRES CORP,IMJX
12680, , ,7/31/10,Rochester,Imagexpres Corp,4520,452030,45,45203010,D,USA,421690,5065,222,940, ,NY,IMAGEXPRES CORP,IMJX
12680, , ,8/31/10,Rochester,Imagexpres Corp,4520,452030,45,45203010,D,USA,421690,5065,222,940, ,NY,IMAGEXPRES CORP,IMJX
12680, , ,9/30/10,Rochester,Imagexpres Corp,4520,452030,45,45203010,D,USA,421690,5065,222,940, ,NY,IMAGEXPRES CORP,IMJX
12680, , ,10/31/10,Rochester,Imagexpres Corp,4520,452030,45,45203010,D,USA,421690,5065,222,940, ,NY,IMAGEXPRES CORP,IMJX
12680, , ,11/30/10,Rochester,Imagexpres Corp,4520,452030,45,45203010,D,USA,421690,5065,222,940, ,NY,IMAGEXPRES CORP,IMJX
12680, , ,12/31/10,Rochester,Imagexpres Corp,4520,452030,45,45203010,D,USA,421690,5065,222,940, ,NY,IMAGEXPRES CORP,IMJX
12680, , ,1/31/11,Rochester,Imagexpres Corp,4520,452030,45,45203010,D,USA,421690,5065,222,940, ,NY,IMAGEXPRES CORP,IMJX
12680, , ,2/28/11,Rochester,Imagexpres Corp,4520,452030,45,45203010,D,USA,421690,5065,222,940, ,NY,IMAGEXPRES CORP,IMJX
12680, , ,3/31/11,Rochester,Imagexpres Corp,4520,452030,45,45203010,D,USA,421690,5065,222,940, ,NY,IMAGEXPRES CORP,IMJX
12680, , ,4/30/11,Rochester,Imagexpres Corp,4520,452030,45,45203010,D,USA,421690,5065,222,940, ,NY,IMAGEXPRES CORP,IMJX
12680, , ,5/31/11,Rochester,Imagexpres Corp,4520,452030,45,45203010,D,USA,421690,5065,222,940, ,NY,IMAGEXPRES CORP,IMJX
12680, , ,6/30/11,Rochester,Imagexpres Corp,4520,452030,45,45203010,D,USA,421690,5065,222,940, ,NY,IMAGEXPRES CORP,IMJX
12680, , ,7/31/11,Rochester,Imagexpres Corp,4520,452030,45,45203010,D,USA,421690,5065,222,940, ,NY,IMAGEXPRES CORP,IMJX
12680, , ,8/31/11,Rochester,Imagexpres Corp,4520,452030,45,45203010,D,USA,421690,5065,222,940, ,NY,IMAGEXPRES CORP,IMJX
12680, , ,9/30/11,Rochester,Imagexpres Corp,4520,452030,45,45203010,D,USA,421690,5065,222,940, ,NY,IMAGEXPRES CORP,IMJX
12680, , ,10/31/11,Rochester,Imagexpres Corp,4520,452030,45,45203010,D,USA,421690,5065,222,940, ,NY,IMAGEXPRES CORP,IMJX
12680, , ,11/30/11,Rochester,Imagexpres Corp,4520,452030,45,45203010,D,USA,421690,5065,222,940, ,NY,IMAGEXPRES CORP,IMJX
12680, , ,12/31/11,Rochester,Imagexpres Corp,4520,452030,45,45203010,D,USA,421690,5065,222,940, ,NY,IMAGEXPRES CORP,IMJX
12680, , ,1/31/12,Rochester,Imagexpres Corp,4520,452030,45,45203010,D,USA,421690,5065,222,940, ,NY,IMAGEXPRES CORP,IMJX
12680, , ,2/29/12,Rochester,Imagexpres Corp,4520,452030,45,45203010,D,USA,421690,5065,222,940, ,NY,IMAGEXPRES CORP,IMJX
12680, , ,3/31/12,Rochester,Imagexpres Corp,4520,452030,45,45203010,D,USA,421690,5065,222,940, ,NY,IMAGEXPRES CORP,IMJX
12680, , ,4/30/12,Rochester,Imagexpres Corp,4520,452030,45,45203010,D,USA,421690,5065,222,940, ,NY,IMAGEXPRES CORP,IMJX
12680, , ,5/31/12,Rochester,Imagexpres Corp,4520,452030,45,45203010,D,USA,421690,5065,222,940, ,NY,IMAGEXPRES CORP,IMJX
12680, , ,6/30/12,Rochester,Imagexpres Corp,4520,452030,45,45203010,D,USA,421690,5065,222,940, ,NY,IMAGEXPRES CORP,IMJX
12680, , ,7/31/12,Rochester,Imagexpres Corp,4520,452030,45,45203010,D,USA,421690,5065,222,940, ,NY,IMAGEXPRES CORP,IMJX
12680, , ,8/31/12,Rochester,Imagexpres Corp,4520,452030,45,45203010,D,USA,421690,5065,222,940, ,NY,IMAGEXPRES CORP,IMJX
12680, , ,9/30/12,Rochester,Imagexpres Corp,4520,452030,45,45203010,D,USA,421690,5065,222,940, ,NY,IMAGEXPRES CORP,IMJX
12680, , ,10/31/12,Rochester,Imagexpres Corp,4520,452030,45,45203010,D,USA,421690,5065,222,940, ,NY,IMAGEXPRES CORP,IMJX
12680, , ,11/30/12,Rochester,Imagexpres Corp,4520,452030,45,45203010,D,USA,421690,5065,222,940, ,NY,IMAGEXPRES CORP,IMJX
12680, , ,12/31/12,Rochester,Imagexpres Corp,4520,452030,45,45203010,D,USA,421690,5065,222,940, ,NY,IMAGEXPRES CORP,IMJX
12680, , ,1/31/13,Rochester,Imagexpres Corp,4520,452030,45,45203010,D,USA,421690,5065,222,940, ,NY,IMAGEXPRES CORP,IMJX
12680, , ,2/28/13,Rochester,Imagexpres Corp,4520,452030,45,45203010,D,USA,421690,5065,222,940, ,NY,IMAGEXPRES CORP,IMJX
12680, , ,3/31/13,Rochester,Imagexpres Corp,4520,452030,45,45203010,D,USA,421690,5065,222,940, ,NY,IMAGEXPRES CORP,IMJX
12680, , ,4/30/13,Rochester,Imagexpres Corp,4520,452030,45,45203010,D,USA,421690,5065,222,940, ,NY,IMAGEXPRES CORP,IMJX
12680, , ,5/31/13,Rochester,Imagexpres Corp,4520,452030,45,45203010,D,USA,421690,5065,222,940, ,NY,IMAGEXPRES CORP,IMJX
12680, , ,6/30/13,Rochester,Imagexpres Corp,4520,452030,45,45203010,D,USA,421690,5065,222,940, ,NY,IMAGEXPRES CORP,IMJX
12680, , ,7/31/13,Rochester,Imagexpres Corp,4520,452030,45,45203010,D,USA,421690,5065,222,940, ,NY,IMAGEXPRES CORP,IMJX
12680, , ,8/31/13,Rochester,Imagexpres Corp,4520,452030,45,45203010,D,USA,421690,5065,222,940, ,NY,IMAGEXPRES CORP,IMJX
12680, , ,9/30/13,Rochester,Imagexpres Corp,4520,452030,45,45203010,D,USA,421690,5065,222,940, ,NY,IMAGEXPRES CORP,IMJX
12680, , ,10/31/13,Rochester,Imagexpres Corp,4520,452030,45,45203010,D,USA,421690,5065,222,940, ,NY,IMAGEXPRES CORP,IMJX
12717, , ,1/31/10,Melville,Copytele Inc,4520,452020,45,45202030,D,USA,533110,6794,188,940,C,NY,COPYTELE INC,COPY
12717, , ,2/28/10,Melville,Copytele Inc,4520,452020,45,45202030,D,USA,533110,6794,188,940,C,NY,COPYTELE INC,COPY
12717, , ,3/31/10,Melville,Copytele Inc,4520,452020,45,45202030,D,USA,533110,6794,188,940,C,NY,COPYTELE INC,COPY
12717, , ,4/30/10,Melville,Copytele Inc,4520,452020,45,45202030,D,USA,533110,6794,188,940,C,NY,COPYTELE INC,COPY
12717, , ,5/31/10,Melville,Copytele Inc,4520,452020,45,45202030,D,USA,533110,6794,188,940,C,NY,COPYTELE INC,COPY
12717, , ,6/30/10,Melville,Copytele Inc,4520,452020,45,45202030,D,USA,533110,6794,188,940,C,NY,COPYTELE INC,COPY
12717, , ,7/31/10,Melville,Copytele Inc,4520,452020,45,45202030,D,USA,533110,6794,188,940,C,NY,COPYTELE INC,COPY
12717, , ,8/31/10,Melville,Copytele Inc,4520,452020,45,45202030,D,USA,533110,6794,188,940,C,NY,COPYTELE INC,COPY
12717, , ,9/30/10,Melville,Copytele Inc,4520,452020,45,45202030,D,USA,533110,6794,188,940,C,NY,COPYTELE INC,COPY
12717, , ,10/31/10,Melville,Copytele Inc,4520,452020,45,45202030,D,USA,533110,6794,188,940,C,NY,COPYTELE INC,COPY
12717, , ,11/30/10,Melville,Copytele Inc,4520,452020,45,45202030,D,USA,533110,6794,188,940,C,NY,COPYTELE INC,COPY
12717, , ,12/31/10,Melville,Copytele Inc,4520,452020,45,45202030,D,USA,533110,6794,188,940,C,NY,COPYTELE INC,COPY
12717, , ,1/31/11,Melville,Copytele Inc,4520,452020,45,45202030,D,USA,533110,6794,188,940,C,NY,COPYTELE INC,COPY
12717, , ,2/28/11,Melville,Copytele Inc,4520,452020,45,45202030,D,USA,533110,6794,188,940,C,NY,COPYTELE INC,COPY
12717, , ,3/31/11,Melville,Copytele Inc,4520,452020,45,45202030,D,USA,533110,6794,188,940,C,NY,COPYTELE INC,COPY
12717, , ,4/30/11,Melville,Copytele Inc,4520,452020,45,45202030,D,USA,533110,6794,188,940,C,NY,COPYTELE INC,COPY
12717, , ,5/31/11,Melville,Copytele Inc,4520,452020,45,45202030,D,USA,533110,6794,188,940,C,NY,COPYTELE INC,COPY
12717, , ,6/30/11,Melville,Copytele Inc,4520,452020,45,45202030,D,USA,533110,6794,188,940,C,NY,COPYTELE INC,COPY
12717, , ,7/31/11,Melville,Copytele Inc,4520,452020,45,45202030,D,USA,533110,6794,188,940,C,NY,COPYTELE INC,COPY
12717, , ,8/31/11,Melville,Copytele Inc,4520,452020,45,45202030,D,USA,533110,6794,188,940,C,NY,COPYTELE INC,COPY
12717, , ,9/30/11,Melville,Copytele Inc,4520,452020,45,45202030,D,USA,533110,6794,188,940,C,NY,COPYTELE INC,COPY
12717, , ,10/31/11,Melville,Copytele Inc,4520,452020,45,45202030,D,USA,533110,6794,188,940,C,NY,COPYTELE INC,COPY
12717, , ,11/30/11,Melville,Copytele Inc,4520,452020,45,45202030,D,USA,533110,6794,188,940,C,NY,COPYTELE INC,COPY
12717, , ,12/31/11,Melville,Copytele Inc,4520,452020,45,45202030,D,USA,533110,6794,188,940,C,NY,COPYTELE INC,COPY
12717, , ,1/31/12,Melville,Copytele Inc,4520,452020,45,45202030,D,USA,533110,6794,188,940,C,NY,COPYTELE INC,COPY
12717, , ,2/29/12,Melville,Copytele Inc,4520,452020,45,45202030,D,USA,533110,6794,188,940,C,NY,COPYTELE INC,COPY
12717, , ,3/31/12,Melville,Copytele Inc,4520,452020,45,45202030,D,USA,533110,6794,188,940,C,NY,COPYTELE INC,COPY
12717, , ,4/30/12,Melville,Copytele Inc,4520,452020,45,45202030,D,USA,533110,6794,188,940,C,NY,COPYTELE INC,COPY
12717, , ,5/31/12,Melville,Copytele Inc,4520,452020,45,45202030,D,USA,533110,6794,188,940,C,NY,COPYTELE INC,COPY
12717, , ,6/30/12,Melville,Copytele Inc,4520,452020,45,45202030,D,USA,533110,6794,188,940,C,NY,COPYTELE INC,COPY
12717, , ,7/31/12,Melville,Copytele Inc,4520,452020,45,45202030,D,USA,533110,6794,188,940,C,NY,COPYTELE INC,COPY
12717, , ,8/31/12,Melville,Copytele Inc,4520,452020,45,45202030,D,USA,533110,6794,188,940,C,NY,COPYTELE INC,COPY
12717, , ,9/30/12,Melville,Copytele Inc,4520,452020,45,45202030,D,USA,533110,6794,188,940,C,NY,COPYTELE INC,COPY
12717, , ,10/31/12,Melville,Copytele Inc,4520,452020,45,45202030,D,USA,533110,6794,188,940,C,NY,COPYTELE INC,COPY
12717, , ,11/30/12,Melville,Copytele Inc,4520,452020,45,45202030,D,USA,533110,6794,188,940,C,NY,COPYTELE INC,COPY
12717, , ,12/31/12,Melville,Copytele Inc,4520,452020,45,45202030,D,USA,533110,6794,188,940,C,NY,COPYTELE INC,COPY
12717, , ,1/31/13,Melville,Copytele Inc,4520,452020,45,45202030,D,USA,533110,6794,188,940,C,NY,COPYTELE INC,COPY
12717, , ,2/28/13,Melville,Copytele Inc,4520,452020,45,45202030,D,USA,533110,6794,188,940,C,NY,COPYTELE INC,COPY
12717, , ,3/31/13,Melville,Copytele Inc,4520,452020,45,45202030,D,USA,533110,6794,188,940,C,NY,COPYTELE INC,COPY
12717, , ,4/30/13,Melville,Copytele Inc,4520,452020,45,45202030,D,USA,533110,6794,188,940,C,NY,COPYTELE INC,COPY
12717, , ,5/31/13,Melville,Copytele Inc,4520,452020,45,45202030,D,USA,533110,6794,188,940,C,NY,COPYTELE INC,COPY
12717, , ,6/30/13,Melville,Copytele Inc,4520,452020,45,45202030,D,USA,533110,6794,188,940,C,NY,COPYTELE INC,COPY
12717, , ,7/31/13,Melville,Copytele Inc,4520,452020,45,45202030,D,USA,533110,6794,188,940,C,NY,COPYTELE INC,COPY
12717, , ,8/31/13,Melville,Copytele Inc,4520,452020,45,45202030,D,USA,533110,6794,188,940,C,NY,COPYTELE INC,COPY
12717, , ,9/30/13,Melville,Copytele Inc,4520,452020,45,45202030,D,USA,533110,6794,188,940,C,NY,COPYTELE INC,COPY
12717, , ,10/31/13,Melville,Copytele Inc,4520,452020,45,45202030,D,USA,533110,6794,188,940,C,NY,COPYTELE INC,COPY
12731, , ,1/31/10,Golden Valley,Veritec Inc,4520,452030,45,45203010,D,USA,334419,3679,220,925,C,MN,VERITEC INC,VRTC
12731, , ,2/28/10,Golden Valley,Veritec Inc,4520,452030,45,45203010,D,USA,334419,3679,220,925,C,MN,VERITEC INC,VRTC
12731, , ,3/31/10,Golden Valley,Veritec Inc,4520,452030,45,45203010,D,USA,334419,3679,220,925,C,MN,VERITEC INC,VRTC
12731, , ,4/30/10,Golden Valley,Veritec Inc,4520,452030,45,45203010,D,USA,334419,3679,220,925,C,MN,VERITEC INC,VRTC
12731, , ,5/31/10,Golden Valley,Veritec Inc,4520,452030,45,45203010,D,USA,334419,3679,220,925,C,MN,VERITEC INC,VRTC
12731, , ,6/30/10,Golden Valley,Veritec Inc,4520,452030,45,45203010,D,USA,334419,3679,220,925,C,MN,VERITEC INC,VRTC
12731, , ,7/31/10,Golden Valley,Veritec Inc,4520,452030,45,45203010,D,USA,334419,3679,220,925,C,MN,VERITEC INC,VRTC
12731, , ,8/31/10,Golden Valley,Veritec Inc,4520,452030,45,45203010,D,USA,334419,3679,220,925,C,MN,VERITEC INC,VRTC
12731, , ,9/30/10,Golden Valley,Veritec Inc,4520,452030,45,45203010,D,USA,334419,3679,220,925,C,MN,VERITEC INC,VRTC
12731, , ,10/31/10,Golden Valley,Veritec Inc,4520,452030,45,45203010,D,USA,334419,3679,220,925,C,MN,VERITEC INC,VRTC
12731, , ,11/30/10,Golden Valley,Veritec Inc,4520,452030,45,45203010,D,USA,334419,3679,220,925,C,MN,VERITEC INC,VRTC
12731, , ,12/31/10,Golden Valley,Veritec Inc,4520,452030,45,45203010,D,USA,334419,3679,220,925,C,MN,VERITEC INC,VRTC
12731, , ,1/31/11,Golden Valley,Veritec Inc,4520,452030,45,45203010,D,USA,334419,3679,220,925,C,MN,VERITEC INC,VRTC
12731, , ,2/28/11,Golden Valley,Veritec Inc,4520,452030,45,45203010,D,USA,334419,3679,220,925,C,MN,VERITEC INC,VRTC
12731, , ,3/31/11,Golden Valley,Veritec Inc,4520,452030,45,45203010,D,USA,334419,3679,220,925,C,MN,VERITEC INC,VRTC
12731, , ,4/30/11,Golden Valley,Veritec Inc,4520,452030,45,45203010,D,USA,334419,3679,220,925,C,MN,VERITEC INC,VRTC
12731, , ,5/31/11,Golden Valley,Veritec Inc,4520,452030,45,45203010,D,USA,334419,3679,220,925,C,MN,VERITEC INC,VRTC
12731, , ,6/30/11,Golden Valley,Veritec Inc,4520,452030,45,45203010,D,USA,334419,3679,220,925,C,MN,VERITEC INC,VRTC
12731, , ,7/31/11,Golden Valley,Veritec Inc,4520,452030,45,45203010,D,USA,334419,3679,220,925,C,MN,VERITEC INC,VRTC
12731, , ,8/31/11,Golden Valley,Veritec Inc,4520,452030,45,45203010,D,USA,334419,3679,220,925,C,MN,VERITEC INC,VRTC
12731, , ,9/30/11,Golden Valley,Veritec Inc,4520,452030,45,45203010,D,USA,334419,3679,220,925,C,MN,VERITEC INC,VRTC
12731, , ,10/31/11,Golden Valley,Veritec Inc,4520,452030,45,45203010,D,USA,334419,3679,220,925,C,MN,VERITEC INC,VRTC
12731, , ,11/30/11,Golden Valley,Veritec Inc,4520,452030,45,45203010,D,USA,334419,3679,220,925,C,MN,VERITEC INC,VRTC
12731, , ,12/31/11,Golden Valley,Veritec Inc,4520,452030,45,45203010,D,USA,334419,3679,220,925,C,MN,VERITEC INC,VRTC
12731, , ,1/31/12,Golden Valley,Veritec Inc,4520,452030,45,45203010,D,USA,334419,3679,220,925,C,MN,VERITEC INC,VRTC
12731, , ,2/29/12,Golden Valley,Veritec Inc,4520,452030,45,45203010,D,USA,334419,3679,220,925,C,MN,VERITEC INC,VRTC
12731, , ,3/31/12,Golden Valley,Veritec Inc,4520,452030,45,45203010,D,USA,334419,3679,220,925,C,MN,VERITEC INC,VRTC
12731, , ,4/30/12,Golden Valley,Veritec Inc,4520,452030,45,45203010,D,USA,334419,3679,220,925,C,MN,VERITEC INC,VRTC
12731, , ,5/31/12,Golden Valley,Veritec Inc,4520,452030,45,45203010,D,USA,334419,3679,220,925,C,MN,VERITEC INC,VRTC
12731, , ,6/30/12,Golden Valley,Veritec Inc,4520,452030,45,45203010,D,USA,334419,3679,220,925,C,MN,VERITEC INC,VRTC
12731, , ,7/31/12,Golden Valley,Veritec Inc,4520,452030,45,45203010,D,USA,334419,3679,220,925,C,MN,VERITEC INC,VRTC
12731, , ,8/31/12,Golden Valley,Veritec Inc,4520,452030,45,45203010,D,USA,334419,3679,220,925,C,MN,VERITEC INC,VRTC
12731, , ,9/30/12,Golden Valley,Veritec Inc,4520,452030,45,45203010,D,USA,334419,3679,220,925,C,MN,VERITEC INC,VRTC
12731, , ,10/31/12,Golden Valley,Veritec Inc,4520,452030,45,45203010,D,USA,334419,3679,220,925,C,MN,VERITEC INC,VRTC
12731, , ,11/30/12,Golden Valley,Veritec Inc,4520,452030,45,45203010,D,USA,334419,3679,220,925,C,MN,VERITEC INC,VRTC
12731, , ,12/31/12,Golden Valley,Veritec Inc,4520,452030,45,45203010,D,USA,334419,3679,220,925,C,MN,VERITEC INC,VRTC
12731, , ,1/31/13,Golden Valley,Veritec Inc,4520,452030,45,45203010,D,USA,334419,3679,220,925,C,MN,VERITEC INC,VRTC
12731, , ,2/28/13,Golden Valley,Veritec Inc,4520,452030,45,45203010,D,USA,334419,3679,220,925,C,MN,VERITEC INC,VRTC
12731, , ,3/31/13,Golden Valley,Veritec Inc,4520,452030,45,45203010,D,USA,334419,3679,220,925,C,MN,VERITEC INC,VRTC
12731, , ,4/30/13,Golden Valley,Veritec Inc,4520,452030,45,45203010,D,USA,334419,3679,220,925,C,MN,VERITEC INC,VRTC
12731, , ,5/31/13,Golden Valley,Veritec Inc,4520,452030,45,45203010,D,USA,334419,3679,220,925,C,MN,VERITEC INC,VRTC
12731, , ,6/30/13,Golden Valley,Veritec Inc,4520,452030,45,45203010,D,USA,334419,3679,220,925,C,MN,VERITEC INC,VRTC
12731, , ,7/31/13,Golden Valley,Veritec Inc,4520,452030,45,45203010,D,USA,334419,3679,220,925,C,MN,VERITEC INC,VRTC
12731, , ,8/31/13,Golden Valley,Veritec Inc,4520,452030,45,45203010,D,USA,334419,3679,220,925,C,MN,VERITEC INC,VRTC
12731, , ,9/30/13,Golden Valley,Veritec Inc,4520,452030,45,45203010,D,USA,334419,3679,220,925,C,MN,VERITEC INC,VRTC
12731, , ,10/31/13,Golden Valley,Veritec Inc,4520,452030,45,45203010,D,USA,334419,3679,220,925,C,MN,VERITEC INC,VRTC
12789, , ,1/31/10,Canton,LoJack Corp,4520,452030,45,45203010,D,USA,334290,3669,180,940,C,MA,LOJACK CORP,LOJN
12789, , ,2/28/10,Canton,LoJack Corp,4520,452030,45,45203010,D,USA,334290,3669,180,940,C,MA,LOJACK CORP,LOJN
12789, , ,3/31/10,Canton,LoJack Corp,4520,452030,45,45203010,D,USA,334290,3669,180,940,C,MA,LOJACK CORP,LOJN
12789, , ,4/30/10,Canton,LoJack Corp,4520,452030,45,45203010,D,USA,334290,3669,180,940,C,MA,LOJACK CORP,LOJN
12789, , ,5/31/10,Canton,LoJack Corp,4520,452030,45,45203010,D,USA,334290,3669,180,940,C,MA,LOJACK CORP,LOJN
12789, , ,6/30/10,Canton,LoJack Corp,4520,452030,45,45203010,D,USA,334290,3669,180,940,C,MA,LOJACK CORP,LOJN
12789, , ,7/31/10,Canton,LoJack Corp,4520,452030,45,45203010,D,USA,334290,3669,180,940,C,MA,LOJACK CORP,LOJN
12789, , ,8/31/10,Canton,LoJack Corp,4520,452030,45,45203010,D,USA,334290,3669,180,940,C,MA,LOJACK CORP,LOJN
12789, , ,9/30/10,Canton,LoJack Corp,4520,452030,45,45203010,D,USA,334290,3669,180,940,C,MA,LOJACK CORP,LOJN
12789, , ,10/31/10,Canton,LoJack Corp,4520,452030,45,45203010,D,USA,334290,3669,180,940,C,MA,LOJACK CORP,LOJN
12789, , ,11/30/10,Canton,LoJack Corp,4520,452030,45,45203010,D,USA,334290,3669,180,940,C,MA,LOJACK CORP,LOJN
12789, , ,12/31/10,Canton,LoJack Corp,4520,452030,45,45203010,D,USA,334290,3669,180,940,C,MA,LOJACK CORP,LOJN
12789, , ,1/31/11,Canton,LoJack Corp,4520,452030,45,45203010,D,USA,334290,3669,180,940,C,MA,LOJACK CORP,LOJN
12789, , ,2/28/11,Canton,LoJack Corp,4520,452030,45,45203010,D,USA,334290,3669,180,940,C,MA,LOJACK CORP,LOJN
12789, , ,3/31/11,Canton,LoJack Corp,4520,452030,45,45203010,D,USA,334290,3669,180,940,C,MA,LOJACK CORP,LOJN
12789, , ,4/30/11,Canton,LoJack Corp,4520,452030,45,45203010,D,USA,334290,3669,180,940,C,MA,LOJACK CORP,LOJN
12789, , ,5/31/11,Canton,LoJack Corp,4520,452030,45,45203010,D,USA,334290,3669,180,940,C,MA,LOJACK CORP,LOJN
12789, , ,6/30/11,Canton,LoJack Corp,4520,452030,45,45203010,D,USA,334290,3669,180,940,C,MA,LOJACK CORP,LOJN
12789, , ,7/31/11,Canton,LoJack Corp,4520,452030,45,45203010,D,USA,334290,3669,180,940,C,MA,LOJACK CORP,LOJN
12789, , ,8/31/11,Canton,LoJack Corp,4520,452030,45,45203010,D,USA,334290,3669,180,940,C,MA,LOJACK CORP,LOJN
12789, , ,9/30/11,Canton,LoJack Corp,4520,452030,45,45203010,D,USA,334290,3669,180,940,C,MA,LOJACK CORP,LOJN
12789, , ,10/31/11,Canton,LoJack Corp,4520,452030,45,45203010,D,USA,334290,3669,180,940,C,MA,LOJACK CORP,LOJN
12789, , ,11/30/11,Canton,LoJack Corp,4520,452030,45,45203010,D,USA,334290,3669,180,940,C,MA,LOJACK CORP,LOJN
12789, , ,12/31/11,Canton,LoJack Corp,4520,452030,45,45203010,D,USA,334290,3669,180,940,C,MA,LOJACK CORP,LOJN
12789, , ,1/31/12,Canton,LoJack Corp,4520,452030,45,45203010,D,USA,334290,3669,180,940,C,MA,LOJACK CORP,LOJN
12789, , ,2/29/12,Canton,LoJack Corp,4520,452030,45,45203010,D,USA,334290,3669,180,940,C,MA,LOJACK CORP,LOJN
12789, , ,3/31/12,Canton,LoJack Corp,4520,452030,45,45203010,D,USA,334290,3669,180,940,C,MA,LOJACK CORP,LOJN
12789, , ,4/30/12,Canton,LoJack Corp,4520,452030,45,45203010,D,USA,334290,3669,180,940,C,MA,LOJACK CORP,LOJN
12789, , ,5/31/12,Canton,LoJack Corp,4520,452030,45,45203010,D,USA,334290,3669,180,940,C,MA,LOJACK CORP,LOJN
12789, , ,6/30/12,Canton,LoJack Corp,4520,452030,45,45203010,D,USA,334290,3669,180,940,C,MA,LOJACK CORP,LOJN
12789, , ,7/31/12,Canton,LoJack Corp,4520,452030,45,45203010,D,USA,334290,3669,180,940,C,MA,LOJACK CORP,LOJN
12789, , ,8/31/12,Canton,LoJack Corp,4520,452030,45,45203010,D,USA,334290,3669,180,940,C,MA,LOJACK CORP,LOJN
12789, , ,9/30/12,Canton,LoJack Corp,4520,452030,45,45203010,D,USA,334290,3669,180,940,C,MA,LOJACK CORP,LOJN
12789, , ,10/31/12,Canton,LoJack Corp,4520,452030,45,45203010,D,USA,334290,3669,180,940,C,MA,LOJACK CORP,LOJN
12789, , ,11/30/12,Canton,LoJack Corp,4520,452030,45,45203010,D,USA,334290,3669,180,940,C,MA,LOJACK CORP,LOJN
12789, , ,12/31/12,Canton,LoJack Corp,4520,452030,45,45203010,D,USA,334290,3669,180,940,C,MA,LOJACK CORP,LOJN
12789, , ,1/31/13,Canton,LoJack Corp,4520,452030,45,45203010,D,USA,334290,3669,180,940,C,MA,LOJACK CORP,LOJN
12789, , ,2/28/13,Canton,LoJack Corp,4520,452030,45,45203010,D,USA,334290,3669,180,940,C,MA,LOJACK CORP,LOJN
12789, , ,3/31/13,Canton,LoJack Corp,4520,452030,45,45203010,D,USA,334290,3669,180,940,C,MA,LOJACK CORP,LOJN
12789, , ,4/30/13,Canton,LoJack Corp,4520,452030,45,45203010,D,USA,334290,3669,180,940,C,MA,LOJACK CORP,LOJN
12789, , ,5/31/13,Canton,LoJack Corp,4520,452030,45,45203010,D,USA,334290,3669,180,940,C,MA,LOJACK CORP,LOJN
12789, , ,6/30/13,Canton,LoJack Corp,4520,452030,45,45203010,D,USA,334290,3669,180,940,C,MA,LOJACK CORP,LOJN
12789, , ,7/31/13,Canton,LoJack Corp,4520,452030,45,45203010,D,USA,334290,3669,180,940,C,MA,LOJACK CORP,LOJN
12789, , ,8/31/13,Canton,LoJack Corp,4520,452030,45,45203010,D,USA,334290,3669,180,940,C,MA,LOJACK CORP,LOJN
12789, , ,9/30/13,Canton,LoJack Corp,4520,452030,45,45203010,D,USA,334290,3669,180,940,C,MA,LOJACK CORP,LOJN
12789, , ,10/31/13,Canton,LoJack Corp,4520,452030,45,45203010,D,USA,334290,3669,180,940,C,MA,LOJACK CORP,LOJN
12837, , ,1/31/10,Centennial,Advance Display Technologies Inc,4520,452030,45,45203010,D,USA,334310,3651,220,925,C,CO,ADVANCE DISPLAY TECHNOLOGIES,3ADTI
12837, , ,2/28/10,Centennial,Advance Display Technologies Inc,4520,452030,45,45203010,D,USA,334310,3651,220,925,C,CO,ADVANCE DISPLAY TECHNOLOGIES,3ADTI
12837, , ,3/31/10,Centennial,Advance Display Technologies Inc,4520,452030,45,45203010,D,USA,334310,3651,220,925,C,CO,ADVANCE DISPLAY TECHNOLOGIES,3ADTI
12837, , ,4/30/10,Centennial,Advance Display Technologies Inc,4520,452030,45,45203010,D,USA,334310,3651,220,925,C,CO,ADVANCE DISPLAY TECHNOLOGIES,3ADTI
12837, , ,5/31/10,Centennial,Advance Display Technologies Inc,4520,452030,45,45203010,D,USA,334310,3651,220,925,C,CO,ADVANCE DISPLAY TECHNOLOGIES,3ADTI
12837, , ,6/30/10,Centennial,Advance Display Technologies Inc,4520,452030,45,45203010,D,USA,334310,3651,220,925,C,CO,ADVANCE DISPLAY TECHNOLOGIES,3ADTI
12837, , ,7/31/10,Centennial,Advance Display Technologies Inc,4520,452030,45,45203010,D,USA,334310,3651,220,925,C,CO,ADVANCE DISPLAY TECHNOLOGIES,3ADTI
12837, , ,8/31/10,Centennial,Advance Display Technologies Inc,4520,452030,45,45203010,D,USA,334310,3651,220,925,C,CO,ADVANCE DISPLAY TECHNOLOGIES,3ADTI
12837, , ,9/30/10,Centennial,Advance Display Technologies Inc,4520,452030,45,45203010,D,USA,334310,3651,220,925,C,CO,ADVANCE DISPLAY TECHNOLOGIES,3ADTI
12900, , ,3/31/10,Hastings,Genius Technologies Inc,4520,452020,45,45202020,D,USA,334119,3577,188,940, ,MN,GENIUS TECHNOLOGIES INC,GETK
12900, , ,4/30/10,Hastings,Genius Technologies Inc,4520,452020,45,45202020,D,USA,334119,3577,188,940, ,MN,GENIUS TECHNOLOGIES INC,GETK
12900, , ,6/30/10,Hastings,Genius Technologies Inc,4520,452020,45,45202020,D,USA,334119,3577,188,940, ,MN,GENIUS TECHNOLOGIES INC,GETK
12900, , ,11/30/10,Hastings,Genius Technologies Inc,4520,452020,45,45202020,D,USA,334119,3577,188,940, ,MN,GENIUS TECHNOLOGIES INC,GETK
12900, , ,12/31/11,Hastings,Genius Technologies Inc,4520,452020,45,45202020,D,USA,334119,3577,188,940, ,MN,GENIUS TECHNOLOGIES INC,GETK
12900, , ,5/31/13,Hastings,Genius Technologies Inc,4520,452020,45,45202020,D,USA,334119,3577,188,940, ,MN,GENIUS TECHNOLOGIES INC,GETK
12945, , ,1/31/10,Neenah,Plexus Corp,4520,452030,45,45203020,D,USA,334412,3672,220,925,B,WI,PLEXUS CORP,PLXS
12945, , ,2/28/10,Neenah,Plexus Corp,4520,452030,45,45203020,D,USA,334412,3672,220,925,B,WI,PLEXUS CORP,PLXS
12945, , ,3/31/10,Neenah,Plexus Corp,4520,452030,45,45203020,D,USA,334412,3672,220,925,B,WI,PLEXUS CORP,PLXS
12945, , ,4/30/10,Neenah,Plexus Corp,4520,452030,45,45203020,D,USA,334412,3672,220,925,B,WI,PLEXUS CORP,PLXS
12945, , ,5/31/10,Neenah,Plexus Corp,4520,452030,45,45203020,D,USA,334412,3672,220,925,B,WI,PLEXUS CORP,PLXS
12945, , ,6/30/10,Neenah,Plexus Corp,4520,452030,45,45203020,D,USA,334412,3672,220,925,B,WI,PLEXUS CORP,PLXS
12945, , ,7/31/10,Neenah,Plexus Corp,4520,452030,45,45203020,D,USA,334412,3672,220,925,B,WI,PLEXUS CORP,PLXS
12945, , ,8/31/10,Neenah,Plexus Corp,4520,452030,45,45203020,D,USA,334412,3672,220,925,B,WI,PLEXUS CORP,PLXS
12945, , ,9/30/10,Neenah,Plexus Corp,4520,452030,45,45203020,D,USA,334412,3672,220,925,B,WI,PLEXUS CORP,PLXS
12945, , ,10/31/10,Neenah,Plexus Corp,4520,452030,45,45203020,D,USA,334412,3672,220,925,B,WI,PLEXUS CORP,PLXS
12945, , ,11/30/10,Neenah,Plexus Corp,4520,452030,45,45203020,D,USA,334412,3672,220,925,B,WI,PLEXUS CORP,PLXS
12945, , ,12/31/10,Neenah,Plexus Corp,4520,452030,45,45203020,D,USA,334412,3672,220,925,B,WI,PLEXUS CORP,PLXS
12945, , ,1/31/11,Neenah,Plexus Corp,4520,452030,45,45203020,D,USA,334412,3672,220,925,B,WI,PLEXUS CORP,PLXS
12945, , ,2/28/11,Neenah,Plexus Corp,4520,452030,45,45203020,D,USA,334412,3672,220,925,B,WI,PLEXUS CORP,PLXS
12945, , ,3/31/11,Neenah,Plexus Corp,4520,452030,45,45203020,D,USA,334412,3672,220,925,B,WI,PLEXUS CORP,PLXS
12945, , ,4/30/11,Neenah,Plexus Corp,4520,452030,45,45203020,D,USA,334412,3672,220,925,B,WI,PLEXUS CORP,PLXS
12945, , ,5/31/11,Neenah,Plexus Corp,4520,452030,45,45203020,D,USA,334412,3672,220,925,B,WI,PLEXUS CORP,PLXS
12945, , ,6/30/11,Neenah,Plexus Corp,4520,452030,45,45203020,D,USA,334412,3672,220,925,B,WI,PLEXUS CORP,PLXS
12945, , ,7/31/11,Neenah,Plexus Corp,4520,452030,45,45203020,D,USA,334412,3672,220,925,B,WI,PLEXUS CORP,PLXS
12945, , ,8/31/11,Neenah,Plexus Corp,4520,452030,45,45203020,D,USA,334412,3672,220,925,B,WI,PLEXUS CORP,PLXS
12945, , ,9/30/11,Neenah,Plexus Corp,4520,452030,45,45203020,D,USA,334412,3672,220,925,B,WI,PLEXUS CORP,PLXS
12945, , ,10/31/11,Neenah,Plexus Corp,4520,452030,45,45203020,D,USA,334412,3672,220,925,B,WI,PLEXUS CORP,PLXS
12945, , ,11/30/11,Neenah,Plexus Corp,4520,452030,45,45203020,D,USA,334412,3672,220,925,B,WI,PLEXUS CORP,PLXS
12945, , ,12/31/11,Neenah,Plexus Corp,4520,452030,45,45203020,D,USA,334412,3672,220,925,B,WI,PLEXUS CORP,PLXS
12945, , ,1/31/12,Neenah,Plexus Corp,4520,452030,45,45203020,D,USA,334412,3672,220,925,B,WI,PLEXUS CORP,PLXS
12945, , ,2/29/12,Neenah,Plexus Corp,4520,452030,45,45203020,D,USA,334412,3672,220,925,B,WI,PLEXUS CORP,PLXS
12945, , ,3/31/12,Neenah,Plexus Corp,4520,452030,45,45203020,D,USA,334412,3672,220,925,B,WI,PLEXUS CORP,PLXS
12945, , ,4/30/12,Neenah,Plexus Corp,4520,452030,45,45203020,D,USA,334412,3672,220,925,B,WI,PLEXUS CORP,PLXS
12945, , ,5/31/12,Neenah,Plexus Corp,4520,452030,45,45203020,D,USA,334412,3672,220,925,B,WI,PLEXUS CORP,PLXS
12945, , ,6/30/12,Neenah,Plexus Corp,4520,452030,45,45203020,D,USA,334412,3672,220,925,B,WI,PLEXUS CORP,PLXS
12945, , ,7/31/12,Neenah,Plexus Corp,4520,452030,45,45203020,D,USA,334412,3672,220,925,B,WI,PLEXUS CORP,PLXS
12945, , ,8/31/12,Neenah,Plexus Corp,4520,452030,45,45203020,D,USA,334412,3672,220,925,B,WI,PLEXUS CORP,PLXS
12945, , ,9/30/12,Neenah,Plexus Corp,4520,452030,45,45203020,D,USA,334412,3672,220,925,B,WI,PLEXUS CORP,PLXS
12945, , ,10/31/12,Neenah,Plexus Corp,4520,452030,45,45203020,D,USA,334412,3672,220,925,B,WI,PLEXUS CORP,PLXS
12945, , ,11/30/12,Neenah,Plexus Corp,4520,452030,45,45203020,D,USA,334412,3672,220,925,B,WI,PLEXUS CORP,PLXS
12945, , ,12/31/12,Neenah,Plexus Corp,4520,452030,45,45203020,D,USA,334412,3672,220,925,B,WI,PLEXUS CORP,PLXS
12945, , ,1/31/13,Neenah,Plexus Corp,4520,452030,45,45203020,D,USA,334412,3672,220,925,B,WI,PLEXUS CORP,PLXS
12945, , ,2/28/13,Neenah,Plexus Corp,4520,452030,45,45203020,D,USA,334412,3672,220,925,B,WI,PLEXUS CORP,PLXS
12945, , ,3/31/13,Neenah,Plexus Corp,4520,452030,45,45203020,D,USA,334412,3672,220,925,B,WI,PLEXUS CORP,PLXS
12945, , ,4/30/13,Neenah,Plexus Corp,4520,452030,45,45203020,D,USA,334412,3672,220,925,B,WI,PLEXUS CORP,PLXS
12945, , ,5/31/13,Neenah,Plexus Corp,4520,452030,45,45203020,D,USA,334412,3672,220,925,B,WI,PLEXUS CORP,PLXS
12945, , ,6/30/13,Neenah,Plexus Corp,4520,452030,45,45203020,D,USA,334412,3672,220,925,B,WI,PLEXUS CORP,PLXS
12945, , ,7/31/13,Neenah,Plexus Corp,4520,452030,45,45203020,D,USA,334412,3672,220,925,B,WI,PLEXUS CORP,PLXS
12945, , ,8/31/13,Neenah,Plexus Corp,4520,452030,45,45203020,D,USA,334412,3672,220,925,B,WI,PLEXUS CORP,PLXS
12945, , ,9/30/13,Neenah,Plexus Corp,4520,452030,45,45203020,D,USA,334412,3672,220,925,B,WI,PLEXUS CORP,PLXS
12945, , ,10/31/13,Neenah,Plexus Corp,4520,452030,45,45203020,D,USA,334412,3672,220,925,B,WI,PLEXUS CORP,PLXS
13011, , ,1/31/10,Fremont,Network Equipment Technologies Inc.,4520,452010,45,45201020,D,USA,334118,3576,187,940,C,CA,NETWORK EQUIPMENT TECH INC,NWK
13011, , ,2/28/10,Fremont,Network Equipment Technologies Inc.,4520,452010,45,45201020,D,USA,334118,3576,187,940,C,CA,NETWORK EQUIPMENT TECH INC,NWK
13011, , ,3/31/10,Fremont,Network Equipment Technologies Inc.,4520,452010,45,45201020,D,USA,334118,3576,187,940,C,CA,NETWORK EQUIPMENT TECH INC,NWK
13011, , ,4/30/10,Fremont,Network Equipment Technologies Inc.,4520,452010,45,45201020,D,USA,334118,3576,187,940,C,CA,NETWORK EQUIPMENT TECH INC,NWK
13011, , ,5/31/10,Fremont,Network Equipment Technologies Inc.,4520,452010,45,45201020,D,USA,334118,3576,187,940,C,CA,NETWORK EQUIPMENT TECH INC,NWK
13011, , ,6/30/10,Fremont,Network Equipment Technologies Inc.,4520,452010,45,45201020,D,USA,334118,3576,187,940,C,CA,NETWORK EQUIPMENT TECH INC,NWK
13011, , ,7/31/10,Fremont,Network Equipment Technologies Inc.,4520,452010,45,45201020,D,USA,334118,3576,187,940,C,CA,NETWORK EQUIPMENT TECH INC,NWK
13011, , ,8/31/10,Fremont,Network Equipment Technologies Inc.,4520,452010,45,45201020,D,USA,334118,3576,187,940,C,CA,NETWORK EQUIPMENT TECH INC,NWK
13011, , ,9/30/10,Fremont,Network Equipment Technologies Inc.,4520,452010,45,45201020,D,USA,334118,3576,187,940,C,CA,NETWORK EQUIPMENT TECH INC,NWK
13011, , ,10/31/10,Fremont,Network Equipment Technologies Inc.,4520,452010,45,45201020,D,USA,334118,3576,187,940,C,CA,NETWORK EQUIPMENT TECH INC,NWK
13011, , ,11/30/10,Fremont,Network Equipment Technologies Inc.,4520,452010,45,45201020,D,USA,334118,3576,187,940,C,CA,NETWORK EQUIPMENT TECH INC,NWK
13011, , ,12/31/10,Fremont,Network Equipment Technologies Inc.,4520,452010,45,45201020,D,USA,334118,3576,187,940,C,CA,NETWORK EQUIPMENT TECH INC,NWK
13011, , ,1/31/11,Fremont,Network Equipment Technologies Inc.,4520,452010,45,45201020,D,USA,334118,3576,187,940,C,CA,NETWORK EQUIPMENT TECH INC,NWK
13011, , ,2/28/11,Fremont,Network Equipment Technologies Inc.,4520,452010,45,45201020,D,USA,334118,3576,187,940,C,CA,NETWORK EQUIPMENT TECH INC,NWK
13011, , ,3/31/11,Fremont,Network Equipment Technologies Inc.,4520,452010,45,45201020,D,USA,334118,3576,187,940,C,CA,NETWORK EQUIPMENT TECH INC,NWK
13011, , ,4/30/11,Fremont,Network Equipment Technologies Inc.,4520,452010,45,45201020,D,USA,334118,3576,187,940,C,CA,NETWORK EQUIPMENT TECH INC,NWK
13011, , ,5/31/11,Fremont,Network Equipment Technologies Inc.,4520,452010,45,45201020,D,USA,334118,3576,187,940,C,CA,NETWORK EQUIPMENT TECH INC,NWK
13011, , ,6/30/11,Fremont,Network Equipment Technologies Inc.,4520,452010,45,45201020,D,USA,334118,3576,187,940,C,CA,NETWORK EQUIPMENT TECH INC,NWK
13011, , ,7/31/11,Fremont,Network Equipment Technologies Inc.,4520,452010,45,45201020,D,USA,334118,3576,187,940,C,CA,NETWORK EQUIPMENT TECH INC,NWK
13011, , ,8/31/11,Fremont,Network Equipment Technologies Inc.,4520,452010,45,45201020,D,USA,334118,3576,187,940,C,CA,NETWORK EQUIPMENT TECH INC,NWK
13011, , ,9/30/11,Fremont,Network Equipment Technologies Inc.,4520,452010,45,45201020,D,USA,334118,3576,187,940,C,CA,NETWORK EQUIPMENT TECH INC,NWK
13011, , ,10/31/11,Fremont,Network Equipment Technologies Inc.,4520,452010,45,45201020,D,USA,334118,3576,187,940,C,CA,NETWORK EQUIPMENT TECH INC,NWK
13011, , ,11/30/11,Fremont,Network Equipment Technologies Inc.,4520,452010,45,45201020,D,USA,334118,3576,187,940,C,CA,NETWORK EQUIPMENT TECH INC,NWK
13011, , ,12/31/11,Fremont,Network Equipment Technologies Inc.,4520,452010,45,45201020,D,USA,334118,3576,187,940,C,CA,NETWORK EQUIPMENT TECH INC,NWK
13011, , ,1/31/12,Fremont,Network Equipment Technologies Inc.,4520,452010,45,45201020,D,USA,334118,3576,187,940,C,CA,NETWORK EQUIPMENT TECH INC,NWK
13011, , ,2/29/12,Fremont,Network Equipment Technologies Inc.,4520,452010,45,45201020,D,USA,334118,3576,187,940,C,CA,NETWORK EQUIPMENT TECH INC,NWK
13011, , ,3/31/12,Fremont,Network Equipment Technologies Inc.,4520,452010,45,45201020,D,USA,334118,3576,187,940,C,CA,NETWORK EQUIPMENT TECH INC,NWK
13011, , ,4/30/12,Fremont,Network Equipment Technologies Inc.,4520,452010,45,45201020,D,USA,334118,3576,187,940,C,CA,NETWORK EQUIPMENT TECH INC,NWK
13011, , ,5/31/12,Fremont,Network Equipment Technologies Inc.,4520,452010,45,45201020,D,USA,334118,3576,187,940,C,CA,NETWORK EQUIPMENT TECH INC,NWK
13011, , ,6/30/12,Fremont,Network Equipment Technologies Inc.,4520,452010,45,45201020,D,USA,334118,3576,187,940,C,CA,NETWORK EQUIPMENT TECH INC,NWK
13011, , ,7/31/12,Fremont,Network Equipment Technologies Inc.,4520,452010,45,45201020,D,USA,334118,3576,187,940,C,CA,NETWORK EQUIPMENT TECH INC,NWK
13011, , ,8/31/12,Fremont,Network Equipment Technologies Inc.,4520,452010,45,45201020,D,USA,334118,3576,187,940,C,CA,NETWORK EQUIPMENT TECH INC,NWK
13176, , ,1/31/10,Milton,Sono-Tek Corp,4520,452030,45,45203010,D,USA,333318,3690,220,925, ,NY,SONO-TEK CORP,SOTK
13176, , ,2/28/10,Milton,Sono-Tek Corp,4520,452030,45,45203010,D,USA,333318,3690,220,925, ,NY,SONO-TEK CORP,SOTK
13176, , ,3/31/10,Milton,Sono-Tek Corp,4520,452030,45,45203010,D,USA,333318,3690,220,925, ,NY,SONO-TEK CORP,SOTK
13176, , ,4/30/10,Milton,Sono-Tek Corp,4520,452030,45,45203010,D,USA,333318,3690,220,925, ,NY,SONO-TEK CORP,SOTK
13176, , ,5/31/10,Milton,Sono-Tek Corp,4520,452030,45,45203010,D,USA,333318,3690,220,925, ,NY,SONO-TEK CORP,SOTK
13176, , ,6/30/10,Milton,Sono-Tek Corp,4520,452030,45,45203010,D,USA,333318,3690,220,925, ,NY,SONO-TEK CORP,SOTK
13176, , ,7/31/10,Milton,Sono-Tek Corp,4520,452030,45,45203010,D,USA,333318,3690,220,925, ,NY,SONO-TEK CORP,SOTK
13176, , ,8/31/10,Milton,Sono-Tek Corp,4520,452030,45,45203010,D,USA,333318,3690,220,925, ,NY,SONO-TEK CORP,SOTK
13176, , ,9/30/10,Milton,Sono-Tek Corp,4520,452030,45,45203010,D,USA,333318,3690,220,925, ,NY,SONO-TEK CORP,SOTK
13176, , ,10/31/10,Milton,Sono-Tek Corp,4520,452030,45,45203010,D,USA,333318,3690,220,925, ,NY,SONO-TEK CORP,SOTK
13176, , ,11/30/10,Milton,Sono-Tek Corp,4520,452030,45,45203010,D,USA,333318,3690,220,925, ,NY,SONO-TEK CORP,SOTK
13176, , ,12/31/10,Milton,Sono-Tek Corp,4520,452030,45,45203010,D,USA,333318,3690,220,925, ,NY,SONO-TEK CORP,SOTK
13176, , ,1/31/11,Milton,Sono-Tek Corp,4520,452030,45,45203010,D,USA,333318,3690,220,925, ,NY,SONO-TEK CORP,SOTK
13176, , ,2/28/11,Milton,Sono-Tek Corp,4520,452030,45,45203010,D,USA,333318,3690,220,925, ,NY,SONO-TEK CORP,SOTK
13176, , ,3/31/11,Milton,Sono-Tek Corp,4520,452030,45,45203010,D,USA,333318,3690,220,925, ,NY,SONO-TEK CORP,SOTK
13176, , ,4/30/11,Milton,Sono-Tek Corp,4520,452030,45,45203010,D,USA,333318,3690,220,925, ,NY,SONO-TEK CORP,SOTK
13176, , ,5/31/11,Milton,Sono-Tek Corp,4520,452030,45,45203010,D,USA,333318,3690,220,925, ,NY,SONO-TEK CORP,SOTK
13176, , ,6/30/11,Milton,Sono-Tek Corp,4520,452030,45,45203010,D,USA,333318,3690,220,925, ,NY,SONO-TEK CORP,SOTK
13176, , ,7/31/11,Milton,Sono-Tek Corp,4520,452030,45,45203010,D,USA,333318,3690,220,925, ,NY,SONO-TEK CORP,SOTK
13176, , ,8/31/11,Milton,Sono-Tek Corp,4520,452030,45,45203010,D,USA,333318,3690,220,925, ,NY,SONO-TEK CORP,SOTK
13176, , ,9/30/11,Milton,Sono-Tek Corp,4520,452030,45,45203010,D,USA,333318,3690,220,925, ,NY,SONO-TEK CORP,SOTK
13176, , ,10/31/11,Milton,Sono-Tek Corp,4520,452030,45,45203010,D,USA,333318,3690,220,925, ,NY,SONO-TEK CORP,SOTK
13176, , ,11/30/11,Milton,Sono-Tek Corp,4520,452030,45,45203010,D,USA,333318,3690,220,925, ,NY,SONO-TEK CORP,SOTK
13176, , ,12/31/11,Milton,Sono-Tek Corp,4520,452030,45,45203010,D,USA,333318,3690,220,925, ,NY,SONO-TEK CORP,SOTK
13176, , ,1/31/12,Milton,Sono-Tek Corp,4520,452030,45,45203010,D,USA,333318,3690,220,925, ,NY,SONO-TEK CORP,SOTK
13176, , ,2/29/12,Milton,Sono-Tek Corp,4520,452030,45,45203010,D,USA,333318,3690,220,925, ,NY,SONO-TEK CORP,SOTK
13176, , ,3/31/12,Milton,Sono-Tek Corp,4520,452030,45,45203010,D,USA,333318,3690,220,925, ,NY,SONO-TEK CORP,SOTK
13176, , ,4/30/12,Milton,Sono-Tek Corp,4520,452030,45,45203010,D,USA,333318,3690,220,925, ,NY,SONO-TEK CORP,SOTK
13176, , ,5/31/12,Milton,Sono-Tek Corp,4520,452030,45,45203010,D,USA,333318,3690,220,925, ,NY,SONO-TEK CORP,SOTK
13176, , ,6/30/12,Milton,Sono-Tek Corp,4520,452030,45,45203010,D,USA,333318,3690,220,925, ,NY,SONO-TEK CORP,SOTK
13176, , ,7/31/12,Milton,Sono-Tek Corp,4520,452030,45,45203010,D,USA,333318,3690,220,925, ,NY,SONO-TEK CORP,SOTK
13176, , ,8/31/12,Milton,Sono-Tek Corp,4520,452030,45,45203010,D,USA,333318,3690,220,925, ,NY,SONO-TEK CORP,SOTK
13176, , ,9/30/12,Milton,Sono-Tek Corp,4520,452030,45,45203010,D,USA,333318,3690,220,925, ,NY,SONO-TEK CORP,SOTK
13176, , ,10/31/12,Milton,Sono-Tek Corp,4520,452030,45,45203010,D,USA,333318,3690,220,925, ,NY,SONO-TEK CORP,SOTK
13176, , ,11/30/12,Milton,Sono-Tek Corp,4520,452030,45,45203010,D,USA,333318,3690,220,925, ,NY,SONO-TEK CORP,SOTK
13176, , ,12/31/12,Milton,Sono-Tek Corp,4520,452030,45,45203010,D,USA,333318,3690,220,925, ,NY,SONO-TEK CORP,SOTK
13176, , ,1/31/13,Milton,Sono-Tek Corp,4520,452030,45,45203010,D,USA,333318,3690,220,925, ,NY,SONO-TEK CORP,SOTK
13176, , ,2/28/13,Milton,Sono-Tek Corp,4520,452030,45,45203010,D,USA,333318,3690,220,925, ,NY,SONO-TEK CORP,SOTK
13176, , ,3/31/13,Milton,Sono-Tek Corp,4520,452030,45,45203010,D,USA,333318,3690,220,925, ,NY,SONO-TEK CORP,SOTK
13176, , ,4/30/13,Milton,Sono-Tek Corp,4520,452030,45,45203010,D,USA,333318,3690,220,925, ,NY,SONO-TEK CORP,SOTK
13176, , ,5/31/13,Milton,Sono-Tek Corp,4520,452030,45,45203010,D,USA,333318,3690,220,925, ,NY,SONO-TEK CORP,SOTK
13176, , ,6/30/13,Milton,Sono-Tek Corp,4520,452030,45,45203010,D,USA,333318,3690,220,925, ,NY,SONO-TEK CORP,SOTK
13176, , ,7/31/13,Milton,Sono-Tek Corp,4520,452030,45,45203010,D,USA,333318,3690,220,925, ,NY,SONO-TEK CORP,SOTK
13176, , ,8/31/13,Milton,Sono-Tek Corp,4520,452030,45,45203010,D,USA,333318,3690,220,925, ,NY,SONO-TEK CORP,SOTK
13176, , ,9/30/13,Milton,Sono-Tek Corp,4520,452030,45,45203010,D,USA,333318,3690,220,925, ,NY,SONO-TEK CORP,SOTK
13176, , ,10/31/13,Milton,Sono-Tek Corp,4520,452030,45,45203010,D,USA,333318,3690,220,925, ,NY,SONO-TEK CORP,SOTK
13238, , ,1/31/10,Long Island City,Quadlogic Controls Corp,4520,452030,45,45203010,D,USA,334515,3825,230,940, ,NY,QUADLOGIC CONTROLS CORP,QDLC
13238, , ,2/28/10,Long Island City,Quadlogic Controls Corp,4520,452030,45,45203010,D,USA,334515,3825,230,940, ,NY,QUADLOGIC CONTROLS CORP,QDLC
13238, , ,3/31/10,Long Island City,Quadlogic Controls Corp,4520,452030,45,45203010,D,USA,334515,3825,230,940, ,NY,QUADLOGIC CONTROLS CORP,QDLC
13238, , ,4/30/10,Long Island City,Quadlogic Controls Corp,4520,452030,45,45203010,D,USA,334515,3825,230,940, ,NY,QUADLOGIC CONTROLS CORP,QDLC
13238, , ,5/31/10,Long Island City,Quadlogic Controls Corp,4520,452030,45,45203010,D,USA,334515,3825,230,940, ,NY,QUADLOGIC CONTROLS CORP,QDLC
13238, , ,6/30/10,Long Island City,Quadlogic Controls Corp,4520,452030,45,45203010,D,USA,334515,3825,230,940, ,NY,QUADLOGIC CONTROLS CORP,QDLC
13238, , ,7/31/10,Long Island City,Quadlogic Controls Corp,4520,452030,45,45203010,D,USA,334515,3825,230,940, ,NY,QUADLOGIC CONTROLS CORP,QDLC
13238, , ,8/31/10,Long Island City,Quadlogic Controls Corp,4520,452030,45,45203010,D,USA,334515,3825,230,940, ,NY,QUADLOGIC CONTROLS CORP,QDLC
13238, , ,9/30/10,Long Island City,Quadlogic Controls Corp,4520,452030,45,45203010,D,USA,334515,3825,230,940, ,NY,QUADLOGIC CONTROLS CORP,QDLC
13238, , ,10/31/10,Long Island City,Quadlogic Controls Corp,4520,452030,45,45203010,D,USA,334515,3825,230,940, ,NY,QUADLOGIC CONTROLS CORP,QDLC
13238, , ,11/30/10,Long Island City,Quadlogic Controls Corp,4520,452030,45,45203010,D,USA,334515,3825,230,940, ,NY,QUADLOGIC CONTROLS CORP,QDLC
13238, , ,12/31/10,Long Island City,Quadlogic Controls Corp,4520,452030,45,45203010,D,USA,334515,3825,230,940, ,NY,QUADLOGIC CONTROLS CORP,QDLC
13238, , ,1/31/11,Long Island City,Quadlogic Controls Corp,4520,452030,45,45203010,D,USA,334515,3825,230,940, ,NY,QUADLOGIC CONTROLS CORP,QDLC
13238, , ,2/28/11,Long Island City,Quadlogic Controls Corp,4520,452030,45,45203010,D,USA,334515,3825,230,940, ,NY,QUADLOGIC CONTROLS CORP,QDLC
13238, , ,3/31/11,Long Island City,Quadlogic Controls Corp,4520,452030,45,45203010,D,USA,334515,3825,230,940, ,NY,QUADLOGIC CONTROLS CORP,QDLC
13238, , ,4/30/11,Long Island City,Quadlogic Controls Corp,4520,452030,45,45203010,D,USA,334515,3825,230,940, ,NY,QUADLOGIC CONTROLS CORP,QDLC
13238, , ,5/31/11,Long Island City,Quadlogic Controls Corp,4520,452030,45,45203010,D,USA,334515,3825,230,940, ,NY,QUADLOGIC CONTROLS CORP,QDLC
13238, , ,6/30/11,Long Island City,Quadlogic Controls Corp,4520,452030,45,45203010,D,USA,334515,3825,230,940, ,NY,QUADLOGIC CONTROLS CORP,QDLC
13238, , ,7/31/11,Long Island City,Quadlogic Controls Corp,4520,452030,45,45203010,D,USA,334515,3825,230,940, ,NY,QUADLOGIC CONTROLS CORP,QDLC
13238, , ,8/31/11,Long Island City,Quadlogic Controls Corp,4520,452030,45,45203010,D,USA,334515,3825,230,940, ,NY,QUADLOGIC CONTROLS CORP,QDLC
13238, , ,9/30/11,Long Island City,Quadlogic Controls Corp,4520,452030,45,45203010,D,USA,334515,3825,230,940, ,NY,QUADLOGIC CONTROLS CORP,QDLC
13238, , ,10/31/11,Long Island City,Quadlogic Controls Corp,4520,452030,45,45203010,D,USA,334515,3825,230,940, ,NY,QUADLOGIC CONTROLS CORP,QDLC
13238, , ,11/30/11,Long Island City,Quadlogic Controls Corp,4520,452030,45,45203010,D,USA,334515,3825,230,940, ,NY,QUADLOGIC CONTROLS CORP,QDLC
13238, , ,12/31/11,Long Island City,Quadlogic Controls Corp,4520,452030,45,45203010,D,USA,334515,3825,230,940, ,NY,QUADLOGIC CONTROLS CORP,QDLC
13238, , ,1/31/12,Long Island City,Quadlogic Controls Corp,4520,452030,45,45203010,D,USA,334515,3825,230,940, ,NY,QUADLOGIC CONTROLS CORP,QDLC
13238, , ,2/29/12,Long Island City,Quadlogic Controls Corp,4520,452030,45,45203010,D,USA,334515,3825,230,940, ,NY,QUADLOGIC CONTROLS CORP,QDLC
13238, , ,3/31/12,Long Island City,Quadlogic Controls Corp,4520,452030,45,45203010,D,USA,334515,3825,230,940, ,NY,QUADLOGIC CONTROLS CORP,QDLC
13238, , ,4/30/12,Long Island City,Quadlogic Controls Corp,4520,452030,45,45203010,D,USA,334515,3825,230,940, ,NY,QUADLOGIC CONTROLS CORP,QDLC
13238, , ,5/31/12,Long Island City,Quadlogic Controls Corp,4520,452030,45,45203010,D,USA,334515,3825,230,940, ,NY,QUADLOGIC CONTROLS CORP,QDLC
13238, , ,6/30/12,Long Island City,Quadlogic Controls Corp,4520,452030,45,45203010,D,USA,334515,3825,230,940, ,NY,QUADLOGIC CONTROLS CORP,QDLC
13238, , ,7/31/12,Long Island City,Quadlogic Controls Corp,4520,452030,45,45203010,D,USA,334515,3825,230,940, ,NY,QUADLOGIC CONTROLS CORP,QDLC
13238, , ,8/31/12,Long Island City,Quadlogic Controls Corp,4520,452030,45,45203010,D,USA,334515,3825,230,940, ,NY,QUADLOGIC CONTROLS CORP,QDLC
13238, , ,9/30/12,Long Island City,Quadlogic Controls Corp,4520,452030,45,45203010,D,USA,334515,3825,230,940, ,NY,QUADLOGIC CONTROLS CORP,QDLC
13238, , ,10/31/12,Long Island City,Quadlogic Controls Corp,4520,452030,45,45203010,D,USA,334515,3825,230,940, ,NY,QUADLOGIC CONTROLS CORP,QDLC
13238, , ,11/30/12,Long Island City,Quadlogic Controls Corp,4520,452030,45,45203010,D,USA,334515,3825,230,940, ,NY,QUADLOGIC CONTROLS CORP,QDLC
13238, , ,12/31/12,Long Island City,Quadlogic Controls Corp,4520,452030,45,45203010,D,USA,334515,3825,230,940, ,NY,QUADLOGIC CONTROLS CORP,QDLC
13238, , ,1/31/13,Long Island City,Quadlogic Controls Corp,4520,452030,45,45203010,D,USA,334515,3825,230,940, ,NY,QUADLOGIC CONTROLS CORP,QDLC
13238, , ,2/28/13,Long Island City,Quadlogic Controls Corp,4520,452030,45,45203010,D,USA,334515,3825,230,940, ,NY,QUADLOGIC CONTROLS CORP,QDLC
13238, , ,3/31/13,Long Island City,Quadlogic Controls Corp,4520,452030,45,45203010,D,USA,334515,3825,230,940, ,NY,QUADLOGIC CONTROLS CORP,QDLC
13238, , ,4/30/13,Long Island City,Quadlogic Controls Corp,4520,452030,45,45203010,D,USA,334515,3825,230,940, ,NY,QUADLOGIC CONTROLS CORP,QDLC
13238, , ,5/31/13,Long Island City,Quadlogic Controls Corp,4520,452030,45,45203010,D,USA,334515,3825,230,940, ,NY,QUADLOGIC CONTROLS CORP,QDLC
13238, , ,6/30/13,Long Island City,Quadlogic Controls Corp,4520,452030,45,45203010,D,USA,334515,3825,230,940, ,NY,QUADLOGIC CONTROLS CORP,QDLC
13238, , ,7/31/13,Long Island City,Quadlogic Controls Corp,4520,452030,45,45203010,D,USA,334515,3825,230,940, ,NY,QUADLOGIC CONTROLS CORP,QDLC
13238, , ,8/31/13,Long Island City,Quadlogic Controls Corp,4520,452030,45,45203010,D,USA,334515,3825,230,940, ,NY,QUADLOGIC CONTROLS CORP,QDLC
13238, , ,9/30/13,Long Island City,Quadlogic Controls Corp,4520,452030,45,45203010,D,USA,334515,3825,230,940, ,NY,QUADLOGIC CONTROLS CORP,QDLC
13238, , ,10/31/13,Long Island City,Quadlogic Controls Corp,4520,452030,45,45203010,D,USA,334515,3825,230,940, ,NY,QUADLOGIC CONTROLS CORP,QDLC
13368, , ,1/31/10,Bedford,National Datacomputer Inc,4520,452020,45,45202020,D,USA,334111,3571,190,940, ,MA,NATIONAL DATACOMPUTER INC,NDCP
13368, , ,2/28/10,Bedford,National Datacomputer Inc,4520,452020,45,45202020,D,USA,334111,3571,190,940, ,MA,NATIONAL DATACOMPUTER INC,NDCP
13368, , ,3/31/10,Bedford,National Datacomputer Inc,4520,452020,45,45202020,D,USA,334111,3571,190,940, ,MA,NATIONAL DATACOMPUTER INC,NDCP
13368, , ,4/30/10,Bedford,National Datacomputer Inc,4520,452020,45,45202020,D,USA,334111,3571,190,940, ,MA,NATIONAL DATACOMPUTER INC,NDCP
13368, , ,5/31/10,Bedford,National Datacomputer Inc,4520,452020,45,45202020,D,USA,334111,3571,190,940, ,MA,NATIONAL DATACOMPUTER INC,NDCP
13368, , ,6/30/10,Bedford,National Datacomputer Inc,4520,452020,45,45202020,D,USA,334111,3571,190,940, ,MA,NATIONAL DATACOMPUTER INC,NDCP
13368, , ,7/31/10,Bedford,National Datacomputer Inc,4520,452020,45,45202020,D,USA,334111,3571,190,940, ,MA,NATIONAL DATACOMPUTER INC,NDCP
13368, , ,8/31/10,Bedford,National Datacomputer Inc,4520,452020,45,45202020,D,USA,334111,3571,190,940, ,MA,NATIONAL DATACOMPUTER INC,NDCP
13368, , ,9/30/10,Bedford,National Datacomputer Inc,4520,452020,45,45202020,D,USA,334111,3571,190,940, ,MA,NATIONAL DATACOMPUTER INC,NDCP
13368, , ,10/31/10,Bedford,National Datacomputer Inc,4520,452020,45,45202020,D,USA,334111,3571,190,940, ,MA,NATIONAL DATACOMPUTER INC,NDCP
13368, , ,11/30/10,Bedford,National Datacomputer Inc,4520,452020,45,45202020,D,USA,334111,3571,190,940, ,MA,NATIONAL DATACOMPUTER INC,NDCP
13368, , ,12/31/10,Bedford,National Datacomputer Inc,4520,452020,45,45202020,D,USA,334111,3571,190,940, ,MA,NATIONAL DATACOMPUTER INC,NDCP
13368, , ,1/31/11,Bedford,National Datacomputer Inc,4520,452020,45,45202020,D,USA,334111,3571,190,940, ,MA,NATIONAL DATACOMPUTER INC,NDCP
13368, , ,2/28/11,Bedford,National Datacomputer Inc,4520,452020,45,45202020,D,USA,334111,3571,190,940, ,MA,NATIONAL DATACOMPUTER INC,NDCP
13368, , ,3/31/11,Bedford,National Datacomputer Inc,4520,452020,45,45202020,D,USA,334111,3571,190,940, ,MA,NATIONAL DATACOMPUTER INC,NDCP
13368, , ,4/30/11,Bedford,National Datacomputer Inc,4520,452020,45,45202020,D,USA,334111,3571,190,940, ,MA,NATIONAL DATACOMPUTER INC,NDCP
13368, , ,5/31/11,Bedford,National Datacomputer Inc,4520,452020,45,45202020,D,USA,334111,3571,190,940, ,MA,NATIONAL DATACOMPUTER INC,NDCP
13368, , ,6/30/11,Bedford,National Datacomputer Inc,4520,452020,45,45202020,D,USA,334111,3571,190,940, ,MA,NATIONAL DATACOMPUTER INC,NDCP
13368, , ,7/31/11,Bedford,National Datacomputer Inc,4520,452020,45,45202020,D,USA,334111,3571,190,940, ,MA,NATIONAL DATACOMPUTER INC,NDCP
13368, , ,8/31/11,Bedford,National Datacomputer Inc,4520,452020,45,45202020,D,USA,334111,3571,190,940, ,MA,NATIONAL DATACOMPUTER INC,NDCP
13368, , ,9/30/11,Bedford,National Datacomputer Inc,4520,452020,45,45202020,D,USA,334111,3571,190,940, ,MA,NATIONAL DATACOMPUTER INC,NDCP
13368, , ,10/31/11,Bedford,National Datacomputer Inc,4520,452020,45,45202020,D,USA,334111,3571,190,940, ,MA,NATIONAL DATACOMPUTER INC,NDCP
13368, , ,11/30/11,Bedford,National Datacomputer Inc,4520,452020,45,45202020,D,USA,334111,3571,190,940, ,MA,NATIONAL DATACOMPUTER INC,NDCP
13368, , ,12/31/11,Bedford,National Datacomputer Inc,4520,452020,45,45202020,D,USA,334111,3571,190,940, ,MA,NATIONAL DATACOMPUTER INC,NDCP
13368, , ,1/31/12,Bedford,National Datacomputer Inc,4520,452020,45,45202020,D,USA,334111,3571,190,940, ,MA,NATIONAL DATACOMPUTER INC,NDCP
13368, , ,2/29/12,Bedford,National Datacomputer Inc,4520,452020,45,45202020,D,USA,334111,3571,190,940, ,MA,NATIONAL DATACOMPUTER INC,NDCP
13368, , ,3/31/12,Bedford,National Datacomputer Inc,4520,452020,45,45202020,D,USA,334111,3571,190,940, ,MA,NATIONAL DATACOMPUTER INC,NDCP
13368, , ,4/30/12,Bedford,National Datacomputer Inc,4520,452020,45,45202020,D,USA,334111,3571,190,940, ,MA,NATIONAL DATACOMPUTER INC,NDCP
13368, , ,5/31/12,Bedford,National Datacomputer Inc,4520,452020,45,45202020,D,USA,334111,3571,190,940, ,MA,NATIONAL DATACOMPUTER INC,NDCP
13368, , ,6/30/12,Bedford,National Datacomputer Inc,4520,452020,45,45202020,D,USA,334111,3571,190,940, ,MA,NATIONAL DATACOMPUTER INC,NDCP
13368, , ,7/31/12,Bedford,National Datacomputer Inc,4520,452020,45,45202020,D,USA,334111,3571,190,940, ,MA,NATIONAL DATACOMPUTER INC,NDCP
13368, , ,8/31/12,Bedford,National Datacomputer Inc,4520,452020,45,45202020,D,USA,334111,3571,190,940, ,MA,NATIONAL DATACOMPUTER INC,NDCP
13368, , ,9/30/12,Bedford,National Datacomputer Inc,4520,452020,45,45202020,D,USA,334111,3571,190,940, ,MA,NATIONAL DATACOMPUTER INC,NDCP
13368, , ,10/31/12,Bedford,National Datacomputer Inc,4520,452020,45,45202020,D,USA,334111,3571,190,940, ,MA,NATIONAL DATACOMPUTER INC,NDCP
13368, , ,11/30/12,Bedford,National Datacomputer Inc,4520,452020,45,45202020,D,USA,334111,3571,190,940, ,MA,NATIONAL DATACOMPUTER INC,NDCP
13368, , ,12/31/12,Bedford,National Datacomputer Inc,4520,452020,45,45202020,D,USA,334111,3571,190,940, ,MA,NATIONAL DATACOMPUTER INC,NDCP
13368, , ,1/31/13,Bedford,National Datacomputer Inc,4520,452020,45,45202020,D,USA,334111,3571,190,940, ,MA,NATIONAL DATACOMPUTER INC,NDCP
13392, , ,1/31/10,McKinney,New World Brands Inc,4520,452030,45,45203030,D,USA,517919,4899,140,978,C,TX,NEW WORLD BRANDS INC,NWBD
13392, , ,2/28/10,McKinney,New World Brands Inc,4520,452030,45,45203030,D,USA,517919,4899,140,978,C,TX,NEW WORLD BRANDS INC,NWBD
13392, , ,3/31/10,McKinney,New World Brands Inc,4520,452030,45,45203030,D,USA,517919,4899,140,978,C,TX,NEW WORLD BRANDS INC,NWBD
13392, , ,4/30/10,McKinney,New World Brands Inc,4520,452030,45,45203030,D,USA,517919,4899,140,978,C,TX,NEW WORLD BRANDS INC,NWBD
13392, , ,5/31/10,McKinney,New World Brands Inc,4520,452030,45,45203030,D,USA,517919,4899,140,978,C,TX,NEW WORLD BRANDS INC,NWBD
13392, , ,6/30/10,McKinney,New World Brands Inc,4520,452030,45,45203030,D,USA,517919,4899,140,978,C,TX,NEW WORLD BRANDS INC,NWBD
13392, , ,7/31/10,McKinney,New World Brands Inc,4520,452030,45,45203030,D,USA,517919,4899,140,978,C,TX,NEW WORLD BRANDS INC,NWBD
13392, , ,8/31/10,McKinney,New World Brands Inc,4520,452030,45,45203030,D,USA,517919,4899,140,978,C,TX,NEW WORLD BRANDS INC,NWBD
13392, , ,9/30/10,McKinney,New World Brands Inc,4520,452030,45,45203030,D,USA,517919,4899,140,978,C,TX,NEW WORLD BRANDS INC,NWBD
13392, , ,10/31/10,McKinney,New World Brands Inc,4520,452030,45,45203030,D,USA,517919,4899,140,978,C,TX,NEW WORLD BRANDS INC,NWBD
13392, , ,11/30/10,McKinney,New World Brands Inc,4520,452030,45,45203030,D,USA,517919,4899,140,978,C,TX,NEW WORLD BRANDS INC,NWBD
13392, , ,12/31/10,McKinney,New World Brands Inc,4520,452030,45,45203030,D,USA,517919,4899,140,978,C,TX,NEW WORLD BRANDS INC,NWBD
13392, , ,1/31/11,McKinney,New World Brands Inc,4520,452030,45,45203030,D,USA,517919,4899,140,978,C,TX,NEW WORLD BRANDS INC,NWBD
13392, , ,2/28/11,McKinney,New World Brands Inc,4520,452030,45,45203030,D,USA,517919,4899,140,978,C,TX,NEW WORLD BRANDS INC,NWBD
13392, , ,3/31/11,McKinney,New World Brands Inc,4520,452030,45,45203030,D,USA,517919,4899,140,978,C,TX,NEW WORLD BRANDS INC,NWBD
13392, , ,4/30/11,McKinney,New World Brands Inc,4520,452030,45,45203030,D,USA,517919,4899,140,978,C,TX,NEW WORLD BRANDS INC,NWBD
13392, , ,5/31/11,McKinney,New World Brands Inc,4520,452030,45,45203030,D,USA,517919,4899,140,978,C,TX,NEW WORLD BRANDS INC,NWBD
13392, , ,6/30/11,McKinney,New World Brands Inc,4520,452030,45,45203030,D,USA,517919,4899,140,978,C,TX,NEW WORLD BRANDS INC,NWBD
13392, , ,7/31/11,McKinney,New World Brands Inc,4520,452030,45,45203030,D,USA,517919,4899,140,978,C,TX,NEW WORLD BRANDS INC,NWBD
13392, , ,8/31/11,McKinney,New World Brands Inc,4520,452030,45,45203030,D,USA,517919,4899,140,978,C,TX,NEW WORLD BRANDS INC,NWBD
13392, , ,9/30/11,McKinney,New World Brands Inc,4520,452030,45,45203030,D,USA,517919,4899,140,978,C,TX,NEW WORLD BRANDS INC,NWBD
13392, , ,10/31/11,McKinney,New World Brands Inc,4520,452030,45,45203030,D,USA,517919,4899,140,978,C,TX,NEW WORLD BRANDS INC,NWBD
13392, , ,11/30/11,McKinney,New World Brands Inc,4520,452030,45,45203030,D,USA,517919,4899,140,978,C,TX,NEW WORLD BRANDS INC,NWBD
13392, , ,12/31/11,McKinney,New World Brands Inc,4520,452030,45,45203030,D,USA,517919,4899,140,978,C,TX,NEW WORLD BRANDS INC,NWBD
13392, , ,1/31/12,McKinney,New World Brands Inc,4520,452030,45,45203030,D,USA,517919,4899,140,978,C,TX,NEW WORLD BRANDS INC,NWBD
13392, , ,2/29/12,McKinney,New World Brands Inc,4520,452030,45,45203030,D,USA,517919,4899,140,978,C,TX,NEW WORLD BRANDS INC,NWBD
13392, , ,3/31/12,McKinney,New World Brands Inc,4520,452030,45,45203030,D,USA,517919,4899,140,978,C,TX,NEW WORLD BRANDS INC,NWBD
13392, , ,4/30/12,McKinney,New World Brands Inc,4520,452030,45,45203030,D,USA,517919,4899,140,978,C,TX,NEW WORLD BRANDS INC,NWBD
13392, , ,5/31/12,McKinney,New World Brands Inc,4520,452030,45,45203030,D,USA,517919,4899,140,978,C,TX,NEW WORLD BRANDS INC,NWBD
13392, , ,6/30/12,McKinney,New World Brands Inc,4520,452030,45,45203030,D,USA,517919,4899,140,978,C,TX,NEW WORLD BRANDS INC,NWBD
13392, , ,7/31/12,McKinney,New World Brands Inc,4520,452030,45,45203030,D,USA,517919,4899,140,978,C,TX,NEW WORLD BRANDS INC,NWBD
13392, , ,8/31/12,McKinney,New World Brands Inc,4520,452030,45,45203030,D,USA,517919,4899,140,978,C,TX,NEW WORLD BRANDS INC,NWBD
13392, , ,9/30/12,McKinney,New World Brands Inc,4520,452030,45,45203030,D,USA,517919,4899,140,978,C,TX,NEW WORLD BRANDS INC,NWBD
13392, , ,10/31/12,McKinney,New World Brands Inc,4520,452030,45,45203030,D,USA,517919,4899,140,978,C,TX,NEW WORLD BRANDS INC,NWBD
13392, , ,11/30/12,McKinney,New World Brands Inc,4520,452030,45,45203030,D,USA,517919,4899,140,978,C,TX,NEW WORLD BRANDS INC,NWBD
13392, , ,12/31/12,McKinney,New World Brands Inc,4520,452030,45,45203030,D,USA,517919,4899,140,978,C,TX,NEW WORLD BRANDS INC,NWBD
13392, , ,1/31/13,McKinney,New World Brands Inc,4520,452030,45,45203030,D,USA,517919,4899,140,978,C,TX,NEW WORLD BRANDS INC,NWBD
13392, , ,2/28/13,McKinney,New World Brands Inc,4520,452030,45,45203030,D,USA,517919,4899,140,978,C,TX,NEW WORLD BRANDS INC,NWBD
13392, , ,3/31/13,McKinney,New World Brands Inc,4520,452030,45,45203030,D,USA,517919,4899,140,978,C,TX,NEW WORLD BRANDS INC,NWBD
13392, , ,4/30/13,McKinney,New World Brands Inc,4520,452030,45,45203030,D,USA,517919,4899,140,978,C,TX,NEW WORLD BRANDS INC,NWBD
13392, , ,5/31/13,McKinney,New World Brands Inc,4520,452030,45,45203030,D,USA,517919,4899,140,978,C,TX,NEW WORLD BRANDS INC,NWBD
13392, , ,6/30/13,McKinney,New World Brands Inc,4520,452030,45,45203030,D,USA,517919,4899,140,978,C,TX,NEW WORLD BRANDS INC,NWBD
13392, , ,7/31/13,McKinney,New World Brands Inc,4520,452030,45,45203030,D,USA,517919,4899,140,978,C,TX,NEW WORLD BRANDS INC,NWBD
13392, , ,8/31/13,McKinney,New World Brands Inc,4520,452030,45,45203030,D,USA,517919,4899,140,978,C,TX,NEW WORLD BRANDS INC,NWBD
13392, , ,9/30/13,McKinney,New World Brands Inc,4520,452030,45,45203030,D,USA,517919,4899,140,978,C,TX,NEW WORLD BRANDS INC,NWBD
13392, , ,10/31/13,McKinney,New World Brands Inc,4520,452030,45,45203030,D,USA,517919,4899,140,978,C,TX,NEW WORLD BRANDS INC,NWBD
13410, , ,1/31/10,Charlotte,Display Technologies Inc,4520,452030,45,45203010,D,USA,339950,3990,355,925, ,NC,DISPLAY TECHNOLOGIES INC,DTEK
13410, , ,2/28/10,Charlotte,Display Technologies Inc,4520,452030,45,45203010,D,USA,339950,3990,355,925, ,NC,DISPLAY TECHNOLOGIES INC,DTEK
13410, , ,3/31/10,Charlotte,Display Technologies Inc,4520,452030,45,45203010,D,USA,339950,3990,355,925, ,NC,DISPLAY TECHNOLOGIES INC,DTEK
13410, , ,4/30/10,Charlotte,Display Technologies Inc,4520,452030,45,45203010,D,USA,339950,3990,355,925, ,NC,DISPLAY TECHNOLOGIES INC,DTEK
13410, , ,5/31/10,Charlotte,Display Technologies Inc,4520,452030,45,45203010,D,USA,339950,3990,355,925, ,NC,DISPLAY TECHNOLOGIES INC,DTEK
13410, , ,6/30/10,Charlotte,Display Technologies Inc,4520,452030,45,45203010,D,USA,339950,3990,355,925, ,NC,DISPLAY TECHNOLOGIES INC,DTEK
13410, , ,7/31/10,Charlotte,Display Technologies Inc,4520,452030,45,45203010,D,USA,339950,3990,355,925, ,NC,DISPLAY TECHNOLOGIES INC,DTEK
13410, , ,8/31/10,Charlotte,Display Technologies Inc,4520,452030,45,45203010,D,USA,339950,3990,355,925, ,NC,DISPLAY TECHNOLOGIES INC,DTEK
13410, , ,9/30/10,Charlotte,Display Technologies Inc,4520,452030,45,45203010,D,USA,339950,3990,355,925, ,NC,DISPLAY TECHNOLOGIES INC,DTEK
13410, , ,10/31/10,Charlotte,Display Technologies Inc,4520,452030,45,45203010,D,USA,339950,3990,355,925, ,NC,DISPLAY TECHNOLOGIES INC,DTEK
13410, , ,11/30/10,Charlotte,Display Technologies Inc,4520,452030,45,45203010,D,USA,339950,3990,355,925, ,NC,DISPLAY TECHNOLOGIES INC,DTEK
13410, , ,12/31/10,Charlotte,Display Technologies Inc,4520,452030,45,45203010,D,USA,339950,3990,355,925, ,NC,DISPLAY TECHNOLOGIES INC,DTEK
13410, , ,1/31/11,Charlotte,Display Technologies Inc,4520,452030,45,45203010,D,USA,339950,3990,355,925, ,NC,DISPLAY TECHNOLOGIES INC,DTEK
13410, , ,2/28/11,Charlotte,Display Technologies Inc,4520,452030,45,45203010,D,USA,339950,3990,355,925, ,NC,DISPLAY TECHNOLOGIES INC,DTEK
13410, , ,3/31/11,Charlotte,Display Technologies Inc,4520,452030,45,45203010,D,USA,339950,3990,355,925, ,NC,DISPLAY TECHNOLOGIES INC,DTEK
13410, , ,4/30/11,Charlotte,Display Technologies Inc,4520,452030,45,45203010,D,USA,339950,3990,355,925, ,NC,DISPLAY TECHNOLOGIES INC,DTEK
13410, , ,5/31/11,Charlotte,Display Technologies Inc,4520,452030,45,45203010,D,USA,339950,3990,355,925, ,NC,DISPLAY TECHNOLOGIES INC,DTEK
13410, , ,6/30/11,Charlotte,Display Technologies Inc,4520,452030,45,45203010,D,USA,339950,3990,355,925, ,NC,DISPLAY TECHNOLOGIES INC,DTEK
13410, , ,7/31/11,Charlotte,Display Technologies Inc,4520,452030,45,45203010,D,USA,339950,3990,355,925, ,NC,DISPLAY TECHNOLOGIES INC,DTEK
13410, , ,8/31/11,Charlotte,Display Technologies Inc,4520,452030,45,45203010,D,USA,339950,3990,355,925, ,NC,DISPLAY TECHNOLOGIES INC,DTEK
13410, , ,9/30/11,Charlotte,Display Technologies Inc,4520,452030,45,45203010,D,USA,339950,3990,355,925, ,NC,DISPLAY TECHNOLOGIES INC,DTEK
13410, , ,10/31/11,Charlotte,Display Technologies Inc,4520,452030,45,45203010,D,USA,339950,3990,355,925, ,NC,DISPLAY TECHNOLOGIES INC,DTEK
13410, , ,11/30/11,Charlotte,Display Technologies Inc,4520,452030,45,45203010,D,USA,339950,3990,355,925, ,NC,DISPLAY TECHNOLOGIES INC,DTEK
13410, , ,12/31/11,Charlotte,Display Technologies Inc,4520,452030,45,45203010,D,USA,339950,3990,355,925, ,NC,DISPLAY TECHNOLOGIES INC,DTEK
13410, , ,1/31/12,Charlotte,Display Technologies Inc,4520,452030,45,45203010,D,USA,339950,3990,355,925, ,NC,DISPLAY TECHNOLOGIES INC,DTEK
13410, , ,2/29/12,Charlotte,Display Technologies Inc,4520,452030,45,45203010,D,USA,339950,3990,355,925, ,NC,DISPLAY TECHNOLOGIES INC,DTEK
13410, , ,3/31/12,Charlotte,Display Technologies Inc,4520,452030,45,45203010,D,USA,339950,3990,355,925, ,NC,DISPLAY TECHNOLOGIES INC,DTEK
13410, , ,4/30/12,Charlotte,Display Technologies Inc,4520,452030,45,45203010,D,USA,339950,3990,355,925, ,NC,DISPLAY TECHNOLOGIES INC,DTEK
13410, , ,5/31/12,Charlotte,Display Technologies Inc,4520,452030,45,45203010,D,USA,339950,3990,355,925, ,NC,DISPLAY TECHNOLOGIES INC,DTEK
13410, , ,6/30/12,Charlotte,Display Technologies Inc,4520,452030,45,45203010,D,USA,339950,3990,355,925, ,NC,DISPLAY TECHNOLOGIES INC,DTEK
13410, , ,7/31/12,Charlotte,Display Technologies Inc,4520,452030,45,45203010,D,USA,339950,3990,355,925, ,NC,DISPLAY TECHNOLOGIES INC,DTEK
13410, , ,8/31/12,Charlotte,Display Technologies Inc,4520,452030,45,45203010,D,USA,339950,3990,355,925, ,NC,DISPLAY TECHNOLOGIES INC,DTEK
13410, , ,9/30/12,Charlotte,Display Technologies Inc,4520,452030,45,45203010,D,USA,339950,3990,355,925, ,NC,DISPLAY TECHNOLOGIES INC,DTEK
13410, , ,10/31/12,Charlotte,Display Technologies Inc,4520,452030,45,45203010,D,USA,339950,3990,355,925, ,NC,DISPLAY TECHNOLOGIES INC,DTEK
13410, , ,11/30/12,Charlotte,Display Technologies Inc,4520,452030,45,45203010,D,USA,339950,3990,355,925, ,NC,DISPLAY TECHNOLOGIES INC,DTEK
13442, , ,1/31/10,Sarasota,Elcotel Inc,4520,452010,45,45201020,D,USA,334210,3661,180,940, ,FL,ELCOTEL INC,EWTLQ
13442, , ,2/28/10,Sarasota,Elcotel Inc,4520,452010,45,45201020,D,USA,334210,3661,180,940, ,FL,ELCOTEL INC,EWTLQ
13442, , ,3/31/10,Sarasota,Elcotel Inc,4520,452010,45,45201020,D,USA,334210,3661,180,940, ,FL,ELCOTEL INC,EWTLQ
13442, , ,4/30/10,Sarasota,Elcotel Inc,4520,452010,45,45201020,D,USA,334210,3661,180,940, ,FL,ELCOTEL INC,EWTLQ
13442, , ,5/31/10,Sarasota,Elcotel Inc,4520,452010,45,45201020,D,USA,334210,3661,180,940, ,FL,ELCOTEL INC,EWTLQ
13442, , ,6/30/10,Sarasota,Elcotel Inc,4520,452010,45,45201020,D,USA,334210,3661,180,940, ,FL,ELCOTEL INC,EWTLQ
13442, , ,7/31/10,Sarasota,Elcotel Inc,4520,452010,45,45201020,D,USA,334210,3661,180,940, ,FL,ELCOTEL INC,EWTLQ
13442, , ,8/31/10,Sarasota,Elcotel Inc,4520,452010,45,45201020,D,USA,334210,3661,180,940, ,FL,ELCOTEL INC,EWTLQ
13442, , ,9/30/10,Sarasota,Elcotel Inc,4520,452010,45,45201020,D,USA,334210,3661,180,940, ,FL,ELCOTEL INC,EWTLQ
13442, , ,10/31/10,Sarasota,Elcotel Inc,4520,452010,45,45201020,D,USA,334210,3661,180,940, ,FL,ELCOTEL INC,EWTLQ
13442, , ,11/30/10,Sarasota,Elcotel Inc,4520,452010,45,45201020,D,USA,334210,3661,180,940, ,FL,ELCOTEL INC,EWTLQ
13442, , ,12/31/10,Sarasota,Elcotel Inc,4520,452010,45,45201020,D,USA,334210,3661,180,940, ,FL,ELCOTEL INC,EWTLQ
13442, , ,1/31/11,Sarasota,Elcotel Inc,4520,452010,45,45201020,D,USA,334210,3661,180,940, ,FL,ELCOTEL INC,EWTLQ
13442, , ,2/28/11,Sarasota,Elcotel Inc,4520,452010,45,45201020,D,USA,334210,3661,180,940, ,FL,ELCOTEL INC,EWTLQ
13442, , ,3/31/11,Sarasota,Elcotel Inc,4520,452010,45,45201020,D,USA,334210,3661,180,940, ,FL,ELCOTEL INC,EWTLQ
13442, , ,4/30/11,Sarasota,Elcotel Inc,4520,452010,45,45201020,D,USA,334210,3661,180,940, ,FL,ELCOTEL INC,EWTLQ
13442, , ,5/31/11,Sarasota,Elcotel Inc,4520,452010,45,45201020,D,USA,334210,3661,180,940, ,FL,ELCOTEL INC,EWTLQ
13442, , ,6/30/11,Sarasota,Elcotel Inc,4520,452010,45,45201020,D,USA,334210,3661,180,940, ,FL,ELCOTEL INC,EWTLQ
13442, , ,7/31/11,Sarasota,Elcotel Inc,4520,452010,45,45201020,D,USA,334210,3661,180,940, ,FL,ELCOTEL INC,EWTLQ
13442, , ,8/31/11,Sarasota,Elcotel Inc,4520,452010,45,45201020,D,USA,334210,3661,180,940, ,FL,ELCOTEL INC,EWTLQ
13442, , ,9/30/11,Sarasota,Elcotel Inc,4520,452010,45,45201020,D,USA,334210,3661,180,940, ,FL,ELCOTEL INC,EWTLQ
13442, , ,10/31/11,Sarasota,Elcotel Inc,4520,452010,45,45201020,D,USA,334210,3661,180,940, ,FL,ELCOTEL INC,EWTLQ
13582, , ,1/31/10,Norton,CPS Technologies Corp,4520,452030,45,45203015,D,USA,327120,3290,155,976, ,MA,CPS TECHNOLOGIES CORP,CPSH
13582, , ,2/28/10,Norton,CPS Technologies Corp,4520,452030,45,45203015,D,USA,327120,3290,155,976, ,MA,CPS TECHNOLOGIES CORP,CPSH
13582, , ,3/31/10,Norton,CPS Technologies Corp,4520,452030,45,45203015,D,USA,327120,3290,155,976, ,MA,CPS TECHNOLOGIES CORP,CPSH
13582, , ,4/30/10,Norton,CPS Technologies Corp,4520,452030,45,45203015,D,USA,327120,3290,155,976, ,MA,CPS TECHNOLOGIES CORP,CPSH
13582, , ,5/31/10,Norton,CPS Technologies Corp,4520,452030,45,45203015,D,USA,327120,3290,155,976, ,MA,CPS TECHNOLOGIES CORP,CPSH
13582, , ,6/30/10,Norton,CPS Technologies Corp,4520,452030,45,45203015,D,USA,327120,3290,155,976, ,MA,CPS TECHNOLOGIES CORP,CPSH
13582, , ,7/31/10,Norton,CPS Technologies Corp,4520,452030,45,45203015,D,USA,327120,3290,155,976, ,MA,CPS TECHNOLOGIES CORP,CPSH
13582, , ,8/31/10,Norton,CPS Technologies Corp,4520,452030,45,45203015,D,USA,327120,3290,155,976, ,MA,CPS TECHNOLOGIES CORP,CPSH
13582, , ,9/30/10,Norton,CPS Technologies Corp,4520,452030,45,45203015,D,USA,327120,3290,155,976, ,MA,CPS TECHNOLOGIES CORP,CPSH
13582, , ,10/31/10,Norton,CPS Technologies Corp,4520,452030,45,45203015,D,USA,327120,3290,155,976, ,MA,CPS TECHNOLOGIES CORP,CPSH
13582, , ,11/30/10,Norton,CPS Technologies Corp,4520,452030,45,45203015,D,USA,327120,3290,155,976, ,MA,CPS TECHNOLOGIES CORP,CPSH
13582, , ,12/31/10,Norton,CPS Technologies Corp,4520,452030,45,45203015,D,USA,327120,3290,155,976, ,MA,CPS TECHNOLOGIES CORP,CPSH
13582, , ,1/31/11,Norton,CPS Technologies Corp,4520,452030,45,45203015,D,USA,327120,3290,155,976, ,MA,CPS TECHNOLOGIES CORP,CPSH
13582, , ,2/28/11,Norton,CPS Technologies Corp,4520,452030,45,45203015,D,USA,327120,3290,155,976, ,MA,CPS TECHNOLOGIES CORP,CPSH
13582, , ,3/31/11,Norton,CPS Technologies Corp,4520,452030,45,45203015,D,USA,327120,3290,155,976, ,MA,CPS TECHNOLOGIES CORP,CPSH
13582, , ,4/30/11,Norton,CPS Technologies Corp,4520,452030,45,45203015,D,USA,327120,3290,155,976, ,MA,CPS TECHNOLOGIES CORP,CPSH
13582, , ,5/31/11,Norton,CPS Technologies Corp,4520,452030,45,45203015,D,USA,327120,3290,155,976, ,MA,CPS TECHNOLOGIES CORP,CPSH
13582, , ,6/30/11,Norton,CPS Technologies Corp,4520,452030,45,45203015,D,USA,327120,3290,155,976, ,MA,CPS TECHNOLOGIES CORP,CPSH
13582, , ,7/31/11,Norton,CPS Technologies Corp,4520,452030,45,45203015,D,USA,327120,3290,155,976, ,MA,CPS TECHNOLOGIES CORP,CPSH
13582, , ,8/31/11,Norton,CPS Technologies Corp,4520,452030,45,45203015,D,USA,327120,3290,155,976, ,MA,CPS TECHNOLOGIES CORP,CPSH
13582, , ,9/30/11,Norton,CPS Technologies Corp,4520,452030,45,45203015,D,USA,327120,3290,155,976, ,MA,CPS TECHNOLOGIES CORP,CPSH
13582, , ,10/31/11,Norton,CPS Technologies Corp,4520,452030,45,45203015,D,USA,327120,3290,155,976, ,MA,CPS TECHNOLOGIES CORP,CPSH
13582, , ,11/30/11,Norton,CPS Technologies Corp,4520,452030,45,45203015,D,USA,327120,3290,155,976, ,MA,CPS TECHNOLOGIES CORP,CPSH
13582, , ,12/31/11,Norton,CPS Technologies Corp,4520,452030,45,45203015,D,USA,327120,3290,155,976, ,MA,CPS TECHNOLOGIES CORP,CPSH
13582, , ,1/31/12,Norton,CPS Technologies Corp,4520,452030,45,45203015,D,USA,327120,3290,155,976, ,MA,CPS TECHNOLOGIES CORP,CPSH
13582, , ,2/29/12,Norton,CPS Technologies Corp,4520,452030,45,45203015,D,USA,327120,3290,155,976, ,MA,CPS TECHNOLOGIES CORP,CPSH
13582, , ,3/31/12,Norton,CPS Technologies Corp,4520,452030,45,45203015,D,USA,327120,3290,155,976, ,MA,CPS TECHNOLOGIES CORP,CPSH
13582, , ,4/30/12,Norton,CPS Technologies Corp,4520,452030,45,45203015,D,USA,327120,3290,155,976, ,MA,CPS TECHNOLOGIES CORP,CPSH
13582, , ,5/31/12,Norton,CPS Technologies Corp,4520,452030,45,45203015,D,USA,327120,3290,155,976, ,MA,CPS TECHNOLOGIES CORP,CPSH
13582, , ,6/30/12,Norton,CPS Technologies Corp,4520,452030,45,45203015,D,USA,327120,3290,155,976, ,MA,CPS TECHNOLOGIES CORP,CPSH
13582, , ,7/31/12,Norton,CPS Technologies Corp,4520,452030,45,45203015,D,USA,327120,3290,155,976, ,MA,CPS TECHNOLOGIES CORP,CPSH
13582, , ,8/31/12,Norton,CPS Technologies Corp,4520,452030,45,45203015,D,USA,327120,3290,155,976, ,MA,CPS TECHNOLOGIES CORP,CPSH
13582, , ,9/30/12,Norton,CPS Technologies Corp,4520,452030,45,45203015,D,USA,327120,3290,155,976, ,MA,CPS TECHNOLOGIES CORP,CPSH
13582, , ,10/31/12,Norton,CPS Technologies Corp,4520,452030,45,45203015,D,USA,327120,3290,155,976, ,MA,CPS TECHNOLOGIES CORP,CPSH
13582, , ,11/30/12,Norton,CPS Technologies Corp,4520,452030,45,45203015,D,USA,327120,3290,155,976, ,MA,CPS TECHNOLOGIES CORP,CPSH
13582, , ,12/31/12,Norton,CPS Technologies Corp,4520,452030,45,45203015,D,USA,327120,3290,155,976, ,MA,CPS TECHNOLOGIES CORP,CPSH
13582, , ,1/31/13,Norton,CPS Technologies Corp,4520,452030,45,45203015,D,USA,327120,3290,155,976, ,MA,CPS TECHNOLOGIES CORP,CPSH
13582, , ,2/28/13,Norton,CPS Technologies Corp,4520,452030,45,45203015,D,USA,327120,3290,155,976, ,MA,CPS TECHNOLOGIES CORP,CPSH
13582, , ,3/31/13,Norton,CPS Technologies Corp,4520,452030,45,45203015,D,USA,327120,3290,155,976, ,MA,CPS TECHNOLOGIES CORP,CPSH
13582, , ,4/30/13,Norton,CPS Technologies Corp,4520,452030,45,45203015,D,USA,327120,3290,155,976, ,MA,CPS TECHNOLOGIES CORP,CPSH
13582, , ,5/31/13,Norton,CPS Technologies Corp,4520,452030,45,45203015,D,USA,327120,3290,155,976, ,MA,CPS TECHNOLOGIES CORP,CPSH
13582, , ,6/30/13,Norton,CPS Technologies Corp,4520,452030,45,45203015,D,USA,327120,3290,155,976, ,MA,CPS TECHNOLOGIES CORP,CPSH
13582, , ,7/31/13,Norton,CPS Technologies Corp,4520,452030,45,45203015,D,USA,327120,3290,155,976, ,MA,CPS TECHNOLOGIES CORP,CPSH
13582, , ,8/31/13,Norton,CPS Technologies Corp,4520,452030,45,45203015,D,USA,327120,3290,155,976, ,MA,CPS TECHNOLOGIES CORP,CPSH
13582, , ,9/30/13,Norton,CPS Technologies Corp,4520,452030,45,45203015,D,USA,327120,3290,155,976, ,MA,CPS TECHNOLOGIES CORP,CPSH
13582, , ,10/31/13,Norton,CPS Technologies Corp,4520,452030,45,45203015,D,USA,327120,3290,155,976, ,MA,CPS TECHNOLOGIES CORP,CPSH
13615, , ,1/31/10,LOS GATOS,Scorpion Technologies Inc,4520,452020,45,45202010,D,USA,334111,3571,190,940, ,CA,SCORPION TECHNOLOGIES  -CL A,SCPAE
13615, , ,2/28/10,LOS GATOS,Scorpion Technologies Inc,4520,452020,45,45202010,D,USA,334111,3571,190,940, ,CA,SCORPION TECHNOLOGIES  -CL A,SCPAE
13615, , ,3/31/10,LOS GATOS,Scorpion Technologies Inc,4520,452020,45,45202010,D,USA,334111,3571,190,940, ,CA,SCORPION TECHNOLOGIES  -CL A,SCPAE
13615, , ,4/30/10,LOS GATOS,Scorpion Technologies Inc,4520,452020,45,45202010,D,USA,334111,3571,190,940, ,CA,SCORPION TECHNOLOGIES  -CL A,SCPAE
13615, , ,5/31/10,LOS GATOS,Scorpion Technologies Inc,4520,452020,45,45202010,D,USA,334111,3571,190,940, ,CA,SCORPION TECHNOLOGIES  -CL A,SCPAE
13615, , ,6/30/10,LOS GATOS,Scorpion Technologies Inc,4520,452020,45,45202010,D,USA,334111,3571,190,940, ,CA,SCORPION TECHNOLOGIES  -CL A,SCPAE
13615, , ,12/31/10,LOS GATOS,Scorpion Technologies Inc,4520,452020,45,45202010,D,USA,334111,3571,190,940, ,CA,SCORPION TECHNOLOGIES  -CL A,SCPAE
13615, , ,5/31/11,LOS GATOS,Scorpion Technologies Inc,4520,452020,45,45202010,D,USA,334111,3571,190,940, ,CA,SCORPION TECHNOLOGIES  -CL A,SCPAE
13615, , ,6/30/11,LOS GATOS,Scorpion Technologies Inc,4520,452020,45,45202010,D,USA,334111,3571,190,940, ,CA,SCORPION TECHNOLOGIES  -CL A,SCPAE
13756, , ,1/31/10,East Hartford,One IP Voice Inc,4520,452030,45,45203010,D,USA,423690,5065,222,940,C,CT,ONE IP VOICE INC,OIVO
13756, , ,2/28/10,East Hartford,One IP Voice Inc,4520,452030,45,45203010,D,USA,423690,5065,222,940,C,CT,ONE IP VOICE INC,OIVO
13756, , ,3/31/10,East Hartford,One IP Voice Inc,4520,452030,45,45203010,D,USA,423690,5065,222,940,C,CT,ONE IP VOICE INC,OIVO
13756, , ,4/30/10,East Hartford,One IP Voice Inc,4520,452030,45,45203010,D,USA,423690,5065,222,940,C,CT,ONE IP VOICE INC,OIVO
13756, , ,5/31/10,East Hartford,One IP Voice Inc,4520,452030,45,45203010,D,USA,423690,5065,222,940,C,CT,ONE IP VOICE INC,OIVO
13756, , ,6/30/10,East Hartford,One IP Voice Inc,4520,452030,45,45203010,D,USA,423690,5065,222,940,C,CT,ONE IP VOICE INC,OIVO
13756, , ,7/31/10,East Hartford,One IP Voice Inc,4520,452030,45,45203010,D,USA,423690,5065,222,940,C,CT,ONE IP VOICE INC,OIVO
13756, , ,8/31/10,East Hartford,One IP Voice Inc,4520,452030,45,45203010,D,USA,423690,5065,222,940,C,CT,ONE IP VOICE INC,OIVO
13756, , ,9/30/10,East Hartford,One IP Voice Inc,4520,452030,45,45203010,D,USA,423690,5065,222,940,C,CT,ONE IP VOICE INC,OIVO
13756, , ,10/31/10,East Hartford,One IP Voice Inc,4520,452030,45,45203010,D,USA,423690,5065,222,940,C,CT,ONE IP VOICE INC,OIVO
13756, , ,11/30/10,East Hartford,One IP Voice Inc,4520,452030,45,45203010,D,USA,423690,5065,222,940,C,CT,ONE IP VOICE INC,OIVO
13756, , ,12/31/10,East Hartford,One IP Voice Inc,4520,452030,45,45203010,D,USA,423690,5065,222,940,C,CT,ONE IP VOICE INC,OIVO
13756, , ,1/31/11,East Hartford,One IP Voice Inc,4520,452030,45,45203010,D,USA,423690,5065,222,940,C,CT,ONE IP VOICE INC,OIVO
13756, , ,2/28/11,East Hartford,One IP Voice Inc,4520,452030,45,45203010,D,USA,423690,5065,222,940,C,CT,ONE IP VOICE INC,OIVO
13756, , ,3/31/11,East Hartford,One IP Voice Inc,4520,452030,45,45203010,D,USA,423690,5065,222,940,C,CT,ONE IP VOICE INC,OIVO
13756, , ,4/30/11,East Hartford,One IP Voice Inc,4520,452030,45,45203010,D,USA,423690,5065,222,940,C,CT,ONE IP VOICE INC,OIVO
13756, , ,5/31/11,East Hartford,One IP Voice Inc,4520,452030,45,45203010,D,USA,423690,5065,222,940,C,CT,ONE IP VOICE INC,OIVO
13756, , ,6/30/11,East Hartford,One IP Voice Inc,4520,452030,45,45203010,D,USA,423690,5065,222,940,C,CT,ONE IP VOICE INC,OIVO
13756, , ,7/31/11,East Hartford,One IP Voice Inc,4520,452030,45,45203010,D,USA,423690,5065,222,940,C,CT,ONE IP VOICE INC,OIVO
13891, , ,1/31/10,Elk Grove Village,Circuit Systems Inc,4520,452030,45,45203010,D,USA,334412,3672,220,925, ,IL,CIRCUIT SYSTEMS INC,CSYI
13891, , ,2/28/10,Elk Grove Village,Circuit Systems Inc,4520,452030,45,45203010,D,USA,334412,3672,220,925, ,IL,CIRCUIT SYSTEMS INC,CSYI
13891, , ,3/31/10,Elk Grove Village,Circuit Systems Inc,4520,452030,45,45203010,D,USA,334412,3672,220,925, ,IL,CIRCUIT SYSTEMS INC,CSYI
13891, , ,4/30/10,Elk Grove Village,Circuit Systems Inc,4520,452030,45,45203010,D,USA,334412,3672,220,925, ,IL,CIRCUIT SYSTEMS INC,CSYI
13891, , ,5/31/10,Elk Grove Village,Circuit Systems Inc,4520,452030,45,45203010,D,USA,334412,3672,220,925, ,IL,CIRCUIT SYSTEMS INC,CSYI
13891, , ,6/30/10,Elk Grove Village,Circuit Systems Inc,4520,452030,45,45203010,D,USA,334412,3672,220,925, ,IL,CIRCUIT SYSTEMS INC,CSYI
13891, , ,7/31/10,Elk Grove Village,Circuit Systems Inc,4520,452030,45,45203010,D,USA,334412,3672,220,925, ,IL,CIRCUIT SYSTEMS INC,CSYI
13891, , ,8/31/10,Elk Grove Village,Circuit Systems Inc,4520,452030,45,45203010,D,USA,334412,3672,220,925, ,IL,CIRCUIT SYSTEMS INC,CSYI
13891, , ,9/30/10,Elk Grove Village,Circuit Systems Inc,4520,452030,45,45203010,D,USA,334412,3672,220,925, ,IL,CIRCUIT SYSTEMS INC,CSYI
13891, , ,10/31/10,Elk Grove Village,Circuit Systems Inc,4520,452030,45,45203010,D,USA,334412,3672,220,925, ,IL,CIRCUIT SYSTEMS INC,CSYI
13891, , ,11/30/10,Elk Grove Village,Circuit Systems Inc,4520,452030,45,45203010,D,USA,334412,3672,220,925, ,IL,CIRCUIT SYSTEMS INC,CSYI
13891, , ,12/31/10,Elk Grove Village,Circuit Systems Inc,4520,452030,45,45203010,D,USA,334412,3672,220,925, ,IL,CIRCUIT SYSTEMS INC,CSYI
13891, , ,1/31/11,Elk Grove Village,Circuit Systems Inc,4520,452030,45,45203010,D,USA,334412,3672,220,925, ,IL,CIRCUIT SYSTEMS INC,CSYI
13891, , ,2/28/11,Elk Grove Village,Circuit Systems Inc,4520,452030,45,45203010,D,USA,334412,3672,220,925, ,IL,CIRCUIT SYSTEMS INC,CSYI
13891, , ,3/31/11,Elk Grove Village,Circuit Systems Inc,4520,452030,45,45203010,D,USA,334412,3672,220,925, ,IL,CIRCUIT SYSTEMS INC,CSYI
13891, , ,4/30/11,Elk Grove Village,Circuit Systems Inc,4520,452030,45,45203010,D,USA,334412,3672,220,925, ,IL,CIRCUIT SYSTEMS INC,CSYI
13915, , ,1/31/10,Norcross,Color Imaging Inc,4520,452020,45,45202020,D,USA,325910,2890,165,970, ,GA,COLOR IMAGING INC,CIIG
13915, , ,2/28/10,Norcross,Color Imaging Inc,4520,452020,45,45202020,D,USA,325910,2890,165,970, ,GA,COLOR IMAGING INC,CIIG
13915, , ,3/31/10,Norcross,Color Imaging Inc,4520,452020,45,45202020,D,USA,325910,2890,165,970, ,GA,COLOR IMAGING INC,CIIG
13915, , ,4/30/10,Norcross,Color Imaging Inc,4520,452020,45,45202020,D,USA,325910,2890,165,970, ,GA,COLOR IMAGING INC,CIIG
13915, , ,5/31/10,Norcross,Color Imaging Inc,4520,452020,45,45202020,D,USA,325910,2890,165,970, ,GA,COLOR IMAGING INC,CIIG
13915, , ,6/30/10,Norcross,Color Imaging Inc,4520,452020,45,45202020,D,USA,325910,2890,165,970, ,GA,COLOR IMAGING INC,CIIG
13915, , ,7/31/10,Norcross,Color Imaging Inc,4520,452020,45,45202020,D,USA,325910,2890,165,970, ,GA,COLOR IMAGING INC,CIIG
13915, , ,8/31/10,Norcross,Color Imaging Inc,4520,452020,45,45202020,D,USA,325910,2890,165,970, ,GA,COLOR IMAGING INC,CIIG
13915, , ,1/31/13,Norcross,Color Imaging Inc,4520,452020,45,45202020,D,USA,325910,2890,165,970, ,GA,COLOR IMAGING INC,CIIG
13915, , ,2/28/13,Norcross,Color Imaging Inc,4520,452020,45,45202020,D,USA,325910,2890,165,970, ,GA,COLOR IMAGING INC,CIIG
13915, , ,3/31/13,Norcross,Color Imaging Inc,4520,452020,45,45202020,D,USA,325910,2890,165,970, ,GA,COLOR IMAGING INC,CIIG
13915, , ,4/30/13,Norcross,Color Imaging Inc,4520,452020,45,45202020,D,USA,325910,2890,165,970, ,GA,COLOR IMAGING INC,CIIG
13915, , ,5/31/13,Norcross,Color Imaging Inc,4520,452020,45,45202020,D,USA,325910,2890,165,970, ,GA,COLOR IMAGING INC,CIIG
13915, , ,6/30/13,Norcross,Color Imaging Inc,4520,452020,45,45202020,D,USA,325910,2890,165,970, ,GA,COLOR IMAGING INC,CIIG
13915, , ,7/31/13,Norcross,Color Imaging Inc,4520,452020,45,45202020,D,USA,325910,2890,165,970, ,GA,COLOR IMAGING INC,CIIG
13915, , ,8/31/13,Norcross,Color Imaging Inc,4520,452020,45,45202020,D,USA,325910,2890,165,970, ,GA,COLOR IMAGING INC,CIIG
13915, , ,9/30/13,Norcross,Color Imaging Inc,4520,452020,45,45202020,D,USA,325910,2890,165,970, ,GA,COLOR IMAGING INC,CIIG
13915, , ,10/31/13,Norcross,Color Imaging Inc,4520,452020,45,45202020,D,USA,325910,2890,165,970, ,GA,COLOR IMAGING INC,CIIG
13923, , ,6/30/10,Madison Heights,Code-Alarm Inc,4520,452030,45,45203010,D,USA,334290,3669,180,940, ,MI,CODE-ALARM INC,3CODL
13923, , ,7/31/10,Madison Heights,Code-Alarm Inc,4520,452030,45,45203010,D,USA,334290,3669,180,940, ,MI,CODE-ALARM INC,3CODL
13923, , ,8/31/10,Madison Heights,Code-Alarm Inc,4520,452030,45,45203010,D,USA,334290,3669,180,940, ,MI,CODE-ALARM INC,3CODL
13923, , ,12/31/11,Madison Heights,Code-Alarm Inc,4520,452030,45,45203010,D,USA,334290,3669,180,940, ,MI,CODE-ALARM INC,3CODL
13923, , ,10/31/12,Madison Heights,Code-Alarm Inc,4520,452030,45,45203010,D,USA,334290,3669,180,940, ,MI,CODE-ALARM INC,3CODL
14019, , ,1/31/10,Irvine,Telenetics Corp,4520,452010,45,45201020,D,USA,334220,3663,180,940, ,CA,TELENETICS CORP,TLNT
14019, , ,2/28/10,Irvine,Telenetics Corp,4520,452010,45,45201020,D,USA,334220,3663,180,940, ,CA,TELENETICS CORP,TLNT
14019, , ,3/31/10,Irvine,Telenetics Corp,4520,452010,45,45201020,D,USA,334220,3663,180,940, ,CA,TELENETICS CORP,TLNT
14019, , ,4/30/10,Irvine,Telenetics Corp,4520,452010,45,45201020,D,USA,334220,3663,180,940, ,CA,TELENETICS CORP,TLNT
14112, , ,1/31/10,San Diego,Franklin Wireless Corp,4520,452010,45,45201020,D,USA,334210,3661,185,940, ,CA,FRANKLIN WIRELESS CORP,FKWL
14112, , ,2/28/10,San Diego,Franklin Wireless Corp,4520,452010,45,45201020,D,USA,334210,3661,185,940, ,CA,FRANKLIN WIRELESS CORP,FKWL
14112, , ,3/31/10,San Diego,Franklin Wireless Corp,4520,452010,45,45201020,D,USA,334210,3661,185,940, ,CA,FRANKLIN WIRELESS CORP,FKWL
14112, , ,4/30/10,San Diego,Franklin Wireless Corp,4520,452010,45,45201020,D,USA,334210,3661,185,940, ,CA,FRANKLIN WIRELESS CORP,FKWL
14112, , ,5/31/10,San Diego,Franklin Wireless Corp,4520,452010,45,45201020,D,USA,334210,3661,185,940, ,CA,FRANKLIN WIRELESS CORP,FKWL
14112, , ,6/30/10,San Diego,Franklin Wireless Corp,4520,452010,45,45201020,D,USA,334210,3661,185,940, ,CA,FRANKLIN WIRELESS CORP,FKWL
14112, , ,7/31/10,San Diego,Franklin Wireless Corp,4520,452010,45,45201020,D,USA,334210,3661,185,940, ,CA,FRANKLIN WIRELESS CORP,FKWL
14112, , ,8/31/10,San Diego,Franklin Wireless Corp,4520,452010,45,45201020,D,USA,334210,3661,185,940, ,CA,FRANKLIN WIRELESS CORP,FKWL
14112, , ,9/30/10,San Diego,Franklin Wireless Corp,4520,452010,45,45201020,D,USA,334210,3661,185,940, ,CA,FRANKLIN WIRELESS CORP,FKWL
14112, , ,10/31/10,San Diego,Franklin Wireless Corp,4520,452010,45,45201020,D,USA,334210,3661,185,940, ,CA,FRANKLIN WIRELESS CORP,FKWL
14112, , ,11/30/10,San Diego,Franklin Wireless Corp,4520,452010,45,45201020,D,USA,334210,3661,185,940, ,CA,FRANKLIN WIRELESS CORP,FKWL
14112, , ,12/31/10,San Diego,Franklin Wireless Corp,4520,452010,45,45201020,D,USA,334210,3661,185,940, ,CA,FRANKLIN WIRELESS CORP,FKWL
14112, , ,1/31/11,San Diego,Franklin Wireless Corp,4520,452010,45,45201020,D,USA,334210,3661,185,940, ,CA,FRANKLIN WIRELESS CORP,FKWL
14112, , ,2/28/11,San Diego,Franklin Wireless Corp,4520,452010,45,45201020,D,USA,334210,3661,185,940, ,CA,FRANKLIN WIRELESS CORP,FKWL
14112, , ,3/31/11,San Diego,Franklin Wireless Corp,4520,452010,45,45201020,D,USA,334210,3661,185,940, ,CA,FRANKLIN WIRELESS CORP,FKWL
14112, , ,4/30/11,San Diego,Franklin Wireless Corp,4520,452010,45,45201020,D,USA,334210,3661,185,940, ,CA,FRANKLIN WIRELESS CORP,FKWL
14112, , ,5/31/11,San Diego,Franklin Wireless Corp,4520,452010,45,45201020,D,USA,334210,3661,185,940, ,CA,FRANKLIN WIRELESS CORP,FKWL
14112, , ,6/30/11,San Diego,Franklin Wireless Corp,4520,452010,45,45201020,D,USA,334210,3661,185,940, ,CA,FRANKLIN WIRELESS CORP,FKWL
14112, , ,7/31/11,San Diego,Franklin Wireless Corp,4520,452010,45,45201020,D,USA,334210,3661,185,940, ,CA,FRANKLIN WIRELESS CORP,FKWL
14112, , ,8/31/11,San Diego,Franklin Wireless Corp,4520,452010,45,45201020,D,USA,334210,3661,185,940, ,CA,FRANKLIN WIRELESS CORP,FKWL
14112, , ,9/30/11,San Diego,Franklin Wireless Corp,4520,452010,45,45201020,D,USA,334210,3661,185,940, ,CA,FRANKLIN WIRELESS CORP,FKWL
14112, , ,10/31/11,San Diego,Franklin Wireless Corp,4520,452010,45,45201020,D,USA,334210,3661,185,940, ,CA,FRANKLIN WIRELESS CORP,FKWL
14112, , ,11/30/11,San Diego,Franklin Wireless Corp,4520,452010,45,45201020,D,USA,334210,3661,185,940, ,CA,FRANKLIN WIRELESS CORP,FKWL
14112, , ,12/31/11,San Diego,Franklin Wireless Corp,4520,452010,45,45201020,D,USA,334210,3661,185,940, ,CA,FRANKLIN WIRELESS CORP,FKWL
14112, , ,1/31/12,San Diego,Franklin Wireless Corp,4520,452010,45,45201020,D,USA,334210,3661,185,940, ,CA,FRANKLIN WIRELESS CORP,FKWL
14112, , ,2/29/12,San Diego,Franklin Wireless Corp,4520,452010,45,45201020,D,USA,334210,3661,185,940, ,CA,FRANKLIN WIRELESS CORP,FKWL
14112, , ,3/31/12,San Diego,Franklin Wireless Corp,4520,452010,45,45201020,D,USA,334210,3661,185,940, ,CA,FRANKLIN WIRELESS CORP,FKWL
14112, , ,4/30/12,San Diego,Franklin Wireless Corp,4520,452010,45,45201020,D,USA,334210,3661,185,940, ,CA,FRANKLIN WIRELESS CORP,FKWL
14112, , ,5/31/12,San Diego,Franklin Wireless Corp,4520,452010,45,45201020,D,USA,334210,3661,185,940, ,CA,FRANKLIN WIRELESS CORP,FKWL
14112, , ,6/30/12,San Diego,Franklin Wireless Corp,4520,452010,45,45201020,D,USA,334210,3661,185,940, ,CA,FRANKLIN WIRELESS CORP,FKWL
14112, , ,7/31/12,San Diego,Franklin Wireless Corp,4520,452010,45,45201020,D,USA,334210,3661,185,940, ,CA,FRANKLIN WIRELESS CORP,FKWL
14112, , ,8/31/12,San Diego,Franklin Wireless Corp,4520,452010,45,45201020,D,USA,334210,3661,185,940, ,CA,FRANKLIN WIRELESS CORP,FKWL
14112, , ,9/30/12,San Diego,Franklin Wireless Corp,4520,452010,45,45201020,D,USA,334210,3661,185,940, ,CA,FRANKLIN WIRELESS CORP,FKWL
14112, , ,10/31/12,San Diego,Franklin Wireless Corp,4520,452010,45,45201020,D,USA,334210,3661,185,940, ,CA,FRANKLIN WIRELESS CORP,FKWL
14112, , ,11/30/12,San Diego,Franklin Wireless Corp,4520,452010,45,45201020,D,USA,334210,3661,185,940, ,CA,FRANKLIN WIRELESS CORP,FKWL
14112, , ,12/31/12,San Diego,Franklin Wireless Corp,4520,452010,45,45201020,D,USA,334210,3661,185,940, ,CA,FRANKLIN WIRELESS CORP,FKWL
14112, , ,1/31/13,San Diego,Franklin Wireless Corp,4520,452010,45,45201020,D,USA,334210,3661,185,940, ,CA,FRANKLIN WIRELESS CORP,FKWL
14112, , ,2/28/13,San Diego,Franklin Wireless Corp,4520,452010,45,45201020,D,USA,334210,3661,185,940, ,CA,FRANKLIN WIRELESS CORP,FKWL
14112, , ,3/31/13,San Diego,Franklin Wireless Corp,4520,452010,45,45201020,D,USA,334210,3661,185,940, ,CA,FRANKLIN WIRELESS CORP,FKWL
14112, , ,4/30/13,San Diego,Franklin Wireless Corp,4520,452010,45,45201020,D,USA,334210,3661,185,940, ,CA,FRANKLIN WIRELESS CORP,FKWL
14112, , ,5/31/13,San Diego,Franklin Wireless Corp,4520,452010,45,45201020,D,USA,334210,3661,185,940, ,CA,FRANKLIN WIRELESS CORP,FKWL
14112, , ,6/30/13,San Diego,Franklin Wireless Corp,4520,452010,45,45201020,D,USA,334210,3661,185,940, ,CA,FRANKLIN WIRELESS CORP,FKWL
14112, , ,7/31/13,San Diego,Franklin Wireless Corp,4520,452010,45,45201020,D,USA,334210,3661,185,940, ,CA,FRANKLIN WIRELESS CORP,FKWL
14112, , ,8/31/13,San Diego,Franklin Wireless Corp,4520,452010,45,45201020,D,USA,334210,3661,185,940, ,CA,FRANKLIN WIRELESS CORP,FKWL
14112, , ,9/30/13,San Diego,Franklin Wireless Corp,4520,452010,45,45201020,D,USA,334210,3661,185,940, ,CA,FRANKLIN WIRELESS CORP,FKWL
14112, , ,10/31/13,San Diego,Franklin Wireless Corp,4520,452010,45,45201020,D,USA,334210,3661,185,940, ,CA,FRANKLIN WIRELESS CORP,FKWL
14252, , ,1/31/10,Johns Creek,Wegener Corp,4520,452010,45,45201020,D,USA,334220,3663,180,940,C,GA,WEGENER CORP,WGNR
14252, , ,2/28/10,Johns Creek,Wegener Corp,4520,452010,45,45201020,D,USA,334220,3663,180,940,C,GA,WEGENER CORP,WGNR
14252, , ,3/31/10,Johns Creek,Wegener Corp,4520,452010,45,45201020,D,USA,334220,3663,180,940,C,GA,WEGENER CORP,WGNR
14252, , ,4/30/10,Johns Creek,Wegener Corp,4520,452010,45,45201020,D,USA,334220,3663,180,940,C,GA,WEGENER CORP,WGNR
14252, , ,5/31/10,Johns Creek,Wegener Corp,4520,452010,45,45201020,D,USA,334220,3663,180,940,C,GA,WEGENER CORP,WGNR
14252, , ,6/30/10,Johns Creek,Wegener Corp,4520,452010,45,45201020,D,USA,334220,3663,180,940,C,GA,WEGENER CORP,WGNR
14252, , ,7/31/10,Johns Creek,Wegener Corp,4520,452010,45,45201020,D,USA,334220,3663,180,940,C,GA,WEGENER CORP,WGNR
14252, , ,8/31/10,Johns Creek,Wegener Corp,4520,452010,45,45201020,D,USA,334220,3663,180,940,C,GA,WEGENER CORP,WGNR
14252, , ,9/30/10,Johns Creek,Wegener Corp,4520,452010,45,45201020,D,USA,334220,3663,180,940,C,GA,WEGENER CORP,WGNR
14252, , ,10/31/10,Johns Creek,Wegener Corp,4520,452010,45,45201020,D,USA,334220,3663,180,940,C,GA,WEGENER CORP,WGNR
14252, , ,11/30/10,Johns Creek,Wegener Corp,4520,452010,45,45201020,D,USA,334220,3663,180,940,C,GA,WEGENER CORP,WGNR
14252, , ,12/31/10,Johns Creek,Wegener Corp,4520,452010,45,45201020,D,USA,334220,3663,180,940,C,GA,WEGENER CORP,WGNR
14252, , ,1/31/11,Johns Creek,Wegener Corp,4520,452010,45,45201020,D,USA,334220,3663,180,940,C,GA,WEGENER CORP,WGNR
14252, , ,2/28/11,Johns Creek,Wegener Corp,4520,452010,45,45201020,D,USA,334220,3663,180,940,C,GA,WEGENER CORP,WGNR
14252, , ,3/31/11,Johns Creek,Wegener Corp,4520,452010,45,45201020,D,USA,334220,3663,180,940,C,GA,WEGENER CORP,WGNR
14252, , ,4/30/11,Johns Creek,Wegener Corp,4520,452010,45,45201020,D,USA,334220,3663,180,940,C,GA,WEGENER CORP,WGNR
14252, , ,5/31/11,Johns Creek,Wegener Corp,4520,452010,45,45201020,D,USA,334220,3663,180,940,C,GA,WEGENER CORP,WGNR
14252, , ,6/30/11,Johns Creek,Wegener Corp,4520,452010,45,45201020,D,USA,334220,3663,180,940,C,GA,WEGENER CORP,WGNR
14252, , ,7/31/11,Johns Creek,Wegener Corp,4520,452010,45,45201020,D,USA,334220,3663,180,940,C,GA,WEGENER CORP,WGNR
14252, , ,8/31/11,Johns Creek,Wegener Corp,4520,452010,45,45201020,D,USA,334220,3663,180,940,C,GA,WEGENER CORP,WGNR
14252, , ,9/30/11,Johns Creek,Wegener Corp,4520,452010,45,45201020,D,USA,334220,3663,180,940,C,GA,WEGENER CORP,WGNR
14252, , ,10/31/11,Johns Creek,Wegener Corp,4520,452010,45,45201020,D,USA,334220,3663,180,940,C,GA,WEGENER CORP,WGNR
14252, , ,11/30/11,Johns Creek,Wegener Corp,4520,452010,45,45201020,D,USA,334220,3663,180,940,C,GA,WEGENER CORP,WGNR
14252, , ,12/31/11,Johns Creek,Wegener Corp,4520,452010,45,45201020,D,USA,334220,3663,180,940,C,GA,WEGENER CORP,WGNR
14252, , ,1/31/12,Johns Creek,Wegener Corp,4520,452010,45,45201020,D,USA,334220,3663,180,940,C,GA,WEGENER CORP,WGNR
14252, , ,2/29/12,Johns Creek,Wegener Corp,4520,452010,45,45201020,D,USA,334220,3663,180,940,C,GA,WEGENER CORP,WGNR
14252, , ,3/31/12,Johns Creek,Wegener Corp,4520,452010,45,45201020,D,USA,334220,3663,180,940,C,GA,WEGENER CORP,WGNR
14252, , ,4/30/12,Johns Creek,Wegener Corp,4520,452010,45,45201020,D,USA,334220,3663,180,940,C,GA,WEGENER CORP,WGNR
14252, , ,5/31/12,Johns Creek,Wegener Corp,4520,452010,45,45201020,D,USA,334220,3663,180,940,C,GA,WEGENER CORP,WGNR
14252, , ,6/30/12,Johns Creek,Wegener Corp,4520,452010,45,45201020,D,USA,334220,3663,180,940,C,GA,WEGENER CORP,WGNR
14252, , ,7/31/12,Johns Creek,Wegener Corp,4520,452010,45,45201020,D,USA,334220,3663,180,940,C,GA,WEGENER CORP,WGNR
14252, , ,8/31/12,Johns Creek,Wegener Corp,4520,452010,45,45201020,D,USA,334220,3663,180,940,C,GA,WEGENER CORP,WGNR
14252, , ,9/30/12,Johns Creek,Wegener Corp,4520,452010,45,45201020,D,USA,334220,3663,180,940,C,GA,WEGENER CORP,WGNR
14252, , ,10/31/12,Johns Creek,Wegener Corp,4520,452010,45,45201020,D,USA,334220,3663,180,940,C,GA,WEGENER CORP,WGNR
14252, , ,11/30/12,Johns Creek,Wegener Corp,4520,452010,45,45201020,D,USA,334220,3663,180,940,C,GA,WEGENER CORP,WGNR
14252, , ,12/31/12,Johns Creek,Wegener Corp,4520,452010,45,45201020,D,USA,334220,3663,180,940,C,GA,WEGENER CORP,WGNR
14252, , ,1/31/13,Johns Creek,Wegener Corp,4520,452010,45,45201020,D,USA,334220,3663,180,940,C,GA,WEGENER CORP,WGNR
14252, , ,2/28/13,Johns Creek,Wegener Corp,4520,452010,45,45201020,D,USA,334220,3663,180,940,C,GA,WEGENER CORP,WGNR
14252, , ,3/31/13,Johns Creek,Wegener Corp,4520,452010,45,45201020,D,USA,334220,3663,180,940,C,GA,WEGENER CORP,WGNR
14252, , ,4/30/13,Johns Creek,Wegener Corp,4520,452010,45,45201020,D,USA,334220,3663,180,940,C,GA,WEGENER CORP,WGNR
14252, , ,5/31/13,Johns Creek,Wegener Corp,4520,452010,45,45201020,D,USA,334220,3663,180,940,C,GA,WEGENER CORP,WGNR
14252, , ,6/30/13,Johns Creek,Wegener Corp,4520,452010,45,45201020,D,USA,334220,3663,180,940,C,GA,WEGENER CORP,WGNR
14252, , ,7/31/13,Johns Creek,Wegener Corp,4520,452010,45,45201020,D,USA,334220,3663,180,940,C,GA,WEGENER CORP,WGNR
14252, , ,8/31/13,Johns Creek,Wegener Corp,4520,452010,45,45201020,D,USA,334220,3663,180,940,C,GA,WEGENER CORP,WGNR
14252, , ,9/30/13,Johns Creek,Wegener Corp,4520,452010,45,45201020,D,USA,334220,3663,180,940,C,GA,WEGENER CORP,WGNR
14252, , ,10/31/13,Johns Creek,Wegener Corp,4520,452010,45,45201020,D,USA,334220,3663,180,940,C,GA,WEGENER CORP,WGNR
14282,BBB-, ,1/31/10,Wallingford,Amphenol Corp,4520,452030,45,45203015,D,USA,334417,3678,220,925,A-,CT,AMPHENOL CORP,APH
14282,BBB-, ,2/28/10,Wallingford,Amphenol Corp,4520,452030,45,45203015,D,USA,334417,3678,220,925,A-,CT,AMPHENOL CORP,APH
14282,BBB-, ,3/31/10,Wallingford,Amphenol Corp,4520,452030,45,45203015,D,USA,334417,3678,220,925,A-,CT,AMPHENOL CORP,APH
14282,BBB-, ,4/30/10,Wallingford,Amphenol Corp,4520,452030,45,45203015,D,USA,334417,3678,220,925,A-,CT,AMPHENOL CORP,APH
14282,BBB-, ,5/31/10,Wallingford,Amphenol Corp,4520,452030,45,45203015,D,USA,334417,3678,220,925,A-,CT,AMPHENOL CORP,APH
14282,BBB-, ,6/30/10,Wallingford,Amphenol Corp,4520,452030,45,45203015,D,USA,334417,3678,220,925,A-,CT,AMPHENOL CORP,APH
14282,BBB-, ,7/31/10,Wallingford,Amphenol Corp,4520,452030,45,45203015,D,USA,334417,3678,220,925,A-,CT,AMPHENOL CORP,APH
14282,BBB-, ,8/31/10,Wallingford,Amphenol Corp,4520,452030,45,45203015,D,USA,334417,3678,220,925,A-,CT,AMPHENOL CORP,APH
14282,BBB-, ,9/30/10,Wallingford,Amphenol Corp,4520,452030,45,45203015,D,USA,334417,3678,220,925,A-,CT,AMPHENOL CORP,APH
14282,BBB-, ,10/31/10,Wallingford,Amphenol Corp,4520,452030,45,45203015,D,USA,334417,3678,220,925,A-,CT,AMPHENOL CORP,APH
14282,BBB-, ,11/30/10,Wallingford,Amphenol Corp,4520,452030,45,45203015,D,USA,334417,3678,220,925,A-,CT,AMPHENOL CORP,APH
14282,BBB, ,12/31/10,Wallingford,Amphenol Corp,4520,452030,45,45203015,D,USA,334417,3678,220,925,A-,CT,AMPHENOL CORP,APH
14282,BBB, ,1/31/11,Wallingford,Amphenol Corp,4520,452030,45,45203015,D,USA,334417,3678,220,925,A-,CT,AMPHENOL CORP,APH
14282,BBB, ,2/28/11,Wallingford,Amphenol Corp,4520,452030,45,45203015,D,USA,334417,3678,220,925,A-,CT,AMPHENOL CORP,APH
14282,BBB, ,3/31/11,Wallingford,Amphenol Corp,4520,452030,45,45203015,D,USA,334417,3678,220,925,A-,CT,AMPHENOL CORP,APH
14282,BBB, ,4/30/11,Wallingford,Amphenol Corp,4520,452030,45,45203015,D,USA,334417,3678,220,925,A-,CT,AMPHENOL CORP,APH
14282,BBB, ,5/31/11,Wallingford,Amphenol Corp,4520,452030,45,45203015,D,USA,334417,3678,220,925,A-,CT,AMPHENOL CORP,APH
14282,BBB, ,6/30/11,Wallingford,Amphenol Corp,4520,452030,45,45203015,D,USA,334417,3678,220,925,A-,CT,AMPHENOL CORP,APH
14282,BBB, ,7/31/11,Wallingford,Amphenol Corp,4520,452030,45,45203015,D,USA,334417,3678,220,925,A-,CT,AMPHENOL CORP,APH
14282,BBB, ,8/31/11,Wallingford,Amphenol Corp,4520,452030,45,45203015,D,USA,334417,3678,220,925,A-,CT,AMPHENOL CORP,APH
14282,BBB, ,9/30/11,Wallingford,Amphenol Corp,4520,452030,45,45203015,D,USA,334417,3678,220,925,A-,CT,AMPHENOL CORP,APH
14282,BBB, ,10/31/11,Wallingford,Amphenol Corp,4520,452030,45,45203015,D,USA,334417,3678,220,925,A-,CT,AMPHENOL CORP,APH
14282,BBB, ,11/30/11,Wallingford,Amphenol Corp,4520,452030,45,45203015,D,USA,334417,3678,220,925,A-,CT,AMPHENOL CORP,APH
14282,BBB, ,12/31/11,Wallingford,Amphenol Corp,4520,452030,45,45203015,D,USA,334417,3678,220,925,A-,CT,AMPHENOL CORP,APH
14282,BBB, ,1/31/12,Wallingford,Amphenol Corp,4520,452030,45,45203015,D,USA,334417,3678,220,925,A-,CT,AMPHENOL CORP,APH
14282,BBB, ,2/29/12,Wallingford,Amphenol Corp,4520,452030,45,45203015,D,USA,334417,3678,220,925,A-,CT,AMPHENOL CORP,APH
14282,BBB, ,3/31/12,Wallingford,Amphenol Corp,4520,452030,45,45203015,D,USA,334417,3678,220,925,A-,CT,AMPHENOL CORP,APH
14282,BBB, ,4/30/12,Wallingford,Amphenol Corp,4520,452030,45,45203015,D,USA,334417,3678,220,925,A-,CT,AMPHENOL CORP,APH
14282,BBB, ,5/31/12,Wallingford,Amphenol Corp,4520,452030,45,45203015,D,USA,334417,3678,220,925,A-,CT,AMPHENOL CORP,APH
14282,BBB, ,6/30/12,Wallingford,Amphenol Corp,4520,452030,45,45203015,D,USA,334417,3678,220,925,A-,CT,AMPHENOL CORP,APH
14282,BBB, ,7/31/12,Wallingford,Amphenol Corp,4520,452030,45,45203015,D,USA,334417,3678,220,925,A-,CT,AMPHENOL CORP,APH
14282,BBB, ,8/31/12,Wallingford,Amphenol Corp,4520,452030,45,45203015,D,USA,334417,3678,220,925,A-,CT,AMPHENOL CORP,APH
14282,BBB, ,9/30/12,Wallingford,Amphenol Corp,4520,452030,45,45203015,D,USA,334417,3678,220,925,A-,CT,AMPHENOL CORP,APH
14282,BBB, ,10/31/12,Wallingford,Amphenol Corp,4520,452030,45,45203015,D,USA,334417,3678,220,925,A-,CT,AMPHENOL CORP,APH
14282,BBB, ,11/30/12,Wallingford,Amphenol Corp,4520,452030,45,45203015,D,USA,334417,3678,220,925,A-,CT,AMPHENOL CORP,APH
14282,BBB, ,12/31/12,Wallingford,Amphenol Corp,4520,452030,45,45203015,D,USA,334417,3678,220,925,A-,CT,AMPHENOL CORP,APH
14282,BBB, ,1/31/13,Wallingford,Amphenol Corp,4520,452030,45,45203015,D,USA,334417,3678,220,925,A-,CT,AMPHENOL CORP,APH
14282,BBB, ,2/28/13,Wallingford,Amphenol Corp,4520,452030,45,45203015,D,USA,334417,3678,220,925,A-,CT,AMPHENOL CORP,APH
14282,BBB, ,3/31/13,Wallingford,Amphenol Corp,4520,452030,45,45203015,D,USA,334417,3678,220,925,A-,CT,AMPHENOL CORP,APH
14282,BBB, ,4/30/13,Wallingford,Amphenol Corp,4520,452030,45,45203015,D,USA,334417,3678,220,925,A-,CT,AMPHENOL CORP,APH
14282,BBB, ,5/31/13,Wallingford,Amphenol Corp,4520,452030,45,45203015,D,USA,334417,3678,220,925,A-,CT,AMPHENOL CORP,APH
14282,BBB, ,6/30/13,Wallingford,Amphenol Corp,4520,452030,45,45203015,D,USA,334417,3678,220,925,A-,CT,AMPHENOL CORP,APH
14282,BBB, ,7/31/13,Wallingford,Amphenol Corp,4520,452030,45,45203015,D,USA,334417,3678,220,925,A-,CT,AMPHENOL CORP,APH
14282,BBB, ,8/31/13,Wallingford,Amphenol Corp,4520,452030,45,45203015,D,USA,334417,3678,220,925,A-,CT,AMPHENOL CORP,APH
14282,BBB, ,9/30/13,Wallingford,Amphenol Corp,4520,452030,45,45203015,D,USA,334417,3678,220,925,A-,CT,AMPHENOL CORP,APH
14282,BBB, ,10/31/13,Wallingford,Amphenol Corp,4520,452030,45,45203015,D,USA,334417,3678,220,925,A-,CT,AMPHENOL CORP,APH
14282,BBB, ,11/30/13,Wallingford,Amphenol Corp,4520,452030,45,45203015,D,USA,334417,3678,220,925,A-,CT,AMPHENOL CORP,APH
14282,BBB, ,12/31/13,Wallingford,Amphenol Corp,4520,452030,45,45203015,D,USA,334417,3678,220,925,A-,CT,AMPHENOL CORP,APH
14282,BBB, ,1/31/14,Wallingford,Amphenol Corp,4520,452030,45,45203015,D,USA,334417,3678,220,925,A-,CT,AMPHENOL CORP,APH
14282,BBB, ,2/28/14,Wallingford,Amphenol Corp,4520,452030,45,45203015,D,USA,334417,3678,220,925,A-,CT,AMPHENOL CORP,APH
14282,BBB, ,3/31/14,Wallingford,Amphenol Corp,4520,452030,45,45203015,D,USA,334417,3678,220,925,A-,CT,AMPHENOL CORP,APH
14282,BBB+, ,4/30/14,Wallingford,Amphenol Corp,4520,452030,45,45203015,D,USA,334417,3678,220,925,A-,CT,AMPHENOL CORP,APH
14282,BBB+, ,5/31/14,Wallingford,Amphenol Corp,4520,452030,45,45203015,D,USA,334417,3678,220,925,A-,CT,AMPHENOL CORP,APH
14282,BBB+, ,6/30/14,Wallingford,Amphenol Corp,4520,452030,45,45203015,D,USA,334417,3678,220,925,A-,CT,AMPHENOL CORP,APH
14336, , ,2/28/10,Dulles,Fastcomm Communications Corp,4520,452020,45,45202020,D,USA,334119,3576,190,940, ,VA,FASTCOMM COMMUNICATIONS CORP,FSCXQ
14336, , ,4/30/10,Dulles,Fastcomm Communications Corp,4520,452020,45,45202020,D,USA,334119,3576,190,940, ,VA,FASTCOMM COMMUNICATIONS CORP,FSCXQ
14417, , ,1/31/10,Chelmsford,Micronetics Inc,4520,452030,45,45203015,D,USA,334419,3679,220,925, ,MA,MICRONETICS INC,NOIZ
14417, , ,2/28/10,Chelmsford,Micronetics Inc,4520,452030,45,45203015,D,USA,334419,3679,220,925, ,MA,MICRONETICS INC,NOIZ
14417, , ,3/31/10,Chelmsford,Micronetics Inc,4520,452030,45,45203015,D,USA,334419,3679,220,925, ,MA,MICRONETICS INC,NOIZ
14417, , ,4/30/10,Chelmsford,Micronetics Inc,4520,452030,45,45203015,D,USA,334419,3679,220,925, ,MA,MICRONETICS INC,NOIZ
14417, , ,5/31/10,Chelmsford,Micronetics Inc,4520,452030,45,45203015,D,USA,334419,3679,220,925, ,MA,MICRONETICS INC,NOIZ
14417, , ,6/30/10,Chelmsford,Micronetics Inc,4520,452030,45,45203015,D,USA,334419,3679,220,925, ,MA,MICRONETICS INC,NOIZ
14417, , ,7/31/10,Chelmsford,Micronetics Inc,4520,452030,45,45203015,D,USA,334419,3679,220,925, ,MA,MICRONETICS INC,NOIZ
14417, , ,8/31/10,Chelmsford,Micronetics Inc,4520,452030,45,45203015,D,USA,334419,3679,220,925, ,MA,MICRONETICS INC,NOIZ
14417, , ,9/30/10,Chelmsford,Micronetics Inc,4520,452030,45,45203015,D,USA,334419,3679,220,925, ,MA,MICRONETICS INC,NOIZ
14417, , ,10/31/10,Chelmsford,Micronetics Inc,4520,452030,45,45203015,D,USA,334419,3679,220,925, ,MA,MICRONETICS INC,NOIZ
14417, , ,11/30/10,Chelmsford,Micronetics Inc,4520,452030,45,45203015,D,USA,334419,3679,220,925, ,MA,MICRONETICS INC,NOIZ
14417, , ,12/31/10,Chelmsford,Micronetics Inc,4520,452030,45,45203015,D,USA,334419,3679,220,925, ,MA,MICRONETICS INC,NOIZ
14417, , ,1/31/11,Chelmsford,Micronetics Inc,4520,452030,45,45203015,D,USA,334419,3679,220,925, ,MA,MICRONETICS INC,NOIZ
14417, , ,2/28/11,Chelmsford,Micronetics Inc,4520,452030,45,45203015,D,USA,334419,3679,220,925, ,MA,MICRONETICS INC,NOIZ
14417, , ,3/31/11,Chelmsford,Micronetics Inc,4520,452030,45,45203015,D,USA,334419,3679,220,925, ,MA,MICRONETICS INC,NOIZ
14417, , ,4/30/11,Chelmsford,Micronetics Inc,4520,452030,45,45203015,D,USA,334419,3679,220,925, ,MA,MICRONETICS INC,NOIZ
14417, , ,5/31/11,Chelmsford,Micronetics Inc,4520,452030,45,45203015,D,USA,334419,3679,220,925, ,MA,MICRONETICS INC,NOIZ
14417, , ,6/30/11,Chelmsford,Micronetics Inc,4520,452030,45,45203015,D,USA,334419,3679,220,925, ,MA,MICRONETICS INC,NOIZ
14417, , ,7/31/11,Chelmsford,Micronetics Inc,4520,452030,45,45203015,D,USA,334419,3679,220,925, ,MA,MICRONETICS INC,NOIZ
14417, , ,8/31/11,Chelmsford,Micronetics Inc,4520,452030,45,45203015,D,USA,334419,3679,220,925, ,MA,MICRONETICS INC,NOIZ
14417, , ,9/30/11,Chelmsford,Micronetics Inc,4520,452030,45,45203015,D,USA,334419,3679,220,925, ,MA,MICRONETICS INC,NOIZ
14417, , ,10/31/11,Chelmsford,Micronetics Inc,4520,452030,45,45203015,D,USA,334419,3679,220,925, ,MA,MICRONETICS INC,NOIZ
14417, , ,11/30/11,Chelmsford,Micronetics Inc,4520,452030,45,45203015,D,USA,334419,3679,220,925, ,MA,MICRONETICS INC,NOIZ
14417, , ,12/31/11,Chelmsford,Micronetics Inc,4520,452030,45,45203015,D,USA,334419,3679,220,925, ,MA,MICRONETICS INC,NOIZ
14417, , ,1/31/12,Chelmsford,Micronetics Inc,4520,452030,45,45203015,D,USA,334419,3679,220,925, ,MA,MICRONETICS INC,NOIZ
14417, , ,2/29/12,Chelmsford,Micronetics Inc,4520,452030,45,45203015,D,USA,334419,3679,220,925, ,MA,MICRONETICS INC,NOIZ
14417, , ,3/31/12,Chelmsford,Micronetics Inc,4520,452030,45,45203015,D,USA,334419,3679,220,925, ,MA,MICRONETICS INC,NOIZ
14417, , ,4/30/12,Chelmsford,Micronetics Inc,4520,452030,45,45203015,D,USA,334419,3679,220,925, ,MA,MICRONETICS INC,NOIZ
14417, , ,5/31/12,Chelmsford,Micronetics Inc,4520,452030,45,45203015,D,USA,334419,3679,220,925, ,MA,MICRONETICS INC,NOIZ
14417, , ,6/30/12,Chelmsford,Micronetics Inc,4520,452030,45,45203015,D,USA,334419,3679,220,925, ,MA,MICRONETICS INC,NOIZ
14417, , ,7/31/12,Chelmsford,Micronetics Inc,4520,452030,45,45203015,D,USA,334419,3679,220,925, ,MA,MICRONETICS INC,NOIZ
14417, , ,8/31/12,Chelmsford,Micronetics Inc,4520,452030,45,45203015,D,USA,334419,3679,220,925, ,MA,MICRONETICS INC,NOIZ
14489,A-,A-1,1/31/10,Round Rock,Dell Inc,4520,452020,45,45202010,D,USA,334111,3571,190,940,B,TX,DELL INC,DELL
14489,A-,A-1,2/28/10,Round Rock,Dell Inc,4520,452020,45,45202010,D,USA,334111,3571,190,940,B,TX,DELL INC,DELL
14489,A-,A-1,3/31/10,Round Rock,Dell Inc,4520,452020,45,45202010,D,USA,334111,3571,190,940,B,TX,DELL INC,DELL
14489,A-,A-1,4/30/10,Round Rock,Dell Inc,4520,452020,45,45202010,D,USA,334111,3571,190,940,B,TX,DELL INC,DELL
14489,A-,A-1,5/31/10,Round Rock,Dell Inc,4520,452020,45,45202010,D,USA,334111,3571,190,940,B,TX,DELL INC,DELL
14489,A-,A-1,6/30/10,Round Rock,Dell Inc,4520,452020,45,45202010,D,USA,334111,3571,190,940,B,TX,DELL INC,DELL
14489,A-,A-1,7/31/10,Round Rock,Dell Inc,4520,452020,45,45202010,D,USA,334111,3571,190,940,B,TX,DELL INC,DELL
14489,A-,A-1,8/31/10,Round Rock,Dell Inc,4520,452020,45,45202010,D,USA,334111,3571,190,940,B,TX,DELL INC,DELL
14489,A-,A-1,9/30/10,Round Rock,Dell Inc,4520,452020,45,45202010,D,USA,334111,3571,190,940,B,TX,DELL INC,DELL
14489,A-,A-1,10/31/10,Round Rock,Dell Inc,4520,452020,45,45202010,D,USA,334111,3571,190,940,B,TX,DELL INC,DELL
14489,A-,A-1,11/30/10,Round Rock,Dell Inc,4520,452020,45,45202010,D,USA,334111,3571,190,940,B,TX,DELL INC,DELL
14489,A-,A-1,12/31/10,Round Rock,Dell Inc,4520,452020,45,45202010,D,USA,334111,3571,190,940,B,TX,DELL INC,DELL
14489,A-,A-1,1/31/11,Round Rock,Dell Inc,4520,452020,45,45202010,D,USA,334111,3571,190,940,B,TX,DELL INC,DELL
14489,A-,A-1,2/28/11,Round Rock,Dell Inc,4520,452020,45,45202010,D,USA,334111,3571,190,940,B,TX,DELL INC,DELL
14489,A-,A-1,3/31/11,Round Rock,Dell Inc,4520,452020,45,45202010,D,USA,334111,3571,190,940,B,TX,DELL INC,DELL
14489,A-,A-1,4/30/11,Round Rock,Dell Inc,4520,452020,45,45202010,D,USA,334111,3571,190,940,B,TX,DELL INC,DELL
14489,A-,A-1,5/31/11,Round Rock,Dell Inc,4520,452020,45,45202010,D,USA,334111,3571,190,940,B,TX,DELL INC,DELL
14489,A-,A-1,6/30/11,Round Rock,Dell Inc,4520,452020,45,45202010,D,USA,334111,3571,190,940,B,TX,DELL INC,DELL
14489,A-,A-1,7/31/11,Round Rock,Dell Inc,4520,452020,45,45202010,D,USA,334111,3571,190,940,B,TX,DELL INC,DELL
14489,A-,A-1,8/31/11,Round Rock,Dell Inc,4520,452020,45,45202010,D,USA,334111,3571,190,940,B,TX,DELL INC,DELL
14489,A-,A-1,9/30/11,Round Rock,Dell Inc,4520,452020,45,45202010,D,USA,334111,3571,190,940,B,TX,DELL INC,DELL
14489,A-,A-1,10/31/11,Round Rock,Dell Inc,4520,452020,45,45202010,D,USA,334111,3571,190,940,B,TX,DELL INC,DELL
14489,A-,A-1,11/30/11,Round Rock,Dell Inc,4520,452020,45,45202010,D,USA,334111,3571,190,940,B,TX,DELL INC,DELL
14489,A-,A-1,12/31/11,Round Rock,Dell Inc,4520,452020,45,45202010,D,USA,334111,3571,190,940,B,TX,DELL INC,DELL
14489,A-,A-1,1/31/12,Round Rock,Dell Inc,4520,452020,45,45202010,D,USA,334111,3571,190,940,B,TX,DELL INC,DELL
14489,A-,A-1,2/29/12,Round Rock,Dell Inc,4520,452020,45,45202010,D,USA,334111,3571,190,940,B,TX,DELL INC,DELL
14489,A-,A-1,3/31/12,Round Rock,Dell Inc,4520,452020,45,45202010,D,USA,334111,3571,190,940,B,TX,DELL INC,DELL
14489,A-,A-1,4/30/12,Round Rock,Dell Inc,4520,452020,45,45202010,D,USA,334111,3571,190,940,B,TX,DELL INC,DELL
14489,A-,A-1,5/31/12,Round Rock,Dell Inc,4520,452020,45,45202010,D,USA,334111,3571,190,940,B,TX,DELL INC,DELL
14489,A-,A-1,6/30/12,Round Rock,Dell Inc,4520,452020,45,45202010,D,USA,334111,3571,190,940,B,TX,DELL INC,DELL
14489,A-,A-1,7/31/12,Round Rock,Dell Inc,4520,452020,45,45202010,D,USA,334111,3571,190,940,B,TX,DELL INC,DELL
14489,A-,A-1,8/31/12,Round Rock,Dell Inc,4520,452020,45,45202010,D,USA,334111,3571,190,940,B,TX,DELL INC,DELL
14489,A-,A-1,9/30/12,Round Rock,Dell Inc,4520,452020,45,45202010,D,USA,334111,3571,190,940,B,TX,DELL INC,DELL
14489,A-,A-1,10/31/12,Round Rock,Dell Inc,4520,452020,45,45202010,D,USA,334111,3571,190,940,B,TX,DELL INC,DELL
14489,A-,A-1,11/30/12,Round Rock,Dell Inc,4520,452020,45,45202010,D,USA,334111,3571,190,940,B,TX,DELL INC,DELL
14489,A-,A-1,12/31/12,Round Rock,Dell Inc,4520,452020,45,45202010,D,USA,334111,3571,190,940,B,TX,DELL INC,DELL
14489,A-,A-1,1/31/13,Round Rock,Dell Inc,4520,452020,45,45202010,D,USA,334111,3571,190,940,B,TX,DELL INC,DELL
14489,A-,A-1,2/28/13,Round Rock,Dell Inc,4520,452020,45,45202010,D,USA,334111,3571,190,940,B,TX,DELL INC,DELL
14489,A-,A-1,3/31/13,Round Rock,Dell Inc,4520,452020,45,45202010,D,USA,334111,3571,190,940,B,TX,DELL INC,DELL
14489,A-,A-1,4/30/13,Round Rock,Dell Inc,4520,452020,45,45202010,D,USA,334111,3571,190,940,B,TX,DELL INC,DELL
14489,BBB,A-2,5/31/13,Round Rock,Dell Inc,4520,452020,45,45202010,D,USA,334111,3571,190,940,B,TX,DELL INC,DELL
14489,BBB,A-2,6/30/13,Round Rock,Dell Inc,4520,452020,45,45202010,D,USA,334111,3571,190,940,B,TX,DELL INC,DELL
14489,BBB,A-2,7/31/13,Round Rock,Dell Inc,4520,452020,45,45202010,D,USA,334111,3571,190,940,B,TX,DELL INC,DELL
14489,BBB,A-2,8/31/13,Round Rock,Dell Inc,4520,452020,45,45202010,D,USA,334111,3571,190,940,B,TX,DELL INC,DELL
14489,BB-,B,9/30/13,Round Rock,Dell Inc,4520,452020,45,45202010,D,USA,334111,3571,190,940,B,TX,DELL INC,DELL
14489,BB-,B,10/31/13,Round Rock,Dell Inc,4520,452020,45,45202010,D,USA,334111,3571,190,940,B,TX,DELL INC,DELL
14561, , ,1/31/10,Saxonburg,II VI Inc,4520,452030,45,45203015,D,USA,333314,3827,230,940,B,PA,II-VI INC,IIVI
14561, , ,2/28/10,Saxonburg,II VI Inc,4520,452030,45,45203015,D,USA,333314,3827,230,940,B,PA,II-VI INC,IIVI
14561, , ,3/31/10,Saxonburg,II VI Inc,4520,452030,45,45203015,D,USA,333314,3827,230,940,B,PA,II-VI INC,IIVI
14561, , ,4/30/10,Saxonburg,II VI Inc,4520,452030,45,45203015,D,USA,333314,3827,230,940,B,PA,II-VI INC,IIVI
14561, , ,5/31/10,Saxonburg,II VI Inc,4520,452030,45,45203015,D,USA,333314,3827,230,940,B,PA,II-VI INC,IIVI
14561, , ,6/30/10,Saxonburg,II VI Inc,4520,452030,45,45203015,D,USA,333314,3827,230,940,B,PA,II-VI INC,IIVI
14561, , ,7/31/10,Saxonburg,II VI Inc,4520,452030,45,45203015,D,USA,333314,3827,230,940,B,PA,II-VI INC,IIVI
14561, , ,8/31/10,Saxonburg,II VI Inc,4520,452030,45,45203015,D,USA,333314,3827,230,940,B,PA,II-VI INC,IIVI
14561, , ,9/30/10,Saxonburg,II VI Inc,4520,452030,45,45203015,D,USA,333314,3827,230,940,B,PA,II-VI INC,IIVI
14561, , ,10/31/10,Saxonburg,II VI Inc,4520,452030,45,45203015,D,USA,333314,3827,230,940,B,PA,II-VI INC,IIVI
14561, , ,11/30/10,Saxonburg,II VI Inc,4520,452030,45,45203015,D,USA,333314,3827,230,940,B,PA,II-VI INC,IIVI
14561, , ,12/31/10,Saxonburg,II VI Inc,4520,452030,45,45203015,D,USA,333314,3827,230,940,B,PA,II-VI INC,IIVI
14561, , ,1/31/11,Saxonburg,II VI Inc,4520,452030,45,45203015,D,USA,333314,3827,230,940,B,PA,II-VI INC,IIVI
14561, , ,2/28/11,Saxonburg,II VI Inc,4520,452030,45,45203015,D,USA,333314,3827,230,940,B,PA,II-VI INC,IIVI
14561, , ,3/31/11,Saxonburg,II VI Inc,4520,452030,45,45203015,D,USA,333314,3827,230,940,B,PA,II-VI INC,IIVI
14561, , ,4/30/11,Saxonburg,II VI Inc,4520,452030,45,45203015,D,USA,333314,3827,230,940,B,PA,II-VI INC,IIVI
14561, , ,5/31/11,Saxonburg,II VI Inc,4520,452030,45,45203015,D,USA,333314,3827,230,940,B,PA,II-VI INC,IIVI
14561, , ,6/30/11,Saxonburg,II VI Inc,4520,452030,45,45203015,D,USA,333314,3827,230,940,B,PA,II-VI INC,IIVI
14561, , ,7/31/11,Saxonburg,II VI Inc,4520,452030,45,45203015,D,USA,333314,3827,230,940,B,PA,II-VI INC,IIVI
14561, , ,8/31/11,Saxonburg,II VI Inc,4520,452030,45,45203015,D,USA,333314,3827,230,940,B,PA,II-VI INC,IIVI
14561, , ,9/30/11,Saxonburg,II VI Inc,4520,452030,45,45203015,D,USA,333314,3827,230,940,B,PA,II-VI INC,IIVI
14561, , ,10/31/11,Saxonburg,II VI Inc,4520,452030,45,45203015,D,USA,333314,3827,230,940,B,PA,II-VI INC,IIVI
14561, , ,11/30/11,Saxonburg,II VI Inc,4520,452030,45,45203015,D,USA,333314,3827,230,940,B,PA,II-VI INC,IIVI
14561, , ,12/31/11,Saxonburg,II VI Inc,4520,452030,45,45203015,D,USA,333314,3827,230,940,B,PA,II-VI INC,IIVI
14561, , ,1/31/12,Saxonburg,II VI Inc,4520,452030,45,45203015,D,USA,333314,3827,230,940,B,PA,II-VI INC,IIVI
14561, , ,2/29/12,Saxonburg,II VI Inc,4520,452030,45,45203015,D,USA,333314,3827,230,940,B,PA,II-VI INC,IIVI
14561, , ,3/31/12,Saxonburg,II VI Inc,4520,452030,45,45203015,D,USA,333314,3827,230,940,B,PA,II-VI INC,IIVI
14561, , ,4/30/12,Saxonburg,II VI Inc,4520,452030,45,45203015,D,USA,333314,3827,230,940,B,PA,II-VI INC,IIVI
14561, , ,5/31/12,Saxonburg,II VI Inc,4520,452030,45,45203015,D,USA,333314,3827,230,940,B,PA,II-VI INC,IIVI
14561, , ,6/30/12,Saxonburg,II VI Inc,4520,452030,45,45203015,D,USA,333314,3827,230,940,B,PA,II-VI INC,IIVI
14561, , ,7/31/12,Saxonburg,II VI Inc,4520,452030,45,45203015,D,USA,333314,3827,230,940,B,PA,II-VI INC,IIVI
14561, , ,8/31/12,Saxonburg,II VI Inc,4520,452030,45,45203015,D,USA,333314,3827,230,940,B,PA,II-VI INC,IIVI
14561, , ,9/30/12,Saxonburg,II VI Inc,4520,452030,45,45203015,D,USA,333314,3827,230,940,B,PA,II-VI INC,IIVI
14561, , ,10/31/12,Saxonburg,II VI Inc,4520,452030,45,45203015,D,USA,333314,3827,230,940,B,PA,II-VI INC,IIVI
14561, , ,11/30/12,Saxonburg,II VI Inc,4520,452030,45,45203015,D,USA,333314,3827,230,940,B,PA,II-VI INC,IIVI
14561, , ,12/31/12,Saxonburg,II VI Inc,4520,452030,45,45203015,D,USA,333314,3827,230,940,B,PA,II-VI INC,IIVI
14561, , ,1/31/13,Saxonburg,II VI Inc,4520,452030,45,45203015,D,USA,333314,3827,230,940,B,PA,II-VI INC,IIVI
14561, , ,2/28/13,Saxonburg,II VI Inc,4520,452030,45,45203015,D,USA,333314,3827,230,940,B,PA,II-VI INC,IIVI
14561, , ,3/31/13,Saxonburg,II VI Inc,4520,452030,45,45203015,D,USA,333314,3827,230,940,B,PA,II-VI INC,IIVI
14561, , ,4/30/13,Saxonburg,II VI Inc,4520,452030,45,45203015,D,USA,333314,3827,230,940,B,PA,II-VI INC,IIVI
14561, , ,5/31/13,Saxonburg,II VI Inc,4520,452030,45,45203015,D,USA,333314,3827,230,940,B,PA,II-VI INC,IIVI
14561, , ,6/30/13,Saxonburg,II VI Inc,4520,452030,45,45203015,D,USA,333314,3827,230,940,B,PA,II-VI INC,IIVI
14561, , ,7/31/13,Saxonburg,II VI Inc,4520,452030,45,45203015,D,USA,333314,3827,230,940,B,PA,II-VI INC,IIVI
14561, , ,8/31/13,Saxonburg,II VI Inc,4520,452030,45,45203015,D,USA,333314,3827,230,940,B,PA,II-VI INC,IIVI
14561, , ,9/30/13,Saxonburg,II VI Inc,4520,452030,45,45203015,D,USA,333314,3827,230,940,B,PA,II-VI INC,IIVI
14561, , ,10/31/13,Saxonburg,II VI Inc,4520,452030,45,45203015,D,USA,333314,3827,230,940,B,PA,II-VI INC,IIVI
14653, , ,1/31/10,Clifton,Electronic Control Security,4520,452030,45,45203010,D,USA,334290,3669,180,940,C,NJ,ELECTRONIC CONTROL SECURITY,EKCS
14653, , ,2/28/10,Clifton,Electronic Control Security,4520,452030,45,45203010,D,USA,334290,3669,180,940,C,NJ,ELECTRONIC CONTROL SECURITY,EKCS
14653, , ,3/31/10,Clifton,Electronic Control Security,4520,452030,45,45203010,D,USA,334290,3669,180,940,C,NJ,ELECTRONIC CONTROL SECURITY,EKCS
14653, , ,4/30/10,Clifton,Electronic Control Security,4520,452030,45,45203010,D,USA,334290,3669,180,940,C,NJ,ELECTRONIC CONTROL SECURITY,EKCS
14653, , ,5/31/10,Clifton,Electronic Control Security,4520,452030,45,45203010,D,USA,334290,3669,180,940,C,NJ,ELECTRONIC CONTROL SECURITY,EKCS
14653, , ,6/30/10,Clifton,Electronic Control Security,4520,452030,45,45203010,D,USA,334290,3669,180,940,C,NJ,ELECTRONIC CONTROL SECURITY,EKCS
14653, , ,7/31/10,Clifton,Electronic Control Security,4520,452030,45,45203010,D,USA,334290,3669,180,940,C,NJ,ELECTRONIC CONTROL SECURITY,EKCS
14653, , ,8/31/10,Clifton,Electronic Control Security,4520,452030,45,45203010,D,USA,334290,3669,180,940,C,NJ,ELECTRONIC CONTROL SECURITY,EKCS
14653, , ,9/30/10,Clifton,Electronic Control Security,4520,452030,45,45203010,D,USA,334290,3669,180,940,C,NJ,ELECTRONIC CONTROL SECURITY,EKCS
14653, , ,10/31/10,Clifton,Electronic Control Security,4520,452030,45,45203010,D,USA,334290,3669,180,940,C,NJ,ELECTRONIC CONTROL SECURITY,EKCS
14653, , ,11/30/10,Clifton,Electronic Control Security,4520,452030,45,45203010,D,USA,334290,3669,180,940,C,NJ,ELECTRONIC CONTROL SECURITY,EKCS
14653, , ,12/31/10,Clifton,Electronic Control Security,4520,452030,45,45203010,D,USA,334290,3669,180,940,C,NJ,ELECTRONIC CONTROL SECURITY,EKCS
14653, , ,1/31/11,Clifton,Electronic Control Security,4520,452030,45,45203010,D,USA,334290,3669,180,940,C,NJ,ELECTRONIC CONTROL SECURITY,EKCS
14653, , ,2/28/11,Clifton,Electronic Control Security,4520,452030,45,45203010,D,USA,334290,3669,180,940,C,NJ,ELECTRONIC CONTROL SECURITY,EKCS
14653, , ,3/31/11,Clifton,Electronic Control Security,4520,452030,45,45203010,D,USA,334290,3669,180,940,C,NJ,ELECTRONIC CONTROL SECURITY,EKCS
14653, , ,4/30/11,Clifton,Electronic Control Security,4520,452030,45,45203010,D,USA,334290,3669,180,940,C,NJ,ELECTRONIC CONTROL SECURITY,EKCS
14653, , ,5/31/11,Clifton,Electronic Control Security,4520,452030,45,45203010,D,USA,334290,3669,180,940,C,NJ,ELECTRONIC CONTROL SECURITY,EKCS
14653, , ,6/30/11,Clifton,Electronic Control Security,4520,452030,45,45203010,D,USA,334290,3669,180,940,C,NJ,ELECTRONIC CONTROL SECURITY,EKCS
14653, , ,7/31/11,Clifton,Electronic Control Security,4520,452030,45,45203010,D,USA,334290,3669,180,940,C,NJ,ELECTRONIC CONTROL SECURITY,EKCS
14653, , ,8/31/11,Clifton,Electronic Control Security,4520,452030,45,45203010,D,USA,334290,3669,180,940,C,NJ,ELECTRONIC CONTROL SECURITY,EKCS
14653, , ,9/30/11,Clifton,Electronic Control Security,4520,452030,45,45203010,D,USA,334290,3669,180,940,C,NJ,ELECTRONIC CONTROL SECURITY,EKCS
14653, , ,10/31/11,Clifton,Electronic Control Security,4520,452030,45,45203010,D,USA,334290,3669,180,940,C,NJ,ELECTRONIC CONTROL SECURITY,EKCS
14653, , ,11/30/11,Clifton,Electronic Control Security,4520,452030,45,45203010,D,USA,334290,3669,180,940,C,NJ,ELECTRONIC CONTROL SECURITY,EKCS
14653, , ,12/31/11,Clifton,Electronic Control Security,4520,452030,45,45203010,D,USA,334290,3669,180,940,C,NJ,ELECTRONIC CONTROL SECURITY,EKCS
14653, , ,1/31/12,Clifton,Electronic Control Security,4520,452030,45,45203010,D,USA,334290,3669,180,940,C,NJ,ELECTRONIC CONTROL SECURITY,EKCS
14653, , ,2/29/12,Clifton,Electronic Control Security,4520,452030,45,45203010,D,USA,334290,3669,180,940,C,NJ,ELECTRONIC CONTROL SECURITY,EKCS
14653, , ,3/31/12,Clifton,Electronic Control Security,4520,452030,45,45203010,D,USA,334290,3669,180,940,C,NJ,ELECTRONIC CONTROL SECURITY,EKCS
14653, , ,4/30/12,Clifton,Electronic Control Security,4520,452030,45,45203010,D,USA,334290,3669,180,940,C,NJ,ELECTRONIC CONTROL SECURITY,EKCS
14653, , ,5/31/12,Clifton,Electronic Control Security,4520,452030,45,45203010,D,USA,334290,3669,180,940,C,NJ,ELECTRONIC CONTROL SECURITY,EKCS
14653, , ,6/30/12,Clifton,Electronic Control Security,4520,452030,45,45203010,D,USA,334290,3669,180,940,C,NJ,ELECTRONIC CONTROL SECURITY,EKCS
14653, , ,7/31/12,Clifton,Electronic Control Security,4520,452030,45,45203010,D,USA,334290,3669,180,940,C,NJ,ELECTRONIC CONTROL SECURITY,EKCS
14653, , ,8/31/12,Clifton,Electronic Control Security,4520,452030,45,45203010,D,USA,334290,3669,180,940,C,NJ,ELECTRONIC CONTROL SECURITY,EKCS
14653, , ,9/30/12,Clifton,Electronic Control Security,4520,452030,45,45203010,D,USA,334290,3669,180,940,C,NJ,ELECTRONIC CONTROL SECURITY,EKCS
14653, , ,10/31/12,Clifton,Electronic Control Security,4520,452030,45,45203010,D,USA,334290,3669,180,940,C,NJ,ELECTRONIC CONTROL SECURITY,EKCS
14653, , ,11/30/12,Clifton,Electronic Control Security,4520,452030,45,45203010,D,USA,334290,3669,180,940,C,NJ,ELECTRONIC CONTROL SECURITY,EKCS
14653, , ,12/31/12,Clifton,Electronic Control Security,4520,452030,45,45203010,D,USA,334290,3669,180,940,C,NJ,ELECTRONIC CONTROL SECURITY,EKCS
14653, , ,1/31/13,Clifton,Electronic Control Security,4520,452030,45,45203010,D,USA,334290,3669,180,940,C,NJ,ELECTRONIC CONTROL SECURITY,EKCS
14653, , ,2/28/13,Clifton,Electronic Control Security,4520,452030,45,45203010,D,USA,334290,3669,180,940,C,NJ,ELECTRONIC CONTROL SECURITY,EKCS
14653, , ,3/31/13,Clifton,Electronic Control Security,4520,452030,45,45203010,D,USA,334290,3669,180,940,C,NJ,ELECTRONIC CONTROL SECURITY,EKCS
14653, , ,4/30/13,Clifton,Electronic Control Security,4520,452030,45,45203010,D,USA,334290,3669,180,940,C,NJ,ELECTRONIC CONTROL SECURITY,EKCS
14653, , ,5/31/13,Clifton,Electronic Control Security,4520,452030,45,45203010,D,USA,334290,3669,180,940,C,NJ,ELECTRONIC CONTROL SECURITY,EKCS
14653, , ,6/30/13,Clifton,Electronic Control Security,4520,452030,45,45203010,D,USA,334290,3669,180,940,C,NJ,ELECTRONIC CONTROL SECURITY,EKCS
14653, , ,7/31/13,Clifton,Electronic Control Security,4520,452030,45,45203010,D,USA,334290,3669,180,940,C,NJ,ELECTRONIC CONTROL SECURITY,EKCS
14653, , ,8/31/13,Clifton,Electronic Control Security,4520,452030,45,45203010,D,USA,334290,3669,180,940,C,NJ,ELECTRONIC CONTROL SECURITY,EKCS
14653, , ,9/30/13,Clifton,Electronic Control Security,4520,452030,45,45203010,D,USA,334290,3669,180,940,C,NJ,ELECTRONIC CONTROL SECURITY,EKCS
14653, , ,10/31/13,Clifton,Electronic Control Security,4520,452030,45,45203010,D,USA,334290,3669,180,940,C,NJ,ELECTRONIC CONTROL SECURITY,EKCS
14655, , ,1/31/10,Plainville,Media Logic Inc,4520,452030,45,45203010,D,USA,334519,3829,230,940, ,MA,MEDIA LOGIC INC,MDLG
14655, , ,2/28/10,Plainville,Media Logic Inc,4520,452030,45,45203010,D,USA,334519,3829,230,940, ,MA,MEDIA LOGIC INC,MDLG
14655, , ,3/31/10,Plainville,Media Logic Inc,4520,452030,45,45203010,D,USA,334519,3829,230,940, ,MA,MEDIA LOGIC INC,MDLG
14655, , ,4/30/10,Plainville,Media Logic Inc,4520,452030,45,45203010,D,USA,334519,3829,230,940, ,MA,MEDIA LOGIC INC,MDLG
14655, , ,5/31/10,Plainville,Media Logic Inc,4520,452030,45,45203010,D,USA,334519,3829,230,940, ,MA,MEDIA LOGIC INC,MDLG
14655, , ,6/30/10,Plainville,Media Logic Inc,4520,452030,45,45203010,D,USA,334519,3829,230,940, ,MA,MEDIA LOGIC INC,MDLG
14655, , ,7/31/10,Plainville,Media Logic Inc,4520,452030,45,45203010,D,USA,334519,3829,230,940, ,MA,MEDIA LOGIC INC,MDLG
14655, , ,8/31/10,Plainville,Media Logic Inc,4520,452030,45,45203010,D,USA,334519,3829,230,940, ,MA,MEDIA LOGIC INC,MDLG
14655, , ,9/30/10,Plainville,Media Logic Inc,4520,452030,45,45203010,D,USA,334519,3829,230,940, ,MA,MEDIA LOGIC INC,MDLG
14655, , ,10/31/10,Plainville,Media Logic Inc,4520,452030,45,45203010,D,USA,334519,3829,230,940, ,MA,MEDIA LOGIC INC,MDLG
14655, , ,11/30/10,Plainville,Media Logic Inc,4520,452030,45,45203010,D,USA,334519,3829,230,940, ,MA,MEDIA LOGIC INC,MDLG
14655, , ,12/31/10,Plainville,Media Logic Inc,4520,452030,45,45203010,D,USA,334519,3829,230,940, ,MA,MEDIA LOGIC INC,MDLG
14655, , ,1/31/11,Plainville,Media Logic Inc,4520,452030,45,45203010,D,USA,334519,3829,230,940, ,MA,MEDIA LOGIC INC,MDLG
14655, , ,2/28/11,Plainville,Media Logic Inc,4520,452030,45,45203010,D,USA,334519,3829,230,940, ,MA,MEDIA LOGIC INC,MDLG
14655, , ,3/31/11,Plainville,Media Logic Inc,4520,452030,45,45203010,D,USA,334519,3829,230,940, ,MA,MEDIA LOGIC INC,MDLG
14655, , ,4/30/11,Plainville,Media Logic Inc,4520,452030,45,45203010,D,USA,334519,3829,230,940, ,MA,MEDIA LOGIC INC,MDLG
14655, , ,5/31/11,Plainville,Media Logic Inc,4520,452030,45,45203010,D,USA,334519,3829,230,940, ,MA,MEDIA LOGIC INC,MDLG
14655, , ,6/30/11,Plainville,Media Logic Inc,4520,452030,45,45203010,D,USA,334519,3829,230,940, ,MA,MEDIA LOGIC INC,MDLG
14655, , ,7/31/11,Plainville,Media Logic Inc,4520,452030,45,45203010,D,USA,334519,3829,230,940, ,MA,MEDIA LOGIC INC,MDLG
14655, , ,8/31/11,Plainville,Media Logic Inc,4520,452030,45,45203010,D,USA,334519,3829,230,940, ,MA,MEDIA LOGIC INC,MDLG
14655, , ,9/30/11,Plainville,Media Logic Inc,4520,452030,45,45203010,D,USA,334519,3829,230,940, ,MA,MEDIA LOGIC INC,MDLG
14655, , ,10/31/11,Plainville,Media Logic Inc,4520,452030,45,45203010,D,USA,334519,3829,230,940, ,MA,MEDIA LOGIC INC,MDLG
14655, , ,11/30/11,Plainville,Media Logic Inc,4520,452030,45,45203010,D,USA,334519,3829,230,940, ,MA,MEDIA LOGIC INC,MDLG
14655, , ,12/31/11,Plainville,Media Logic Inc,4520,452030,45,45203010,D,USA,334519,3829,230,940, ,MA,MEDIA LOGIC INC,MDLG
14655, , ,1/31/12,Plainville,Media Logic Inc,4520,452030,45,45203010,D,USA,334519,3829,230,940, ,MA,MEDIA LOGIC INC,MDLG
14655, , ,2/29/12,Plainville,Media Logic Inc,4520,452030,45,45203010,D,USA,334519,3829,230,940, ,MA,MEDIA LOGIC INC,MDLG
14655, , ,3/31/12,Plainville,Media Logic Inc,4520,452030,45,45203010,D,USA,334519,3829,230,940, ,MA,MEDIA LOGIC INC,MDLG
14655, , ,4/30/12,Plainville,Media Logic Inc,4520,452030,45,45203010,D,USA,334519,3829,230,940, ,MA,MEDIA LOGIC INC,MDLG
14655, , ,5/31/12,Plainville,Media Logic Inc,4520,452030,45,45203010,D,USA,334519,3829,230,940, ,MA,MEDIA LOGIC INC,MDLG
14655, , ,6/30/12,Plainville,Media Logic Inc,4520,452030,45,45203010,D,USA,334519,3829,230,940, ,MA,MEDIA LOGIC INC,MDLG
14655, , ,7/31/12,Plainville,Media Logic Inc,4520,452030,45,45203010,D,USA,334519,3829,230,940, ,MA,MEDIA LOGIC INC,MDLG
14898, , ,1/31/10,Rock Hill,3D Systems Corp,4520,452020,45,45202030,D,USA,333249,3559,247,940,B-,SC,3D SYSTEMS CORP,DDD
14898, , ,2/28/10,Rock Hill,3D Systems Corp,4520,452020,45,45202030,D,USA,333249,3559,247,940,B-,SC,3D SYSTEMS CORP,DDD
14898, , ,3/31/10,Rock Hill,3D Systems Corp,4520,452020,45,45202030,D,USA,333249,3559,247,940,B-,SC,3D SYSTEMS CORP,DDD
14898, , ,4/30/10,Rock Hill,3D Systems Corp,4520,452020,45,45202030,D,USA,333249,3559,247,940,B-,SC,3D SYSTEMS CORP,DDD
14898, , ,5/31/10,Rock Hill,3D Systems Corp,4520,452020,45,45202030,D,USA,333249,3559,247,940,B-,SC,3D SYSTEMS CORP,DDD
14898, , ,6/30/10,Rock Hill,3D Systems Corp,4520,452020,45,45202030,D,USA,333249,3559,247,940,B-,SC,3D SYSTEMS CORP,DDD
14898, , ,7/31/10,Rock Hill,3D Systems Corp,4520,452020,45,45202030,D,USA,333249,3559,247,940,B-,SC,3D SYSTEMS CORP,DDD
14898, , ,8/31/10,Rock Hill,3D Systems Corp,4520,452020,45,45202030,D,USA,333249,3559,247,940,B-,SC,3D SYSTEMS CORP,DDD
14898, , ,9/30/10,Rock Hill,3D Systems Corp,4520,452020,45,45202030,D,USA,333249,3559,247,940,B-,SC,3D SYSTEMS CORP,DDD
14898, , ,10/31/10,Rock Hill,3D Systems Corp,4520,452020,45,45202030,D,USA,333249,3559,247,940,B-,SC,3D SYSTEMS CORP,DDD
14898, , ,11/30/10,Rock Hill,3D Systems Corp,4520,452020,45,45202030,D,USA,333249,3559,247,940,B-,SC,3D SYSTEMS CORP,DDD
14898, , ,12/31/10,Rock Hill,3D Systems Corp,4520,452020,45,45202030,D,USA,333249,3559,247,940,B-,SC,3D SYSTEMS CORP,DDD
14898, , ,1/31/11,Rock Hill,3D Systems Corp,4520,452020,45,45202030,D,USA,333249,3559,247,940,B-,SC,3D SYSTEMS CORP,DDD
14898, , ,2/28/11,Rock Hill,3D Systems Corp,4520,452020,45,45202030,D,USA,333249,3559,247,940,B-,SC,3D SYSTEMS CORP,DDD
14898, , ,3/31/11,Rock Hill,3D Systems Corp,4520,452020,45,45202030,D,USA,333249,3559,247,940,B-,SC,3D SYSTEMS CORP,DDD
14898, , ,4/30/11,Rock Hill,3D Systems Corp,4520,452020,45,45202030,D,USA,333249,3559,247,940,B-,SC,3D SYSTEMS CORP,DDD
14898, , ,5/31/11,Rock Hill,3D Systems Corp,4520,452020,45,45202030,D,USA,333249,3559,247,940,B-,SC,3D SYSTEMS CORP,DDD
14898, , ,6/30/11,Rock Hill,3D Systems Corp,4520,452020,45,45202030,D,USA,333249,3559,247,940,B-,SC,3D SYSTEMS CORP,DDD
14898, , ,7/31/11,Rock Hill,3D Systems Corp,4520,452020,45,45202030,D,USA,333249,3559,247,940,B-,SC,3D SYSTEMS CORP,DDD
14898, , ,8/31/11,Rock Hill,3D Systems Corp,4520,452020,45,45202030,D,USA,333249,3559,247,940,B-,SC,3D SYSTEMS CORP,DDD
14898, , ,9/30/11,Rock Hill,3D Systems Corp,4520,452020,45,45202030,D,USA,333249,3559,247,940,B-,SC,3D SYSTEMS CORP,DDD
14898, , ,10/31/11,Rock Hill,3D Systems Corp,4520,452020,45,45202030,D,USA,333249,3559,247,940,B-,SC,3D SYSTEMS CORP,DDD
14898, , ,11/30/11,Rock Hill,3D Systems Corp,4520,452020,45,45202030,D,USA,333249,3559,247,940,B-,SC,3D SYSTEMS CORP,DDD
14898, , ,12/31/11,Rock Hill,3D Systems Corp,4520,452020,45,45202030,D,USA,333249,3559,247,940,B-,SC,3D SYSTEMS CORP,DDD
14898, , ,1/31/12,Rock Hill,3D Systems Corp,4520,452020,45,45202030,D,USA,333249,3559,247,940,B-,SC,3D SYSTEMS CORP,DDD
14898, , ,2/29/12,Rock Hill,3D Systems Corp,4520,452020,45,45202030,D,USA,333249,3559,247,940,B-,SC,3D SYSTEMS CORP,DDD
14898, , ,3/31/12,Rock Hill,3D Systems Corp,4520,452020,45,45202030,D,USA,333249,3559,247,940,B-,SC,3D SYSTEMS CORP,DDD
14898, , ,4/30/12,Rock Hill,3D Systems Corp,4520,452020,45,45202030,D,USA,333249,3559,247,940,B-,SC,3D SYSTEMS CORP,DDD
14898, , ,5/31/12,Rock Hill,3D Systems Corp,4520,452020,45,45202030,D,USA,333249,3559,247,940,B-,SC,3D SYSTEMS CORP,DDD
14898, , ,6/30/12,Rock Hill,3D Systems Corp,4520,452020,45,45202030,D,USA,333249,3559,247,940,B-,SC,3D SYSTEMS CORP,DDD
14898, , ,7/31/12,Rock Hill,3D Systems Corp,4520,452020,45,45202030,D,USA,333249,3559,247,940,B-,SC,3D SYSTEMS CORP,DDD
14898, , ,8/31/12,Rock Hill,3D Systems Corp,4520,452020,45,45202030,D,USA,333249,3559,247,940,B-,SC,3D SYSTEMS CORP,DDD
14898, , ,9/30/12,Rock Hill,3D Systems Corp,4520,452020,45,45202030,D,USA,333249,3559,247,940,B-,SC,3D SYSTEMS CORP,DDD
14898, , ,10/31/12,Rock Hill,3D Systems Corp,4520,452020,45,45202030,D,USA,333249,3559,247,940,B-,SC,3D SYSTEMS CORP,DDD
14898, , ,11/30/12,Rock Hill,3D Systems Corp,4520,452020,45,45202030,D,USA,333249,3559,247,940,B-,SC,3D SYSTEMS CORP,DDD
14898, , ,12/31/12,Rock Hill,3D Systems Corp,4520,452020,45,45202030,D,USA,333249,3559,247,940,B-,SC,3D SYSTEMS CORP,DDD
14898, , ,1/31/13,Rock Hill,3D Systems Corp,4520,452020,45,45202030,D,USA,333249,3559,247,940,B-,SC,3D SYSTEMS CORP,DDD
14898, , ,2/28/13,Rock Hill,3D Systems Corp,4520,452020,45,45202030,D,USA,333249,3559,247,940,B-,SC,3D SYSTEMS CORP,DDD
14898, , ,3/31/13,Rock Hill,3D Systems Corp,4520,452020,45,45202030,D,USA,333249,3559,247,940,B-,SC,3D SYSTEMS CORP,DDD
14898, , ,4/30/13,Rock Hill,3D Systems Corp,4520,452020,45,45202030,D,USA,333249,3559,247,940,B-,SC,3D SYSTEMS CORP,DDD
14898, , ,5/31/13,Rock Hill,3D Systems Corp,4520,452020,45,45202030,D,USA,333249,3559,247,940,B-,SC,3D SYSTEMS CORP,DDD
14898, , ,6/30/13,Rock Hill,3D Systems Corp,4520,452020,45,45202030,D,USA,333249,3559,247,940,B-,SC,3D SYSTEMS CORP,DDD
14898, , ,7/31/13,Rock Hill,3D Systems Corp,4520,452020,45,45202030,D,USA,333249,3559,247,940,B-,SC,3D SYSTEMS CORP,DDD
14898, , ,8/31/13,Rock Hill,3D Systems Corp,4520,452020,45,45202030,D,USA,333249,3559,247,940,B-,SC,3D SYSTEMS CORP,DDD
14898, , ,9/30/13,Rock Hill,3D Systems Corp,4520,452020,45,45202030,D,USA,333249,3559,247,940,B-,SC,3D SYSTEMS CORP,DDD
14898, , ,10/31/13,Rock Hill,3D Systems Corp,4520,452020,45,45202030,D,USA,333249,3559,247,940,B-,SC,3D SYSTEMS CORP,DDD
14924, , ,1/31/10,Shenzhen,Nam Tai Property Inc,4520,452030,45,45203020,B,CHN,334210,3661,370,925, , ,NAM TAI PROPERTY INC,NTP
14924, , ,2/28/10,Shenzhen,Nam Tai Property Inc,4520,452030,45,45203020,B,CHN,334210,3661,370,925, , ,NAM TAI PROPERTY INC,NTP
14924, , ,3/31/10,Shenzhen,Nam Tai Property Inc,4520,452030,45,45203020,B,CHN,334210,3661,370,925, , ,NAM TAI PROPERTY INC,NTP
14924, , ,4/30/10,Shenzhen,Nam Tai Property Inc,4520,452030,45,45203020,B,CHN,334210,3661,370,925, , ,NAM TAI PROPERTY INC,NTP
14924, , ,5/31/10,Shenzhen,Nam Tai Property Inc,4520,452030,45,45203020,B,CHN,334210,3661,370,925, , ,NAM TAI PROPERTY INC,NTP
14924, , ,6/30/10,Shenzhen,Nam Tai Property Inc,4520,452030,45,45203020,B,CHN,334210,3661,370,925, , ,NAM TAI PROPERTY INC,NTP
14924, , ,7/31/10,Shenzhen,Nam Tai Property Inc,4520,452030,45,45203020,B,CHN,334210,3661,370,925, , ,NAM TAI PROPERTY INC,NTP
14924, , ,8/31/10,Shenzhen,Nam Tai Property Inc,4520,452030,45,45203020,B,CHN,334210,3661,370,925, , ,NAM TAI PROPERTY INC,NTP
14924, , ,9/30/10,Shenzhen,Nam Tai Property Inc,4520,452030,45,45203020,B,CHN,334210,3661,370,925, , ,NAM TAI PROPERTY INC,NTP
14924, , ,10/31/10,Shenzhen,Nam Tai Property Inc,4520,452030,45,45203020,B,CHN,334210,3661,370,925, , ,NAM TAI PROPERTY INC,NTP
14924, , ,11/30/10,Shenzhen,Nam Tai Property Inc,4520,452030,45,45203020,B,CHN,334210,3661,370,925, , ,NAM TAI PROPERTY INC,NTP
14924, , ,12/31/10,Shenzhen,Nam Tai Property Inc,4520,452030,45,45203020,B,CHN,334210,3661,370,925, , ,NAM TAI PROPERTY INC,NTP
14924, , ,1/31/11,Shenzhen,Nam Tai Property Inc,4520,452030,45,45203020,B,CHN,334210,3661,370,925, , ,NAM TAI PROPERTY INC,NTP
14924, , ,2/28/11,Shenzhen,Nam Tai Property Inc,4520,452030,45,45203020,B,CHN,334210,3661,370,925, , ,NAM TAI PROPERTY INC,NTP
14924, , ,3/31/11,Shenzhen,Nam Tai Property Inc,4520,452030,45,45203020,B,CHN,334210,3661,370,925, , ,NAM TAI PROPERTY INC,NTP
14924, , ,4/30/11,Shenzhen,Nam Tai Property Inc,4520,452030,45,45203020,B,CHN,334210,3661,370,925, , ,NAM TAI PROPERTY INC,NTP
14924, , ,5/31/11,Shenzhen,Nam Tai Property Inc,4520,452030,45,45203020,B,CHN,334210,3661,370,925, , ,NAM TAI PROPERTY INC,NTP
14924, , ,6/30/11,Shenzhen,Nam Tai Property Inc,4520,452030,45,45203020,B,CHN,334210,3661,370,925, , ,NAM TAI PROPERTY INC,NTP
14924, , ,7/31/11,Shenzhen,Nam Tai Property Inc,4520,452030,45,45203020,B,CHN,334210,3661,370,925, , ,NAM TAI PROPERTY INC,NTP
14924, , ,8/31/11,Shenzhen,Nam Tai Property Inc,4520,452030,45,45203020,B,CHN,334210,3661,370,925, , ,NAM TAI PROPERTY INC,NTP
14924, , ,9/30/11,Shenzhen,Nam Tai Property Inc,4520,452030,45,45203020,B,CHN,334210,3661,370,925, , ,NAM TAI PROPERTY INC,NTP
14924, , ,10/31/11,Shenzhen,Nam Tai Property Inc,4520,452030,45,45203020,B,CHN,334210,3661,370,925, , ,NAM TAI PROPERTY INC,NTP
14924, , ,11/30/11,Shenzhen,Nam Tai Property Inc,4520,452030,45,45203020,B,CHN,334210,3661,370,925, , ,NAM TAI PROPERTY INC,NTP
14924, , ,12/31/11,Shenzhen,Nam Tai Property Inc,4520,452030,45,45203020,B,CHN,334210,3661,370,925, , ,NAM TAI PROPERTY INC,NTP
14924, , ,1/31/12,Shenzhen,Nam Tai Property Inc,4520,452030,45,45203020,B,CHN,334210,3661,370,925, , ,NAM TAI PROPERTY INC,NTP
14924, , ,2/29/12,Shenzhen,Nam Tai Property Inc,4520,452030,45,45203020,B,CHN,334210,3661,370,925, , ,NAM TAI PROPERTY INC,NTP
14924, , ,3/31/12,Shenzhen,Nam Tai Property Inc,4520,452030,45,45203020,B,CHN,334210,3661,370,925, , ,NAM TAI PROPERTY INC,NTP
14924, , ,4/30/12,Shenzhen,Nam Tai Property Inc,4520,452030,45,45203020,B,CHN,334210,3661,370,925, , ,NAM TAI PROPERTY INC,NTP
14924, , ,5/31/12,Shenzhen,Nam Tai Property Inc,4520,452030,45,45203020,B,CHN,334210,3661,370,925, , ,NAM TAI PROPERTY INC,NTP
14924, , ,6/30/12,Shenzhen,Nam Tai Property Inc,4520,452030,45,45203020,B,CHN,334210,3661,370,925, , ,NAM TAI PROPERTY INC,NTP
14924, , ,7/31/12,Shenzhen,Nam Tai Property Inc,4520,452030,45,45203020,B,CHN,334210,3661,370,925, , ,NAM TAI PROPERTY INC,NTP
14924, , ,8/31/12,Shenzhen,Nam Tai Property Inc,4520,452030,45,45203020,B,CHN,334210,3661,370,925, , ,NAM TAI PROPERTY INC,NTP
14924, , ,9/30/12,Shenzhen,Nam Tai Property Inc,4520,452030,45,45203020,B,CHN,334210,3661,370,925, , ,NAM TAI PROPERTY INC,NTP
14924, , ,10/31/12,Shenzhen,Nam Tai Property Inc,4520,452030,45,45203020,B,CHN,334210,3661,370,925, , ,NAM TAI PROPERTY INC,NTP
14924, , ,11/30/12,Shenzhen,Nam Tai Property Inc,4520,452030,45,45203020,B,CHN,334210,3661,370,925, , ,NAM TAI PROPERTY INC,NTP
14924, , ,12/31/12,Shenzhen,Nam Tai Property Inc,4520,452030,45,45203020,B,CHN,334210,3661,370,925, , ,NAM TAI PROPERTY INC,NTP
14924, , ,1/31/13,Shenzhen,Nam Tai Property Inc,4520,452030,45,45203020,B,CHN,334210,3661,370,925, , ,NAM TAI PROPERTY INC,NTP
14924, , ,2/28/13,Shenzhen,Nam Tai Property Inc,4520,452030,45,45203020,B,CHN,334210,3661,370,925, , ,NAM TAI PROPERTY INC,NTP
14924, , ,3/31/13,Shenzhen,Nam Tai Property Inc,4520,452030,45,45203020,B,CHN,334210,3661,370,925, , ,NAM TAI PROPERTY INC,NTP
14924, , ,4/30/13,Shenzhen,Nam Tai Property Inc,4520,452030,45,45203020,B,CHN,334210,3661,370,925, , ,NAM TAI PROPERTY INC,NTP
14924, , ,5/31/13,Shenzhen,Nam Tai Property Inc,4520,452030,45,45203020,B,CHN,334210,3661,370,925, , ,NAM TAI PROPERTY INC,NTP
14924, , ,6/30/13,Shenzhen,Nam Tai Property Inc,4520,452030,45,45203020,B,CHN,334210,3661,370,925, , ,NAM TAI PROPERTY INC,NTP
14924, , ,7/31/13,Shenzhen,Nam Tai Property Inc,4520,452030,45,45203020,B,CHN,334210,3661,370,925, , ,NAM TAI PROPERTY INC,NTP
14924, , ,8/31/13,Shenzhen,Nam Tai Property Inc,4520,452030,45,45203020,B,CHN,334210,3661,370,925, , ,NAM TAI PROPERTY INC,NTP
14924, , ,9/30/13,Shenzhen,Nam Tai Property Inc,4520,452030,45,45203020,B,CHN,334210,3661,370,925, , ,NAM TAI PROPERTY INC,NTP
14924, , ,10/31/13,Shenzhen,Nam Tai Property Inc,4520,452030,45,45203020,B,CHN,334210,3661,370,925, , ,NAM TAI PROPERTY INC,NTP
15220, , ,1/31/10,Traverse City,Versus Technology Inc,4520,452010,45,45201020,D,USA,334290,3669,180,940, ,MI,VERSUS TECHNOLOGY INC,VSTI
15220, , ,2/28/10,Traverse City,Versus Technology Inc,4520,452010,45,45201020,D,USA,334290,3669,180,940, ,MI,VERSUS TECHNOLOGY INC,VSTI
15220, , ,3/31/10,Traverse City,Versus Technology Inc,4520,452010,45,45201020,D,USA,334290,3669,180,940, ,MI,VERSUS TECHNOLOGY INC,VSTI
15220, , ,4/30/10,Traverse City,Versus Technology Inc,4520,452010,45,45201020,D,USA,334290,3669,180,940, ,MI,VERSUS TECHNOLOGY INC,VSTI
15220, , ,5/31/10,Traverse City,Versus Technology Inc,4520,452010,45,45201020,D,USA,334290,3669,180,940, ,MI,VERSUS TECHNOLOGY INC,VSTI
15220, , ,6/30/10,Traverse City,Versus Technology Inc,4520,452010,45,45201020,D,USA,334290,3669,180,940, ,MI,VERSUS TECHNOLOGY INC,VSTI
15220, , ,7/31/10,Traverse City,Versus Technology Inc,4520,452010,45,45201020,D,USA,334290,3669,180,940, ,MI,VERSUS TECHNOLOGY INC,VSTI
15220, , ,8/31/10,Traverse City,Versus Technology Inc,4520,452010,45,45201020,D,USA,334290,3669,180,940, ,MI,VERSUS TECHNOLOGY INC,VSTI
15220, , ,9/30/10,Traverse City,Versus Technology Inc,4520,452010,45,45201020,D,USA,334290,3669,180,940, ,MI,VERSUS TECHNOLOGY INC,VSTI
15220, , ,10/31/10,Traverse City,Versus Technology Inc,4520,452010,45,45201020,D,USA,334290,3669,180,940, ,MI,VERSUS TECHNOLOGY INC,VSTI
15220, , ,11/30/10,Traverse City,Versus Technology Inc,4520,452010,45,45201020,D,USA,334290,3669,180,940, ,MI,VERSUS TECHNOLOGY INC,VSTI
15220, , ,12/31/10,Traverse City,Versus Technology Inc,4520,452010,45,45201020,D,USA,334290,3669,180,940, ,MI,VERSUS TECHNOLOGY INC,VSTI
15220, , ,1/31/11,Traverse City,Versus Technology Inc,4520,452010,45,45201020,D,USA,334290,3669,180,940, ,MI,VERSUS TECHNOLOGY INC,VSTI
15220, , ,2/28/11,Traverse City,Versus Technology Inc,4520,452010,45,45201020,D,USA,334290,3669,180,940, ,MI,VERSUS TECHNOLOGY INC,VSTI
15220, , ,3/31/11,Traverse City,Versus Technology Inc,4520,452010,45,45201020,D,USA,334290,3669,180,940, ,MI,VERSUS TECHNOLOGY INC,VSTI
15220, , ,4/30/11,Traverse City,Versus Technology Inc,4520,452010,45,45201020,D,USA,334290,3669,180,940, ,MI,VERSUS TECHNOLOGY INC,VSTI
15220, , ,5/31/11,Traverse City,Versus Technology Inc,4520,452010,45,45201020,D,USA,334290,3669,180,940, ,MI,VERSUS TECHNOLOGY INC,VSTI
15220, , ,6/30/11,Traverse City,Versus Technology Inc,4520,452010,45,45201020,D,USA,334290,3669,180,940, ,MI,VERSUS TECHNOLOGY INC,VSTI
15220, , ,7/31/11,Traverse City,Versus Technology Inc,4520,452010,45,45201020,D,USA,334290,3669,180,940, ,MI,VERSUS TECHNOLOGY INC,VSTI
15220, , ,8/31/11,Traverse City,Versus Technology Inc,4520,452010,45,45201020,D,USA,334290,3669,180,940, ,MI,VERSUS TECHNOLOGY INC,VSTI
15220, , ,9/30/11,Traverse City,Versus Technology Inc,4520,452010,45,45201020,D,USA,334290,3669,180,940, ,MI,VERSUS TECHNOLOGY INC,VSTI
15220, , ,10/31/11,Traverse City,Versus Technology Inc,4520,452010,45,45201020,D,USA,334290,3669,180,940, ,MI,VERSUS TECHNOLOGY INC,VSTI
15220, , ,11/30/11,Traverse City,Versus Technology Inc,4520,452010,45,45201020,D,USA,334290,3669,180,940, ,MI,VERSUS TECHNOLOGY INC,VSTI
15220, , ,12/31/11,Traverse City,Versus Technology Inc,4520,452010,45,45201020,D,USA,334290,3669,180,940, ,MI,VERSUS TECHNOLOGY INC,VSTI
15220, , ,1/31/12,Traverse City,Versus Technology Inc,4520,452010,45,45201020,D,USA,334290,3669,180,940, ,MI,VERSUS TECHNOLOGY INC,VSTI
15220, , ,2/29/12,Traverse City,Versus Technology Inc,4520,452010,45,45201020,D,USA,334290,3669,180,940, ,MI,VERSUS TECHNOLOGY INC,VSTI
15220, , ,3/31/12,Traverse City,Versus Technology Inc,4520,452010,45,45201020,D,USA,334290,3669,180,940, ,MI,VERSUS TECHNOLOGY INC,VSTI
15220, , ,4/30/12,Traverse City,Versus Technology Inc,4520,452010,45,45201020,D,USA,334290,3669,180,940, ,MI,VERSUS TECHNOLOGY INC,VSTI
15220, , ,5/31/12,Traverse City,Versus Technology Inc,4520,452010,45,45201020,D,USA,334290,3669,180,940, ,MI,VERSUS TECHNOLOGY INC,VSTI
15220, , ,6/30/12,Traverse City,Versus Technology Inc,4520,452010,45,45201020,D,USA,334290,3669,180,940, ,MI,VERSUS TECHNOLOGY INC,VSTI
15220, , ,7/31/12,Traverse City,Versus Technology Inc,4520,452010,45,45201020,D,USA,334290,3669,180,940, ,MI,VERSUS TECHNOLOGY INC,VSTI
15220, , ,8/31/12,Traverse City,Versus Technology Inc,4520,452010,45,45201020,D,USA,334290,3669,180,940, ,MI,VERSUS TECHNOLOGY INC,VSTI
15220, , ,9/30/12,Traverse City,Versus Technology Inc,4520,452010,45,45201020,D,USA,334290,3669,180,940, ,MI,VERSUS TECHNOLOGY INC,VSTI
15220, , ,10/31/12,Traverse City,Versus Technology Inc,4520,452010,45,45201020,D,USA,334290,3669,180,940, ,MI,VERSUS TECHNOLOGY INC,VSTI
15220, , ,11/30/12,Traverse City,Versus Technology Inc,4520,452010,45,45201020,D,USA,334290,3669,180,940, ,MI,VERSUS TECHNOLOGY INC,VSTI
15220, , ,12/31/12,Traverse City,Versus Technology Inc,4520,452010,45,45201020,D,USA,334290,3669,180,940, ,MI,VERSUS TECHNOLOGY INC,VSTI
15220, , ,1/31/13,Traverse City,Versus Technology Inc,4520,452010,45,45201020,D,USA,334290,3669,180,940, ,MI,VERSUS TECHNOLOGY INC,VSTI
15220, , ,2/28/13,Traverse City,Versus Technology Inc,4520,452010,45,45201020,D,USA,334290,3669,180,940, ,MI,VERSUS TECHNOLOGY INC,VSTI
15220, , ,3/31/13,Traverse City,Versus Technology Inc,4520,452010,45,45201020,D,USA,334290,3669,180,940, ,MI,VERSUS TECHNOLOGY INC,VSTI
15220, , ,4/30/13,Traverse City,Versus Technology Inc,4520,452010,45,45201020,D,USA,334290,3669,180,940, ,MI,VERSUS TECHNOLOGY INC,VSTI
15220, , ,5/31/13,Traverse City,Versus Technology Inc,4520,452010,45,45201020,D,USA,334290,3669,180,940, ,MI,VERSUS TECHNOLOGY INC,VSTI
15220, , ,6/30/13,Traverse City,Versus Technology Inc,4520,452010,45,45201020,D,USA,334290,3669,180,940, ,MI,VERSUS TECHNOLOGY INC,VSTI
15220, , ,7/31/13,Traverse City,Versus Technology Inc,4520,452010,45,45201020,D,USA,334290,3669,180,940, ,MI,VERSUS TECHNOLOGY INC,VSTI
15220, , ,8/31/13,Traverse City,Versus Technology Inc,4520,452010,45,45201020,D,USA,334290,3669,180,940, ,MI,VERSUS TECHNOLOGY INC,VSTI
15220, , ,9/30/13,Traverse City,Versus Technology Inc,4520,452010,45,45201020,D,USA,334290,3669,180,940, ,MI,VERSUS TECHNOLOGY INC,VSTI
15220, , ,10/31/13,Traverse City,Versus Technology Inc,4520,452010,45,45201020,D,USA,334290,3669,180,940, ,MI,VERSUS TECHNOLOGY INC,VSTI
15327, , ,1/31/10,Tsimshatsui,Bonso Electronics International Inc,4520,452030,45,45203010,D,HKG,333997,3590,345,925,B-, ,BONSO ELECTRONICS INTL INC,BNSO
15327, , ,2/28/10,Tsimshatsui,Bonso Electronics International Inc,4520,452030,45,45203010,D,HKG,333997,3590,345,925,B-, ,BONSO ELECTRONICS INTL INC,BNSO
15327, , ,3/31/10,Tsimshatsui,Bonso Electronics International Inc,4520,452030,45,45203010,D,HKG,333997,3590,345,925,B-, ,BONSO ELECTRONICS INTL INC,BNSO
15327, , ,4/30/10,Tsimshatsui,Bonso Electronics International Inc,4520,452030,45,45203010,D,HKG,333997,3590,345,925,B-, ,BONSO ELECTRONICS INTL INC,BNSO
15327, , ,5/31/10,Tsimshatsui,Bonso Electronics International Inc,4520,452030,45,45203010,D,HKG,333997,3590,345,925,B-, ,BONSO ELECTRONICS INTL INC,BNSO
15327, , ,6/30/10,Tsimshatsui,Bonso Electronics International Inc,4520,452030,45,45203010,D,HKG,333997,3590,345,925,B-, ,BONSO ELECTRONICS INTL INC,BNSO
15327, , ,7/31/10,Tsimshatsui,Bonso Electronics International Inc,4520,452030,45,45203010,D,HKG,333997,3590,345,925,B-, ,BONSO ELECTRONICS INTL INC,BNSO
15327, , ,8/31/10,Tsimshatsui,Bonso Electronics International Inc,4520,452030,45,45203010,D,HKG,333997,3590,345,925,B-, ,BONSO ELECTRONICS INTL INC,BNSO
15327, , ,9/30/10,Tsimshatsui,Bonso Electronics International Inc,4520,452030,45,45203010,D,HKG,333997,3590,345,925,B-, ,BONSO ELECTRONICS INTL INC,BNSO
15327, , ,10/31/10,Tsimshatsui,Bonso Electronics International Inc,4520,452030,45,45203010,D,HKG,333997,3590,345,925,B-, ,BONSO ELECTRONICS INTL INC,BNSO
15327, , ,11/30/10,Tsimshatsui,Bonso Electronics International Inc,4520,452030,45,45203010,D,HKG,333997,3590,345,925,B-, ,BONSO ELECTRONICS INTL INC,BNSO
15327, , ,12/31/10,Tsimshatsui,Bonso Electronics International Inc,4520,452030,45,45203010,D,HKG,333997,3590,345,925,B-, ,BONSO ELECTRONICS INTL INC,BNSO
15327, , ,1/31/11,Tsimshatsui,Bonso Electronics International Inc,4520,452030,45,45203010,D,HKG,333997,3590,345,925,B-, ,BONSO ELECTRONICS INTL INC,BNSO
15327, , ,2/28/11,Tsimshatsui,Bonso Electronics International Inc,4520,452030,45,45203010,D,HKG,333997,3590,345,925,B-, ,BONSO ELECTRONICS INTL INC,BNSO
15327, , ,3/31/11,Tsimshatsui,Bonso Electronics International Inc,4520,452030,45,45203010,D,HKG,333997,3590,345,925,B-, ,BONSO ELECTRONICS INTL INC,BNSO
15327, , ,4/30/11,Tsimshatsui,Bonso Electronics International Inc,4520,452030,45,45203010,D,HKG,333997,3590,345,925,B-, ,BONSO ELECTRONICS INTL INC,BNSO
15327, , ,5/31/11,Tsimshatsui,Bonso Electronics International Inc,4520,452030,45,45203010,D,HKG,333997,3590,345,925,B-, ,BONSO ELECTRONICS INTL INC,BNSO
15327, , ,6/30/11,Tsimshatsui,Bonso Electronics International Inc,4520,452030,45,45203010,D,HKG,333997,3590,345,925,B-, ,BONSO ELECTRONICS INTL INC,BNSO
15327, , ,7/31/11,Tsimshatsui,Bonso Electronics International Inc,4520,452030,45,45203010,D,HKG,333997,3590,345,925,B-, ,BONSO ELECTRONICS INTL INC,BNSO
15327, , ,8/31/11,Tsimshatsui,Bonso Electronics International Inc,4520,452030,45,45203010,D,HKG,333997,3590,345,925,B-, ,BONSO ELECTRONICS INTL INC,BNSO
15327, , ,9/30/11,Tsimshatsui,Bonso Electronics International Inc,4520,452030,45,45203010,D,HKG,333997,3590,345,925,B-, ,BONSO ELECTRONICS INTL INC,BNSO
15327, , ,10/31/11,Tsimshatsui,Bonso Electronics International Inc,4520,452030,45,45203010,D,HKG,333997,3590,345,925,B-, ,BONSO ELECTRONICS INTL INC,BNSO
15327, , ,11/30/11,Tsimshatsui,Bonso Electronics International Inc,4520,452030,45,45203010,D,HKG,333997,3590,345,925,B-, ,BONSO ELECTRONICS INTL INC,BNSO
15327, , ,12/31/11,Tsimshatsui,Bonso Electronics International Inc,4520,452030,45,45203010,D,HKG,333997,3590,345,925,B-, ,BONSO ELECTRONICS INTL INC,BNSO
15327, , ,1/31/12,Tsimshatsui,Bonso Electronics International Inc,4520,452030,45,45203010,D,HKG,333997,3590,345,925,B-, ,BONSO ELECTRONICS INTL INC,BNSO
15327, , ,2/29/12,Tsimshatsui,Bonso Electronics International Inc,4520,452030,45,45203010,D,HKG,333997,3590,345,925,B-, ,BONSO ELECTRONICS INTL INC,BNSO
15327, , ,3/31/12,Tsimshatsui,Bonso Electronics International Inc,4520,452030,45,45203010,D,HKG,333997,3590,345,925,B-, ,BONSO ELECTRONICS INTL INC,BNSO
15327, , ,4/30/12,Tsimshatsui,Bonso Electronics International Inc,4520,452030,45,45203010,D,HKG,333997,3590,345,925,B-, ,BONSO ELECTRONICS INTL INC,BNSO
15327, , ,5/31/12,Tsimshatsui,Bonso Electronics International Inc,4520,452030,45,45203010,D,HKG,333997,3590,345,925,B-, ,BONSO ELECTRONICS INTL INC,BNSO
15327, , ,6/30/12,Tsimshatsui,Bonso Electronics International Inc,4520,452030,45,45203010,D,HKG,333997,3590,345,925,B-, ,BONSO ELECTRONICS INTL INC,BNSO
15327, , ,7/31/12,Tsimshatsui,Bonso Electronics International Inc,4520,452030,45,45203010,D,HKG,333997,3590,345,925,B-, ,BONSO ELECTRONICS INTL INC,BNSO
15327, , ,8/31/12,Tsimshatsui,Bonso Electronics International Inc,4520,452030,45,45203010,D,HKG,333997,3590,345,925,B-, ,BONSO ELECTRONICS INTL INC,BNSO
15327, , ,9/30/12,Tsimshatsui,Bonso Electronics International Inc,4520,452030,45,45203010,D,HKG,333997,3590,345,925,B-, ,BONSO ELECTRONICS INTL INC,BNSO
15327, , ,10/31/12,Tsimshatsui,Bonso Electronics International Inc,4520,452030,45,45203010,D,HKG,333997,3590,345,925,B-, ,BONSO ELECTRONICS INTL INC,BNSO
15327, , ,11/30/12,Tsimshatsui,Bonso Electronics International Inc,4520,452030,45,45203010,D,HKG,333997,3590,345,925,B-, ,BONSO ELECTRONICS INTL INC,BNSO
15327, , ,12/31/12,Tsimshatsui,Bonso Electronics International Inc,4520,452030,45,45203010,D,HKG,333997,3590,345,925,B-, ,BONSO ELECTRONICS INTL INC,BNSO
15327, , ,1/31/13,Tsimshatsui,Bonso Electronics International Inc,4520,452030,45,45203010,D,HKG,333997,3590,345,925,B-, ,BONSO ELECTRONICS INTL INC,BNSO
15327, , ,2/28/13,Tsimshatsui,Bonso Electronics International Inc,4520,452030,45,45203010,D,HKG,333997,3590,345,925,B-, ,BONSO ELECTRONICS INTL INC,BNSO
15327, , ,3/31/13,Tsimshatsui,Bonso Electronics International Inc,4520,452030,45,45203010,D,HKG,333997,3590,345,925,B-, ,BONSO ELECTRONICS INTL INC,BNSO
15327, , ,4/30/13,Tsimshatsui,Bonso Electronics International Inc,4520,452030,45,45203010,D,HKG,333997,3590,345,925,B-, ,BONSO ELECTRONICS INTL INC,BNSO
15327, , ,5/31/13,Tsimshatsui,Bonso Electronics International Inc,4520,452030,45,45203010,D,HKG,333997,3590,345,925,B-, ,BONSO ELECTRONICS INTL INC,BNSO
15327, , ,6/30/13,Tsimshatsui,Bonso Electronics International Inc,4520,452030,45,45203010,D,HKG,333997,3590,345,925,B-, ,BONSO ELECTRONICS INTL INC,BNSO
15327, , ,7/31/13,Tsimshatsui,Bonso Electronics International Inc,4520,452030,45,45203010,D,HKG,333997,3590,345,925,B-, ,BONSO ELECTRONICS INTL INC,BNSO
15327, , ,8/31/13,Tsimshatsui,Bonso Electronics International Inc,4520,452030,45,45203010,D,HKG,333997,3590,345,925,B-, ,BONSO ELECTRONICS INTL INC,BNSO
15327, , ,9/30/13,Tsimshatsui,Bonso Electronics International Inc,4520,452030,45,45203010,D,HKG,333997,3590,345,925,B-, ,BONSO ELECTRONICS INTL INC,BNSO
15327, , ,10/31/13,Tsimshatsui,Bonso Electronics International Inc,4520,452030,45,45203010,D,HKG,333997,3590,345,925,B-, ,BONSO ELECTRONICS INTL INC,BNSO
15347, , ,1/31/10,Greenwich,Presstek Inc,4520,452020,45,45202020,D,USA,333244,3555,345,925,C,CT,PRESSTEK INC,PRST
15347, , ,2/28/10,Greenwich,Presstek Inc,4520,452020,45,45202020,D,USA,333244,3555,345,925,C,CT,PRESSTEK INC,PRST
15347, , ,3/31/10,Greenwich,Presstek Inc,4520,452020,45,45202020,D,USA,333244,3555,345,925,C,CT,PRESSTEK INC,PRST
15347, , ,4/30/10,Greenwich,Presstek Inc,4520,452020,45,45202020,D,USA,333244,3555,345,925,C,CT,PRESSTEK INC,PRST
15347, , ,5/31/10,Greenwich,Presstek Inc,4520,452020,45,45202020,D,USA,333244,3555,345,925,C,CT,PRESSTEK INC,PRST
15347, , ,6/30/10,Greenwich,Presstek Inc,4520,452020,45,45202020,D,USA,333244,3555,345,925,C,CT,PRESSTEK INC,PRST
15347, , ,7/31/10,Greenwich,Presstek Inc,4520,452020,45,45202020,D,USA,333244,3555,345,925,C,CT,PRESSTEK INC,PRST
15347, , ,8/31/10,Greenwich,Presstek Inc,4520,452020,45,45202020,D,USA,333244,3555,345,925,C,CT,PRESSTEK INC,PRST
15347, , ,9/30/10,Greenwich,Presstek Inc,4520,452020,45,45202020,D,USA,333244,3555,345,925,C,CT,PRESSTEK INC,PRST
15347, , ,10/31/10,Greenwich,Presstek Inc,4520,452020,45,45202020,D,USA,333244,3555,345,925,C,CT,PRESSTEK INC,PRST
15347, , ,11/30/10,Greenwich,Presstek Inc,4520,452020,45,45202020,D,USA,333244,3555,345,925,C,CT,PRESSTEK INC,PRST
15347, , ,12/31/10,Greenwich,Presstek Inc,4520,452020,45,45202020,D,USA,333244,3555,345,925,C,CT,PRESSTEK INC,PRST
15347, , ,1/31/11,Greenwich,Presstek Inc,4520,452020,45,45202020,D,USA,333244,3555,345,925,C,CT,PRESSTEK INC,PRST
15347, , ,2/28/11,Greenwich,Presstek Inc,4520,452020,45,45202020,D,USA,333244,3555,345,925,C,CT,PRESSTEK INC,PRST
15347, , ,3/31/11,Greenwich,Presstek Inc,4520,452020,45,45202020,D,USA,333244,3555,345,925,C,CT,PRESSTEK INC,PRST
15347, , ,4/30/11,Greenwich,Presstek Inc,4520,452020,45,45202020,D,USA,333244,3555,345,925,C,CT,PRESSTEK INC,PRST
15347, , ,5/31/11,Greenwich,Presstek Inc,4520,452020,45,45202020,D,USA,333244,3555,345,925,C,CT,PRESSTEK INC,PRST
15347, , ,6/30/11,Greenwich,Presstek Inc,4520,452020,45,45202020,D,USA,333244,3555,345,925,C,CT,PRESSTEK INC,PRST
15347, , ,7/31/11,Greenwich,Presstek Inc,4520,452020,45,45202020,D,USA,333244,3555,345,925,C,CT,PRESSTEK INC,PRST
15347, , ,8/31/11,Greenwich,Presstek Inc,4520,452020,45,45202020,D,USA,333244,3555,345,925,C,CT,PRESSTEK INC,PRST
15347, , ,9/30/11,Greenwich,Presstek Inc,4520,452020,45,45202020,D,USA,333244,3555,345,925,C,CT,PRESSTEK INC,PRST
15347, , ,10/31/11,Greenwich,Presstek Inc,4520,452020,45,45202020,D,USA,333244,3555,345,925,C,CT,PRESSTEK INC,PRST
15347, , ,11/30/11,Greenwich,Presstek Inc,4520,452020,45,45202020,D,USA,333244,3555,345,925,C,CT,PRESSTEK INC,PRST
15347, , ,12/31/11,Greenwich,Presstek Inc,4520,452020,45,45202020,D,USA,333244,3555,345,925,C,CT,PRESSTEK INC,PRST
15347, , ,1/31/12,Greenwich,Presstek Inc,4520,452020,45,45202020,D,USA,333244,3555,345,925,C,CT,PRESSTEK INC,PRST
15347, , ,2/29/12,Greenwich,Presstek Inc,4520,452020,45,45202020,D,USA,333244,3555,345,925,C,CT,PRESSTEK INC,PRST
15347, , ,3/31/12,Greenwich,Presstek Inc,4520,452020,45,45202020,D,USA,333244,3555,345,925,C,CT,PRESSTEK INC,PRST
15347, , ,4/30/12,Greenwich,Presstek Inc,4520,452020,45,45202020,D,USA,333244,3555,345,925,C,CT,PRESSTEK INC,PRST
15347, , ,5/31/12,Greenwich,Presstek Inc,4520,452020,45,45202020,D,USA,333244,3555,345,925,C,CT,PRESSTEK INC,PRST
15347, , ,6/30/12,Greenwich,Presstek Inc,4520,452020,45,45202020,D,USA,333244,3555,345,925,C,CT,PRESSTEK INC,PRST
15347, , ,7/31/12,Greenwich,Presstek Inc,4520,452020,45,45202020,D,USA,333244,3555,345,925,C,CT,PRESSTEK INC,PRST
15347, , ,8/31/12,Greenwich,Presstek Inc,4520,452020,45,45202020,D,USA,333244,3555,345,925,C,CT,PRESSTEK INC,PRST
15347, , ,9/30/12,Greenwich,Presstek Inc,4520,452020,45,45202020,D,USA,333244,3555,345,925,C,CT,PRESSTEK INC,PRST
15347, , ,10/31/12,Greenwich,Presstek Inc,4520,452020,45,45202020,D,USA,333244,3555,345,925,C,CT,PRESSTEK INC,PRST
15474, , ,1/31/10,Syosset,SYNERGX Systems Inc,4520,452030,45,45203010,D,USA,334290,3669,180,940,C,NY,SYNERGX SYSTEMS INC,SYNX
15474, , ,2/28/10,Syosset,SYNERGX Systems Inc,4520,452030,45,45203010,D,USA,334290,3669,180,940,C,NY,SYNERGX SYSTEMS INC,SYNX
15474, , ,3/31/10,Syosset,SYNERGX Systems Inc,4520,452030,45,45203010,D,USA,334290,3669,180,940,C,NY,SYNERGX SYSTEMS INC,SYNX
15474, , ,4/30/10,Syosset,SYNERGX Systems Inc,4520,452030,45,45203010,D,USA,334290,3669,180,940,C,NY,SYNERGX SYSTEMS INC,SYNX
15474, , ,5/31/10,Syosset,SYNERGX Systems Inc,4520,452030,45,45203010,D,USA,334290,3669,180,940,C,NY,SYNERGX SYSTEMS INC,SYNX
15474, , ,6/30/10,Syosset,SYNERGX Systems Inc,4520,452030,45,45203010,D,USA,334290,3669,180,940,C,NY,SYNERGX SYSTEMS INC,SYNX
15474, , ,7/31/10,Syosset,SYNERGX Systems Inc,4520,452030,45,45203010,D,USA,334290,3669,180,940,C,NY,SYNERGX SYSTEMS INC,SYNX
16188, , ,1/31/10,Natick,Cognex Corp,4520,452030,45,45203010,D,USA,334513,3823,357,925,B+,MA,COGNEX CORP,CGNX
16188, , ,2/28/10,Natick,Cognex Corp,4520,452030,45,45203010,D,USA,334513,3823,357,925,B+,MA,COGNEX CORP,CGNX
16188, , ,3/31/10,Natick,Cognex Corp,4520,452030,45,45203010,D,USA,334513,3823,357,925,B+,MA,COGNEX CORP,CGNX
16188, , ,4/30/10,Natick,Cognex Corp,4520,452030,45,45203010,D,USA,334513,3823,357,925,B+,MA,COGNEX CORP,CGNX
16188, , ,5/31/10,Natick,Cognex Corp,4520,452030,45,45203010,D,USA,334513,3823,357,925,B+,MA,COGNEX CORP,CGNX
16188, , ,6/30/10,Natick,Cognex Corp,4520,452030,45,45203010,D,USA,334513,3823,357,925,B+,MA,COGNEX CORP,CGNX
16188, , ,7/31/10,Natick,Cognex Corp,4520,452030,45,45203010,D,USA,334513,3823,357,925,B+,MA,COGNEX CORP,CGNX
16188, , ,8/31/10,Natick,Cognex Corp,4520,452030,45,45203010,D,USA,334513,3823,357,925,B+,MA,COGNEX CORP,CGNX
16188, , ,9/30/10,Natick,Cognex Corp,4520,452030,45,45203010,D,USA,334513,3823,357,925,B+,MA,COGNEX CORP,CGNX
16188, , ,10/31/10,Natick,Cognex Corp,4520,452030,45,45203010,D,USA,334513,3823,357,925,B+,MA,COGNEX CORP,CGNX
16188, , ,11/30/10,Natick,Cognex Corp,4520,452030,45,45203010,D,USA,334513,3823,357,925,B+,MA,COGNEX CORP,CGNX
16188, , ,12/31/10,Natick,Cognex Corp,4520,452030,45,45203010,D,USA,334513,3823,357,925,B+,MA,COGNEX CORP,CGNX
16188, , ,1/31/11,Natick,Cognex Corp,4520,452030,45,45203010,D,USA,334513,3823,357,925,B+,MA,COGNEX CORP,CGNX
16188, , ,2/28/11,Natick,Cognex Corp,4520,452030,45,45203010,D,USA,334513,3823,357,925,B+,MA,COGNEX CORP,CGNX
16188, , ,3/31/11,Natick,Cognex Corp,4520,452030,45,45203010,D,USA,334513,3823,357,925,B+,MA,COGNEX CORP,CGNX
16188, , ,4/30/11,Natick,Cognex Corp,4520,452030,45,45203010,D,USA,334513,3823,357,925,B+,MA,COGNEX CORP,CGNX
16188, , ,5/31/11,Natick,Cognex Corp,4520,452030,45,45203010,D,USA,334513,3823,357,925,B+,MA,COGNEX CORP,CGNX
16188, , ,6/30/11,Natick,Cognex Corp,4520,452030,45,45203010,D,USA,334513,3823,357,925,B+,MA,COGNEX CORP,CGNX
16188, , ,7/31/11,Natick,Cognex Corp,4520,452030,45,45203010,D,USA,334513,3823,357,925,B+,MA,COGNEX CORP,CGNX
16188, , ,8/31/11,Natick,Cognex Corp,4520,452030,45,45203010,D,USA,334513,3823,357,925,B+,MA,COGNEX CORP,CGNX
16188, , ,9/30/11,Natick,Cognex Corp,4520,452030,45,45203010,D,USA,334513,3823,357,925,B+,MA,COGNEX CORP,CGNX
16188, , ,10/31/11,Natick,Cognex Corp,4520,452030,45,45203010,D,USA,334513,3823,357,925,B+,MA,COGNEX CORP,CGNX
16188, , ,11/30/11,Natick,Cognex Corp,4520,452030,45,45203010,D,USA,334513,3823,357,925,B+,MA,COGNEX CORP,CGNX
16188, , ,12/31/11,Natick,Cognex Corp,4520,452030,45,45203010,D,USA,334513,3823,357,925,B+,MA,COGNEX CORP,CGNX
16188, , ,1/31/12,Natick,Cognex Corp,4520,452030,45,45203010,D,USA,334513,3823,357,925,B+,MA,COGNEX CORP,CGNX
16188, , ,2/29/12,Natick,Cognex Corp,4520,452030,45,45203010,D,USA,334513,3823,357,925,B+,MA,COGNEX CORP,CGNX
16188, , ,3/31/12,Natick,Cognex Corp,4520,452030,45,45203010,D,USA,334513,3823,357,925,B+,MA,COGNEX CORP,CGNX
16188, , ,4/30/12,Natick,Cognex Corp,4520,452030,45,45203010,D,USA,334513,3823,357,925,B+,MA,COGNEX CORP,CGNX
16188, , ,5/31/12,Natick,Cognex Corp,4520,452030,45,45203010,D,USA,334513,3823,357,925,B+,MA,COGNEX CORP,CGNX
16188, , ,6/30/12,Natick,Cognex Corp,4520,452030,45,45203010,D,USA,334513,3823,357,925,B+,MA,COGNEX CORP,CGNX
16188, , ,7/31/12,Natick,Cognex Corp,4520,452030,45,45203010,D,USA,334513,3823,357,925,B+,MA,COGNEX CORP,CGNX
16188, , ,8/31/12,Natick,Cognex Corp,4520,452030,45,45203010,D,USA,334513,3823,357,925,B+,MA,COGNEX CORP,CGNX
16188, , ,9/30/12,Natick,Cognex Corp,4520,452030,45,45203010,D,USA,334513,3823,357,925,B+,MA,COGNEX CORP,CGNX
16188, , ,10/31/12,Natick,Cognex Corp,4520,452030,45,45203010,D,USA,334513,3823,357,925,B+,MA,COGNEX CORP,CGNX
16188, , ,11/30/12,Natick,Cognex Corp,4520,452030,45,45203010,D,USA,334513,3823,357,925,B+,MA,COGNEX CORP,CGNX
16188, , ,12/31/12,Natick,Cognex Corp,4520,452030,45,45203010,D,USA,334513,3823,357,925,B+,MA,COGNEX CORP,CGNX
16188, , ,1/31/13,Natick,Cognex Corp,4520,452030,45,45203010,D,USA,334513,3823,357,925,B+,MA,COGNEX CORP,CGNX
16188, , ,2/28/13,Natick,Cognex Corp,4520,452030,45,45203010,D,USA,334513,3823,357,925,B+,MA,COGNEX CORP,CGNX
16188, , ,3/31/13,Natick,Cognex Corp,4520,452030,45,45203010,D,USA,334513,3823,357,925,B+,MA,COGNEX CORP,CGNX
16188, , ,4/30/13,Natick,Cognex Corp,4520,452030,45,45203010,D,USA,334513,3823,357,925,B+,MA,COGNEX CORP,CGNX
16188, , ,5/31/13,Natick,Cognex Corp,4520,452030,45,45203010,D,USA,334513,3823,357,925,B+,MA,COGNEX CORP,CGNX
16188, , ,6/30/13,Natick,Cognex Corp,4520,452030,45,45203010,D,USA,334513,3823,357,925,B+,MA,COGNEX CORP,CGNX
16188, , ,7/31/13,Natick,Cognex Corp,4520,452030,45,45203010,D,USA,334513,3823,357,925,B+,MA,COGNEX CORP,CGNX
16188, , ,8/31/13,Natick,Cognex Corp,4520,452030,45,45203010,D,USA,334513,3823,357,925,B+,MA,COGNEX CORP,CGNX
16188, , ,9/30/13,Natick,Cognex Corp,4520,452030,45,45203010,D,USA,334513,3823,357,925,B+,MA,COGNEX CORP,CGNX
16188, , ,10/31/13,Natick,Cognex Corp,4520,452030,45,45203010,D,USA,334513,3823,357,925,B+,MA,COGNEX CORP,CGNX
16405, , ,1/31/10,Palmetto,Teltronics Inc,4520,452010,45,45201020,D,USA,541512,7373,454,940,D,FL,TELTRONICS INC,TELTQ
16405, , ,2/28/10,Palmetto,Teltronics Inc,4520,452010,45,45201020,D,USA,541512,7373,454,940,D,FL,TELTRONICS INC,TELTQ
16405, , ,3/31/10,Palmetto,Teltronics Inc,4520,452010,45,45201020,D,USA,541512,7373,454,940,D,FL,TELTRONICS INC,TELTQ
16405, , ,4/30/10,Palmetto,Teltronics Inc,4520,452010,45,45201020,D,USA,541512,7373,454,940,D,FL,TELTRONICS INC,TELTQ
16405, , ,5/31/10,Palmetto,Teltronics Inc,4520,452010,45,45201020,D,USA,541512,7373,454,940,D,FL,TELTRONICS INC,TELTQ
16405, , ,6/30/10,Palmetto,Teltronics Inc,4520,452010,45,45201020,D,USA,541512,7373,454,940,D,FL,TELTRONICS INC,TELTQ
16405, , ,7/31/10,Palmetto,Teltronics Inc,4520,452010,45,45201020,D,USA,541512,7373,454,940,D,FL,TELTRONICS INC,TELTQ
16405, , ,8/31/10,Palmetto,Teltronics Inc,4520,452010,45,45201020,D,USA,541512,7373,454,940,D,FL,TELTRONICS INC,TELTQ
16405, , ,9/30/10,Palmetto,Teltronics Inc,4520,452010,45,45201020,D,USA,541512,7373,454,940,D,FL,TELTRONICS INC,TELTQ
16405, , ,10/31/10,Palmetto,Teltronics Inc,4520,452010,45,45201020,D,USA,541512,7373,454,940,D,FL,TELTRONICS INC,TELTQ
16405, , ,11/30/10,Palmetto,Teltronics Inc,4520,452010,45,45201020,D,USA,541512,7373,454,940,D,FL,TELTRONICS INC,TELTQ
16405, , ,12/31/10,Palmetto,Teltronics Inc,4520,452010,45,45201020,D,USA,541512,7373,454,940,D,FL,TELTRONICS INC,TELTQ
16405, , ,1/31/11,Palmetto,Teltronics Inc,4520,452010,45,45201020,D,USA,541512,7373,454,940,D,FL,TELTRONICS INC,TELTQ
16405, , ,2/28/11,Palmetto,Teltronics Inc,4520,452010,45,45201020,D,USA,541512,7373,454,940,D,FL,TELTRONICS INC,TELTQ
16405, , ,3/31/11,Palmetto,Teltronics Inc,4520,452010,45,45201020,D,USA,541512,7373,454,940,D,FL,TELTRONICS INC,TELTQ
16405, , ,4/30/11,Palmetto,Teltronics Inc,4520,452010,45,45201020,D,USA,541512,7373,454,940,D,FL,TELTRONICS INC,TELTQ
16405, , ,5/31/11,Palmetto,Teltronics Inc,4520,452010,45,45201020,D,USA,541512,7373,454,940,D,FL,TELTRONICS INC,TELTQ
16405, , ,6/30/11,Palmetto,Teltronics Inc,4520,452010,45,45201020,D,USA,541512,7373,454,940,D,FL,TELTRONICS INC,TELTQ
16405, , ,7/31/11,Palmetto,Teltronics Inc,4520,452010,45,45201020,D,USA,541512,7373,454,940,D,FL,TELTRONICS INC,TELTQ
16405, , ,8/31/11,Palmetto,Teltronics Inc,4520,452010,45,45201020,D,USA,541512,7373,454,940,D,FL,TELTRONICS INC,TELTQ
16405, , ,9/30/11,Palmetto,Teltronics Inc,4520,452010,45,45201020,D,USA,541512,7373,454,940,D,FL,TELTRONICS INC,TELTQ
16405, , ,10/31/11,Palmetto,Teltronics Inc,4520,452010,45,45201020,D,USA,541512,7373,454,940,D,FL,TELTRONICS INC,TELTQ
16405, , ,11/30/11,Palmetto,Teltronics Inc,4520,452010,45,45201020,D,USA,541512,7373,454,940,D,FL,TELTRONICS INC,TELTQ
16405, , ,12/31/11,Palmetto,Teltronics Inc,4520,452010,45,45201020,D,USA,541512,7373,454,940,D,FL,TELTRONICS INC,TELTQ
16405, , ,1/31/12,Palmetto,Teltronics Inc,4520,452010,45,45201020,D,USA,541512,7373,454,940,D,FL,TELTRONICS INC,TELTQ
16405, , ,2/29/12,Palmetto,Teltronics Inc,4520,452010,45,45201020,D,USA,541512,7373,454,940,D,FL,TELTRONICS INC,TELTQ
16710, , ,1/31/10,Minnetonka,Digi International Inc,4520,452010,45,45201020,D,USA,3342,3576,187,940,B-,MN,DIGI INTERNATIONAL INC,DGII
16710, , ,2/28/10,Minnetonka,Digi International Inc,4520,452010,45,45201020,D,USA,3342,3576,187,940,B-,MN,DIGI INTERNATIONAL INC,DGII
16710, , ,3/31/10,Minnetonka,Digi International Inc,4520,452010,45,45201020,D,USA,3342,3576,187,940,B-,MN,DIGI INTERNATIONAL INC,DGII
16710, , ,4/30/10,Minnetonka,Digi International Inc,4520,452010,45,45201020,D,USA,3342,3576,187,940,B-,MN,DIGI INTERNATIONAL INC,DGII
16710, , ,5/31/10,Minnetonka,Digi International Inc,4520,452010,45,45201020,D,USA,3342,3576,187,940,B-,MN,DIGI INTERNATIONAL INC,DGII
16710, , ,6/30/10,Minnetonka,Digi International Inc,4520,452010,45,45201020,D,USA,3342,3576,187,940,B-,MN,DIGI INTERNATIONAL INC,DGII
16710, , ,7/31/10,Minnetonka,Digi International Inc,4520,452010,45,45201020,D,USA,3342,3576,187,940,B-,MN,DIGI INTERNATIONAL INC,DGII
16710, , ,8/31/10,Minnetonka,Digi International Inc,4520,452010,45,45201020,D,USA,3342,3576,187,940,B-,MN,DIGI INTERNATIONAL INC,DGII
16710, , ,9/30/10,Minnetonka,Digi International Inc,4520,452010,45,45201020,D,USA,3342,3576,187,940,B-,MN,DIGI INTERNATIONAL INC,DGII
16710, , ,10/31/10,Minnetonka,Digi International Inc,4520,452010,45,45201020,D,USA,3342,3576,187,940,B-,MN,DIGI INTERNATIONAL INC,DGII
16710, , ,11/30/10,Minnetonka,Digi International Inc,4520,452010,45,45201020,D,USA,3342,3576,187,940,B-,MN,DIGI INTERNATIONAL INC,DGII
16710, , ,12/31/10,Minnetonka,Digi International Inc,4520,452010,45,45201020,D,USA,3342,3576,187,940,B-,MN,DIGI INTERNATIONAL INC,DGII
16710, , ,1/31/11,Minnetonka,Digi International Inc,4520,452010,45,45201020,D,USA,3342,3576,187,940,B-,MN,DIGI INTERNATIONAL INC,DGII
16710, , ,2/28/11,Minnetonka,Digi International Inc,4520,452010,45,45201020,D,USA,3342,3576,187,940,B-,MN,DIGI INTERNATIONAL INC,DGII
16710, , ,3/31/11,Minnetonka,Digi International Inc,4520,452010,45,45201020,D,USA,3342,3576,187,940,B-,MN,DIGI INTERNATIONAL INC,DGII
16710, , ,4/30/11,Minnetonka,Digi International Inc,4520,452010,45,45201020,D,USA,3342,3576,187,940,B-,MN,DIGI INTERNATIONAL INC,DGII
16710, , ,5/31/11,Minnetonka,Digi International Inc,4520,452010,45,45201020,D,USA,3342,3576,187,940,B-,MN,DIGI INTERNATIONAL INC,DGII
16710, , ,6/30/11,Minnetonka,Digi International Inc,4520,452010,45,45201020,D,USA,3342,3576,187,940,B-,MN,DIGI INTERNATIONAL INC,DGII
16710, , ,7/31/11,Minnetonka,Digi International Inc,4520,452010,45,45201020,D,USA,3342,3576,187,940,B-,MN,DIGI INTERNATIONAL INC,DGII
16710, , ,8/31/11,Minnetonka,Digi International Inc,4520,452010,45,45201020,D,USA,3342,3576,187,940,B-,MN,DIGI INTERNATIONAL INC,DGII
16710, , ,9/30/11,Minnetonka,Digi International Inc,4520,452010,45,45201020,D,USA,3342,3576,187,940,B-,MN,DIGI INTERNATIONAL INC,DGII
16710, , ,10/31/11,Minnetonka,Digi International Inc,4520,452010,45,45201020,D,USA,3342,3576,187,940,B-,MN,DIGI INTERNATIONAL INC,DGII
16710, , ,11/30/11,Minnetonka,Digi International Inc,4520,452010,45,45201020,D,USA,3342,3576,187,940,B-,MN,DIGI INTERNATIONAL INC,DGII
16710, , ,12/31/11,Minnetonka,Digi International Inc,4520,452010,45,45201020,D,USA,3342,3576,187,940,B-,MN,DIGI INTERNATIONAL INC,DGII
16710, , ,1/31/12,Minnetonka,Digi International Inc,4520,452010,45,45201020,D,USA,3342,3576,187,940,B-,MN,DIGI INTERNATIONAL INC,DGII
16710, , ,2/29/12,Minnetonka,Digi International Inc,4520,452010,45,45201020,D,USA,3342,3576,187,940,B-,MN,DIGI INTERNATIONAL INC,DGII
16710, , ,3/31/12,Minnetonka,Digi International Inc,4520,452010,45,45201020,D,USA,3342,3576,187,940,B-,MN,DIGI INTERNATIONAL INC,DGII
16710, , ,4/30/12,Minnetonka,Digi International Inc,4520,452010,45,45201020,D,USA,3342,3576,187,940,B-,MN,DIGI INTERNATIONAL INC,DGII
16710, , ,5/31/12,Minnetonka,Digi International Inc,4520,452010,45,45201020,D,USA,3342,3576,187,940,B-,MN,DIGI INTERNATIONAL INC,DGII
16710, , ,6/30/12,Minnetonka,Digi International Inc,4520,452010,45,45201020,D,USA,3342,3576,187,940,B-,MN,DIGI INTERNATIONAL INC,DGII
16710, , ,7/31/12,Minnetonka,Digi International Inc,4520,452010,45,45201020,D,USA,3342,3576,187,940,B-,MN,DIGI INTERNATIONAL INC,DGII
16710, , ,8/31/12,Minnetonka,Digi International Inc,4520,452010,45,45201020,D,USA,3342,3576,187,940,B-,MN,DIGI INTERNATIONAL INC,DGII
16710, , ,9/30/12,Minnetonka,Digi International Inc,4520,452010,45,45201020,D,USA,3342,3576,187,940,B-,MN,DIGI INTERNATIONAL INC,DGII
16710, , ,10/31/12,Minnetonka,Digi International Inc,4520,452010,45,45201020,D,USA,3342,3576,187,940,B-,MN,DIGI INTERNATIONAL INC,DGII
16710, , ,11/30/12,Minnetonka,Digi International Inc,4520,452010,45,45201020,D,USA,3342,3576,187,940,B-,MN,DIGI INTERNATIONAL INC,DGII
16710, , ,12/31/12,Minnetonka,Digi International Inc,4520,452010,45,45201020,D,USA,3342,3576,187,940,B-,MN,DIGI INTERNATIONAL INC,DGII
16710, , ,1/31/13,Minnetonka,Digi International Inc,4520,452010,45,45201020,D,USA,3342,3576,187,940,B-,MN,DIGI INTERNATIONAL INC,DGII
16710, , ,2/28/13,Minnetonka,Digi International Inc,4520,452010,45,45201020,D,USA,3342,3576,187,940,B-,MN,DIGI INTERNATIONAL INC,DGII
16710, , ,3/31/13,Minnetonka,Digi International Inc,4520,452010,45,45201020,D,USA,3342,3576,187,940,B-,MN,DIGI INTERNATIONAL INC,DGII
16710, , ,4/30/13,Minnetonka,Digi International Inc,4520,452010,45,45201020,D,USA,3342,3576,187,940,B-,MN,DIGI INTERNATIONAL INC,DGII
16710, , ,5/31/13,Minnetonka,Digi International Inc,4520,452010,45,45201020,D,USA,3342,3576,187,940,B-,MN,DIGI INTERNATIONAL INC,DGII
16710, , ,6/30/13,Minnetonka,Digi International Inc,4520,452010,45,45201020,D,USA,3342,3576,187,940,B-,MN,DIGI INTERNATIONAL INC,DGII
16710, , ,7/31/13,Minnetonka,Digi International Inc,4520,452010,45,45201020,D,USA,3342,3576,187,940,B-,MN,DIGI INTERNATIONAL INC,DGII
16710, , ,8/31/13,Minnetonka,Digi International Inc,4520,452010,45,45201020,D,USA,3342,3576,187,940,B-,MN,DIGI INTERNATIONAL INC,DGII
16710, , ,9/30/13,Minnetonka,Digi International Inc,4520,452010,45,45201020,D,USA,3342,3576,187,940,B-,MN,DIGI INTERNATIONAL INC,DGII
16710, , ,10/31/13,Minnetonka,Digi International Inc,4520,452010,45,45201020,D,USA,3342,3576,187,940,B-,MN,DIGI INTERNATIONAL INC,DGII
16729, , ,1/31/10,Boulder,MidgardXXI Inc,4520,452020,45,45202020,D,USA,334112,3572,188,940,C,CO,MIDGARDXXI INC,MGXX
16729, , ,2/28/10,Boulder,MidgardXXI Inc,4520,452020,45,45202020,D,USA,334112,3572,188,940,C,CO,MIDGARDXXI INC,MGXX
16729, , ,3/31/10,Boulder,MidgardXXI Inc,4520,452020,45,45202020,D,USA,334112,3572,188,940,C,CO,MIDGARDXXI INC,MGXX
16729, , ,4/30/10,Boulder,MidgardXXI Inc,4520,452020,45,45202020,D,USA,334112,3572,188,940,C,CO,MIDGARDXXI INC,MGXX
16729, , ,5/31/10,Boulder,MidgardXXI Inc,4520,452020,45,45202020,D,USA,334112,3572,188,940,C,CO,MIDGARDXXI INC,MGXX
16729, , ,6/30/10,Boulder,MidgardXXI Inc,4520,452020,45,45202020,D,USA,334112,3572,188,940,C,CO,MIDGARDXXI INC,MGXX
16729, , ,7/31/10,Boulder,MidgardXXI Inc,4520,452020,45,45202020,D,USA,334112,3572,188,940,C,CO,MIDGARDXXI INC,MGXX
16729, , ,8/31/10,Boulder,MidgardXXI Inc,4520,452020,45,45202020,D,USA,334112,3572,188,940,C,CO,MIDGARDXXI INC,MGXX
16729, , ,9/30/10,Boulder,MidgardXXI Inc,4520,452020,45,45202020,D,USA,334112,3572,188,940,C,CO,MIDGARDXXI INC,MGXX
16729, , ,10/31/10,Boulder,MidgardXXI Inc,4520,452020,45,45202020,D,USA,334112,3572,188,940,C,CO,MIDGARDXXI INC,MGXX
16729, , ,11/30/10,Boulder,MidgardXXI Inc,4520,452020,45,45202020,D,USA,334112,3572,188,940,C,CO,MIDGARDXXI INC,MGXX
16729, , ,12/31/10,Boulder,MidgardXXI Inc,4520,452020,45,45202020,D,USA,334112,3572,188,940,C,CO,MIDGARDXXI INC,MGXX
16729, , ,1/31/11,Boulder,MidgardXXI Inc,4520,452020,45,45202020,D,USA,334112,3572,188,940,C,CO,MIDGARDXXI INC,MGXX
16729, , ,2/28/11,Boulder,MidgardXXI Inc,4520,452020,45,45202020,D,USA,334112,3572,188,940,C,CO,MIDGARDXXI INC,MGXX
16729, , ,3/31/11,Boulder,MidgardXXI Inc,4520,452020,45,45202020,D,USA,334112,3572,188,940,C,CO,MIDGARDXXI INC,MGXX
16729, , ,4/30/11,Boulder,MidgardXXI Inc,4520,452020,45,45202020,D,USA,334112,3572,188,940,C,CO,MIDGARDXXI INC,MGXX
16729, , ,5/31/11,Boulder,MidgardXXI Inc,4520,452020,45,45202020,D,USA,334112,3572,188,940,C,CO,MIDGARDXXI INC,MGXX
16729, , ,6/30/11,Boulder,MidgardXXI Inc,4520,452020,45,45202020,D,USA,334112,3572,188,940,C,CO,MIDGARDXXI INC,MGXX
16729, , ,7/31/11,Boulder,MidgardXXI Inc,4520,452020,45,45202020,D,USA,334112,3572,188,940,C,CO,MIDGARDXXI INC,MGXX
16729, , ,8/31/11,Boulder,MidgardXXI Inc,4520,452020,45,45202020,D,USA,334112,3572,188,940,C,CO,MIDGARDXXI INC,MGXX
16804, , ,1/31/10,Colorado Springs,Cray Computer Corp,4520,452020,45,45202010,D,USA,334111,3571,190,940, ,CO,CRAY COMPUTER CORP,CRYYQ
16804, , ,2/28/10,Colorado Springs,Cray Computer Corp,4520,452020,45,45202010,D,USA,334111,3571,190,940, ,CO,CRAY COMPUTER CORP,CRYYQ
16804, , ,3/31/10,Colorado Springs,Cray Computer Corp,4520,452020,45,45202010,D,USA,334111,3571,190,940, ,CO,CRAY COMPUTER CORP,CRYYQ
16804, , ,4/30/10,Colorado Springs,Cray Computer Corp,4520,452020,45,45202010,D,USA,334111,3571,190,940, ,CO,CRAY COMPUTER CORP,CRYYQ
16804, , ,5/31/10,Colorado Springs,Cray Computer Corp,4520,452020,45,45202010,D,USA,334111,3571,190,940, ,CO,CRAY COMPUTER CORP,CRYYQ
16804, , ,6/30/10,Colorado Springs,Cray Computer Corp,4520,452020,45,45202010,D,USA,334111,3571,190,940, ,CO,CRAY COMPUTER CORP,CRYYQ
16804, , ,7/31/10,Colorado Springs,Cray Computer Corp,4520,452020,45,45202010,D,USA,334111,3571,190,940, ,CO,CRAY COMPUTER CORP,CRYYQ
16804, , ,8/31/10,Colorado Springs,Cray Computer Corp,4520,452020,45,45202010,D,USA,334111,3571,190,940, ,CO,CRAY COMPUTER CORP,CRYYQ
16804, , ,9/30/10,Colorado Springs,Cray Computer Corp,4520,452020,45,45202010,D,USA,334111,3571,190,940, ,CO,CRAY COMPUTER CORP,CRYYQ
16804, , ,10/31/10,Colorado Springs,Cray Computer Corp,4520,452020,45,45202010,D,USA,334111,3571,190,940, ,CO,CRAY COMPUTER CORP,CRYYQ
16804, , ,11/30/10,Colorado Springs,Cray Computer Corp,4520,452020,45,45202010,D,USA,334111,3571,190,940, ,CO,CRAY COMPUTER CORP,CRYYQ
16804, , ,12/31/10,Colorado Springs,Cray Computer Corp,4520,452020,45,45202010,D,USA,334111,3571,190,940, ,CO,CRAY COMPUTER CORP,CRYYQ
16804, , ,1/31/11,Colorado Springs,Cray Computer Corp,4520,452020,45,45202010,D,USA,334111,3571,190,940, ,CO,CRAY COMPUTER CORP,CRYYQ
16804, , ,2/28/11,Colorado Springs,Cray Computer Corp,4520,452020,45,45202010,D,USA,334111,3571,190,940, ,CO,CRAY COMPUTER CORP,CRYYQ
16804, , ,3/31/11,Colorado Springs,Cray Computer Corp,4520,452020,45,45202010,D,USA,334111,3571,190,940, ,CO,CRAY COMPUTER CORP,CRYYQ
16804, , ,4/30/11,Colorado Springs,Cray Computer Corp,4520,452020,45,45202010,D,USA,334111,3571,190,940, ,CO,CRAY COMPUTER CORP,CRYYQ
16804, , ,5/31/11,Colorado Springs,Cray Computer Corp,4520,452020,45,45202010,D,USA,334111,3571,190,940, ,CO,CRAY COMPUTER CORP,CRYYQ
16804, , ,6/30/11,Colorado Springs,Cray Computer Corp,4520,452020,45,45202010,D,USA,334111,3571,190,940, ,CO,CRAY COMPUTER CORP,CRYYQ
16804, , ,7/31/11,Colorado Springs,Cray Computer Corp,4520,452020,45,45202010,D,USA,334111,3571,190,940, ,CO,CRAY COMPUTER CORP,CRYYQ
16804, , ,8/31/11,Colorado Springs,Cray Computer Corp,4520,452020,45,45202010,D,USA,334111,3571,190,940, ,CO,CRAY COMPUTER CORP,CRYYQ
16804, , ,9/30/11,Colorado Springs,Cray Computer Corp,4520,452020,45,45202010,D,USA,334111,3571,190,940, ,CO,CRAY COMPUTER CORP,CRYYQ
16804, , ,10/31/11,Colorado Springs,Cray Computer Corp,4520,452020,45,45202010,D,USA,334111,3571,190,940, ,CO,CRAY COMPUTER CORP,CRYYQ
16804, , ,11/30/11,Colorado Springs,Cray Computer Corp,4520,452020,45,45202010,D,USA,334111,3571,190,940, ,CO,CRAY COMPUTER CORP,CRYYQ
16804, , ,12/31/11,Colorado Springs,Cray Computer Corp,4520,452020,45,45202010,D,USA,334111,3571,190,940, ,CO,CRAY COMPUTER CORP,CRYYQ
16804, , ,1/31/12,Colorado Springs,Cray Computer Corp,4520,452020,45,45202010,D,USA,334111,3571,190,940, ,CO,CRAY COMPUTER CORP,CRYYQ
16804, , ,2/29/12,Colorado Springs,Cray Computer Corp,4520,452020,45,45202010,D,USA,334111,3571,190,940, ,CO,CRAY COMPUTER CORP,CRYYQ
16804, , ,3/31/12,Colorado Springs,Cray Computer Corp,4520,452020,45,45202010,D,USA,334111,3571,190,940, ,CO,CRAY COMPUTER CORP,CRYYQ
16804, , ,4/30/12,Colorado Springs,Cray Computer Corp,4520,452020,45,45202010,D,USA,334111,3571,190,940, ,CO,CRAY COMPUTER CORP,CRYYQ
16804, , ,5/31/12,Colorado Springs,Cray Computer Corp,4520,452020,45,45202010,D,USA,334111,3571,190,940, ,CO,CRAY COMPUTER CORP,CRYYQ
16804, , ,6/30/12,Colorado Springs,Cray Computer Corp,4520,452020,45,45202010,D,USA,334111,3571,190,940, ,CO,CRAY COMPUTER CORP,CRYYQ
16804, , ,5/31/13,Colorado Springs,Cray Computer Corp,4520,452020,45,45202010,D,USA,334111,3571,190,940, ,CO,CRAY COMPUTER CORP,CRYYQ
16804, , ,6/30/13,Colorado Springs,Cray Computer Corp,4520,452020,45,45202010,D,USA,334111,3571,190,940, ,CO,CRAY COMPUTER CORP,CRYYQ
17440, , ,1/31/10,Carlsbad,Intellectual Technology Inc,4520,452030,45,45203010,D,USA,532420,7359,175,976, ,CA,INTELLECTUAL TECHNOLOGY INC,ITTI
17440, , ,2/28/10,Carlsbad,Intellectual Technology Inc,4520,452030,45,45203010,D,USA,532420,7359,175,976, ,CA,INTELLECTUAL TECHNOLOGY INC,ITTI
17440, , ,3/31/10,Carlsbad,Intellectual Technology Inc,4520,452030,45,45203010,D,USA,532420,7359,175,976, ,CA,INTELLECTUAL TECHNOLOGY INC,ITTI
17440, , ,4/30/10,Carlsbad,Intellectual Technology Inc,4520,452030,45,45203010,D,USA,532420,7359,175,976, ,CA,INTELLECTUAL TECHNOLOGY INC,ITTI
17440, , ,7/31/10,Carlsbad,Intellectual Technology Inc,4520,452030,45,45203010,D,USA,532420,7359,175,976, ,CA,INTELLECTUAL TECHNOLOGY INC,ITTI
17440, , ,8/31/10,Carlsbad,Intellectual Technology Inc,4520,452030,45,45203010,D,USA,532420,7359,175,976, ,CA,INTELLECTUAL TECHNOLOGY INC,ITTI
17440, , ,9/30/10,Carlsbad,Intellectual Technology Inc,4520,452030,45,45203010,D,USA,532420,7359,175,976, ,CA,INTELLECTUAL TECHNOLOGY INC,ITTI
17440, , ,10/31/10,Carlsbad,Intellectual Technology Inc,4520,452030,45,45203010,D,USA,532420,7359,175,976, ,CA,INTELLECTUAL TECHNOLOGY INC,ITTI
17440, , ,11/30/10,Carlsbad,Intellectual Technology Inc,4520,452030,45,45203010,D,USA,532420,7359,175,976, ,CA,INTELLECTUAL TECHNOLOGY INC,ITTI
17440, , ,12/31/10,Carlsbad,Intellectual Technology Inc,4520,452030,45,45203010,D,USA,532420,7359,175,976, ,CA,INTELLECTUAL TECHNOLOGY INC,ITTI
17440, , ,1/31/11,Carlsbad,Intellectual Technology Inc,4520,452030,45,45203010,D,USA,532420,7359,175,976, ,CA,INTELLECTUAL TECHNOLOGY INC,ITTI
17440, , ,2/28/11,Carlsbad,Intellectual Technology Inc,4520,452030,45,45203010,D,USA,532420,7359,175,976, ,CA,INTELLECTUAL TECHNOLOGY INC,ITTI
17440, , ,3/31/11,Carlsbad,Intellectual Technology Inc,4520,452030,45,45203010,D,USA,532420,7359,175,976, ,CA,INTELLECTUAL TECHNOLOGY INC,ITTI
17440, , ,4/30/11,Carlsbad,Intellectual Technology Inc,4520,452030,45,45203010,D,USA,532420,7359,175,976, ,CA,INTELLECTUAL TECHNOLOGY INC,ITTI
17440, , ,5/31/11,Carlsbad,Intellectual Technology Inc,4520,452030,45,45203010,D,USA,532420,7359,175,976, ,CA,INTELLECTUAL TECHNOLOGY INC,ITTI
17440, , ,6/30/11,Carlsbad,Intellectual Technology Inc,4520,452030,45,45203010,D,USA,532420,7359,175,976, ,CA,INTELLECTUAL TECHNOLOGY INC,ITTI
17440, , ,7/31/11,Carlsbad,Intellectual Technology Inc,4520,452030,45,45203010,D,USA,532420,7359,175,976, ,CA,INTELLECTUAL TECHNOLOGY INC,ITTI
17440, , ,8/31/11,Carlsbad,Intellectual Technology Inc,4520,452030,45,45203010,D,USA,532420,7359,175,976, ,CA,INTELLECTUAL TECHNOLOGY INC,ITTI
17440, , ,9/30/11,Carlsbad,Intellectual Technology Inc,4520,452030,45,45203010,D,USA,532420,7359,175,976, ,CA,INTELLECTUAL TECHNOLOGY INC,ITTI
17440, , ,10/31/11,Carlsbad,Intellectual Technology Inc,4520,452030,45,45203010,D,USA,532420,7359,175,976, ,CA,INTELLECTUAL TECHNOLOGY INC,ITTI
17440, , ,11/30/11,Carlsbad,Intellectual Technology Inc,4520,452030,45,45203010,D,USA,532420,7359,175,976, ,CA,INTELLECTUAL TECHNOLOGY INC,ITTI
17440, , ,12/31/11,Carlsbad,Intellectual Technology Inc,4520,452030,45,45203010,D,USA,532420,7359,175,976, ,CA,INTELLECTUAL TECHNOLOGY INC,ITTI
17440, , ,1/31/12,Carlsbad,Intellectual Technology Inc,4520,452030,45,45203010,D,USA,532420,7359,175,976, ,CA,INTELLECTUAL TECHNOLOGY INC,ITTI
17440, , ,2/29/12,Carlsbad,Intellectual Technology Inc,4520,452030,45,45203010,D,USA,532420,7359,175,976, ,CA,INTELLECTUAL TECHNOLOGY INC,ITTI
17440, , ,3/31/12,Carlsbad,Intellectual Technology Inc,4520,452030,45,45203010,D,USA,532420,7359,175,976, ,CA,INTELLECTUAL TECHNOLOGY INC,ITTI
17440, , ,4/30/12,Carlsbad,Intellectual Technology Inc,4520,452030,45,45203010,D,USA,532420,7359,175,976, ,CA,INTELLECTUAL TECHNOLOGY INC,ITTI
17440, , ,5/31/12,Carlsbad,Intellectual Technology Inc,4520,452030,45,45203010,D,USA,532420,7359,175,976, ,CA,INTELLECTUAL TECHNOLOGY INC,ITTI
17440, , ,6/30/12,Carlsbad,Intellectual Technology Inc,4520,452030,45,45203010,D,USA,532420,7359,175,976, ,CA,INTELLECTUAL TECHNOLOGY INC,ITTI
17440, , ,7/31/12,Carlsbad,Intellectual Technology Inc,4520,452030,45,45203010,D,USA,532420,7359,175,976, ,CA,INTELLECTUAL TECHNOLOGY INC,ITTI
17440, , ,8/31/12,Carlsbad,Intellectual Technology Inc,4520,452030,45,45203010,D,USA,532420,7359,175,976, ,CA,INTELLECTUAL TECHNOLOGY INC,ITTI
17440, , ,9/30/12,Carlsbad,Intellectual Technology Inc,4520,452030,45,45203010,D,USA,532420,7359,175,976, ,CA,INTELLECTUAL TECHNOLOGY INC,ITTI
17440, , ,10/31/12,Carlsbad,Intellectual Technology Inc,4520,452030,45,45203010,D,USA,532420,7359,175,976, ,CA,INTELLECTUAL TECHNOLOGY INC,ITTI
17440, , ,11/30/12,Carlsbad,Intellectual Technology Inc,4520,452030,45,45203010,D,USA,532420,7359,175,976, ,CA,INTELLECTUAL TECHNOLOGY INC,ITTI
18036,B+, ,5/31/13,Hickory,CommScope Holding Co Inc,4520,452010,45,45201020,D,USA,334220,3663, , , ,NC,COMMSCOPE HOLDING CO INC,COMM
18036,B+, ,6/30/13,Hickory,CommScope Holding Co Inc,4520,452010,45,45201020,D,USA,334220,3663, , , ,NC,COMMSCOPE HOLDING CO INC,COMM
18036,B+, ,7/31/13,Hickory,CommScope Holding Co Inc,4520,452010,45,45201020,D,USA,334220,3663, , , ,NC,COMMSCOPE HOLDING CO INC,COMM
18036,B+, ,8/31/13,Hickory,CommScope Holding Co Inc,4520,452010,45,45201020,D,USA,334220,3663, , , ,NC,COMMSCOPE HOLDING CO INC,COMM
18036,B+, ,9/30/13,Hickory,CommScope Holding Co Inc,4520,452010,45,45201020,D,USA,334220,3663, , , ,NC,COMMSCOPE HOLDING CO INC,COMM
18036,BB-, ,10/31/13,Hickory,CommScope Holding Co Inc,4520,452010,45,45201020,D,USA,334220,3663, , , ,NC,COMMSCOPE HOLDING CO INC,COMM
18036,BB-, ,11/30/13,Hickory,CommScope Holding Co Inc,4520,452010,45,45201020,D,USA,334220,3663, , , ,NC,COMMSCOPE HOLDING CO INC,COMM
18036,BB-, ,12/31/13,Hickory,CommScope Holding Co Inc,4520,452010,45,45201020,D,USA,334220,3663, , , ,NC,COMMSCOPE HOLDING CO INC,COMM
18036,BB-, ,1/31/14,Hickory,CommScope Holding Co Inc,4520,452010,45,45201020,D,USA,334220,3663, , , ,NC,COMMSCOPE HOLDING CO INC,COMM
18036,BB-, ,2/28/14,Hickory,CommScope Holding Co Inc,4520,452010,45,45201020,D,USA,334220,3663, , , ,NC,COMMSCOPE HOLDING CO INC,COMM
18036,BB-, ,3/31/14,Hickory,CommScope Holding Co Inc,4520,452010,45,45201020,D,USA,334220,3663, , , ,NC,COMMSCOPE HOLDING CO INC,COMM
18036,BB-, ,4/30/14,Hickory,CommScope Holding Co Inc,4520,452010,45,45201020,D,USA,334220,3663, , , ,NC,COMMSCOPE HOLDING CO INC,COMM
18036,BB-, ,5/31/14,Hickory,CommScope Holding Co Inc,4520,452010,45,45201020,D,USA,334220,3663, , , ,NC,COMMSCOPE HOLDING CO INC,COMM
18036,BB-, ,6/30/14,Hickory,CommScope Holding Co Inc,4520,452010,45,45201020,D,USA,334220,3663, , , ,NC,COMMSCOPE HOLDING CO INC,COMM
18549, , ,1/31/10,Salt Lake City,ClearOne Inc,4520,452010,45,45201020,D,USA,334220,3663,180,940, ,UT,CLEARONE INC,CLRO
18549, , ,2/28/10,Salt Lake City,ClearOne Inc,4520,452010,45,45201020,D,USA,334220,3663,180,940, ,UT,CLEARONE INC,CLRO
18549, , ,3/31/10,Salt Lake City,ClearOne Inc,4520,452010,45,45201020,D,USA,334220,3663,180,940, ,UT,CLEARONE INC,CLRO
18549, , ,4/30/10,Salt Lake City,ClearOne Inc,4520,452010,45,45201020,D,USA,334220,3663,180,940, ,UT,CLEARONE INC,CLRO
18549, , ,5/31/10,Salt Lake City,ClearOne Inc,4520,452010,45,45201020,D,USA,334220,3663,180,940, ,UT,CLEARONE INC,CLRO
18549, , ,6/30/10,Salt Lake City,ClearOne Inc,4520,452010,45,45201020,D,USA,334220,3663,180,940, ,UT,CLEARONE INC,CLRO
18549, , ,7/31/10,Salt Lake City,ClearOne Inc,4520,452010,45,45201020,D,USA,334220,3663,180,940, ,UT,CLEARONE INC,CLRO
18549, , ,8/31/10,Salt Lake City,ClearOne Inc,4520,452010,45,45201020,D,USA,334220,3663,180,940, ,UT,CLEARONE INC,CLRO
18549, , ,9/30/10,Salt Lake City,ClearOne Inc,4520,452010,45,45201020,D,USA,334220,3663,180,940, ,UT,CLEARONE INC,CLRO
18549, , ,10/31/10,Salt Lake City,ClearOne Inc,4520,452010,45,45201020,D,USA,334220,3663,180,940, ,UT,CLEARONE INC,CLRO
18549, , ,11/30/10,Salt Lake City,ClearOne Inc,4520,452010,45,45201020,D,USA,334220,3663,180,940, ,UT,CLEARONE INC,CLRO
18549, , ,12/31/10,Salt Lake City,ClearOne Inc,4520,452010,45,45201020,D,USA,334220,3663,180,940, ,UT,CLEARONE INC,CLRO
18549, , ,1/31/11,Salt Lake City,ClearOne Inc,4520,452010,45,45201020,D,USA,334220,3663,180,940, ,UT,CLEARONE INC,CLRO
18549, , ,2/28/11,Salt Lake City,ClearOne Inc,4520,452010,45,45201020,D,USA,334220,3663,180,940, ,UT,CLEARONE INC,CLRO
18549, , ,3/31/11,Salt Lake City,ClearOne Inc,4520,452010,45,45201020,D,USA,334220,3663,180,940, ,UT,CLEARONE INC,CLRO
18549, , ,4/30/11,Salt Lake City,ClearOne Inc,4520,452010,45,45201020,D,USA,334220,3663,180,940, ,UT,CLEARONE INC,CLRO
18549, , ,5/31/11,Salt Lake City,ClearOne Inc,4520,452010,45,45201020,D,USA,334220,3663,180,940, ,UT,CLEARONE INC,CLRO
18549, , ,6/30/11,Salt Lake City,ClearOne Inc,4520,452010,45,45201020,D,USA,334220,3663,180,940, ,UT,CLEARONE INC,CLRO
18549, , ,7/31/11,Salt Lake City,ClearOne Inc,4520,452010,45,45201020,D,USA,334220,3663,180,940, ,UT,CLEARONE INC,CLRO
18549, , ,8/31/11,Salt Lake City,ClearOne Inc,4520,452010,45,45201020,D,USA,334220,3663,180,940, ,UT,CLEARONE INC,CLRO
18549, , ,9/30/11,Salt Lake City,ClearOne Inc,4520,452010,45,45201020,D,USA,334220,3663,180,940, ,UT,CLEARONE INC,CLRO
18549, , ,10/31/11,Salt Lake City,ClearOne Inc,4520,452010,45,45201020,D,USA,334220,3663,180,940, ,UT,CLEARONE INC,CLRO
18549, , ,11/30/11,Salt Lake City,ClearOne Inc,4520,452010,45,45201020,D,USA,334220,3663,180,940, ,UT,CLEARONE INC,CLRO
18549, , ,12/31/11,Salt Lake City,ClearOne Inc,4520,452010,45,45201020,D,USA,334220,3663,180,940, ,UT,CLEARONE INC,CLRO
18549, , ,1/31/12,Salt Lake City,ClearOne Inc,4520,452010,45,45201020,D,USA,334220,3663,180,940, ,UT,CLEARONE INC,CLRO
18549, , ,2/29/12,Salt Lake City,ClearOne Inc,4520,452010,45,45201020,D,USA,334220,3663,180,940, ,UT,CLEARONE INC,CLRO
18549, , ,3/31/12,Salt Lake City,ClearOne Inc,4520,452010,45,45201020,D,USA,334220,3663,180,940, ,UT,CLEARONE INC,CLRO
18549, , ,4/30/12,Salt Lake City,ClearOne Inc,4520,452010,45,45201020,D,USA,334220,3663,180,940, ,UT,CLEARONE INC,CLRO
18549, , ,5/31/12,Salt Lake City,ClearOne Inc,4520,452010,45,45201020,D,USA,334220,3663,180,940, ,UT,CLEARONE INC,CLRO
18549, , ,6/30/12,Salt Lake City,ClearOne Inc,4520,452010,45,45201020,D,USA,334220,3663,180,940, ,UT,CLEARONE INC,CLRO
18549, , ,7/31/12,Salt Lake City,ClearOne Inc,4520,452010,45,45201020,D,USA,334220,3663,180,940, ,UT,CLEARONE INC,CLRO
18549, , ,8/31/12,Salt Lake City,ClearOne Inc,4520,452010,45,45201020,D,USA,334220,3663,180,940, ,UT,CLEARONE INC,CLRO
18549, , ,9/30/12,Salt Lake City,ClearOne Inc,4520,452010,45,45201020,D,USA,334220,3663,180,940, ,UT,CLEARONE INC,CLRO
18549, , ,10/31/12,Salt Lake City,ClearOne Inc,4520,452010,45,45201020,D,USA,334220,3663,180,940, ,UT,CLEARONE INC,CLRO
18549, , ,11/30/12,Salt Lake City,ClearOne Inc,4520,452010,45,45201020,D,USA,334220,3663,180,940, ,UT,CLEARONE INC,CLRO
18549, , ,12/31/12,Salt Lake City,ClearOne Inc,4520,452010,45,45201020,D,USA,334220,3663,180,940, ,UT,CLEARONE INC,CLRO
18549, , ,1/31/13,Salt Lake City,ClearOne Inc,4520,452010,45,45201020,D,USA,334220,3663,180,940, ,UT,CLEARONE INC,CLRO
18549, , ,2/28/13,Salt Lake City,ClearOne Inc,4520,452010,45,45201020,D,USA,334220,3663,180,940, ,UT,CLEARONE INC,CLRO
18549, , ,3/31/13,Salt Lake City,ClearOne Inc,4520,452010,45,45201020,D,USA,334220,3663,180,940, ,UT,CLEARONE INC,CLRO
18549, , ,4/30/13,Salt Lake City,ClearOne Inc,4520,452010,45,45201020,D,USA,334220,3663,180,940, ,UT,CLEARONE INC,CLRO
18549, , ,5/31/13,Salt Lake City,ClearOne Inc,4520,452010,45,45201020,D,USA,334220,3663,180,940, ,UT,CLEARONE INC,CLRO
18549, , ,6/30/13,Salt Lake City,ClearOne Inc,4520,452010,45,45201020,D,USA,334220,3663,180,940, ,UT,CLEARONE INC,CLRO
18549, , ,7/31/13,Salt Lake City,ClearOne Inc,4520,452010,45,45201020,D,USA,334220,3663,180,940, ,UT,CLEARONE INC,CLRO
18549, , ,8/31/13,Salt Lake City,ClearOne Inc,4520,452010,45,45201020,D,USA,334220,3663,180,940, ,UT,CLEARONE INC,CLRO
18549, , ,9/30/13,Salt Lake City,ClearOne Inc,4520,452010,45,45201020,D,USA,334220,3663,180,940, ,UT,CLEARONE INC,CLRO
18549, , ,10/31/13,Salt Lake City,ClearOne Inc,4520,452010,45,45201020,D,USA,334220,3663,180,940, ,UT,CLEARONE INC,CLRO
19575, , ,1/31/10,Fremont,SSE Telecom Inc,4520,452010,45,45201020,D,USA,334220,3663,180,940, ,CA,SSE TELECOM INC,SSET
19575, , ,2/28/10,Fremont,SSE Telecom Inc,4520,452010,45,45201020,D,USA,334220,3663,180,940, ,CA,SSE TELECOM INC,SSET
19575, , ,3/31/10,Fremont,SSE Telecom Inc,4520,452010,45,45201020,D,USA,334220,3663,180,940, ,CA,SSE TELECOM INC,SSET
19575, , ,4/30/10,Fremont,SSE Telecom Inc,4520,452010,45,45201020,D,USA,334220,3663,180,940, ,CA,SSE TELECOM INC,SSET
19575, , ,5/31/10,Fremont,SSE Telecom Inc,4520,452010,45,45201020,D,USA,334220,3663,180,940, ,CA,SSE TELECOM INC,SSET
19575, , ,6/30/10,Fremont,SSE Telecom Inc,4520,452010,45,45201020,D,USA,334220,3663,180,940, ,CA,SSE TELECOM INC,SSET
20045, , ,1/31/10,Richmond,Grandetel Technologies Inc,4520,452010,45,45201020,D,CAN,513390,4822,180,940, ,BC,GRANDETEL TECHNOLOGIES INC,GDTG
20045, , ,2/28/10,Richmond,Grandetel Technologies Inc,4520,452010,45,45201020,D,CAN,513390,4822,180,940, ,BC,GRANDETEL TECHNOLOGIES INC,GDTG
20045, , ,3/31/10,Richmond,Grandetel Technologies Inc,4520,452010,45,45201020,D,CAN,513390,4822,180,940, ,BC,GRANDETEL TECHNOLOGIES INC,GDTG
20045, , ,4/30/10,Richmond,Grandetel Technologies Inc,4520,452010,45,45201020,D,CAN,513390,4822,180,940, ,BC,GRANDETEL TECHNOLOGIES INC,GDTG
20045, , ,5/31/10,Richmond,Grandetel Technologies Inc,4520,452010,45,45201020,D,CAN,513390,4822,180,940, ,BC,GRANDETEL TECHNOLOGIES INC,GDTG
20045, , ,6/30/10,Richmond,Grandetel Technologies Inc,4520,452010,45,45201020,D,CAN,513390,4822,180,940, ,BC,GRANDETEL TECHNOLOGIES INC,GDTG
20045, , ,7/31/10,Richmond,Grandetel Technologies Inc,4520,452010,45,45201020,D,CAN,513390,4822,180,940, ,BC,GRANDETEL TECHNOLOGIES INC,GDTG
20045, , ,8/31/10,Richmond,Grandetel Technologies Inc,4520,452010,45,45201020,D,CAN,513390,4822,180,940, ,BC,GRANDETEL TECHNOLOGIES INC,GDTG
20045, , ,9/30/10,Richmond,Grandetel Technologies Inc,4520,452010,45,45201020,D,CAN,513390,4822,180,940, ,BC,GRANDETEL TECHNOLOGIES INC,GDTG
20045, , ,10/31/10,Richmond,Grandetel Technologies Inc,4520,452010,45,45201020,D,CAN,513390,4822,180,940, ,BC,GRANDETEL TECHNOLOGIES INC,GDTG
20045, , ,11/30/10,Richmond,Grandetel Technologies Inc,4520,452010,45,45201020,D,CAN,513390,4822,180,940, ,BC,GRANDETEL TECHNOLOGIES INC,GDTG
20045, , ,12/31/10,Richmond,Grandetel Technologies Inc,4520,452010,45,45201020,D,CAN,513390,4822,180,940, ,BC,GRANDETEL TECHNOLOGIES INC,GDTG
20045, , ,1/31/11,Richmond,Grandetel Technologies Inc,4520,452010,45,45201020,D,CAN,513390,4822,180,940, ,BC,GRANDETEL TECHNOLOGIES INC,GDTG
20045, , ,2/28/11,Richmond,Grandetel Technologies Inc,4520,452010,45,45201020,D,CAN,513390,4822,180,940, ,BC,GRANDETEL TECHNOLOGIES INC,GDTG
20209, , ,1/31/10,Denver,ARC Wireless Solutions Inc,4520,452010,45,45201020,D,USA,334220,3663, , ,C,CO,ARC WIRELESS SOLUTIONS INC,ARCW.1
20209, , ,2/28/10,Denver,ARC Wireless Solutions Inc,4520,452010,45,45201020,D,USA,334220,3663, , ,C,CO,ARC WIRELESS SOLUTIONS INC,ARCW.1
20209, , ,3/31/10,Denver,ARC Wireless Solutions Inc,4520,452010,45,45201020,D,USA,334220,3663, , ,C,CO,ARC WIRELESS SOLUTIONS INC,ARCW.1
20209, , ,4/30/10,Denver,ARC Wireless Solutions Inc,4520,452010,45,45201020,D,USA,334220,3663, , ,C,CO,ARC WIRELESS SOLUTIONS INC,ARCW.1
20209, , ,5/31/10,Denver,ARC Wireless Solutions Inc,4520,452010,45,45201020,D,USA,334220,3663, , ,C,CO,ARC WIRELESS SOLUTIONS INC,ARCW.1
20209, , ,6/30/10,Denver,ARC Wireless Solutions Inc,4520,452010,45,45201020,D,USA,334220,3663, , ,C,CO,ARC WIRELESS SOLUTIONS INC,ARCW.1
20209, , ,7/31/10,Denver,ARC Wireless Solutions Inc,4520,452010,45,45201020,D,USA,334220,3663, , ,C,CO,ARC WIRELESS SOLUTIONS INC,ARCW.1
20209, , ,8/31/10,Denver,ARC Wireless Solutions Inc,4520,452010,45,45201020,D,USA,334220,3663, , ,C,CO,ARC WIRELESS SOLUTIONS INC,ARCW.1
20209, , ,9/30/10,Denver,ARC Wireless Solutions Inc,4520,452010,45,45201020,D,USA,334220,3663, , ,C,CO,ARC WIRELESS SOLUTIONS INC,ARCW.1
20209, , ,10/31/10,Denver,ARC Wireless Solutions Inc,4520,452010,45,45201020,D,USA,334220,3663, , ,C,CO,ARC WIRELESS SOLUTIONS INC,ARCW.1
20209, , ,11/30/10,Denver,ARC Wireless Solutions Inc,4520,452010,45,45201020,D,USA,334220,3663, , ,C,CO,ARC WIRELESS SOLUTIONS INC,ARCW.1
20209, , ,12/31/10,Denver,ARC Wireless Solutions Inc,4520,452010,45,45201020,D,USA,334220,3663, , ,C,CO,ARC WIRELESS SOLUTIONS INC,ARCW.1
20209, , ,1/31/11,Denver,ARC Wireless Solutions Inc,4520,452010,45,45201020,D,USA,334220,3663, , ,C,CO,ARC WIRELESS SOLUTIONS INC,ARCW.1
20209, , ,2/28/11,Denver,ARC Wireless Solutions Inc,4520,452010,45,45201020,D,USA,334220,3663, , ,C,CO,ARC WIRELESS SOLUTIONS INC,ARCW.1
20209, , ,3/31/11,Denver,ARC Wireless Solutions Inc,4520,452010,45,45201020,D,USA,334220,3663, , ,C,CO,ARC WIRELESS SOLUTIONS INC,ARCW.1
20209, , ,4/30/11,Denver,ARC Wireless Solutions Inc,4520,452010,45,45201020,D,USA,334220,3663, , ,C,CO,ARC WIRELESS SOLUTIONS INC,ARCW.1
20209, , ,5/31/11,Denver,ARC Wireless Solutions Inc,4520,452010,45,45201020,D,USA,334220,3663, , ,C,CO,ARC WIRELESS SOLUTIONS INC,ARCW.1
20209, , ,6/30/11,Denver,ARC Wireless Solutions Inc,4520,452010,45,45201020,D,USA,334220,3663, , ,C,CO,ARC WIRELESS SOLUTIONS INC,ARCW.1
20209, , ,7/31/11,Denver,ARC Wireless Solutions Inc,4520,452010,45,45201020,D,USA,334220,3663, , ,C,CO,ARC WIRELESS SOLUTIONS INC,ARCW.1
20209, , ,8/31/11,Denver,ARC Wireless Solutions Inc,4520,452010,45,45201020,D,USA,334220,3663, , ,C,CO,ARC WIRELESS SOLUTIONS INC,ARCW.1
20209, , ,9/30/11,Denver,ARC Wireless Solutions Inc,4520,452010,45,45201020,D,USA,334220,3663, , ,C,CO,ARC WIRELESS SOLUTIONS INC,ARCW.1
20209, , ,10/31/11,Denver,ARC Wireless Solutions Inc,4520,452010,45,45201020,D,USA,334220,3663, , ,C,CO,ARC WIRELESS SOLUTIONS INC,ARCW.1
20209, , ,11/30/11,Denver,ARC Wireless Solutions Inc,4520,452010,45,45201020,D,USA,334220,3663, , ,C,CO,ARC WIRELESS SOLUTIONS INC,ARCW.1
20209, , ,12/31/11,Denver,ARC Wireless Solutions Inc,4520,452010,45,45201020,D,USA,334220,3663, , ,C,CO,ARC WIRELESS SOLUTIONS INC,ARCW.1
20209, , ,1/31/12,Denver,ARC Wireless Solutions Inc,4520,452010,45,45201020,D,USA,334220,3663, , ,C,CO,ARC WIRELESS SOLUTIONS INC,ARCW.1
20209, , ,2/29/12,Denver,ARC Wireless Solutions Inc,4520,452010,45,45201020,D,USA,334220,3663, , ,C,CO,ARC WIRELESS SOLUTIONS INC,ARCW.1
20209, , ,3/31/12,Denver,ARC Wireless Solutions Inc,4520,452010,45,45201020,D,USA,334220,3663, , ,C,CO,ARC WIRELESS SOLUTIONS INC,ARCW.1
20209, , ,4/30/12,Denver,ARC Wireless Solutions Inc,4520,452010,45,45201020,D,USA,334220,3663, , ,C,CO,ARC WIRELESS SOLUTIONS INC,ARCW.1
20209, , ,5/31/12,Denver,ARC Wireless Solutions Inc,4520,452010,45,45201020,D,USA,334220,3663, , ,C,CO,ARC WIRELESS SOLUTIONS INC,ARCW.1
20209, , ,6/30/12,Denver,ARC Wireless Solutions Inc,4520,452010,45,45201020,D,USA,334220,3663, , ,C,CO,ARC WIRELESS SOLUTIONS INC,ARCW.1
20209, , ,7/31/12,Denver,ARC Wireless Solutions Inc,4520,452010,45,45201020,D,USA,334220,3663, , ,C,CO,ARC WIRELESS SOLUTIONS INC,ARCW.1
20209, , ,8/31/12,Denver,ARC Wireless Solutions Inc,4520,452010,45,45201020,D,USA,334220,3663, , ,C,CO,ARC WIRELESS SOLUTIONS INC,ARCW.1
20483, , ,1/31/10,Toronto,Firan Technology Group Corp,4520,452030,45,45203020,D,CAN,334413,3674,220,925, ,ON,FIRAN TECHNOLOGY GROUP CORP,FTGFF
20483, , ,2/28/10,Toronto,Firan Technology Group Corp,4520,452030,45,45203020,D,CAN,334413,3674,220,925, ,ON,FIRAN TECHNOLOGY GROUP CORP,FTGFF
20483, , ,3/31/10,Toronto,Firan Technology Group Corp,4520,452030,45,45203020,D,CAN,334413,3674,220,925, ,ON,FIRAN TECHNOLOGY GROUP CORP,FTGFF
20483, , ,4/30/10,Toronto,Firan Technology Group Corp,4520,452030,45,45203020,D,CAN,334413,3674,220,925, ,ON,FIRAN TECHNOLOGY GROUP CORP,FTGFF
20483, , ,5/31/10,Toronto,Firan Technology Group Corp,4520,452030,45,45203020,D,CAN,334413,3674,220,925, ,ON,FIRAN TECHNOLOGY GROUP CORP,FTGFF
20483, , ,6/30/10,Toronto,Firan Technology Group Corp,4520,452030,45,45203020,D,CAN,334413,3674,220,925, ,ON,FIRAN TECHNOLOGY GROUP CORP,FTGFF
20483, , ,7/31/10,Toronto,Firan Technology Group Corp,4520,452030,45,45203020,D,CAN,334413,3674,220,925, ,ON,FIRAN TECHNOLOGY GROUP CORP,FTGFF
20483, , ,8/31/10,Toronto,Firan Technology Group Corp,4520,452030,45,45203020,D,CAN,334413,3674,220,925, ,ON,FIRAN TECHNOLOGY GROUP CORP,FTGFF
20483, , ,9/30/10,Toronto,Firan Technology Group Corp,4520,452030,45,45203020,D,CAN,334413,3674,220,925, ,ON,FIRAN TECHNOLOGY GROUP CORP,FTGFF
20483, , ,10/31/10,Toronto,Firan Technology Group Corp,4520,452030,45,45203020,D,CAN,334413,3674,220,925, ,ON,FIRAN TECHNOLOGY GROUP CORP,FTGFF
20483, , ,11/30/10,Toronto,Firan Technology Group Corp,4520,452030,45,45203020,D,CAN,334413,3674,220,925, ,ON,FIRAN TECHNOLOGY GROUP CORP,FTGFF
20483, , ,12/31/10,Toronto,Firan Technology Group Corp,4520,452030,45,45203020,D,CAN,334413,3674,220,925, ,ON,FIRAN TECHNOLOGY GROUP CORP,FTGFF
20483, , ,1/31/11,Toronto,Firan Technology Group Corp,4520,452030,45,45203020,D,CAN,334413,3674,220,925, ,ON,FIRAN TECHNOLOGY GROUP CORP,FTGFF
20483, , ,2/28/11,Toronto,Firan Technology Group Corp,4520,452030,45,45203020,D,CAN,334413,3674,220,925, ,ON,FIRAN TECHNOLOGY GROUP CORP,FTGFF
20483, , ,3/31/11,Toronto,Firan Technology Group Corp,4520,452030,45,45203020,D,CAN,334413,3674,220,925, ,ON,FIRAN TECHNOLOGY GROUP CORP,FTGFF
20483, , ,4/30/11,Toronto,Firan Technology Group Corp,4520,452030,45,45203020,D,CAN,334413,3674,220,925, ,ON,FIRAN TECHNOLOGY GROUP CORP,FTGFF
20483, , ,5/31/11,Toronto,Firan Technology Group Corp,4520,452030,45,45203020,D,CAN,334413,3674,220,925, ,ON,FIRAN TECHNOLOGY GROUP CORP,FTGFF
20483, , ,6/30/11,Toronto,Firan Technology Group Corp,4520,452030,45,45203020,D,CAN,334413,3674,220,925, ,ON,FIRAN TECHNOLOGY GROUP CORP,FTGFF
20483, , ,7/31/11,Toronto,Firan Technology Group Corp,4520,452030,45,45203020,D,CAN,334413,3674,220,925, ,ON,FIRAN TECHNOLOGY GROUP CORP,FTGFF
20483, , ,8/31/11,Toronto,Firan Technology Group Corp,4520,452030,45,45203020,D,CAN,334413,3674,220,925, ,ON,FIRAN TECHNOLOGY GROUP CORP,FTGFF
20483, , ,9/30/11,Toronto,Firan Technology Group Corp,4520,452030,45,45203020,D,CAN,334413,3674,220,925, ,ON,FIRAN TECHNOLOGY GROUP CORP,FTGFF
20483, , ,10/31/11,Toronto,Firan Technology Group Corp,4520,452030,45,45203020,D,CAN,334413,3674,220,925, ,ON,FIRAN TECHNOLOGY GROUP CORP,FTGFF
20483, , ,11/30/11,Toronto,Firan Technology Group Corp,4520,452030,45,45203020,D,CAN,334413,3674,220,925, ,ON,FIRAN TECHNOLOGY GROUP CORP,FTGFF
20483, , ,12/31/11,Toronto,Firan Technology Group Corp,4520,452030,45,45203020,D,CAN,334413,3674,220,925, ,ON,FIRAN TECHNOLOGY GROUP CORP,FTGFF
20483, , ,1/31/12,Toronto,Firan Technology Group Corp,4520,452030,45,45203020,D,CAN,334413,3674,220,925, ,ON,FIRAN TECHNOLOGY GROUP CORP,FTGFF
20483, , ,2/29/12,Toronto,Firan Technology Group Corp,4520,452030,45,45203020,D,CAN,334413,3674,220,925, ,ON,FIRAN TECHNOLOGY GROUP CORP,FTGFF
20483, , ,3/31/12,Toronto,Firan Technology Group Corp,4520,452030,45,45203020,D,CAN,334413,3674,220,925, ,ON,FIRAN TECHNOLOGY GROUP CORP,FTGFF
20483, , ,4/30/12,Toronto,Firan Technology Group Corp,4520,452030,45,45203020,D,CAN,334413,3674,220,925, ,ON,FIRAN TECHNOLOGY GROUP CORP,FTGFF
20483, , ,5/31/12,Toronto,Firan Technology Group Corp,4520,452030,45,45203020,D,CAN,334413,3674,220,925, ,ON,FIRAN TECHNOLOGY GROUP CORP,FTGFF
20483, , ,6/30/12,Toronto,Firan Technology Group Corp,4520,452030,45,45203020,D,CAN,334413,3674,220,925, ,ON,FIRAN TECHNOLOGY GROUP CORP,FTGFF
20483, , ,7/31/12,Toronto,Firan Technology Group Corp,4520,452030,45,45203020,D,CAN,334413,3674,220,925, ,ON,FIRAN TECHNOLOGY GROUP CORP,FTGFF
20483, , ,8/31/12,Toronto,Firan Technology Group Corp,4520,452030,45,45203020,D,CAN,334413,3674,220,925, ,ON,FIRAN TECHNOLOGY GROUP CORP,FTGFF
20483, , ,9/30/12,Toronto,Firan Technology Group Corp,4520,452030,45,45203020,D,CAN,334413,3674,220,925, ,ON,FIRAN TECHNOLOGY GROUP CORP,FTGFF
20483, , ,10/31/12,Toronto,Firan Technology Group Corp,4520,452030,45,45203020,D,CAN,334413,3674,220,925, ,ON,FIRAN TECHNOLOGY GROUP CORP,FTGFF
20483, , ,11/30/12,Toronto,Firan Technology Group Corp,4520,452030,45,45203020,D,CAN,334413,3674,220,925, ,ON,FIRAN TECHNOLOGY GROUP CORP,FTGFF
20483, , ,12/31/12,Toronto,Firan Technology Group Corp,4520,452030,45,45203020,D,CAN,334413,3674,220,925, ,ON,FIRAN TECHNOLOGY GROUP CORP,FTGFF
20483, , ,1/31/13,Toronto,Firan Technology Group Corp,4520,452030,45,45203020,D,CAN,334413,3674,220,925, ,ON,FIRAN TECHNOLOGY GROUP CORP,FTGFF
20483, , ,2/28/13,Toronto,Firan Technology Group Corp,4520,452030,45,45203020,D,CAN,334413,3674,220,925, ,ON,FIRAN TECHNOLOGY GROUP CORP,FTGFF
20483, , ,3/31/13,Toronto,Firan Technology Group Corp,4520,452030,45,45203020,D,CAN,334413,3674,220,925, ,ON,FIRAN TECHNOLOGY GROUP CORP,FTGFF
20483, , ,4/30/13,Toronto,Firan Technology Group Corp,4520,452030,45,45203020,D,CAN,334413,3674,220,925, ,ON,FIRAN TECHNOLOGY GROUP CORP,FTGFF
20483, , ,5/31/13,Toronto,Firan Technology Group Corp,4520,452030,45,45203020,D,CAN,334413,3674,220,925, ,ON,FIRAN TECHNOLOGY GROUP CORP,FTGFF
20483, , ,6/30/13,Toronto,Firan Technology Group Corp,4520,452030,45,45203020,D,CAN,334413,3674,220,925, ,ON,FIRAN TECHNOLOGY GROUP CORP,FTGFF
20483, , ,7/31/13,Toronto,Firan Technology Group Corp,4520,452030,45,45203020,D,CAN,334413,3674,220,925, ,ON,FIRAN TECHNOLOGY GROUP CORP,FTGFF
20483, , ,8/31/13,Toronto,Firan Technology Group Corp,4520,452030,45,45203020,D,CAN,334413,3674,220,925, ,ON,FIRAN TECHNOLOGY GROUP CORP,FTGFF
20483, , ,9/30/13,Toronto,Firan Technology Group Corp,4520,452030,45,45203020,D,CAN,334413,3674,220,925, ,ON,FIRAN TECHNOLOGY GROUP CORP,FTGFF
20483, , ,10/31/13,Toronto,Firan Technology Group Corp,4520,452030,45,45203020,D,CAN,334413,3674,220,925, ,ON,FIRAN TECHNOLOGY GROUP CORP,FTGFF
20779,A+, ,1/31/10,San Jose,Cisco Systems Inc,4520,452010,45,45201020,B,USA,333316,3576,187,940,B+,CA,CISCO SYSTEMS INC,CSCO
20779,A+, ,2/28/10,San Jose,Cisco Systems Inc,4520,452010,45,45201020,B,USA,333316,3576,187,940,B+,CA,CISCO SYSTEMS INC,CSCO
20779,A+, ,3/31/10,San Jose,Cisco Systems Inc,4520,452010,45,45201020,B,USA,333316,3576,187,940,B+,CA,CISCO SYSTEMS INC,CSCO
20779,A+, ,4/30/10,San Jose,Cisco Systems Inc,4520,452010,45,45201020,B,USA,333316,3576,187,940,B+,CA,CISCO SYSTEMS INC,CSCO
20779,A+, ,5/31/10,San Jose,Cisco Systems Inc,4520,452010,45,45201020,B,USA,333316,3576,187,940,B+,CA,CISCO SYSTEMS INC,CSCO
20779,A+, ,6/30/10,San Jose,Cisco Systems Inc,4520,452010,45,45201020,B,USA,333316,3576,187,940,B+,CA,CISCO SYSTEMS INC,CSCO
20779,A+, ,7/31/10,San Jose,Cisco Systems Inc,4520,452010,45,45201020,B,USA,333316,3576,187,940,B+,CA,CISCO SYSTEMS INC,CSCO
20779,A+, ,8/31/10,San Jose,Cisco Systems Inc,4520,452010,45,45201020,B,USA,333316,3576,187,940,B+,CA,CISCO SYSTEMS INC,CSCO
20779,A+, ,9/30/10,San Jose,Cisco Systems Inc,4520,452010,45,45201020,B,USA,333316,3576,187,940,B+,CA,CISCO SYSTEMS INC,CSCO
20779,A+, ,10/31/10,San Jose,Cisco Systems Inc,4520,452010,45,45201020,B,USA,333316,3576,187,940,B+,CA,CISCO SYSTEMS INC,CSCO
20779,A+, ,11/30/10,San Jose,Cisco Systems Inc,4520,452010,45,45201020,B,USA,333316,3576,187,940,B+,CA,CISCO SYSTEMS INC,CSCO
20779,A+, ,12/31/10,San Jose,Cisco Systems Inc,4520,452010,45,45201020,B,USA,333316,3576,187,940,B+,CA,CISCO SYSTEMS INC,CSCO
20779,A+,A-1+,1/31/11,San Jose,Cisco Systems Inc,4520,452010,45,45201020,B,USA,333316,3576,187,940,B+,CA,CISCO SYSTEMS INC,CSCO
20779,A+,A-1+,2/28/11,San Jose,Cisco Systems Inc,4520,452010,45,45201020,B,USA,333316,3576,187,940,B+,CA,CISCO SYSTEMS INC,CSCO
20779,A+,A-1+,3/31/11,San Jose,Cisco Systems Inc,4520,452010,45,45201020,B,USA,333316,3576,187,940,B+,CA,CISCO SYSTEMS INC,CSCO
20779,A+,A-1+,4/30/11,San Jose,Cisco Systems Inc,4520,452010,45,45201020,B,USA,333316,3576,187,940,B+,CA,CISCO SYSTEMS INC,CSCO
20779,A+,A-1+,5/31/11,San Jose,Cisco Systems Inc,4520,452010,45,45201020,B,USA,333316,3576,187,940,B+,CA,CISCO SYSTEMS INC,CSCO
20779,A+,A-1+,6/30/11,San Jose,Cisco Systems Inc,4520,452010,45,45201020,B,USA,333316,3576,187,940,B+,CA,CISCO SYSTEMS INC,CSCO
20779,A+,A-1+,7/31/11,San Jose,Cisco Systems Inc,4520,452010,45,45201020,B,USA,333316,3576,187,940,B+,CA,CISCO SYSTEMS INC,CSCO
20779,A+,A-1+,8/31/11,San Jose,Cisco Systems Inc,4520,452010,45,45201020,B,USA,333316,3576,187,940,B+,CA,CISCO SYSTEMS INC,CSCO
20779,A+,A-1+,9/30/11,San Jose,Cisco Systems Inc,4520,452010,45,45201020,B,USA,333316,3576,187,940,B+,CA,CISCO SYSTEMS INC,CSCO
20779,A+,A-1+,10/31/11,San Jose,Cisco Systems Inc,4520,452010,45,45201020,B,USA,333316,3576,187,940,B+,CA,CISCO SYSTEMS INC,CSCO
20779,A+,A-1+,11/30/11,San Jose,Cisco Systems Inc,4520,452010,45,45201020,B,USA,333316,3576,187,940,B+,CA,CISCO SYSTEMS INC,CSCO
20779,A+,A-1+,12/31/11,San Jose,Cisco Systems Inc,4520,452010,45,45201020,B,USA,333316,3576,187,940,B+,CA,CISCO SYSTEMS INC,CSCO
20779,A+,A-1+,1/31/12,San Jose,Cisco Systems Inc,4520,452010,45,45201020,B,USA,333316,3576,187,940,B+,CA,CISCO SYSTEMS INC,CSCO
20779,A+,A-1+,2/29/12,San Jose,Cisco Systems Inc,4520,452010,45,45201020,B,USA,333316,3576,187,940,B+,CA,CISCO SYSTEMS INC,CSCO
20779,A+,A-1+,3/31/12,San Jose,Cisco Systems Inc,4520,452010,45,45201020,B,USA,333316,3576,187,940,B+,CA,CISCO SYSTEMS INC,CSCO
20779,A+,A-1+,4/30/12,San Jose,Cisco Systems Inc,4520,452010,45,45201020,B,USA,333316,3576,187,940,B+,CA,CISCO SYSTEMS INC,CSCO
20779,A+,A-1+,5/31/12,San Jose,Cisco Systems Inc,4520,452010,45,45201020,B,USA,333316,3576,187,940,B+,CA,CISCO SYSTEMS INC,CSCO
20779,A+,A-1+,6/30/12,San Jose,Cisco Systems Inc,4520,452010,45,45201020,B,USA,333316,3576,187,940,B+,CA,CISCO SYSTEMS INC,CSCO
20779,A+,A-1+,7/31/12,San Jose,Cisco Systems Inc,4520,452010,45,45201020,B,USA,333316,3576,187,940,B+,CA,CISCO SYSTEMS INC,CSCO
20779,A+,A-1+,8/31/12,San Jose,Cisco Systems Inc,4520,452010,45,45201020,B,USA,333316,3576,187,940,B+,CA,CISCO SYSTEMS INC,CSCO
20779,A+,A-1+,9/30/12,San Jose,Cisco Systems Inc,4520,452010,45,45201020,B,USA,333316,3576,187,940,B+,CA,CISCO SYSTEMS INC,CSCO
20779,A+,A-1+,10/31/12,San Jose,Cisco Systems Inc,4520,452010,45,45201020,B,USA,333316,3576,187,940,B+,CA,CISCO SYSTEMS INC,CSCO
20779,A+,A-1+,11/30/12,San Jose,Cisco Systems Inc,4520,452010,45,45201020,B,USA,333316,3576,187,940,B+,CA,CISCO SYSTEMS INC,CSCO
20779,A+,A-1+,12/31/12,San Jose,Cisco Systems Inc,4520,452010,45,45201020,B,USA,333316,3576,187,940,B+,CA,CISCO SYSTEMS INC,CSCO
20779,A+,A-1+,1/31/13,San Jose,Cisco Systems Inc,4520,452010,45,45201020,B,USA,333316,3576,187,940,B+,CA,CISCO SYSTEMS INC,CSCO
20779,A+,A-1+,2/28/13,San Jose,Cisco Systems Inc,4520,452010,45,45201020,B,USA,333316,3576,187,940,B+,CA,CISCO SYSTEMS INC,CSCO
20779,A+,A-1+,3/31/13,San Jose,Cisco Systems Inc,4520,452010,45,45201020,B,USA,333316,3576,187,940,B+,CA,CISCO SYSTEMS INC,CSCO
20779,A+,A-1+,4/30/13,San Jose,Cisco Systems Inc,4520,452010,45,45201020,B,USA,333316,3576,187,940,B+,CA,CISCO SYSTEMS INC,CSCO
20779,A+,A-1+,5/31/13,San Jose,Cisco Systems Inc,4520,452010,45,45201020,B,USA,333316,3576,187,940,B+,CA,CISCO SYSTEMS INC,CSCO
20779,A+,A-1+,6/30/13,San Jose,Cisco Systems Inc,4520,452010,45,45201020,B,USA,333316,3576,187,940,B+,CA,CISCO SYSTEMS INC,CSCO
20779,A+,A-1+,7/31/13,San Jose,Cisco Systems Inc,4520,452010,45,45201020,B,USA,333316,3576,187,940,B+,CA,CISCO SYSTEMS INC,CSCO
20779,A+,A-1+,8/31/13,San Jose,Cisco Systems Inc,4520,452010,45,45201020,B,USA,333316,3576,187,940,B+,CA,CISCO SYSTEMS INC,CSCO
20779,A+,A-1+,9/30/13,San Jose,Cisco Systems Inc,4520,452010,45,45201020,B,USA,333316,3576,187,940,B+,CA,CISCO SYSTEMS INC,CSCO
20779,A+,A-1+,10/31/13,San Jose,Cisco Systems Inc,4520,452010,45,45201020,B,USA,333316,3576,187,940,B+,CA,CISCO SYSTEMS INC,CSCO
20779,A+,A-1+,11/30/13,San Jose,Cisco Systems Inc,4520,452010,45,45201020,B,USA,333316,3576,187,940,B+,CA,CISCO SYSTEMS INC,CSCO
20779,AA-,A-1+,12/31/13,San Jose,Cisco Systems Inc,4520,452010,45,45201020,B,USA,333316,3576,187,940,B+,CA,CISCO SYSTEMS INC,CSCO
20779,AA-,A-1+,1/31/14,San Jose,Cisco Systems Inc,4520,452010,45,45201020,B,USA,333316,3576,187,940,B+,CA,CISCO SYSTEMS INC,CSCO
20779,AA-,A-1+,2/28/14,San Jose,Cisco Systems Inc,4520,452010,45,45201020,B,USA,333316,3576,187,940,B+,CA,CISCO SYSTEMS INC,CSCO
20779,AA-,A-1+,3/31/14,San Jose,Cisco Systems Inc,4520,452010,45,45201020,B,USA,333316,3576,187,940,B+,CA,CISCO SYSTEMS INC,CSCO
20779,AA-,A-1+,4/30/14,San Jose,Cisco Systems Inc,4520,452010,45,45201020,B,USA,333316,3576,187,940,B+,CA,CISCO SYSTEMS INC,CSCO
20779,AA-,A-1+,5/31/14,San Jose,Cisco Systems Inc,4520,452010,45,45201020,B,USA,333316,3576,187,940,B+,CA,CISCO SYSTEMS INC,CSCO
20779,AA-,A-1+,6/30/14,San Jose,Cisco Systems Inc,4520,452010,45,45201020,B,USA,333316,3576,187,940,B+,CA,CISCO SYSTEMS INC,CSCO
20800, , ,1/31/10,Markham,Telepanel Systems Inc,4520,452030,45,45203010,D,CAN,334119,3577,188,940, ,ON,TELEPANEL SYSTEMS INC,TLSXF
20800, , ,2/28/10,Markham,Telepanel Systems Inc,4520,452030,45,45203010,D,CAN,334119,3577,188,940, ,ON,TELEPANEL SYSTEMS INC,TLSXF
20800, , ,3/31/10,Markham,Telepanel Systems Inc,4520,452030,45,45203010,D,CAN,334119,3577,188,940, ,ON,TELEPANEL SYSTEMS INC,TLSXF
21163, , ,1/31/10,Houston,VPGI Corp,4520,452020,45,45202020,D,USA,999990,9995,190,940,C,TX,VPGI CORP,VPGC
21163, , ,2/28/10,Houston,VPGI Corp,4520,452020,45,45202020,D,USA,999990,9995,190,940,C,TX,VPGI CORP,VPGC
21163, , ,3/31/10,Houston,VPGI Corp,4520,452020,45,45202020,D,USA,999990,9995,190,940,C,TX,VPGI CORP,VPGC
21163, , ,4/30/10,Houston,VPGI Corp,4520,452020,45,45202020,D,USA,999990,9995,190,940,C,TX,VPGI CORP,VPGC
21163, , ,5/31/10,Houston,VPGI Corp,4520,452020,45,45202020,D,USA,999990,9995,190,940,C,TX,VPGI CORP,VPGC
21163, , ,6/30/10,Houston,VPGI Corp,4520,452020,45,45202020,D,USA,999990,9995,190,940,C,TX,VPGI CORP,VPGC
21163, , ,7/31/10,Houston,VPGI Corp,4520,452020,45,45202020,D,USA,999990,9995,190,940,C,TX,VPGI CORP,VPGC
21163, , ,8/31/10,Houston,VPGI Corp,4520,452020,45,45202020,D,USA,999990,9995,190,940,C,TX,VPGI CORP,VPGC
21163, , ,9/30/10,Houston,VPGI Corp,4520,452020,45,45202020,D,USA,999990,9995,190,940,C,TX,VPGI CORP,VPGC
21163, , ,10/31/10,Houston,VPGI Corp,4520,452020,45,45202020,D,USA,999990,9995,190,940,C,TX,VPGI CORP,VPGC
21163, , ,11/30/10,Houston,VPGI Corp,4520,452020,45,45202020,D,USA,999990,9995,190,940,C,TX,VPGI CORP,VPGC
21163, , ,12/31/10,Houston,VPGI Corp,4520,452020,45,45202020,D,USA,999990,9995,190,940,C,TX,VPGI CORP,VPGC
21163, , ,1/31/11,Houston,VPGI Corp,4520,452020,45,45202020,D,USA,999990,9995,190,940,C,TX,VPGI CORP,VPGC
21163, , ,2/28/11,Houston,VPGI Corp,4520,452020,45,45202020,D,USA,999990,9995,190,940,C,TX,VPGI CORP,VPGC
21163, , ,3/31/11,Houston,VPGI Corp,4520,452020,45,45202020,D,USA,999990,9995,190,940,C,TX,VPGI CORP,VPGC
21163, , ,4/30/11,Houston,VPGI Corp,4520,452020,45,45202020,D,USA,999990,9995,190,940,C,TX,VPGI CORP,VPGC
21163, , ,5/31/11,Houston,VPGI Corp,4520,452020,45,45202020,D,USA,999990,9995,190,940,C,TX,VPGI CORP,VPGC
21163, , ,6/30/11,Houston,VPGI Corp,4520,452020,45,45202020,D,USA,999990,9995,190,940,C,TX,VPGI CORP,VPGC
21163, , ,7/31/11,Houston,VPGI Corp,4520,452020,45,45202020,D,USA,999990,9995,190,940,C,TX,VPGI CORP,VPGC
21163, , ,8/31/11,Houston,VPGI Corp,4520,452020,45,45202020,D,USA,999990,9995,190,940,C,TX,VPGI CORP,VPGC
21163, , ,9/30/11,Houston,VPGI Corp,4520,452020,45,45202020,D,USA,999990,9995,190,940,C,TX,VPGI CORP,VPGC
21320, , ,1/31/10,Denver,Clancy Systems International Inc,4520,452030,45,45203010,D,USA,334514,3824,230,940,C,CO,CLANCY SYSTEMS INTL INC,CLSI
21320, , ,2/28/10,Denver,Clancy Systems International Inc,4520,452030,45,45203010,D,USA,334514,3824,230,940,C,CO,CLANCY SYSTEMS INTL INC,CLSI
21320, , ,3/31/10,Denver,Clancy Systems International Inc,4520,452030,45,45203010,D,USA,334514,3824,230,940,C,CO,CLANCY SYSTEMS INTL INC,CLSI
21320, , ,4/30/10,Denver,Clancy Systems International Inc,4520,452030,45,45203010,D,USA,334514,3824,230,940,C,CO,CLANCY SYSTEMS INTL INC,CLSI
21320, , ,5/31/10,Denver,Clancy Systems International Inc,4520,452030,45,45203010,D,USA,334514,3824,230,940,C,CO,CLANCY SYSTEMS INTL INC,CLSI
21320, , ,6/30/10,Denver,Clancy Systems International Inc,4520,452030,45,45203010,D,USA,334514,3824,230,940,C,CO,CLANCY SYSTEMS INTL INC,CLSI
21320, , ,7/31/10,Denver,Clancy Systems International Inc,4520,452030,45,45203010,D,USA,334514,3824,230,940,C,CO,CLANCY SYSTEMS INTL INC,CLSI
21320, , ,8/31/10,Denver,Clancy Systems International Inc,4520,452030,45,45203010,D,USA,334514,3824,230,940,C,CO,CLANCY SYSTEMS INTL INC,CLSI
21320, , ,9/30/10,Denver,Clancy Systems International Inc,4520,452030,45,45203010,D,USA,334514,3824,230,940,C,CO,CLANCY SYSTEMS INTL INC,CLSI
21320, , ,10/31/10,Denver,Clancy Systems International Inc,4520,452030,45,45203010,D,USA,334514,3824,230,940,C,CO,CLANCY SYSTEMS INTL INC,CLSI
21320, , ,11/30/10,Denver,Clancy Systems International Inc,4520,452030,45,45203010,D,USA,334514,3824,230,940,C,CO,CLANCY SYSTEMS INTL INC,CLSI
21320, , ,12/31/10,Denver,Clancy Systems International Inc,4520,452030,45,45203010,D,USA,334514,3824,230,940,C,CO,CLANCY SYSTEMS INTL INC,CLSI
21320, , ,1/31/11,Denver,Clancy Systems International Inc,4520,452030,45,45203010,D,USA,334514,3824,230,940,C,CO,CLANCY SYSTEMS INTL INC,CLSI
21320, , ,2/28/11,Denver,Clancy Systems International Inc,4520,452030,45,45203010,D,USA,334514,3824,230,940,C,CO,CLANCY SYSTEMS INTL INC,CLSI
21320, , ,3/31/11,Denver,Clancy Systems International Inc,4520,452030,45,45203010,D,USA,334514,3824,230,940,C,CO,CLANCY SYSTEMS INTL INC,CLSI
21320, , ,4/30/11,Denver,Clancy Systems International Inc,4520,452030,45,45203010,D,USA,334514,3824,230,940,C,CO,CLANCY SYSTEMS INTL INC,CLSI
21320, , ,5/31/11,Denver,Clancy Systems International Inc,4520,452030,45,45203010,D,USA,334514,3824,230,940,C,CO,CLANCY SYSTEMS INTL INC,CLSI
21320, , ,6/30/11,Denver,Clancy Systems International Inc,4520,452030,45,45203010,D,USA,334514,3824,230,940,C,CO,CLANCY SYSTEMS INTL INC,CLSI
21320, , ,7/31/11,Denver,Clancy Systems International Inc,4520,452030,45,45203010,D,USA,334514,3824,230,940,C,CO,CLANCY SYSTEMS INTL INC,CLSI
21320, , ,8/31/11,Denver,Clancy Systems International Inc,4520,452030,45,45203010,D,USA,334514,3824,230,940,C,CO,CLANCY SYSTEMS INTL INC,CLSI
21320, , ,9/30/11,Denver,Clancy Systems International Inc,4520,452030,45,45203010,D,USA,334514,3824,230,940,C,CO,CLANCY SYSTEMS INTL INC,CLSI
21320, , ,10/31/11,Denver,Clancy Systems International Inc,4520,452030,45,45203010,D,USA,334514,3824,230,940,C,CO,CLANCY SYSTEMS INTL INC,CLSI
21320, , ,11/30/11,Denver,Clancy Systems International Inc,4520,452030,45,45203010,D,USA,334514,3824,230,940,C,CO,CLANCY SYSTEMS INTL INC,CLSI
21320, , ,12/31/11,Denver,Clancy Systems International Inc,4520,452030,45,45203010,D,USA,334514,3824,230,940,C,CO,CLANCY SYSTEMS INTL INC,CLSI
21320, , ,1/31/12,Denver,Clancy Systems International Inc,4520,452030,45,45203010,D,USA,334514,3824,230,940,C,CO,CLANCY SYSTEMS INTL INC,CLSI
21320, , ,2/29/12,Denver,Clancy Systems International Inc,4520,452030,45,45203010,D,USA,334514,3824,230,940,C,CO,CLANCY SYSTEMS INTL INC,CLSI
21320, , ,3/31/12,Denver,Clancy Systems International Inc,4520,452030,45,45203010,D,USA,334514,3824,230,940,C,CO,CLANCY SYSTEMS INTL INC,CLSI
21320, , ,4/30/12,Denver,Clancy Systems International Inc,4520,452030,45,45203010,D,USA,334514,3824,230,940,C,CO,CLANCY SYSTEMS INTL INC,CLSI
21320, , ,5/31/12,Denver,Clancy Systems International Inc,4520,452030,45,45203010,D,USA,334514,3824,230,940,C,CO,CLANCY SYSTEMS INTL INC,CLSI
21320, , ,6/30/12,Denver,Clancy Systems International Inc,4520,452030,45,45203010,D,USA,334514,3824,230,940,C,CO,CLANCY SYSTEMS INTL INC,CLSI
21320, , ,7/31/12,Denver,Clancy Systems International Inc,4520,452030,45,45203010,D,USA,334514,3824,230,940,C,CO,CLANCY SYSTEMS INTL INC,CLSI
21320, , ,8/31/12,Denver,Clancy Systems International Inc,4520,452030,45,45203010,D,USA,334514,3824,230,940,C,CO,CLANCY SYSTEMS INTL INC,CLSI
21320, , ,9/30/12,Denver,Clancy Systems International Inc,4520,452030,45,45203010,D,USA,334514,3824,230,940,C,CO,CLANCY SYSTEMS INTL INC,CLSI
21320, , ,10/31/12,Denver,Clancy Systems International Inc,4520,452030,45,45203010,D,USA,334514,3824,230,940,C,CO,CLANCY SYSTEMS INTL INC,CLSI
21320, , ,11/30/12,Denver,Clancy Systems International Inc,4520,452030,45,45203010,D,USA,334514,3824,230,940,C,CO,CLANCY SYSTEMS INTL INC,CLSI
21320, , ,12/31/12,Denver,Clancy Systems International Inc,4520,452030,45,45203010,D,USA,334514,3824,230,940,C,CO,CLANCY SYSTEMS INTL INC,CLSI
21320, , ,1/31/13,Denver,Clancy Systems International Inc,4520,452030,45,45203010,D,USA,334514,3824,230,940,C,CO,CLANCY SYSTEMS INTL INC,CLSI
21320, , ,2/28/13,Denver,Clancy Systems International Inc,4520,452030,45,45203010,D,USA,334514,3824,230,940,C,CO,CLANCY SYSTEMS INTL INC,CLSI
21320, , ,3/31/13,Denver,Clancy Systems International Inc,4520,452030,45,45203010,D,USA,334514,3824,230,940,C,CO,CLANCY SYSTEMS INTL INC,CLSI
21320, , ,4/30/13,Denver,Clancy Systems International Inc,4520,452030,45,45203010,D,USA,334514,3824,230,940,C,CO,CLANCY SYSTEMS INTL INC,CLSI
21320, , ,5/31/13,Denver,Clancy Systems International Inc,4520,452030,45,45203010,D,USA,334514,3824,230,940,C,CO,CLANCY SYSTEMS INTL INC,CLSI
21320, , ,6/30/13,Denver,Clancy Systems International Inc,4520,452030,45,45203010,D,USA,334514,3824,230,940,C,CO,CLANCY SYSTEMS INTL INC,CLSI
21320, , ,7/31/13,Denver,Clancy Systems International Inc,4520,452030,45,45203010,D,USA,334514,3824,230,940,C,CO,CLANCY SYSTEMS INTL INC,CLSI
21320, , ,8/31/13,Denver,Clancy Systems International Inc,4520,452030,45,45203010,D,USA,334514,3824,230,940,C,CO,CLANCY SYSTEMS INTL INC,CLSI
21320, , ,9/30/13,Denver,Clancy Systems International Inc,4520,452030,45,45203010,D,USA,334514,3824,230,940,C,CO,CLANCY SYSTEMS INTL INC,CLSI
21320, , ,10/31/13,Denver,Clancy Systems International Inc,4520,452030,45,45203010,D,USA,334514,3824,230,940,C,CO,CLANCY SYSTEMS INTL INC,CLSI
21488, , ,1/31/10,San Diego,JMAR Technologies Inc,4520,452030,45,45203010,D,USA,333295,3559,247,940,C,CA,JMAR TECHNOLOGIES INC,JMAR
21488, , ,2/28/10,San Diego,JMAR Technologies Inc,4520,452030,45,45203010,D,USA,333295,3559,247,940,C,CA,JMAR TECHNOLOGIES INC,JMAR
21488, , ,3/31/10,San Diego,JMAR Technologies Inc,4520,452030,45,45203010,D,USA,333295,3559,247,940,C,CA,JMAR TECHNOLOGIES INC,JMAR
21488, , ,4/30/10,San Diego,JMAR Technologies Inc,4520,452030,45,45203010,D,USA,333295,3559,247,940,C,CA,JMAR TECHNOLOGIES INC,JMAR
21488, , ,5/31/10,San Diego,JMAR Technologies Inc,4520,452030,45,45203010,D,USA,333295,3559,247,940,C,CA,JMAR TECHNOLOGIES INC,JMAR
21488, , ,6/30/10,San Diego,JMAR Technologies Inc,4520,452030,45,45203010,D,USA,333295,3559,247,940,C,CA,JMAR TECHNOLOGIES INC,JMAR
21488, , ,7/31/10,San Diego,JMAR Technologies Inc,4520,452030,45,45203010,D,USA,333295,3559,247,940,C,CA,JMAR TECHNOLOGIES INC,JMAR
21488, , ,8/31/10,San Diego,JMAR Technologies Inc,4520,452030,45,45203010,D,USA,333295,3559,247,940,C,CA,JMAR TECHNOLOGIES INC,JMAR
21488, , ,9/30/10,San Diego,JMAR Technologies Inc,4520,452030,45,45203010,D,USA,333295,3559,247,940,C,CA,JMAR TECHNOLOGIES INC,JMAR
21488, , ,10/31/10,San Diego,JMAR Technologies Inc,4520,452030,45,45203010,D,USA,333295,3559,247,940,C,CA,JMAR TECHNOLOGIES INC,JMAR
21488, , ,11/30/10,San Diego,JMAR Technologies Inc,4520,452030,45,45203010,D,USA,333295,3559,247,940,C,CA,JMAR TECHNOLOGIES INC,JMAR
21488, , ,12/31/10,San Diego,JMAR Technologies Inc,4520,452030,45,45203010,D,USA,333295,3559,247,940,C,CA,JMAR TECHNOLOGIES INC,JMAR
21488, , ,1/31/11,San Diego,JMAR Technologies Inc,4520,452030,45,45203010,D,USA,333295,3559,247,940,C,CA,JMAR TECHNOLOGIES INC,JMAR
21488, , ,2/28/11,San Diego,JMAR Technologies Inc,4520,452030,45,45203010,D,USA,333295,3559,247,940,C,CA,JMAR TECHNOLOGIES INC,JMAR
21488, , ,3/31/11,San Diego,JMAR Technologies Inc,4520,452030,45,45203010,D,USA,333295,3559,247,940,C,CA,JMAR TECHNOLOGIES INC,JMAR
21488, , ,4/30/11,San Diego,JMAR Technologies Inc,4520,452030,45,45203010,D,USA,333295,3559,247,940,C,CA,JMAR TECHNOLOGIES INC,JMAR
21488, , ,5/31/11,San Diego,JMAR Technologies Inc,4520,452030,45,45203010,D,USA,333295,3559,247,940,C,CA,JMAR TECHNOLOGIES INC,JMAR
21488, , ,6/30/11,San Diego,JMAR Technologies Inc,4520,452030,45,45203010,D,USA,333295,3559,247,940,C,CA,JMAR TECHNOLOGIES INC,JMAR
21488, , ,7/31/11,San Diego,JMAR Technologies Inc,4520,452030,45,45203010,D,USA,333295,3559,247,940,C,CA,JMAR TECHNOLOGIES INC,JMAR
21488, , ,8/31/11,San Diego,JMAR Technologies Inc,4520,452030,45,45203010,D,USA,333295,3559,247,940,C,CA,JMAR TECHNOLOGIES INC,JMAR
21488, , ,9/30/11,San Diego,JMAR Technologies Inc,4520,452030,45,45203010,D,USA,333295,3559,247,940,C,CA,JMAR TECHNOLOGIES INC,JMAR
21488, , ,10/31/11,San Diego,JMAR Technologies Inc,4520,452030,45,45203010,D,USA,333295,3559,247,940,C,CA,JMAR TECHNOLOGIES INC,JMAR
21488, , ,11/30/11,San Diego,JMAR Technologies Inc,4520,452030,45,45203010,D,USA,333295,3559,247,940,C,CA,JMAR TECHNOLOGIES INC,JMAR
21488, , ,12/31/11,San Diego,JMAR Technologies Inc,4520,452030,45,45203010,D,USA,333295,3559,247,940,C,CA,JMAR TECHNOLOGIES INC,JMAR
21488, , ,1/31/12,San Diego,JMAR Technologies Inc,4520,452030,45,45203010,D,USA,333295,3559,247,940,C,CA,JMAR TECHNOLOGIES INC,JMAR
21488, , ,2/29/12,San Diego,JMAR Technologies Inc,4520,452030,45,45203010,D,USA,333295,3559,247,940,C,CA,JMAR TECHNOLOGIES INC,JMAR
21534, , ,1/31/10,Caldwell,Dawn Technologies Inc,4520,452040,45,45204010,D,USA,333313,3579,370,925, ,NJ,DAWN TECHNOLOGIES INC,DAWN
21534, , ,2/28/10,Caldwell,Dawn Technologies Inc,4520,452040,45,45204010,D,USA,333313,3579,370,925, ,NJ,DAWN TECHNOLOGIES INC,DAWN
21534, , ,3/31/10,Caldwell,Dawn Technologies Inc,4520,452040,45,45204010,D,USA,333313,3579,370,925, ,NJ,DAWN TECHNOLOGIES INC,DAWN
21534, , ,4/30/10,Caldwell,Dawn Technologies Inc,4520,452040,45,45204010,D,USA,333313,3579,370,925, ,NJ,DAWN TECHNOLOGIES INC,DAWN
21534, , ,5/31/10,Caldwell,Dawn Technologies Inc,4520,452040,45,45204010,D,USA,333313,3579,370,925, ,NJ,DAWN TECHNOLOGIES INC,DAWN
21534, , ,6/30/10,Caldwell,Dawn Technologies Inc,4520,452040,45,45204010,D,USA,333313,3579,370,925, ,NJ,DAWN TECHNOLOGIES INC,DAWN
21534, , ,7/31/10,Caldwell,Dawn Technologies Inc,4520,452040,45,45204010,D,USA,333313,3579,370,925, ,NJ,DAWN TECHNOLOGIES INC,DAWN
21534, , ,8/31/10,Caldwell,Dawn Technologies Inc,4520,452040,45,45204010,D,USA,333313,3579,370,925, ,NJ,DAWN TECHNOLOGIES INC,DAWN
21534, , ,9/30/10,Caldwell,Dawn Technologies Inc,4520,452040,45,45204010,D,USA,333313,3579,370,925, ,NJ,DAWN TECHNOLOGIES INC,DAWN
21534, , ,10/31/10,Caldwell,Dawn Technologies Inc,4520,452040,45,45204010,D,USA,333313,3579,370,925, ,NJ,DAWN TECHNOLOGIES INC,DAWN
21534, , ,11/30/10,Caldwell,Dawn Technologies Inc,4520,452040,45,45204010,D,USA,333313,3579,370,925, ,NJ,DAWN TECHNOLOGIES INC,DAWN
21534, , ,12/31/10,Caldwell,Dawn Technologies Inc,4520,452040,45,45204010,D,USA,333313,3579,370,925, ,NJ,DAWN TECHNOLOGIES INC,DAWN
21534, , ,1/31/11,Caldwell,Dawn Technologies Inc,4520,452040,45,45204010,D,USA,333313,3579,370,925, ,NJ,DAWN TECHNOLOGIES INC,DAWN
21534, , ,2/28/11,Caldwell,Dawn Technologies Inc,4520,452040,45,45204010,D,USA,333313,3579,370,925, ,NJ,DAWN TECHNOLOGIES INC,DAWN
21534, , ,3/31/11,Caldwell,Dawn Technologies Inc,4520,452040,45,45204010,D,USA,333313,3579,370,925, ,NJ,DAWN TECHNOLOGIES INC,DAWN
21534, , ,4/30/11,Caldwell,Dawn Technologies Inc,4520,452040,45,45204010,D,USA,333313,3579,370,925, ,NJ,DAWN TECHNOLOGIES INC,DAWN
21534, , ,5/31/11,Caldwell,Dawn Technologies Inc,4520,452040,45,45204010,D,USA,333313,3579,370,925, ,NJ,DAWN TECHNOLOGIES INC,DAWN
21534, , ,6/30/11,Caldwell,Dawn Technologies Inc,4520,452040,45,45204010,D,USA,333313,3579,370,925, ,NJ,DAWN TECHNOLOGIES INC,DAWN
21563, , ,1/31/10,Kennewick,Electronic System Tech Inc,4520,452010,45,45201020,D,USA,334220,3663,180,940,B,WA,ELECTRONIC SYSTEM TECH INC,ELST
21563, , ,2/28/10,Kennewick,Electronic System Tech Inc,4520,452010,45,45201020,D,USA,334220,3663,180,940,B,WA,ELECTRONIC SYSTEM TECH INC,ELST
21563, , ,3/31/10,Kennewick,Electronic System Tech Inc,4520,452010,45,45201020,D,USA,334220,3663,180,940,B,WA,ELECTRONIC SYSTEM TECH INC,ELST
21563, , ,4/30/10,Kennewick,Electronic System Tech Inc,4520,452010,45,45201020,D,USA,334220,3663,180,940,B,WA,ELECTRONIC SYSTEM TECH INC,ELST
21563, , ,5/31/10,Kennewick,Electronic System Tech Inc,4520,452010,45,45201020,D,USA,334220,3663,180,940,B,WA,ELECTRONIC SYSTEM TECH INC,ELST
21563, , ,6/30/10,Kennewick,Electronic System Tech Inc,4520,452010,45,45201020,D,USA,334220,3663,180,940,B,WA,ELECTRONIC SYSTEM TECH INC,ELST
21563, , ,7/31/10,Kennewick,Electronic System Tech Inc,4520,452010,45,45201020,D,USA,334220,3663,180,940,B,WA,ELECTRONIC SYSTEM TECH INC,ELST
21563, , ,8/31/10,Kennewick,Electronic System Tech Inc,4520,452010,45,45201020,D,USA,334220,3663,180,940,B,WA,ELECTRONIC SYSTEM TECH INC,ELST
21563, , ,9/30/10,Kennewick,Electronic System Tech Inc,4520,452010,45,45201020,D,USA,334220,3663,180,940,B,WA,ELECTRONIC SYSTEM TECH INC,ELST
21563, , ,10/31/10,Kennewick,Electronic System Tech Inc,4520,452010,45,45201020,D,USA,334220,3663,180,940,B,WA,ELECTRONIC SYSTEM TECH INC,ELST
21563, , ,11/30/10,Kennewick,Electronic System Tech Inc,4520,452010,45,45201020,D,USA,334220,3663,180,940,B,WA,ELECTRONIC SYSTEM TECH INC,ELST
21563, , ,12/31/10,Kennewick,Electronic System Tech Inc,4520,452010,45,45201020,D,USA,334220,3663,180,940,B,WA,ELECTRONIC SYSTEM TECH INC,ELST
21563, , ,1/31/11,Kennewick,Electronic System Tech Inc,4520,452010,45,45201020,D,USA,334220,3663,180,940,B,WA,ELECTRONIC SYSTEM TECH INC,ELST
21563, , ,2/28/11,Kennewick,Electronic System Tech Inc,4520,452010,45,45201020,D,USA,334220,3663,180,940,B,WA,ELECTRONIC SYSTEM TECH INC,ELST
21563, , ,3/31/11,Kennewick,Electronic System Tech Inc,4520,452010,45,45201020,D,USA,334220,3663,180,940,B,WA,ELECTRONIC SYSTEM TECH INC,ELST
21563, , ,4/30/11,Kennewick,Electronic System Tech Inc,4520,452010,45,45201020,D,USA,334220,3663,180,940,B,WA,ELECTRONIC SYSTEM TECH INC,ELST
21563, , ,5/31/11,Kennewick,Electronic System Tech Inc,4520,452010,45,45201020,D,USA,334220,3663,180,940,B,WA,ELECTRONIC SYSTEM TECH INC,ELST
21563, , ,6/30/11,Kennewick,Electronic System Tech Inc,4520,452010,45,45201020,D,USA,334220,3663,180,940,B,WA,ELECTRONIC SYSTEM TECH INC,ELST
21563, , ,7/31/11,Kennewick,Electronic System Tech Inc,4520,452010,45,45201020,D,USA,334220,3663,180,940,B,WA,ELECTRONIC SYSTEM TECH INC,ELST
21563, , ,8/31/11,Kennewick,Electronic System Tech Inc,4520,452010,45,45201020,D,USA,334220,3663,180,940,B,WA,ELECTRONIC SYSTEM TECH INC,ELST
21563, , ,9/30/11,Kennewick,Electronic System Tech Inc,4520,452010,45,45201020,D,USA,334220,3663,180,940,B,WA,ELECTRONIC SYSTEM TECH INC,ELST
21563, , ,10/31/11,Kennewick,Electronic System Tech Inc,4520,452010,45,45201020,D,USA,334220,3663,180,940,B,WA,ELECTRONIC SYSTEM TECH INC,ELST
21563, , ,11/30/11,Kennewick,Electronic System Tech Inc,4520,452010,45,45201020,D,USA,334220,3663,180,940,B,WA,ELECTRONIC SYSTEM TECH INC,ELST
21563, , ,12/31/11,Kennewick,Electronic System Tech Inc,4520,452010,45,45201020,D,USA,334220,3663,180,940,B,WA,ELECTRONIC SYSTEM TECH INC,ELST
21563, , ,1/31/12,Kennewick,Electronic System Tech Inc,4520,452010,45,45201020,D,USA,334220,3663,180,940,B,WA,ELECTRONIC SYSTEM TECH INC,ELST
21563, , ,2/29/12,Kennewick,Electronic System Tech Inc,4520,452010,45,45201020,D,USA,334220,3663,180,940,B,WA,ELECTRONIC SYSTEM TECH INC,ELST
21563, , ,3/31/12,Kennewick,Electronic System Tech Inc,4520,452010,45,45201020,D,USA,334220,3663,180,940,B,WA,ELECTRONIC SYSTEM TECH INC,ELST
21563, , ,4/30/12,Kennewick,Electronic System Tech Inc,4520,452010,45,45201020,D,USA,334220,3663,180,940,B,WA,ELECTRONIC SYSTEM TECH INC,ELST
21563, , ,5/31/12,Kennewick,Electronic System Tech Inc,4520,452010,45,45201020,D,USA,334220,3663,180,940,B,WA,ELECTRONIC SYSTEM TECH INC,ELST
21563, , ,6/30/12,Kennewick,Electronic System Tech Inc,4520,452010,45,45201020,D,USA,334220,3663,180,940,B,WA,ELECTRONIC SYSTEM TECH INC,ELST
21563, , ,7/31/12,Kennewick,Electronic System Tech Inc,4520,452010,45,45201020,D,USA,334220,3663,180,940,B,WA,ELECTRONIC SYSTEM TECH INC,ELST
21563, , ,8/31/12,Kennewick,Electronic System Tech Inc,4520,452010,45,45201020,D,USA,334220,3663,180,940,B,WA,ELECTRONIC SYSTEM TECH INC,ELST
21563, , ,9/30/12,Kennewick,Electronic System Tech Inc,4520,452010,45,45201020,D,USA,334220,3663,180,940,B,WA,ELECTRONIC SYSTEM TECH INC,ELST
21563, , ,10/31/12,Kennewick,Electronic System Tech Inc,4520,452010,45,45201020,D,USA,334220,3663,180,940,B,WA,ELECTRONIC SYSTEM TECH INC,ELST
21563, , ,11/30/12,Kennewick,Electronic System Tech Inc,4520,452010,45,45201020,D,USA,334220,3663,180,940,B,WA,ELECTRONIC SYSTEM TECH INC,ELST
21563, , ,12/31/12,Kennewick,Electronic System Tech Inc,4520,452010,45,45201020,D,USA,334220,3663,180,940,B,WA,ELECTRONIC SYSTEM TECH INC,ELST
21563, , ,1/31/13,Kennewick,Electronic System Tech Inc,4520,452010,45,45201020,D,USA,334220,3663,180,940,B,WA,ELECTRONIC SYSTEM TECH INC,ELST
21563, , ,2/28/13,Kennewick,Electronic System Tech Inc,4520,452010,45,45201020,D,USA,334220,3663,180,940,B,WA,ELECTRONIC SYSTEM TECH INC,ELST
21563, , ,3/31/13,Kennewick,Electronic System Tech Inc,4520,452010,45,45201020,D,USA,334220,3663,180,940,B,WA,ELECTRONIC SYSTEM TECH INC,ELST
21563, , ,4/30/13,Kennewick,Electronic System Tech Inc,4520,452010,45,45201020,D,USA,334220,3663,180,940,B,WA,ELECTRONIC SYSTEM TECH INC,ELST
21563, , ,5/31/13,Kennewick,Electronic System Tech Inc,4520,452010,45,45201020,D,USA,334220,3663,180,940,B,WA,ELECTRONIC SYSTEM TECH INC,ELST
21563, , ,6/30/13,Kennewick,Electronic System Tech Inc,4520,452010,45,45201020,D,USA,334220,3663,180,940,B,WA,ELECTRONIC SYSTEM TECH INC,ELST
21563, , ,7/31/13,Kennewick,Electronic System Tech Inc,4520,452010,45,45201020,D,USA,334220,3663,180,940,B,WA,ELECTRONIC SYSTEM TECH INC,ELST
21563, , ,8/31/13,Kennewick,Electronic System Tech Inc,4520,452010,45,45201020,D,USA,334220,3663,180,940,B,WA,ELECTRONIC SYSTEM TECH INC,ELST
21563, , ,9/30/13,Kennewick,Electronic System Tech Inc,4520,452010,45,45201020,D,USA,334220,3663,180,940,B,WA,ELECTRONIC SYSTEM TECH INC,ELST
21563, , ,10/31/13,Kennewick,Electronic System Tech Inc,4520,452010,45,45201020,D,USA,334220,3663,180,940,B,WA,ELECTRONIC SYSTEM TECH INC,ELST
21792, , ,1/31/10,Milpitas,Sierra Monitor Corp,4520,452030,45,45203010,D,USA,334519,3829,230,940, ,CA,SIERRA MONITOR CORP,SRMC
21792, , ,2/28/10,Milpitas,Sierra Monitor Corp,4520,452030,45,45203010,D,USA,334519,3829,230,940, ,CA,SIERRA MONITOR CORP,SRMC
21792, , ,3/31/10,Milpitas,Sierra Monitor Corp,4520,452030,45,45203010,D,USA,334519,3829,230,940, ,CA,SIERRA MONITOR CORP,SRMC
21792, , ,4/30/10,Milpitas,Sierra Monitor Corp,4520,452030,45,45203010,D,USA,334519,3829,230,940, ,CA,SIERRA MONITOR CORP,SRMC
21792, , ,5/31/10,Milpitas,Sierra Monitor Corp,4520,452030,45,45203010,D,USA,334519,3829,230,940, ,CA,SIERRA MONITOR CORP,SRMC
21792, , ,6/30/10,Milpitas,Sierra Monitor Corp,4520,452030,45,45203010,D,USA,334519,3829,230,940, ,CA,SIERRA MONITOR CORP,SRMC
21792, , ,7/31/10,Milpitas,Sierra Monitor Corp,4520,452030,45,45203010,D,USA,334519,3829,230,940, ,CA,SIERRA MONITOR CORP,SRMC
21792, , ,8/31/10,Milpitas,Sierra Monitor Corp,4520,452030,45,45203010,D,USA,334519,3829,230,940, ,CA,SIERRA MONITOR CORP,SRMC
21792, , ,9/30/10,Milpitas,Sierra Monitor Corp,4520,452030,45,45203010,D,USA,334519,3829,230,940, ,CA,SIERRA MONITOR CORP,SRMC
21792, , ,10/31/10,Milpitas,Sierra Monitor Corp,4520,452030,45,45203010,D,USA,334519,3829,230,940, ,CA,SIERRA MONITOR CORP,SRMC
21792, , ,11/30/10,Milpitas,Sierra Monitor Corp,4520,452030,45,45203010,D,USA,334519,3829,230,940, ,CA,SIERRA MONITOR CORP,SRMC
21792, , ,12/31/10,Milpitas,Sierra Monitor Corp,4520,452030,45,45203010,D,USA,334519,3829,230,940, ,CA,SIERRA MONITOR CORP,SRMC
21792, , ,1/31/11,Milpitas,Sierra Monitor Corp,4520,452030,45,45203010,D,USA,334519,3829,230,940, ,CA,SIERRA MONITOR CORP,SRMC
21792, , ,2/28/11,Milpitas,Sierra Monitor Corp,4520,452030,45,45203010,D,USA,334519,3829,230,940, ,CA,SIERRA MONITOR CORP,SRMC
21792, , ,3/31/11,Milpitas,Sierra Monitor Corp,4520,452030,45,45203010,D,USA,334519,3829,230,940, ,CA,SIERRA MONITOR CORP,SRMC
21792, , ,4/30/11,Milpitas,Sierra Monitor Corp,4520,452030,45,45203010,D,USA,334519,3829,230,940, ,CA,SIERRA MONITOR CORP,SRMC
21792, , ,5/31/11,Milpitas,Sierra Monitor Corp,4520,452030,45,45203010,D,USA,334519,3829,230,940, ,CA,SIERRA MONITOR CORP,SRMC
21792, , ,6/30/11,Milpitas,Sierra Monitor Corp,4520,452030,45,45203010,D,USA,334519,3829,230,940, ,CA,SIERRA MONITOR CORP,SRMC
21792, , ,7/31/11,Milpitas,Sierra Monitor Corp,4520,452030,45,45203010,D,USA,334519,3829,230,940, ,CA,SIERRA MONITOR CORP,SRMC
21792, , ,8/31/11,Milpitas,Sierra Monitor Corp,4520,452030,45,45203010,D,USA,334519,3829,230,940, ,CA,SIERRA MONITOR CORP,SRMC
21792, , ,9/30/11,Milpitas,Sierra Monitor Corp,4520,452030,45,45203010,D,USA,334519,3829,230,940, ,CA,SIERRA MONITOR CORP,SRMC
21792, , ,10/31/11,Milpitas,Sierra Monitor Corp,4520,452030,45,45203010,D,USA,334519,3829,230,940, ,CA,SIERRA MONITOR CORP,SRMC
21792, , ,11/30/11,Milpitas,Sierra Monitor Corp,4520,452030,45,45203010,D,USA,334519,3829,230,940, ,CA,SIERRA MONITOR CORP,SRMC
21792, , ,12/31/11,Milpitas,Sierra Monitor Corp,4520,452030,45,45203010,D,USA,334519,3829,230,940, ,CA,SIERRA MONITOR CORP,SRMC
21792, , ,1/31/12,Milpitas,Sierra Monitor Corp,4520,452030,45,45203010,D,USA,334519,3829,230,940, ,CA,SIERRA MONITOR CORP,SRMC
21792, , ,2/29/12,Milpitas,Sierra Monitor Corp,4520,452030,45,45203010,D,USA,334519,3829,230,940, ,CA,SIERRA MONITOR CORP,SRMC
21792, , ,3/31/12,Milpitas,Sierra Monitor Corp,4520,452030,45,45203010,D,USA,334519,3829,230,940, ,CA,SIERRA MONITOR CORP,SRMC
21792, , ,4/30/12,Milpitas,Sierra Monitor Corp,4520,452030,45,45203010,D,USA,334519,3829,230,940, ,CA,SIERRA MONITOR CORP,SRMC
21792, , ,5/31/12,Milpitas,Sierra Monitor Corp,4520,452030,45,45203010,D,USA,334519,3829,230,940, ,CA,SIERRA MONITOR CORP,SRMC
21792, , ,6/30/12,Milpitas,Sierra Monitor Corp,4520,452030,45,45203010,D,USA,334519,3829,230,940, ,CA,SIERRA MONITOR CORP,SRMC
21792, , ,7/31/12,Milpitas,Sierra Monitor Corp,4520,452030,45,45203010,D,USA,334519,3829,230,940, ,CA,SIERRA MONITOR CORP,SRMC
21792, , ,8/31/12,Milpitas,Sierra Monitor Corp,4520,452030,45,45203010,D,USA,334519,3829,230,940, ,CA,SIERRA MONITOR CORP,SRMC
21792, , ,9/30/12,Milpitas,Sierra Monitor Corp,4520,452030,45,45203010,D,USA,334519,3829,230,940, ,CA,SIERRA MONITOR CORP,SRMC
21792, , ,10/31/12,Milpitas,Sierra Monitor Corp,4520,452030,45,45203010,D,USA,334519,3829,230,940, ,CA,SIERRA MONITOR CORP,SRMC
21792, , ,11/30/12,Milpitas,Sierra Monitor Corp,4520,452030,45,45203010,D,USA,334519,3829,230,940, ,CA,SIERRA MONITOR CORP,SRMC
21792, , ,12/31/12,Milpitas,Sierra Monitor Corp,4520,452030,45,45203010,D,USA,334519,3829,230,940, ,CA,SIERRA MONITOR CORP,SRMC
21792, , ,1/31/13,Milpitas,Sierra Monitor Corp,4520,452030,45,45203010,D,USA,334519,3829,230,940, ,CA,SIERRA MONITOR CORP,SRMC
21792, , ,2/28/13,Milpitas,Sierra Monitor Corp,4520,452030,45,45203010,D,USA,334519,3829,230,940, ,CA,SIERRA MONITOR CORP,SRMC
21792, , ,3/31/13,Milpitas,Sierra Monitor Corp,4520,452030,45,45203010,D,USA,334519,3829,230,940, ,CA,SIERRA MONITOR CORP,SRMC
21792, , ,4/30/13,Milpitas,Sierra Monitor Corp,4520,452030,45,45203010,D,USA,334519,3829,230,940, ,CA,SIERRA MONITOR CORP,SRMC
21792, , ,5/31/13,Milpitas,Sierra Monitor Corp,4520,452030,45,45203010,D,USA,334519,3829,230,940, ,CA,SIERRA MONITOR CORP,SRMC
21792, , ,6/30/13,Milpitas,Sierra Monitor Corp,4520,452030,45,45203010,D,USA,334519,3829,230,940, ,CA,SIERRA MONITOR CORP,SRMC
21792, , ,7/31/13,Milpitas,Sierra Monitor Corp,4520,452030,45,45203010,D,USA,334519,3829,230,940, ,CA,SIERRA MONITOR CORP,SRMC
21792, , ,8/31/13,Milpitas,Sierra Monitor Corp,4520,452030,45,45203010,D,USA,334519,3829,230,940, ,CA,SIERRA MONITOR CORP,SRMC
21792, , ,9/30/13,Milpitas,Sierra Monitor Corp,4520,452030,45,45203010,D,USA,334519,3829,230,940, ,CA,SIERRA MONITOR CORP,SRMC
21792, , ,10/31/13,Milpitas,Sierra Monitor Corp,4520,452030,45,45203010,D,USA,334519,3829,230,940, ,CA,SIERRA MONITOR CORP,SRMC
22373, , ,1/31/10,San Diego,LRAD Corp,4520,452030,45,45203010,D,USA,334310,3651,220,925,B-,CA,LRAD CORP,LRAD
22373, , ,2/28/10,San Diego,LRAD Corp,4520,452030,45,45203010,D,USA,334310,3651,220,925,B-,CA,LRAD CORP,LRAD
22373, , ,3/31/10,San Diego,LRAD Corp,4520,452030,45,45203010,D,USA,334310,3651,220,925,B-,CA,LRAD CORP,LRAD
22373, , ,4/30/10,San Diego,LRAD Corp,4520,452030,45,45203010,D,USA,334310,3651,220,925,B-,CA,LRAD CORP,LRAD
22373, , ,5/31/10,San Diego,LRAD Corp,4520,452030,45,45203010,D,USA,334310,3651,220,925,B-,CA,LRAD CORP,LRAD
22373, , ,6/30/10,San Diego,LRAD Corp,4520,452030,45,45203010,D,USA,334310,3651,220,925,B-,CA,LRAD CORP,LRAD
22373, , ,7/31/10,San Diego,LRAD Corp,4520,452030,45,45203010,D,USA,334310,3651,220,925,B-,CA,LRAD CORP,LRAD
22373, , ,8/31/10,San Diego,LRAD Corp,4520,452030,45,45203010,D,USA,334310,3651,220,925,B-,CA,LRAD CORP,LRAD
22373, , ,9/30/10,San Diego,LRAD Corp,4520,452030,45,45203010,D,USA,334310,3651,220,925,B-,CA,LRAD CORP,LRAD
22373, , ,10/31/10,San Diego,LRAD Corp,4520,452030,45,45203010,D,USA,334310,3651,220,925,B-,CA,LRAD CORP,LRAD
22373, , ,11/30/10,San Diego,LRAD Corp,4520,452030,45,45203010,D,USA,334310,3651,220,925,B-,CA,LRAD CORP,LRAD
22373, , ,12/31/10,San Diego,LRAD Corp,4520,452030,45,45203010,D,USA,334310,3651,220,925,B-,CA,LRAD CORP,LRAD
22373, , ,1/31/11,San Diego,LRAD Corp,4520,452030,45,45203010,D,USA,334310,3651,220,925,B-,CA,LRAD CORP,LRAD
22373, , ,2/28/11,San Diego,LRAD Corp,4520,452030,45,45203010,D,USA,334310,3651,220,925,B-,CA,LRAD CORP,LRAD
22373, , ,3/31/11,San Diego,LRAD Corp,4520,452030,45,45203010,D,USA,334310,3651,220,925,B-,CA,LRAD CORP,LRAD
22373, , ,4/30/11,San Diego,LRAD Corp,4520,452030,45,45203010,D,USA,334310,3651,220,925,B-,CA,LRAD CORP,LRAD
22373, , ,5/31/11,San Diego,LRAD Corp,4520,452030,45,45203010,D,USA,334310,3651,220,925,B-,CA,LRAD CORP,LRAD
22373, , ,6/30/11,San Diego,LRAD Corp,4520,452030,45,45203010,D,USA,334310,3651,220,925,B-,CA,LRAD CORP,LRAD
22373, , ,7/31/11,San Diego,LRAD Corp,4520,452030,45,45203010,D,USA,334310,3651,220,925,B-,CA,LRAD CORP,LRAD
22373, , ,8/31/11,San Diego,LRAD Corp,4520,452030,45,45203010,D,USA,334310,3651,220,925,B-,CA,LRAD CORP,LRAD
22373, , ,9/30/11,San Diego,LRAD Corp,4520,452030,45,45203010,D,USA,334310,3651,220,925,B-,CA,LRAD CORP,LRAD
22373, , ,10/31/11,San Diego,LRAD Corp,4520,452030,45,45203010,D,USA,334310,3651,220,925,B-,CA,LRAD CORP,LRAD
22373, , ,11/30/11,San Diego,LRAD Corp,4520,452030,45,45203010,D,USA,334310,3651,220,925,B-,CA,LRAD CORP,LRAD
22373, , ,12/31/11,San Diego,LRAD Corp,4520,452030,45,45203010,D,USA,334310,3651,220,925,B-,CA,LRAD CORP,LRAD
22373, , ,1/31/12,San Diego,LRAD Corp,4520,452030,45,45203010,D,USA,334310,3651,220,925,B-,CA,LRAD CORP,LRAD
22373, , ,2/29/12,San Diego,LRAD Corp,4520,452030,45,45203010,D,USA,334310,3651,220,925,B-,CA,LRAD CORP,LRAD
22373, , ,3/31/12,San Diego,LRAD Corp,4520,452030,45,45203010,D,USA,334310,3651,220,925,B-,CA,LRAD CORP,LRAD
22373, , ,4/30/12,San Diego,LRAD Corp,4520,452030,45,45203010,D,USA,334310,3651,220,925,B-,CA,LRAD CORP,LRAD
22373, , ,5/31/12,San Diego,LRAD Corp,4520,452030,45,45203010,D,USA,334310,3651,220,925,B-,CA,LRAD CORP,LRAD
22373, , ,6/30/12,San Diego,LRAD Corp,4520,452030,45,45203010,D,USA,334310,3651,220,925,B-,CA,LRAD CORP,LRAD
22373, , ,7/31/12,San Diego,LRAD Corp,4520,452030,45,45203010,D,USA,334310,3651,220,925,B-,CA,LRAD CORP,LRAD
22373, , ,8/31/12,San Diego,LRAD Corp,4520,452030,45,45203010,D,USA,334310,3651,220,925,B-,CA,LRAD CORP,LRAD
22373, , ,9/30/12,San Diego,LRAD Corp,4520,452030,45,45203010,D,USA,334310,3651,220,925,B-,CA,LRAD CORP,LRAD
22373, , ,10/31/12,San Diego,LRAD Corp,4520,452030,45,45203010,D,USA,334310,3651,220,925,B-,CA,LRAD CORP,LRAD
22373, , ,11/30/12,San Diego,LRAD Corp,4520,452030,45,45203010,D,USA,334310,3651,220,925,B-,CA,LRAD CORP,LRAD
22373, , ,12/31/12,San Diego,LRAD Corp,4520,452030,45,45203010,D,USA,334310,3651,220,925,B-,CA,LRAD CORP,LRAD
22373, , ,1/31/13,San Diego,LRAD Corp,4520,452030,45,45203010,D,USA,334310,3651,220,925,B-,CA,LRAD CORP,LRAD
22373, , ,2/28/13,San Diego,LRAD Corp,4520,452030,45,45203010,D,USA,334310,3651,220,925,B-,CA,LRAD CORP,LRAD
22373, , ,3/31/13,San Diego,LRAD Corp,4520,452030,45,45203010,D,USA,334310,3651,220,925,B-,CA,LRAD CORP,LRAD
22373, , ,4/30/13,San Diego,LRAD Corp,4520,452030,45,45203010,D,USA,334310,3651,220,925,B-,CA,LRAD CORP,LRAD
22373, , ,5/31/13,San Diego,LRAD Corp,4520,452030,45,45203010,D,USA,334310,3651,220,925,B-,CA,LRAD CORP,LRAD
22373, , ,6/30/13,San Diego,LRAD Corp,4520,452030,45,45203010,D,USA,334310,3651,220,925,B-,CA,LRAD CORP,LRAD
22373, , ,7/31/13,San Diego,LRAD Corp,4520,452030,45,45203010,D,USA,334310,3651,220,925,B-,CA,LRAD CORP,LRAD
22373, , ,8/31/13,San Diego,LRAD Corp,4520,452030,45,45203010,D,USA,334310,3651,220,925,B-,CA,LRAD CORP,LRAD
22373, , ,9/30/13,San Diego,LRAD Corp,4520,452030,45,45203010,D,USA,334310,3651,220,925,B-,CA,LRAD CORP,LRAD
22373, , ,10/31/13,San Diego,LRAD Corp,4520,452030,45,45203010,D,USA,334310,3651,220,925,B-,CA,LRAD CORP,LRAD
22729, , ,1/31/10,Mankato,Winland Electronics Inc.,4520,452030,45,45203010,D,USA,334519,3829,230,940,C,MN,WINLAND ELECTRONICS INC,WELX
22729, , ,2/28/10,Mankato,Winland Electronics Inc.,4520,452030,45,45203010,D,USA,334519,3829,230,940,C,MN,WINLAND ELECTRONICS INC,WELX
22729, , ,3/31/10,Mankato,Winland Electronics Inc.,4520,452030,45,45203010,D,USA,334519,3829,230,940,C,MN,WINLAND ELECTRONICS INC,WELX
22729, , ,4/30/10,Mankato,Winland Electronics Inc.,4520,452030,45,45203010,D,USA,334519,3829,230,940,C,MN,WINLAND ELECTRONICS INC,WELX
22729, , ,5/31/10,Mankato,Winland Electronics Inc.,4520,452030,45,45203010,D,USA,334519,3829,230,940,C,MN,WINLAND ELECTRONICS INC,WELX
22729, , ,6/30/10,Mankato,Winland Electronics Inc.,4520,452030,45,45203010,D,USA,334519,3829,230,940,C,MN,WINLAND ELECTRONICS INC,WELX
22729, , ,7/31/10,Mankato,Winland Electronics Inc.,4520,452030,45,45203010,D,USA,334519,3829,230,940,C,MN,WINLAND ELECTRONICS INC,WELX
22729, , ,8/31/10,Mankato,Winland Electronics Inc.,4520,452030,45,45203010,D,USA,334519,3829,230,940,C,MN,WINLAND ELECTRONICS INC,WELX
22729, , ,9/30/10,Mankato,Winland Electronics Inc.,4520,452030,45,45203010,D,USA,334519,3829,230,940,C,MN,WINLAND ELECTRONICS INC,WELX
22729, , ,10/31/10,Mankato,Winland Electronics Inc.,4520,452030,45,45203010,D,USA,334519,3829,230,940,C,MN,WINLAND ELECTRONICS INC,WELX
22729, , ,11/30/10,Mankato,Winland Electronics Inc.,4520,452030,45,45203010,D,USA,334519,3829,230,940,C,MN,WINLAND ELECTRONICS INC,WELX
22729, , ,12/31/10,Mankato,Winland Electronics Inc.,4520,452030,45,45203010,D,USA,334519,3829,230,940,C,MN,WINLAND ELECTRONICS INC,WELX
22729, , ,1/31/11,Mankato,Winland Electronics Inc.,4520,452030,45,45203010,D,USA,334519,3829,230,940,C,MN,WINLAND ELECTRONICS INC,WELX
22729, , ,2/28/11,Mankato,Winland Electronics Inc.,4520,452030,45,45203010,D,USA,334519,3829,230,940,C,MN,WINLAND ELECTRONICS INC,WELX
22729, , ,3/31/11,Mankato,Winland Electronics Inc.,4520,452030,45,45203010,D,USA,334519,3829,230,940,C,MN,WINLAND ELECTRONICS INC,WELX
22729, , ,4/30/11,Mankato,Winland Electronics Inc.,4520,452030,45,45203010,D,USA,334519,3829,230,940,C,MN,WINLAND ELECTRONICS INC,WELX
22729, , ,5/31/11,Mankato,Winland Electronics Inc.,4520,452030,45,45203010,D,USA,334519,3829,230,940,C,MN,WINLAND ELECTRONICS INC,WELX
22729, , ,6/30/11,Mankato,Winland Electronics Inc.,4520,452030,45,45203010,D,USA,334519,3829,230,940,C,MN,WINLAND ELECTRONICS INC,WELX
22729, , ,7/31/11,Mankato,Winland Electronics Inc.,4520,452030,45,45203010,D,USA,334519,3829,230,940,C,MN,WINLAND ELECTRONICS INC,WELX
22729, , ,8/31/11,Mankato,Winland Electronics Inc.,4520,452030,45,45203010,D,USA,334519,3829,230,940,C,MN,WINLAND ELECTRONICS INC,WELX
22729, , ,9/30/11,Mankato,Winland Electronics Inc.,4520,452030,45,45203010,D,USA,334519,3829,230,940,C,MN,WINLAND ELECTRONICS INC,WELX
22729, , ,10/31/11,Mankato,Winland Electronics Inc.,4520,452030,45,45203010,D,USA,334519,3829,230,940,C,MN,WINLAND ELECTRONICS INC,WELX
22729, , ,11/30/11,Mankato,Winland Electronics Inc.,4520,452030,45,45203010,D,USA,334519,3829,230,940,C,MN,WINLAND ELECTRONICS INC,WELX
22729, , ,12/31/11,Mankato,Winland Electronics Inc.,4520,452030,45,45203010,D,USA,334519,3829,230,940,C,MN,WINLAND ELECTRONICS INC,WELX
22729, , ,1/31/12,Mankato,Winland Electronics Inc.,4520,452030,45,45203010,D,USA,334519,3829,230,940,C,MN,WINLAND ELECTRONICS INC,WELX
22729, , ,2/29/12,Mankato,Winland Electronics Inc.,4520,452030,45,45203010,D,USA,334519,3829,230,940,C,MN,WINLAND ELECTRONICS INC,WELX
22729, , ,3/31/12,Mankato,Winland Electronics Inc.,4520,452030,45,45203010,D,USA,334519,3829,230,940,C,MN,WINLAND ELECTRONICS INC,WELX
22729, , ,4/30/12,Mankato,Winland Electronics Inc.,4520,452030,45,45203010,D,USA,334519,3829,230,940,C,MN,WINLAND ELECTRONICS INC,WELX
22729, , ,5/31/12,Mankato,Winland Electronics Inc.,4520,452030,45,45203010,D,USA,334519,3829,230,940,C,MN,WINLAND ELECTRONICS INC,WELX
22729, , ,6/30/12,Mankato,Winland Electronics Inc.,4520,452030,45,45203010,D,USA,334519,3829,230,940,C,MN,WINLAND ELECTRONICS INC,WELX
22729, , ,7/31/12,Mankato,Winland Electronics Inc.,4520,452030,45,45203010,D,USA,334519,3829,230,940,C,MN,WINLAND ELECTRONICS INC,WELX
22729, , ,8/31/12,Mankato,Winland Electronics Inc.,4520,452030,45,45203010,D,USA,334519,3829,230,940,C,MN,WINLAND ELECTRONICS INC,WELX
22729, , ,9/30/12,Mankato,Winland Electronics Inc.,4520,452030,45,45203010,D,USA,334519,3829,230,940,C,MN,WINLAND ELECTRONICS INC,WELX
22729, , ,10/31/12,Mankato,Winland Electronics Inc.,4520,452030,45,45203010,D,USA,334519,3829,230,940,C,MN,WINLAND ELECTRONICS INC,WELX
22729, , ,11/30/12,Mankato,Winland Electronics Inc.,4520,452030,45,45203010,D,USA,334519,3829,230,940,C,MN,WINLAND ELECTRONICS INC,WELX
22729, , ,12/31/12,Mankato,Winland Electronics Inc.,4520,452030,45,45203010,D,USA,334519,3829,230,940,C,MN,WINLAND ELECTRONICS INC,WELX
22729, , ,1/31/13,Mankato,Winland Electronics Inc.,4520,452030,45,45203010,D,USA,334519,3829,230,940,C,MN,WINLAND ELECTRONICS INC,WELX
22729, , ,2/28/13,Mankato,Winland Electronics Inc.,4520,452030,45,45203010,D,USA,334519,3829,230,940,C,MN,WINLAND ELECTRONICS INC,WELX
22729, , ,3/31/13,Mankato,Winland Electronics Inc.,4520,452030,45,45203010,D,USA,334519,3829,230,940,C,MN,WINLAND ELECTRONICS INC,WELX
22729, , ,4/30/13,Mankato,Winland Electronics Inc.,4520,452030,45,45203010,D,USA,334519,3829,230,940,C,MN,WINLAND ELECTRONICS INC,WELX
22729, , ,5/31/13,Mankato,Winland Electronics Inc.,4520,452030,45,45203010,D,USA,334519,3829,230,940,C,MN,WINLAND ELECTRONICS INC,WELX
22729, , ,6/30/13,Mankato,Winland Electronics Inc.,4520,452030,45,45203010,D,USA,334519,3829,230,940,C,MN,WINLAND ELECTRONICS INC,WELX
22729, , ,7/31/13,Mankato,Winland Electronics Inc.,4520,452030,45,45203010,D,USA,334519,3829,230,940,C,MN,WINLAND ELECTRONICS INC,WELX
22729, , ,8/31/13,Mankato,Winland Electronics Inc.,4520,452030,45,45203010,D,USA,334519,3829,230,940,C,MN,WINLAND ELECTRONICS INC,WELX
22729, , ,9/30/13,Mankato,Winland Electronics Inc.,4520,452030,45,45203010,D,USA,334519,3829,230,940,C,MN,WINLAND ELECTRONICS INC,WELX
22729, , ,10/31/13,Mankato,Winland Electronics Inc.,4520,452030,45,45203010,D,USA,334519,3829,230,940,C,MN,WINLAND ELECTRONICS INC,WELX
22815, , ,1/31/10,Sunnyvale,Trimble Navigation Ltd,4520,452030,45,45203020,D,USA,334519,3829,230,940,B+,CA,TRIMBLE NAVIGATION LTD,TRMB
22815, , ,2/28/10,Sunnyvale,Trimble Navigation Ltd,4520,452030,45,45203020,D,USA,334519,3829,230,940,B+,CA,TRIMBLE NAVIGATION LTD,TRMB
22815, , ,3/31/10,Sunnyvale,Trimble Navigation Ltd,4520,452030,45,45203020,D,USA,334519,3829,230,940,B+,CA,TRIMBLE NAVIGATION LTD,TRMB
22815, , ,4/30/10,Sunnyvale,Trimble Navigation Ltd,4520,452030,45,45203020,D,USA,334519,3829,230,940,B+,CA,TRIMBLE NAVIGATION LTD,TRMB
22815, , ,5/31/10,Sunnyvale,Trimble Navigation Ltd,4520,452030,45,45203020,D,USA,334519,3829,230,940,B+,CA,TRIMBLE NAVIGATION LTD,TRMB
22815, , ,6/30/10,Sunnyvale,Trimble Navigation Ltd,4520,452030,45,45203020,D,USA,334519,3829,230,940,B+,CA,TRIMBLE NAVIGATION LTD,TRMB
22815, , ,7/31/10,Sunnyvale,Trimble Navigation Ltd,4520,452030,45,45203020,D,USA,334519,3829,230,940,B+,CA,TRIMBLE NAVIGATION LTD,TRMB
22815, , ,8/31/10,Sunnyvale,Trimble Navigation Ltd,4520,452030,45,45203020,D,USA,334519,3829,230,940,B+,CA,TRIMBLE NAVIGATION LTD,TRMB
22815, , ,9/30/10,Sunnyvale,Trimble Navigation Ltd,4520,452030,45,45203020,D,USA,334519,3829,230,940,B+,CA,TRIMBLE NAVIGATION LTD,TRMB
22815, , ,10/31/10,Sunnyvale,Trimble Navigation Ltd,4520,452030,45,45203020,D,USA,334519,3829,230,940,B+,CA,TRIMBLE NAVIGATION LTD,TRMB
22815, , ,11/30/10,Sunnyvale,Trimble Navigation Ltd,4520,452030,45,45203020,D,USA,334519,3829,230,940,B+,CA,TRIMBLE NAVIGATION LTD,TRMB
22815, , ,12/31/10,Sunnyvale,Trimble Navigation Ltd,4520,452030,45,45203020,D,USA,334519,3829,230,940,B+,CA,TRIMBLE NAVIGATION LTD,TRMB
22815, , ,1/31/11,Sunnyvale,Trimble Navigation Ltd,4520,452030,45,45203020,D,USA,334519,3829,230,940,B+,CA,TRIMBLE NAVIGATION LTD,TRMB
22815, , ,2/28/11,Sunnyvale,Trimble Navigation Ltd,4520,452030,45,45203020,D,USA,334519,3829,230,940,B+,CA,TRIMBLE NAVIGATION LTD,TRMB
22815, , ,3/31/11,Sunnyvale,Trimble Navigation Ltd,4520,452030,45,45203020,D,USA,334519,3829,230,940,B+,CA,TRIMBLE NAVIGATION LTD,TRMB
22815, , ,4/30/11,Sunnyvale,Trimble Navigation Ltd,4520,452030,45,45203020,D,USA,334519,3829,230,940,B+,CA,TRIMBLE NAVIGATION LTD,TRMB
22815, , ,5/31/11,Sunnyvale,Trimble Navigation Ltd,4520,452030,45,45203020,D,USA,334519,3829,230,940,B+,CA,TRIMBLE NAVIGATION LTD,TRMB
22815, , ,6/30/11,Sunnyvale,Trimble Navigation Ltd,4520,452030,45,45203020,D,USA,334519,3829,230,940,B+,CA,TRIMBLE NAVIGATION LTD,TRMB
22815, , ,7/31/11,Sunnyvale,Trimble Navigation Ltd,4520,452030,45,45203020,D,USA,334519,3829,230,940,B+,CA,TRIMBLE NAVIGATION LTD,TRMB
22815, , ,8/31/11,Sunnyvale,Trimble Navigation Ltd,4520,452030,45,45203020,D,USA,334519,3829,230,940,B+,CA,TRIMBLE NAVIGATION LTD,TRMB
22815, , ,9/30/11,Sunnyvale,Trimble Navigation Ltd,4520,452030,45,45203020,D,USA,334519,3829,230,940,B+,CA,TRIMBLE NAVIGATION LTD,TRMB
22815, , ,10/31/11,Sunnyvale,Trimble Navigation Ltd,4520,452030,45,45203020,D,USA,334519,3829,230,940,B+,CA,TRIMBLE NAVIGATION LTD,TRMB
22815, , ,11/30/11,Sunnyvale,Trimble Navigation Ltd,4520,452030,45,45203020,D,USA,334519,3829,230,940,B+,CA,TRIMBLE NAVIGATION LTD,TRMB
22815, , ,12/31/11,Sunnyvale,Trimble Navigation Ltd,4520,452030,45,45203020,D,USA,334519,3829,230,940,B+,CA,TRIMBLE NAVIGATION LTD,TRMB
22815, , ,1/31/12,Sunnyvale,Trimble Navigation Ltd,4520,452030,45,45203020,D,USA,334519,3829,230,940,B+,CA,TRIMBLE NAVIGATION LTD,TRMB
22815, , ,2/29/12,Sunnyvale,Trimble Navigation Ltd,4520,452030,45,45203020,D,USA,334519,3829,230,940,B+,CA,TRIMBLE NAVIGATION LTD,TRMB
22815, , ,3/31/12,Sunnyvale,Trimble Navigation Ltd,4520,452030,45,45203020,D,USA,334519,3829,230,940,B+,CA,TRIMBLE NAVIGATION LTD,TRMB
22815, , ,4/30/12,Sunnyvale,Trimble Navigation Ltd,4520,452030,45,45203020,D,USA,334519,3829,230,940,B+,CA,TRIMBLE NAVIGATION LTD,TRMB
22815, , ,5/31/12,Sunnyvale,Trimble Navigation Ltd,4520,452030,45,45203020,D,USA,334519,3829,230,940,B+,CA,TRIMBLE NAVIGATION LTD,TRMB
22815, , ,6/30/12,Sunnyvale,Trimble Navigation Ltd,4520,452030,45,45203020,D,USA,334519,3829,230,940,B+,CA,TRIMBLE NAVIGATION LTD,TRMB
22815, , ,7/31/12,Sunnyvale,Trimble Navigation Ltd,4520,452030,45,45203020,D,USA,334519,3829,230,940,B+,CA,TRIMBLE NAVIGATION LTD,TRMB
22815, , ,8/31/12,Sunnyvale,Trimble Navigation Ltd,4520,452030,45,45203020,D,USA,334519,3829,230,940,B+,CA,TRIMBLE NAVIGATION LTD,TRMB
22815, , ,9/30/12,Sunnyvale,Trimble Navigation Ltd,4520,452030,45,45203020,D,USA,334519,3829,230,940,B+,CA,TRIMBLE NAVIGATION LTD,TRMB
22815, , ,10/31/12,Sunnyvale,Trimble Navigation Ltd,4520,452030,45,45203020,D,USA,334519,3829,230,940,B+,CA,TRIMBLE NAVIGATION LTD,TRMB
22815, , ,11/30/12,Sunnyvale,Trimble Navigation Ltd,4520,452030,45,45203020,D,USA,334519,3829,230,940,B+,CA,TRIMBLE NAVIGATION LTD,TRMB
22815, , ,12/31/12,Sunnyvale,Trimble Navigation Ltd,4520,452030,45,45203020,D,USA,334519,3829,230,940,B+,CA,TRIMBLE NAVIGATION LTD,TRMB
22815, , ,1/31/13,Sunnyvale,Trimble Navigation Ltd,4520,452030,45,45203020,D,USA,334519,3829,230,940,B+,CA,TRIMBLE NAVIGATION LTD,TRMB
22815, , ,2/28/13,Sunnyvale,Trimble Navigation Ltd,4520,452030,45,45203020,D,USA,334519,3829,230,940,B+,CA,TRIMBLE NAVIGATION LTD,TRMB
22815, , ,3/31/13,Sunnyvale,Trimble Navigation Ltd,4520,452030,45,45203020,D,USA,334519,3829,230,940,B+,CA,TRIMBLE NAVIGATION LTD,TRMB
22815, , ,4/30/13,Sunnyvale,Trimble Navigation Ltd,4520,452030,45,45203020,D,USA,334519,3829,230,940,B+,CA,TRIMBLE NAVIGATION LTD,TRMB
22815, , ,5/31/13,Sunnyvale,Trimble Navigation Ltd,4520,452030,45,45203020,D,USA,334519,3829,230,940,B+,CA,TRIMBLE NAVIGATION LTD,TRMB
22815, , ,6/30/13,Sunnyvale,Trimble Navigation Ltd,4520,452030,45,45203020,D,USA,334519,3829,230,940,B+,CA,TRIMBLE NAVIGATION LTD,TRMB
22815, , ,7/31/13,Sunnyvale,Trimble Navigation Ltd,4520,452030,45,45203020,D,USA,334519,3829,230,940,B+,CA,TRIMBLE NAVIGATION LTD,TRMB
22815, , ,8/31/13,Sunnyvale,Trimble Navigation Ltd,4520,452030,45,45203020,D,USA,334519,3829,230,940,B+,CA,TRIMBLE NAVIGATION LTD,TRMB
22815, , ,9/30/13,Sunnyvale,Trimble Navigation Ltd,4520,452030,45,45203020,D,USA,334519,3829,230,940,B+,CA,TRIMBLE NAVIGATION LTD,TRMB
22815, , ,10/31/13,Sunnyvale,Trimble Navigation Ltd,4520,452030,45,45203020,D,USA,334519,3829,230,940,B+,CA,TRIMBLE NAVIGATION LTD,TRMB
23051, , ,1/31/10,Bloomington,Global Maintech Corp,4520,452020,45,45202010,D,USA,334111,3571,190,940, ,MN,GLOBAL MAINTECH CORP,GBMT
23051, , ,2/28/10,Bloomington,Global Maintech Corp,4520,452020,45,45202010,D,USA,334111,3571,190,940, ,MN,GLOBAL MAINTECH CORP,GBMT
23051, , ,3/31/10,Bloomington,Global Maintech Corp,4520,452020,45,45202010,D,USA,334111,3571,190,940, ,MN,GLOBAL MAINTECH CORP,GBMT
23084,BB-, ,1/31/10,Angleton,Benchmark Electronics Inc,4520,452030,45,45203020,D,USA,334412,3672,220,925,B,TX,BENCHMARK ELECTRONICS INC,BHE
23084,BB-, ,2/28/10,Angleton,Benchmark Electronics Inc,4520,452030,45,45203020,D,USA,334412,3672,220,925,B,TX,BENCHMARK ELECTRONICS INC,BHE
23084,BB-, ,3/31/10,Angleton,Benchmark Electronics Inc,4520,452030,45,45203020,D,USA,334412,3672,220,925,B,TX,BENCHMARK ELECTRONICS INC,BHE
23084,BB-, ,4/30/10,Angleton,Benchmark Electronics Inc,4520,452030,45,45203020,D,USA,334412,3672,220,925,B,TX,BENCHMARK ELECTRONICS INC,BHE
23084,BB-, ,5/31/10,Angleton,Benchmark Electronics Inc,4520,452030,45,45203020,D,USA,334412,3672,220,925,B,TX,BENCHMARK ELECTRONICS INC,BHE
23084,BB-, ,6/30/10,Angleton,Benchmark Electronics Inc,4520,452030,45,45203020,D,USA,334412,3672,220,925,B,TX,BENCHMARK ELECTRONICS INC,BHE
23084,BB-, ,7/31/10,Angleton,Benchmark Electronics Inc,4520,452030,45,45203020,D,USA,334412,3672,220,925,B,TX,BENCHMARK ELECTRONICS INC,BHE
23084,BB-, ,8/31/10,Angleton,Benchmark Electronics Inc,4520,452030,45,45203020,D,USA,334412,3672,220,925,B,TX,BENCHMARK ELECTRONICS INC,BHE
23084,BB-, ,9/30/10,Angleton,Benchmark Electronics Inc,4520,452030,45,45203020,D,USA,334412,3672,220,925,B,TX,BENCHMARK ELECTRONICS INC,BHE
23084,BB-, ,10/31/10,Angleton,Benchmark Electronics Inc,4520,452030,45,45203020,D,USA,334412,3672,220,925,B,TX,BENCHMARK ELECTRONICS INC,BHE
23084,BB-, ,11/30/10,Angleton,Benchmark Electronics Inc,4520,452030,45,45203020,D,USA,334412,3672,220,925,B,TX,BENCHMARK ELECTRONICS INC,BHE
23084,BB-, ,12/31/10,Angleton,Benchmark Electronics Inc,4520,452030,45,45203020,D,USA,334412,3672,220,925,B,TX,BENCHMARK ELECTRONICS INC,BHE
23084,BB-, ,1/31/11,Angleton,Benchmark Electronics Inc,4520,452030,45,45203020,D,USA,334412,3672,220,925,B,TX,BENCHMARK ELECTRONICS INC,BHE
23084,BB-, ,2/28/11,Angleton,Benchmark Electronics Inc,4520,452030,45,45203020,D,USA,334412,3672,220,925,B,TX,BENCHMARK ELECTRONICS INC,BHE
23084,BB-, ,3/31/11,Angleton,Benchmark Electronics Inc,4520,452030,45,45203020,D,USA,334412,3672,220,925,B,TX,BENCHMARK ELECTRONICS INC,BHE
23084,BB-, ,4/30/11,Angleton,Benchmark Electronics Inc,4520,452030,45,45203020,D,USA,334412,3672,220,925,B,TX,BENCHMARK ELECTRONICS INC,BHE
23084,BB-, ,5/31/11,Angleton,Benchmark Electronics Inc,4520,452030,45,45203020,D,USA,334412,3672,220,925,B,TX,BENCHMARK ELECTRONICS INC,BHE
23084,BB-, ,6/30/11,Angleton,Benchmark Electronics Inc,4520,452030,45,45203020,D,USA,334412,3672,220,925,B,TX,BENCHMARK ELECTRONICS INC,BHE
23084,BB-, ,7/31/11,Angleton,Benchmark Electronics Inc,4520,452030,45,45203020,D,USA,334412,3672,220,925,B,TX,BENCHMARK ELECTRONICS INC,BHE
23084,BB-, ,8/31/11,Angleton,Benchmark Electronics Inc,4520,452030,45,45203020,D,USA,334412,3672,220,925,B,TX,BENCHMARK ELECTRONICS INC,BHE
23084,BB-, ,9/30/11,Angleton,Benchmark Electronics Inc,4520,452030,45,45203020,D,USA,334412,3672,220,925,B,TX,BENCHMARK ELECTRONICS INC,BHE
23084,BB-, ,10/31/11,Angleton,Benchmark Electronics Inc,4520,452030,45,45203020,D,USA,334412,3672,220,925,B,TX,BENCHMARK ELECTRONICS INC,BHE
23084,BB-, ,11/30/11,Angleton,Benchmark Electronics Inc,4520,452030,45,45203020,D,USA,334412,3672,220,925,B,TX,BENCHMARK ELECTRONICS INC,BHE
23084,BB-, ,12/31/11,Angleton,Benchmark Electronics Inc,4520,452030,45,45203020,D,USA,334412,3672,220,925,B,TX,BENCHMARK ELECTRONICS INC,BHE
23084,BB-, ,1/31/12,Angleton,Benchmark Electronics Inc,4520,452030,45,45203020,D,USA,334412,3672,220,925,B,TX,BENCHMARK ELECTRONICS INC,BHE
23084,BB-, ,2/29/12,Angleton,Benchmark Electronics Inc,4520,452030,45,45203020,D,USA,334412,3672,220,925,B,TX,BENCHMARK ELECTRONICS INC,BHE
23084,BB-, ,3/31/12,Angleton,Benchmark Electronics Inc,4520,452030,45,45203020,D,USA,334412,3672,220,925,B,TX,BENCHMARK ELECTRONICS INC,BHE
23084,BB-, ,4/30/12,Angleton,Benchmark Electronics Inc,4520,452030,45,45203020,D,USA,334412,3672,220,925,B,TX,BENCHMARK ELECTRONICS INC,BHE
23084,BB-, ,5/31/12,Angleton,Benchmark Electronics Inc,4520,452030,45,45203020,D,USA,334412,3672,220,925,B,TX,BENCHMARK ELECTRONICS INC,BHE
23084,BB-, ,6/30/12,Angleton,Benchmark Electronics Inc,4520,452030,45,45203020,D,USA,334412,3672,220,925,B,TX,BENCHMARK ELECTRONICS INC,BHE
23084,BB-, ,7/31/12,Angleton,Benchmark Electronics Inc,4520,452030,45,45203020,D,USA,334412,3672,220,925,B,TX,BENCHMARK ELECTRONICS INC,BHE
23084,BB-, ,8/31/12,Angleton,Benchmark Electronics Inc,4520,452030,45,45203020,D,USA,334412,3672,220,925,B,TX,BENCHMARK ELECTRONICS INC,BHE
23084,BB-, ,9/30/12,Angleton,Benchmark Electronics Inc,4520,452030,45,45203020,D,USA,334412,3672,220,925,B,TX,BENCHMARK ELECTRONICS INC,BHE
23084,BB-, ,10/31/12,Angleton,Benchmark Electronics Inc,4520,452030,45,45203020,D,USA,334412,3672,220,925,B,TX,BENCHMARK ELECTRONICS INC,BHE
23084,BB-, ,11/30/12,Angleton,Benchmark Electronics Inc,4520,452030,45,45203020,D,USA,334412,3672,220,925,B,TX,BENCHMARK ELECTRONICS INC,BHE
23084,BB-, ,12/31/12,Angleton,Benchmark Electronics Inc,4520,452030,45,45203020,D,USA,334412,3672,220,925,B,TX,BENCHMARK ELECTRONICS INC,BHE
23084,BB-, ,1/31/13,Angleton,Benchmark Electronics Inc,4520,452030,45,45203020,D,USA,334412,3672,220,925,B,TX,BENCHMARK ELECTRONICS INC,BHE
23084,BB-, ,2/28/13,Angleton,Benchmark Electronics Inc,4520,452030,45,45203020,D,USA,334412,3672,220,925,B,TX,BENCHMARK ELECTRONICS INC,BHE
23084,BB-, ,3/31/13,Angleton,Benchmark Electronics Inc,4520,452030,45,45203020,D,USA,334412,3672,220,925,B,TX,BENCHMARK ELECTRONICS INC,BHE
23084,BB-, ,4/30/13,Angleton,Benchmark Electronics Inc,4520,452030,45,45203020,D,USA,334412,3672,220,925,B,TX,BENCHMARK ELECTRONICS INC,BHE
23084,BB-, ,5/31/13,Angleton,Benchmark Electronics Inc,4520,452030,45,45203020,D,USA,334412,3672,220,925,B,TX,BENCHMARK ELECTRONICS INC,BHE
23084,BB-, ,6/30/13,Angleton,Benchmark Electronics Inc,4520,452030,45,45203020,D,USA,334412,3672,220,925,B,TX,BENCHMARK ELECTRONICS INC,BHE
23084,BB-, ,7/31/13,Angleton,Benchmark Electronics Inc,4520,452030,45,45203020,D,USA,334412,3672,220,925,B,TX,BENCHMARK ELECTRONICS INC,BHE
23084,BB-, ,8/31/13,Angleton,Benchmark Electronics Inc,4520,452030,45,45203020,D,USA,334412,3672,220,925,B,TX,BENCHMARK ELECTRONICS INC,BHE
23084,BB-, ,9/30/13,Angleton,Benchmark Electronics Inc,4520,452030,45,45203020,D,USA,334412,3672,220,925,B,TX,BENCHMARK ELECTRONICS INC,BHE
23084,BB-, ,10/31/13,Angleton,Benchmark Electronics Inc,4520,452030,45,45203020,D,USA,334412,3672,220,925,B,TX,BENCHMARK ELECTRONICS INC,BHE
23084,BB-, ,11/30/13,Angleton,Benchmark Electronics Inc,4520,452030,45,45203020,D,USA,334412,3672,220,925,B,TX,BENCHMARK ELECTRONICS INC,BHE
23084,BB-, ,12/31/13,Angleton,Benchmark Electronics Inc,4520,452030,45,45203020,D,USA,334412,3672,220,925,B,TX,BENCHMARK ELECTRONICS INC,BHE
23084,BB-, ,1/31/14,Angleton,Benchmark Electronics Inc,4520,452030,45,45203020,D,USA,334412,3672,220,925,B,TX,BENCHMARK ELECTRONICS INC,BHE
23084,BB, ,2/28/14,Angleton,Benchmark Electronics Inc,4520,452030,45,45203020,D,USA,334412,3672,220,925,B,TX,BENCHMARK ELECTRONICS INC,BHE
23084,BB, ,3/31/14,Angleton,Benchmark Electronics Inc,4520,452030,45,45203020,D,USA,334412,3672,220,925,B,TX,BENCHMARK ELECTRONICS INC,BHE
23084,BB, ,4/30/14,Angleton,Benchmark Electronics Inc,4520,452030,45,45203020,D,USA,334412,3672,220,925,B,TX,BENCHMARK ELECTRONICS INC,BHE
23084,BB, ,5/31/14,Angleton,Benchmark Electronics Inc,4520,452030,45,45203020,D,USA,334412,3672,220,925,B,TX,BENCHMARK ELECTRONICS INC,BHE
23084,BB, ,6/30/14,Angleton,Benchmark Electronics Inc,4520,452030,45,45203020,D,USA,334412,3672,220,925,B,TX,BENCHMARK ELECTRONICS INC,BHE
23170, , ,1/31/10,Richmond,Norsat International Inc,4520,452010,45,45201020,D,CAN,334220,3663,180,940,B-,BC,NORSAT INTL INC,3NSATF
23170, , ,2/28/10,Richmond,Norsat International Inc,4520,452010,45,45201020,D,CAN,334220,3663,180,940,B-,BC,NORSAT INTL INC,3NSATF
23170, , ,3/31/10,Richmond,Norsat International Inc,4520,452010,45,45201020,D,CAN,334220,3663,180,940,B-,BC,NORSAT INTL INC,3NSATF
23170, , ,4/30/10,Richmond,Norsat International Inc,4520,452010,45,45201020,D,CAN,334220,3663,180,940,B-,BC,NORSAT INTL INC,3NSATF
23170, , ,5/31/10,Richmond,Norsat International Inc,4520,452010,45,45201020,D,CAN,334220,3663,180,940,B-,BC,NORSAT INTL INC,3NSATF
23170, , ,6/30/10,Richmond,Norsat International Inc,4520,452010,45,45201020,D,CAN,334220,3663,180,940,B-,BC,NORSAT INTL INC,3NSATF
23170, , ,7/31/10,Richmond,Norsat International Inc,4520,452010,45,45201020,D,CAN,334220,3663,180,940,B-,BC,NORSAT INTL INC,3NSATF
23170, , ,8/31/10,Richmond,Norsat International Inc,4520,452010,45,45201020,D,CAN,334220,3663,180,940,B-,BC,NORSAT INTL INC,3NSATF
23170, , ,9/30/10,Richmond,Norsat International Inc,4520,452010,45,45201020,D,CAN,334220,3663,180,940,B-,BC,NORSAT INTL INC,3NSATF
23170, , ,10/31/10,Richmond,Norsat International Inc,4520,452010,45,45201020,D,CAN,334220,3663,180,940,B-,BC,NORSAT INTL INC,3NSATF
23170, , ,11/30/10,Richmond,Norsat International Inc,4520,452010,45,45201020,D,CAN,334220,3663,180,940,B-,BC,NORSAT INTL INC,3NSATF
23170, , ,12/31/10,Richmond,Norsat International Inc,4520,452010,45,45201020,D,CAN,334220,3663,180,940,B-,BC,NORSAT INTL INC,3NSATF
23170, , ,1/31/11,Richmond,Norsat International Inc,4520,452010,45,45201020,D,CAN,334220,3663,180,940,B-,BC,NORSAT INTL INC,3NSATF
23170, , ,2/28/11,Richmond,Norsat International Inc,4520,452010,45,45201020,D,CAN,334220,3663,180,940,B-,BC,NORSAT INTL INC,3NSATF
23170, , ,3/31/11,Richmond,Norsat International Inc,4520,452010,45,45201020,D,CAN,334220,3663,180,940,B-,BC,NORSAT INTL INC,3NSATF
23170, , ,4/30/11,Richmond,Norsat International Inc,4520,452010,45,45201020,D,CAN,334220,3663,180,940,B-,BC,NORSAT INTL INC,3NSATF
23170, , ,5/31/11,Richmond,Norsat International Inc,4520,452010,45,45201020,D,CAN,334220,3663,180,940,B-,BC,NORSAT INTL INC,3NSATF
23170, , ,6/30/11,Richmond,Norsat International Inc,4520,452010,45,45201020,D,CAN,334220,3663,180,940,B-,BC,NORSAT INTL INC,3NSATF
23170, , ,7/31/11,Richmond,Norsat International Inc,4520,452010,45,45201020,D,CAN,334220,3663,180,940,B-,BC,NORSAT INTL INC,3NSATF
23170, , ,8/31/11,Richmond,Norsat International Inc,4520,452010,45,45201020,D,CAN,334220,3663,180,940,B-,BC,NORSAT INTL INC,3NSATF
23170, , ,9/30/11,Richmond,Norsat International Inc,4520,452010,45,45201020,D,CAN,334220,3663,180,940,B-,BC,NORSAT INTL INC,3NSATF
23170, , ,10/31/11,Richmond,Norsat International Inc,4520,452010,45,45201020,D,CAN,334220,3663,180,940,B-,BC,NORSAT INTL INC,3NSATF
23170, , ,11/30/11,Richmond,Norsat International Inc,4520,452010,45,45201020,D,CAN,334220,3663,180,940,B-,BC,NORSAT INTL INC,3NSATF
23170, , ,12/31/11,Richmond,Norsat International Inc,4520,452010,45,45201020,D,CAN,334220,3663,180,940,B-,BC,NORSAT INTL INC,3NSATF
23170, , ,1/31/12,Richmond,Norsat International Inc,4520,452010,45,45201020,D,CAN,334220,3663,180,940,B-,BC,NORSAT INTL INC,3NSATF
23170, , ,2/29/12,Richmond,Norsat International Inc,4520,452010,45,45201020,D,CAN,334220,3663,180,940,B-,BC,NORSAT INTL INC,3NSATF
23170, , ,3/31/12,Richmond,Norsat International Inc,4520,452010,45,45201020,D,CAN,334220,3663,180,940,B-,BC,NORSAT INTL INC,3NSATF
23170, , ,4/30/12,Richmond,Norsat International Inc,4520,452010,45,45201020,D,CAN,334220,3663,180,940,B-,BC,NORSAT INTL INC,3NSATF
23170, , ,5/31/12,Richmond,Norsat International Inc,4520,452010,45,45201020,D,CAN,334220,3663,180,940,B-,BC,NORSAT INTL INC,3NSATF
23170, , ,6/30/12,Richmond,Norsat International Inc,4520,452010,45,45201020,D,CAN,334220,3663,180,940,B-,BC,NORSAT INTL INC,3NSATF
23170, , ,7/31/12,Richmond,Norsat International Inc,4520,452010,45,45201020,D,CAN,334220,3663,180,940,B-,BC,NORSAT INTL INC,3NSATF
23170, , ,8/31/12,Richmond,Norsat International Inc,4520,452010,45,45201020,D,CAN,334220,3663,180,940,B-,BC,NORSAT INTL INC,3NSATF
23170, , ,9/30/12,Richmond,Norsat International Inc,4520,452010,45,45201020,D,CAN,334220,3663,180,940,B-,BC,NORSAT INTL INC,3NSATF
23170, , ,10/31/12,Richmond,Norsat International Inc,4520,452010,45,45201020,D,CAN,334220,3663,180,940,B-,BC,NORSAT INTL INC,3NSATF
23170, , ,11/30/12,Richmond,Norsat International Inc,4520,452010,45,45201020,D,CAN,334220,3663,180,940,B-,BC,NORSAT INTL INC,3NSATF
23170, , ,12/31/12,Richmond,Norsat International Inc,4520,452010,45,45201020,D,CAN,334220,3663,180,940,B-,BC,NORSAT INTL INC,3NSATF
23170, , ,1/31/13,Richmond,Norsat International Inc,4520,452010,45,45201020,D,CAN,334220,3663,180,940,B-,BC,NORSAT INTL INC,3NSATF
23170, , ,2/28/13,Richmond,Norsat International Inc,4520,452010,45,45201020,D,CAN,334220,3663,180,940,B-,BC,NORSAT INTL INC,3NSATF
23170, , ,3/31/13,Richmond,Norsat International Inc,4520,452010,45,45201020,D,CAN,334220,3663,180,940,B-,BC,NORSAT INTL INC,3NSATF
23170, , ,4/30/13,Richmond,Norsat International Inc,4520,452010,45,45201020,D,CAN,334220,3663,180,940,B-,BC,NORSAT INTL INC,3NSATF
23170, , ,5/31/13,Richmond,Norsat International Inc,4520,452010,45,45201020,D,CAN,334220,3663,180,940,B-,BC,NORSAT INTL INC,3NSATF
23170, , ,6/30/13,Richmond,Norsat International Inc,4520,452010,45,45201020,D,CAN,334220,3663,180,940,B-,BC,NORSAT INTL INC,3NSATF
23170, , ,7/31/13,Richmond,Norsat International Inc,4520,452010,45,45201020,D,CAN,334220,3663,180,940,B-,BC,NORSAT INTL INC,3NSATF
23170, , ,8/31/13,Richmond,Norsat International Inc,4520,452010,45,45201020,D,CAN,334220,3663,180,940,B-,BC,NORSAT INTL INC,3NSATF
23170, , ,9/30/13,Richmond,Norsat International Inc,4520,452010,45,45201020,D,CAN,334220,3663,180,940,B-,BC,NORSAT INTL INC,3NSATF
23170, , ,10/31/13,Richmond,Norsat International Inc,4520,452010,45,45201020,D,CAN,334220,3663,180,940,B-,BC,NORSAT INTL INC,3NSATF
23616, , ,1/31/10,Ann Arbor,Advanced Photonix Inc.,4520,452030,45,45203010,D,USA,334413,3674,235,940, ,MI,ADVANCED PHOTONIX INC  -CL A,API
23616, , ,2/28/10,Ann Arbor,Advanced Photonix Inc.,4520,452030,45,45203010,D,USA,334413,3674,235,940, ,MI,ADVANCED PHOTONIX INC  -CL A,API
23616, , ,3/31/10,Ann Arbor,Advanced Photonix Inc.,4520,452030,45,45203010,D,USA,334413,3674,235,940, ,MI,ADVANCED PHOTONIX INC  -CL A,API
23616, , ,4/30/10,Ann Arbor,Advanced Photonix Inc.,4520,452030,45,45203010,D,USA,334413,3674,235,940, ,MI,ADVANCED PHOTONIX INC  -CL A,API
23616, , ,5/31/10,Ann Arbor,Advanced Photonix Inc.,4520,452030,45,45203010,D,USA,334413,3674,235,940, ,MI,ADVANCED PHOTONIX INC  -CL A,API
23616, , ,6/30/10,Ann Arbor,Advanced Photonix Inc.,4520,452030,45,45203010,D,USA,334413,3674,235,940, ,MI,ADVANCED PHOTONIX INC  -CL A,API
23616, , ,7/31/10,Ann Arbor,Advanced Photonix Inc.,4520,452030,45,45203010,D,USA,334413,3674,235,940, ,MI,ADVANCED PHOTONIX INC  -CL A,API
23616, , ,8/31/10,Ann Arbor,Advanced Photonix Inc.,4520,452030,45,45203010,D,USA,334413,3674,235,940, ,MI,ADVANCED PHOTONIX INC  -CL A,API
23616, , ,9/30/10,Ann Arbor,Advanced Photonix Inc.,4520,452030,45,45203010,D,USA,334413,3674,235,940, ,MI,ADVANCED PHOTONIX INC  -CL A,API
23616, , ,10/31/10,Ann Arbor,Advanced Photonix Inc.,4520,452030,45,45203010,D,USA,334413,3674,235,940, ,MI,ADVANCED PHOTONIX INC  -CL A,API
23616, , ,11/30/10,Ann Arbor,Advanced Photonix Inc.,4520,452030,45,45203010,D,USA,334413,3674,235,940, ,MI,ADVANCED PHOTONIX INC  -CL A,API
23616, , ,12/31/10,Ann Arbor,Advanced Photonix Inc.,4520,452030,45,45203010,D,USA,334413,3674,235,940, ,MI,ADVANCED PHOTONIX INC  -CL A,API
23616, , ,1/31/11,Ann Arbor,Advanced Photonix Inc.,4520,452030,45,45203010,D,USA,334413,3674,235,940, ,MI,ADVANCED PHOTONIX INC  -CL A,API
23616, , ,2/28/11,Ann Arbor,Advanced Photonix Inc.,4520,452030,45,45203010,D,USA,334413,3674,235,940, ,MI,ADVANCED PHOTONIX INC  -CL A,API
23616, , ,3/31/11,Ann Arbor,Advanced Photonix Inc.,4520,452030,45,45203010,D,USA,334413,3674,235,940, ,MI,ADVANCED PHOTONIX INC  -CL A,API
23616, , ,4/30/11,Ann Arbor,Advanced Photonix Inc.,4520,452030,45,45203010,D,USA,334413,3674,235,940, ,MI,ADVANCED PHOTONIX INC  -CL A,API
23616, , ,5/31/11,Ann Arbor,Advanced Photonix Inc.,4520,452030,45,45203010,D,USA,334413,3674,235,940, ,MI,ADVANCED PHOTONIX INC  -CL A,API
23616, , ,6/30/11,Ann Arbor,Advanced Photonix Inc.,4520,452030,45,45203010,D,USA,334413,3674,235,940, ,MI,ADVANCED PHOTONIX INC  -CL A,API
23616, , ,7/31/11,Ann Arbor,Advanced Photonix Inc.,4520,452030,45,45203010,D,USA,334413,3674,235,940, ,MI,ADVANCED PHOTONIX INC  -CL A,API
23616, , ,8/31/11,Ann Arbor,Advanced Photonix Inc.,4520,452030,45,45203010,D,USA,334413,3674,235,940, ,MI,ADVANCED PHOTONIX INC  -CL A,API
23616, , ,9/30/11,Ann Arbor,Advanced Photonix Inc.,4520,452030,45,45203010,D,USA,334413,3674,235,940, ,MI,ADVANCED PHOTONIX INC  -CL A,API
23616, , ,10/31/11,Ann Arbor,Advanced Photonix Inc.,4520,452030,45,45203010,D,USA,334413,3674,235,940, ,MI,ADVANCED PHOTONIX INC  -CL A,API
23616, , ,11/30/11,Ann Arbor,Advanced Photonix Inc.,4520,452030,45,45203010,D,USA,334413,3674,235,940, ,MI,ADVANCED PHOTONIX INC  -CL A,API
23616, , ,12/31/11,Ann Arbor,Advanced Photonix Inc.,4520,452030,45,45203010,D,USA,334413,3674,235,940, ,MI,ADVANCED PHOTONIX INC  -CL A,API
23616, , ,1/31/12,Ann Arbor,Advanced Photonix Inc.,4520,452030,45,45203010,D,USA,334413,3674,235,940, ,MI,ADVANCED PHOTONIX INC  -CL A,API
23616, , ,2/29/12,Ann Arbor,Advanced Photonix Inc.,4520,452030,45,45203010,D,USA,334413,3674,235,940, ,MI,ADVANCED PHOTONIX INC  -CL A,API
23616, , ,3/31/12,Ann Arbor,Advanced Photonix Inc.,4520,452030,45,45203010,D,USA,334413,3674,235,940, ,MI,ADVANCED PHOTONIX INC  -CL A,API
23616, , ,4/30/12,Ann Arbor,Advanced Photonix Inc.,4520,452030,45,45203010,D,USA,334413,3674,235,940, ,MI,ADVANCED PHOTONIX INC  -CL A,API
23616, , ,5/31/12,Ann Arbor,Advanced Photonix Inc.,4520,452030,45,45203010,D,USA,334413,3674,235,940, ,MI,ADVANCED PHOTONIX INC  -CL A,API
23616, , ,6/30/12,Ann Arbor,Advanced Photonix Inc.,4520,452030,45,45203010,D,USA,334413,3674,235,940, ,MI,ADVANCED PHOTONIX INC  -CL A,API
23616, , ,7/31/12,Ann Arbor,Advanced Photonix Inc.,4520,452030,45,45203010,D,USA,334413,3674,235,940, ,MI,ADVANCED PHOTONIX INC  -CL A,API
23616, , ,8/31/12,Ann Arbor,Advanced Photonix Inc.,4520,452030,45,45203010,D,USA,334413,3674,235,940, ,MI,ADVANCED PHOTONIX INC  -CL A,API
23616, , ,9/30/12,Ann Arbor,Advanced Photonix Inc.,4520,452030,45,45203010,D,USA,334413,3674,235,940, ,MI,ADVANCED PHOTONIX INC  -CL A,API
23616, , ,10/31/12,Ann Arbor,Advanced Photonix Inc.,4520,452030,45,45203010,D,USA,334413,3674,235,940, ,MI,ADVANCED PHOTONIX INC  -CL A,API
23616, , ,11/30/12,Ann Arbor,Advanced Photonix Inc.,4520,452030,45,45203010,D,USA,334413,3674,235,940, ,MI,ADVANCED PHOTONIX INC  -CL A,API
23616, , ,12/31/12,Ann Arbor,Advanced Photonix Inc.,4520,452030,45,45203010,D,USA,334413,3674,235,940, ,MI,ADVANCED PHOTONIX INC  -CL A,API
23616, , ,1/31/13,Ann Arbor,Advanced Photonix Inc.,4520,452030,45,45203010,D,USA,334413,3674,235,940, ,MI,ADVANCED PHOTONIX INC  -CL A,API
23616, , ,2/28/13,Ann Arbor,Advanced Photonix Inc.,4520,452030,45,45203010,D,USA,334413,3674,235,940, ,MI,ADVANCED PHOTONIX INC  -CL A,API
23616, , ,3/31/13,Ann Arbor,Advanced Photonix Inc.,4520,452030,45,45203010,D,USA,334413,3674,235,940, ,MI,ADVANCED PHOTONIX INC  -CL A,API
23616, , ,4/30/13,Ann Arbor,Advanced Photonix Inc.,4520,452030,45,45203010,D,USA,334413,3674,235,940, ,MI,ADVANCED PHOTONIX INC  -CL A,API
23616, , ,5/31/13,Ann Arbor,Advanced Photonix Inc.,4520,452030,45,45203010,D,USA,334413,3674,235,940, ,MI,ADVANCED PHOTONIX INC  -CL A,API
23616, , ,6/30/13,Ann Arbor,Advanced Photonix Inc.,4520,452030,45,45203010,D,USA,334413,3674,235,940, ,MI,ADVANCED PHOTONIX INC  -CL A,API
23616, , ,7/31/13,Ann Arbor,Advanced Photonix Inc.,4520,452030,45,45203010,D,USA,334413,3674,235,940, ,MI,ADVANCED PHOTONIX INC  -CL A,API
23616, , ,8/31/13,Ann Arbor,Advanced Photonix Inc.,4520,452030,45,45203010,D,USA,334413,3674,235,940, ,MI,ADVANCED PHOTONIX INC  -CL A,API
23616, , ,9/30/13,Ann Arbor,Advanced Photonix Inc.,4520,452030,45,45203010,D,USA,334413,3674,235,940, ,MI,ADVANCED PHOTONIX INC  -CL A,API
23616, , ,10/31/13,Ann Arbor,Advanced Photonix Inc.,4520,452030,45,45203010,D,USA,334413,3674,235,940, ,MI,ADVANCED PHOTONIX INC  -CL A,API
23671,A,A-1,1/31/10,Espoo,Nokia Corp,4520,452020,45,45202030,B,FIN,334220,3663,180,940, , ,NOKIA CORP,NOK
23671,A,A-1,2/28/10,Espoo,Nokia Corp,4520,452020,45,45202030,B,FIN,334220,3663,180,940, , ,NOKIA CORP,NOK
23671,A,A-1,3/31/10,Espoo,Nokia Corp,4520,452020,45,45202030,B,FIN,334220,3663,180,940, , ,NOKIA CORP,NOK
23671,A,A-1,4/30/10,Espoo,Nokia Corp,4520,452020,45,45202030,B,FIN,334220,3663,180,940, , ,NOKIA CORP,NOK
23671,A,A-1,5/31/10,Espoo,Nokia Corp,4520,452020,45,45202030,B,FIN,334220,3663,180,940, , ,NOKIA CORP,NOK
23671,A,A-1,6/30/10,Espoo,Nokia Corp,4520,452020,45,45202030,B,FIN,334220,3663,180,940, , ,NOKIA CORP,NOK
23671,A,A-1,7/31/10,Espoo,Nokia Corp,4520,452020,45,45202030,B,FIN,334220,3663,180,940, , ,NOKIA CORP,NOK
23671,A,A-1,8/31/10,Espoo,Nokia Corp,4520,452020,45,45202030,B,FIN,334220,3663,180,940, , ,NOKIA CORP,NOK
23671,A,A-1,9/30/10,Espoo,Nokia Corp,4520,452020,45,45202030,B,FIN,334220,3663,180,940, , ,NOKIA CORP,NOK
23671,A,A-1,10/31/10,Espoo,Nokia Corp,4520,452020,45,45202030,B,FIN,334220,3663,180,940, , ,NOKIA CORP,NOK
23671,A,A-1,11/30/10,Espoo,Nokia Corp,4520,452020,45,45202030,B,FIN,334220,3663,180,940, , ,NOKIA CORP,NOK
23671,A,A-1,12/31/10,Espoo,Nokia Corp,4520,452020,45,45202030,B,FIN,334220,3663,180,940, , ,NOKIA CORP,NOK
23671,A,A-1,1/31/11,Espoo,Nokia Corp,4520,452020,45,45202030,B,FIN,334220,3663,180,940, , ,NOKIA CORP,NOK
23671,A,A-1,2/28/11,Espoo,Nokia Corp,4520,452020,45,45202030,B,FIN,334220,3663,180,940, , ,NOKIA CORP,NOK
23671,A-,A-1,3/31/11,Espoo,Nokia Corp,4520,452020,45,45202030,B,FIN,334220,3663,180,940, , ,NOKIA CORP,NOK
23671,A-,A-1,4/30/11,Espoo,Nokia Corp,4520,452020,45,45202030,B,FIN,334220,3663,180,940, , ,NOKIA CORP,NOK
23671,A-,A-1,5/31/11,Espoo,Nokia Corp,4520,452020,45,45202030,B,FIN,334220,3663,180,940, , ,NOKIA CORP,NOK
23671,BBB+,A-2,6/30/11,Espoo,Nokia Corp,4520,452020,45,45202030,B,FIN,334220,3663,180,940, , ,NOKIA CORP,NOK
23671,BBB+,A-2,7/31/11,Espoo,Nokia Corp,4520,452020,45,45202030,B,FIN,334220,3663,180,940, , ,NOKIA CORP,NOK
23671,BBB,A-2,8/31/11,Espoo,Nokia Corp,4520,452020,45,45202030,B,FIN,334220,3663,180,940, , ,NOKIA CORP,NOK
23671,BBB,A-2,9/30/11,Espoo,Nokia Corp,4520,452020,45,45202030,B,FIN,334220,3663,180,940, , ,NOKIA CORP,NOK
23671,BBB,A-2,10/31/11,Espoo,Nokia Corp,4520,452020,45,45202030,B,FIN,334220,3663,180,940, , ,NOKIA CORP,NOK
23671,BBB,A-2,11/30/11,Espoo,Nokia Corp,4520,452020,45,45202030,B,FIN,334220,3663,180,940, , ,NOKIA CORP,NOK
23671,BBB,A-2,12/31/11,Espoo,Nokia Corp,4520,452020,45,45202030,B,FIN,334220,3663,180,940, , ,NOKIA CORP,NOK
23671,BBB,A-2,1/31/12,Espoo,Nokia Corp,4520,452020,45,45202030,B,FIN,334220,3663,180,940, , ,NOKIA CORP,NOK
23671,BBB,A-2,2/29/12,Espoo,Nokia Corp,4520,452020,45,45202030,B,FIN,334220,3663,180,940, , ,NOKIA CORP,NOK
23671,BBB-,A-3,3/31/12,Espoo,Nokia Corp,4520,452020,45,45202030,B,FIN,334220,3663,180,940, , ,NOKIA CORP,NOK
23671,BB+,B,4/30/12,Espoo,Nokia Corp,4520,452020,45,45202030,B,FIN,334220,3663,180,940, , ,NOKIA CORP,NOK
23671,BB+,B,5/31/12,Espoo,Nokia Corp,4520,452020,45,45202030,B,FIN,334220,3663,180,940, , ,NOKIA CORP,NOK
23671,BB+,B,6/30/12,Espoo,Nokia Corp,4520,452020,45,45202030,B,FIN,334220,3663,180,940, , ,NOKIA CORP,NOK
23671,BB+,B,7/31/12,Espoo,Nokia Corp,4520,452020,45,45202030,B,FIN,334220,3663,180,940, , ,NOKIA CORP,NOK
23671,BB-,B,8/31/12,Espoo,Nokia Corp,4520,452020,45,45202030,B,FIN,334220,3663,180,940, , ,NOKIA CORP,NOK
23671,BB-,B,9/30/12,Espoo,Nokia Corp,4520,452020,45,45202030,B,FIN,334220,3663,180,940, , ,NOKIA CORP,NOK
23671,BB-,B,10/31/12,Espoo,Nokia Corp,4520,452020,45,45202030,B,FIN,334220,3663,180,940, , ,NOKIA CORP,NOK
23671,BB-,B,11/30/12,Espoo,Nokia Corp,4520,452020,45,45202030,B,FIN,334220,3663,180,940, , ,NOKIA CORP,NOK
23671,BB-,B,12/31/12,Espoo,Nokia Corp,4520,452020,45,45202030,B,FIN,334220,3663,180,940, , ,NOKIA CORP,NOK
23671,BB-,B,1/31/13,Espoo,Nokia Corp,4520,452020,45,45202030,B,FIN,334220,3663,180,940, , ,NOKIA CORP,NOK
23671,BB-,B,2/28/13,Espoo,Nokia Corp,4520,452020,45,45202030,B,FIN,334220,3663,180,940, , ,NOKIA CORP,NOK
23671,BB-,B,3/31/13,Espoo,Nokia Corp,4520,452020,45,45202030,B,FIN,334220,3663,180,940, , ,NOKIA CORP,NOK
23671,BB-,B,4/30/13,Espoo,Nokia Corp,4520,452020,45,45202030,B,FIN,334220,3663,180,940, , ,NOKIA CORP,NOK
23671,BB-,B,5/31/13,Espoo,Nokia Corp,4520,452020,45,45202030,B,FIN,334220,3663,180,940, , ,NOKIA CORP,NOK
23671,BB-,B,6/30/13,Espoo,Nokia Corp,4520,452020,45,45202030,B,FIN,334220,3663,180,940, , ,NOKIA CORP,NOK
23671,B+,B,7/31/13,Espoo,Nokia Corp,4520,452020,45,45202030,B,FIN,334220,3663,180,940, , ,NOKIA CORP,NOK
23671,B+,B,8/31/13,Espoo,Nokia Corp,4520,452020,45,45202030,B,FIN,334220,3663,180,940, , ,NOKIA CORP,NOK
23671,B+,B,9/30/13,Espoo,Nokia Corp,4520,452020,45,45202030,B,FIN,334220,3663,180,940, , ,NOKIA CORP,NOK
23671,B+,B,10/31/13,Espoo,Nokia Corp,4520,452020,45,45202030,B,FIN,334220,3663,180,940, , ,NOKIA CORP,NOK
23671,B+,B,11/30/13,Espoo,Nokia Corp,4520,452020,45,45202030,B,FIN,334220,3663,180,940, , ,NOKIA CORP,NOK
23671,B+,B,12/31/13,Espoo,Nokia Corp,4520,452020,45,45202030,B,FIN,334220,3663,180,940, , ,NOKIA CORP,NOK
23671,B+,B,1/31/14,Espoo,Nokia Corp,4520,452020,45,45202030,B,FIN,334220,3663,180,940, , ,NOKIA CORP,NOK
23671,B+,B,2/28/14,Espoo,Nokia Corp,4520,452020,45,45202030,B,FIN,334220,3663,180,940, , ,NOKIA CORP,NOK
23671,B+,B,3/31/14,Espoo,Nokia Corp,4520,452020,45,45202030,B,FIN,334220,3663,180,940, , ,NOKIA CORP,NOK
23671,B+,B,4/30/14,Espoo,Nokia Corp,4520,452020,45,45202030,B,FIN,334220,3663,180,940, , ,NOKIA CORP,NOK
23671,BB,B,5/31/14,Espoo,Nokia Corp,4520,452020,45,45202030,B,FIN,334220,3663,180,940, , ,NOKIA CORP,NOK
23671,BB,B,6/30/14,Espoo,Nokia Corp,4520,452020,45,45202030,B,FIN,334220,3663,180,940, , ,NOKIA CORP,NOK
23825, , ,1/31/10,Vancouver,Valdor Technology International Inc,4520,452010,45,45201020,D,CAN,335921,3357,360,970, ,BC,VALDOR TECHNOLOGY INTL INC,VTIFF
23825, , ,2/28/10,Vancouver,Valdor Technology International Inc,4520,452010,45,45201020,D,CAN,335921,3357,360,970, ,BC,VALDOR TECHNOLOGY INTL INC,VTIFF
23825, , ,3/31/10,Vancouver,Valdor Technology International Inc,4520,452010,45,45201020,D,CAN,335921,3357,360,970, ,BC,VALDOR TECHNOLOGY INTL INC,VTIFF
23825, , ,4/30/10,Vancouver,Valdor Technology International Inc,4520,452010,45,45201020,D,CAN,335921,3357,360,970, ,BC,VALDOR TECHNOLOGY INTL INC,VTIFF
23825, , ,5/31/10,Vancouver,Valdor Technology International Inc,4520,452010,45,45201020,D,CAN,335921,3357,360,970, ,BC,VALDOR TECHNOLOGY INTL INC,VTIFF
23825, , ,6/30/10,Vancouver,Valdor Technology International Inc,4520,452010,45,45201020,D,CAN,335921,3357,360,970, ,BC,VALDOR TECHNOLOGY INTL INC,VTIFF
23825, , ,7/31/10,Vancouver,Valdor Technology International Inc,4520,452010,45,45201020,D,CAN,335921,3357,360,970, ,BC,VALDOR TECHNOLOGY INTL INC,VTIFF
23825, , ,8/31/10,Vancouver,Valdor Technology International Inc,4520,452010,45,45201020,D,CAN,335921,3357,360,970, ,BC,VALDOR TECHNOLOGY INTL INC,VTIFF
23825, , ,9/30/10,Vancouver,Valdor Technology International Inc,4520,452010,45,45201020,D,CAN,335921,3357,360,970, ,BC,VALDOR TECHNOLOGY INTL INC,VTIFF
23825, , ,10/31/10,Vancouver,Valdor Technology International Inc,4520,452010,45,45201020,D,CAN,335921,3357,360,970, ,BC,VALDOR TECHNOLOGY INTL INC,VTIFF
23825, , ,11/30/10,Vancouver,Valdor Technology International Inc,4520,452010,45,45201020,D,CAN,335921,3357,360,970, ,BC,VALDOR TECHNOLOGY INTL INC,VTIFF
23825, , ,12/31/10,Vancouver,Valdor Technology International Inc,4520,452010,45,45201020,D,CAN,335921,3357,360,970, ,BC,VALDOR TECHNOLOGY INTL INC,VTIFF
23825, , ,1/31/11,Vancouver,Valdor Technology International Inc,4520,452010,45,45201020,D,CAN,335921,3357,360,970, ,BC,VALDOR TECHNOLOGY INTL INC,VTIFF
23825, , ,2/28/11,Vancouver,Valdor Technology International Inc,4520,452010,45,45201020,D,CAN,335921,3357,360,970, ,BC,VALDOR TECHNOLOGY INTL INC,VTIFF
23825, , ,3/31/11,Vancouver,Valdor Technology International Inc,4520,452010,45,45201020,D,CAN,335921,3357,360,970, ,BC,VALDOR TECHNOLOGY INTL INC,VTIFF
23825, , ,4/30/11,Vancouver,Valdor Technology International Inc,4520,452010,45,45201020,D,CAN,335921,3357,360,970, ,BC,VALDOR TECHNOLOGY INTL INC,VTIFF
23825, , ,5/31/11,Vancouver,Valdor Technology International Inc,4520,452010,45,45201020,D,CAN,335921,3357,360,970, ,BC,VALDOR TECHNOLOGY INTL INC,VTIFF
23825, , ,6/30/11,Vancouver,Valdor Technology International Inc,4520,452010,45,45201020,D,CAN,335921,3357,360,970, ,BC,VALDOR TECHNOLOGY INTL INC,VTIFF
23825, , ,7/31/11,Vancouver,Valdor Technology International Inc,4520,452010,45,45201020,D,CAN,335921,3357,360,970, ,BC,VALDOR TECHNOLOGY INTL INC,VTIFF
23825, , ,8/31/11,Vancouver,Valdor Technology International Inc,4520,452010,45,45201020,D,CAN,335921,3357,360,970, ,BC,VALDOR TECHNOLOGY INTL INC,VTIFF
23825, , ,9/30/11,Vancouver,Valdor Technology International Inc,4520,452010,45,45201020,D,CAN,335921,3357,360,970, ,BC,VALDOR TECHNOLOGY INTL INC,VTIFF
23825, , ,10/31/11,Vancouver,Valdor Technology International Inc,4520,452010,45,45201020,D,CAN,335921,3357,360,970, ,BC,VALDOR TECHNOLOGY INTL INC,VTIFF
23825, , ,11/30/11,Vancouver,Valdor Technology International Inc,4520,452010,45,45201020,D,CAN,335921,3357,360,970, ,BC,VALDOR TECHNOLOGY INTL INC,VTIFF
23825, , ,12/31/11,Vancouver,Valdor Technology International Inc,4520,452010,45,45201020,D,CAN,335921,3357,360,970, ,BC,VALDOR TECHNOLOGY INTL INC,VTIFF
23825, , ,1/31/12,Vancouver,Valdor Technology International Inc,4520,452010,45,45201020,D,CAN,335921,3357,360,970, ,BC,VALDOR TECHNOLOGY INTL INC,VTIFF
23825, , ,2/29/12,Vancouver,Valdor Technology International Inc,4520,452010,45,45201020,D,CAN,335921,3357,360,970, ,BC,VALDOR TECHNOLOGY INTL INC,VTIFF
23825, , ,3/31/12,Vancouver,Valdor Technology International Inc,4520,452010,45,45201020,D,CAN,335921,3357,360,970, ,BC,VALDOR TECHNOLOGY INTL INC,VTIFF
23825, , ,4/30/12,Vancouver,Valdor Technology International Inc,4520,452010,45,45201020,D,CAN,335921,3357,360,970, ,BC,VALDOR TECHNOLOGY INTL INC,VTIFF
23825, , ,5/31/12,Vancouver,Valdor Technology International Inc,4520,452010,45,45201020,D,CAN,335921,3357,360,970, ,BC,VALDOR TECHNOLOGY INTL INC,VTIFF
23825, , ,6/30/12,Vancouver,Valdor Technology International Inc,4520,452010,45,45201020,D,CAN,335921,3357,360,970, ,BC,VALDOR TECHNOLOGY INTL INC,VTIFF
23825, , ,7/31/12,Vancouver,Valdor Technology International Inc,4520,452010,45,45201020,D,CAN,335921,3357,360,970, ,BC,VALDOR TECHNOLOGY INTL INC,VTIFF
23825, , ,8/31/12,Vancouver,Valdor Technology International Inc,4520,452010,45,45201020,D,CAN,335921,3357,360,970, ,BC,VALDOR TECHNOLOGY INTL INC,VTIFF
23825, , ,9/30/12,Vancouver,Valdor Technology International Inc,4520,452010,45,45201020,D,CAN,335921,3357,360,970, ,BC,VALDOR TECHNOLOGY INTL INC,VTIFF
23825, , ,10/31/12,Vancouver,Valdor Technology International Inc,4520,452010,45,45201020,D,CAN,335921,3357,360,970, ,BC,VALDOR TECHNOLOGY INTL INC,VTIFF
23825, , ,11/30/12,Vancouver,Valdor Technology International Inc,4520,452010,45,45201020,D,CAN,335921,3357,360,970, ,BC,VALDOR TECHNOLOGY INTL INC,VTIFF
23825, , ,12/31/12,Vancouver,Valdor Technology International Inc,4520,452010,45,45201020,D,CAN,335921,3357,360,970, ,BC,VALDOR TECHNOLOGY INTL INC,VTIFF
23825, , ,1/31/13,Vancouver,Valdor Technology International Inc,4520,452010,45,45201020,D,CAN,335921,3357,360,970, ,BC,VALDOR TECHNOLOGY INTL INC,VTIFF
23825, , ,2/28/13,Vancouver,Valdor Technology International Inc,4520,452010,45,45201020,D,CAN,335921,3357,360,970, ,BC,VALDOR TECHNOLOGY INTL INC,VTIFF
23825, , ,3/31/13,Vancouver,Valdor Technology International Inc,4520,452010,45,45201020,D,CAN,335921,3357,360,970, ,BC,VALDOR TECHNOLOGY INTL INC,VTIFF
23825, , ,4/30/13,Vancouver,Valdor Technology International Inc,4520,452010,45,45201020,D,CAN,335921,3357,360,970, ,BC,VALDOR TECHNOLOGY INTL INC,VTIFF
23825, , ,5/31/13,Vancouver,Valdor Technology International Inc,4520,452010,45,45201020,D,CAN,335921,3357,360,970, ,BC,VALDOR TECHNOLOGY INTL INC,VTIFF
23825, , ,6/30/13,Vancouver,Valdor Technology International Inc,4520,452010,45,45201020,D,CAN,335921,3357,360,970, ,BC,VALDOR TECHNOLOGY INTL INC,VTIFF
23825, , ,7/31/13,Vancouver,Valdor Technology International Inc,4520,452010,45,45201020,D,CAN,335921,3357,360,970, ,BC,VALDOR TECHNOLOGY INTL INC,VTIFF
23825, , ,8/31/13,Vancouver,Valdor Technology International Inc,4520,452010,45,45201020,D,CAN,335921,3357,360,970, ,BC,VALDOR TECHNOLOGY INTL INC,VTIFF
23825, , ,9/30/13,Vancouver,Valdor Technology International Inc,4520,452010,45,45201020,D,CAN,335921,3357,360,970, ,BC,VALDOR TECHNOLOGY INTL INC,VTIFF
23825, , ,10/31/13,Vancouver,Valdor Technology International Inc,4520,452010,45,45201020,D,CAN,335921,3357,360,970, ,BC,VALDOR TECHNOLOGY INTL INC,VTIFF
24100, , ,1/31/10,Westerville,Metatec Inc,4520,452020,45,45202020,D,USA,334612,3652,220,925,D,OH,METATEC INC,MTATQ
24100, , ,2/28/10,Westerville,Metatec Inc,4520,452020,45,45202020,D,USA,334612,3652,220,925,D,OH,METATEC INC,MTATQ
24100, , ,3/31/10,Westerville,Metatec Inc,4520,452020,45,45202020,D,USA,334612,3652,220,925,D,OH,METATEC INC,MTATQ
24100, , ,4/30/10,Westerville,Metatec Inc,4520,452020,45,45202020,D,USA,334612,3652,220,925,D,OH,METATEC INC,MTATQ
24100, , ,5/31/10,Westerville,Metatec Inc,4520,452020,45,45202020,D,USA,334612,3652,220,925,D,OH,METATEC INC,MTATQ
24100, , ,6/30/10,Westerville,Metatec Inc,4520,452020,45,45202020,D,USA,334612,3652,220,925,D,OH,METATEC INC,MTATQ
24100, , ,7/31/10,Westerville,Metatec Inc,4520,452020,45,45202020,D,USA,334612,3652,220,925,D,OH,METATEC INC,MTATQ
24100, , ,8/31/10,Westerville,Metatec Inc,4520,452020,45,45202020,D,USA,334612,3652,220,925,D,OH,METATEC INC,MTATQ
24100, , ,9/30/10,Westerville,Metatec Inc,4520,452020,45,45202020,D,USA,334612,3652,220,925,D,OH,METATEC INC,MTATQ
24100, , ,10/31/10,Westerville,Metatec Inc,4520,452020,45,45202020,D,USA,334612,3652,220,925,D,OH,METATEC INC,MTATQ
24100, , ,11/30/10,Westerville,Metatec Inc,4520,452020,45,45202020,D,USA,334612,3652,220,925,D,OH,METATEC INC,MTATQ
24100, , ,12/31/10,Westerville,Metatec Inc,4520,452020,45,45202020,D,USA,334612,3652,220,925,D,OH,METATEC INC,MTATQ
24100, , ,1/31/11,Westerville,Metatec Inc,4520,452020,45,45202020,D,USA,334612,3652,220,925,D,OH,METATEC INC,MTATQ
24100, , ,2/28/11,Westerville,Metatec Inc,4520,452020,45,45202020,D,USA,334612,3652,220,925,D,OH,METATEC INC,MTATQ
24100, , ,3/31/11,Westerville,Metatec Inc,4520,452020,45,45202020,D,USA,334612,3652,220,925,D,OH,METATEC INC,MTATQ
24100, , ,4/30/11,Westerville,Metatec Inc,4520,452020,45,45202020,D,USA,334612,3652,220,925,D,OH,METATEC INC,MTATQ
24100, , ,5/31/11,Westerville,Metatec Inc,4520,452020,45,45202020,D,USA,334612,3652,220,925,D,OH,METATEC INC,MTATQ
24100, , ,6/30/11,Westerville,Metatec Inc,4520,452020,45,45202020,D,USA,334612,3652,220,925,D,OH,METATEC INC,MTATQ
24100, , ,7/31/11,Westerville,Metatec Inc,4520,452020,45,45202020,D,USA,334612,3652,220,925,D,OH,METATEC INC,MTATQ
24100, , ,8/31/11,Westerville,Metatec Inc,4520,452020,45,45202020,D,USA,334612,3652,220,925,D,OH,METATEC INC,MTATQ
24100, , ,9/30/11,Westerville,Metatec Inc,4520,452020,45,45202020,D,USA,334612,3652,220,925,D,OH,METATEC INC,MTATQ
24100, , ,10/31/11,Westerville,Metatec Inc,4520,452020,45,45202020,D,USA,334612,3652,220,925,D,OH,METATEC INC,MTATQ
24100, , ,11/30/11,Westerville,Metatec Inc,4520,452020,45,45202020,D,USA,334612,3652,220,925,D,OH,METATEC INC,MTATQ
24100, , ,12/31/11,Westerville,Metatec Inc,4520,452020,45,45202020,D,USA,334612,3652,220,925,D,OH,METATEC INC,MTATQ
24100, , ,1/31/12,Westerville,Metatec Inc,4520,452020,45,45202020,D,USA,334612,3652,220,925,D,OH,METATEC INC,MTATQ
24100, , ,2/29/12,Westerville,Metatec Inc,4520,452020,45,45202020,D,USA,334612,3652,220,925,D,OH,METATEC INC,MTATQ
24100, , ,3/31/12,Westerville,Metatec Inc,4520,452020,45,45202020,D,USA,334612,3652,220,925,D,OH,METATEC INC,MTATQ
24100, , ,4/30/12,Westerville,Metatec Inc,4520,452020,45,45202020,D,USA,334612,3652,220,925,D,OH,METATEC INC,MTATQ
24100, , ,5/31/12,Westerville,Metatec Inc,4520,452020,45,45202020,D,USA,334612,3652,220,925,D,OH,METATEC INC,MTATQ
24100, , ,6/30/12,Westerville,Metatec Inc,4520,452020,45,45202020,D,USA,334612,3652,220,925,D,OH,METATEC INC,MTATQ
24100, , ,7/31/12,Westerville,Metatec Inc,4520,452020,45,45202020,D,USA,334612,3652,220,925,D,OH,METATEC INC,MTATQ
24100, , ,8/31/12,Westerville,Metatec Inc,4520,452020,45,45202020,D,USA,334612,3652,220,925,D,OH,METATEC INC,MTATQ
24100, , ,9/30/12,Westerville,Metatec Inc,4520,452020,45,45202020,D,USA,334612,3652,220,925,D,OH,METATEC INC,MTATQ
24100, , ,10/31/12,Westerville,Metatec Inc,4520,452020,45,45202020,D,USA,334612,3652,220,925,D,OH,METATEC INC,MTATQ
24100, , ,11/30/12,Westerville,Metatec Inc,4520,452020,45,45202020,D,USA,334612,3652,220,925,D,OH,METATEC INC,MTATQ
24100, , ,12/31/12,Westerville,Metatec Inc,4520,452020,45,45202020,D,USA,334612,3652,220,925,D,OH,METATEC INC,MTATQ
24100, , ,1/31/13,Westerville,Metatec Inc,4520,452020,45,45202020,D,USA,334612,3652,220,925,D,OH,METATEC INC,MTATQ
24100, , ,2/28/13,Westerville,Metatec Inc,4520,452020,45,45202020,D,USA,334612,3652,220,925,D,OH,METATEC INC,MTATQ
24100, , ,3/31/13,Westerville,Metatec Inc,4520,452020,45,45202020,D,USA,334612,3652,220,925,D,OH,METATEC INC,MTATQ
24100, , ,4/30/13,Westerville,Metatec Inc,4520,452020,45,45202020,D,USA,334612,3652,220,925,D,OH,METATEC INC,MTATQ
24100, , ,5/31/13,Westerville,Metatec Inc,4520,452020,45,45202020,D,USA,334612,3652,220,925,D,OH,METATEC INC,MTATQ
24100, , ,6/30/13,Westerville,Metatec Inc,4520,452020,45,45202020,D,USA,334612,3652,220,925,D,OH,METATEC INC,MTATQ
24100, , ,7/31/13,Westerville,Metatec Inc,4520,452020,45,45202020,D,USA,334612,3652,220,925,D,OH,METATEC INC,MTATQ
24100, , ,8/31/13,Westerville,Metatec Inc,4520,452020,45,45202020,D,USA,334612,3652,220,925,D,OH,METATEC INC,MTATQ
24100, , ,9/30/13,Westerville,Metatec Inc,4520,452020,45,45202020,D,USA,334612,3652,220,925,D,OH,METATEC INC,MTATQ
24100, , ,10/31/13,Westerville,Metatec Inc,4520,452020,45,45202020,D,USA,334612,3652,220,925,D,OH,METATEC INC,MTATQ
24311, , ,1/31/10,Erie,Industrial Technologies Inc,4520,452030,45,45203010,D,USA,334513,3823,230,940, ,CO,INDUSTRIAL TECHNOLOGIES INC,INTE
24311, , ,2/28/10,Erie,Industrial Technologies Inc,4520,452030,45,45203010,D,USA,334513,3823,230,940, ,CO,INDUSTRIAL TECHNOLOGIES INC,INTE
24311, , ,3/31/10,Erie,Industrial Technologies Inc,4520,452030,45,45203010,D,USA,334513,3823,230,940, ,CO,INDUSTRIAL TECHNOLOGIES INC,INTE
24311, , ,4/30/10,Erie,Industrial Technologies Inc,4520,452030,45,45203010,D,USA,334513,3823,230,940, ,CO,INDUSTRIAL TECHNOLOGIES INC,INTE
24311, , ,5/31/10,Erie,Industrial Technologies Inc,4520,452030,45,45203010,D,USA,334513,3823,230,940, ,CO,INDUSTRIAL TECHNOLOGIES INC,INTE
24311, , ,6/30/10,Erie,Industrial Technologies Inc,4520,452030,45,45203010,D,USA,334513,3823,230,940, ,CO,INDUSTRIAL TECHNOLOGIES INC,INTE
24311, , ,7/31/10,Erie,Industrial Technologies Inc,4520,452030,45,45203010,D,USA,334513,3823,230,940, ,CO,INDUSTRIAL TECHNOLOGIES INC,INTE
24311, , ,8/31/10,Erie,Industrial Technologies Inc,4520,452030,45,45203010,D,USA,334513,3823,230,940, ,CO,INDUSTRIAL TECHNOLOGIES INC,INTE
24311, , ,9/30/10,Erie,Industrial Technologies Inc,4520,452030,45,45203010,D,USA,334513,3823,230,940, ,CO,INDUSTRIAL TECHNOLOGIES INC,INTE
24311, , ,10/31/10,Erie,Industrial Technologies Inc,4520,452030,45,45203010,D,USA,334513,3823,230,940, ,CO,INDUSTRIAL TECHNOLOGIES INC,INTE
24311, , ,11/30/10,Erie,Industrial Technologies Inc,4520,452030,45,45203010,D,USA,334513,3823,230,940, ,CO,INDUSTRIAL TECHNOLOGIES INC,INTE
24311, , ,12/31/10,Erie,Industrial Technologies Inc,4520,452030,45,45203010,D,USA,334513,3823,230,940, ,CO,INDUSTRIAL TECHNOLOGIES INC,INTE
24311, , ,1/31/11,Erie,Industrial Technologies Inc,4520,452030,45,45203010,D,USA,334513,3823,230,940, ,CO,INDUSTRIAL TECHNOLOGIES INC,INTE
24311, , ,2/28/11,Erie,Industrial Technologies Inc,4520,452030,45,45203010,D,USA,334513,3823,230,940, ,CO,INDUSTRIAL TECHNOLOGIES INC,INTE
24311, , ,3/31/11,Erie,Industrial Technologies Inc,4520,452030,45,45203010,D,USA,334513,3823,230,940, ,CO,INDUSTRIAL TECHNOLOGIES INC,INTE
24311, , ,4/30/11,Erie,Industrial Technologies Inc,4520,452030,45,45203010,D,USA,334513,3823,230,940, ,CO,INDUSTRIAL TECHNOLOGIES INC,INTE
24311, , ,5/31/11,Erie,Industrial Technologies Inc,4520,452030,45,45203010,D,USA,334513,3823,230,940, ,CO,INDUSTRIAL TECHNOLOGIES INC,INTE
24311, , ,6/30/11,Erie,Industrial Technologies Inc,4520,452030,45,45203010,D,USA,334513,3823,230,940, ,CO,INDUSTRIAL TECHNOLOGIES INC,INTE
24311, , ,7/31/11,Erie,Industrial Technologies Inc,4520,452030,45,45203010,D,USA,334513,3823,230,940, ,CO,INDUSTRIAL TECHNOLOGIES INC,INTE
24311, , ,8/31/11,Erie,Industrial Technologies Inc,4520,452030,45,45203010,D,USA,334513,3823,230,940, ,CO,INDUSTRIAL TECHNOLOGIES INC,INTE
24311, , ,9/30/11,Erie,Industrial Technologies Inc,4520,452030,45,45203010,D,USA,334513,3823,230,940, ,CO,INDUSTRIAL TECHNOLOGIES INC,INTE
24311, , ,10/31/11,Erie,Industrial Technologies Inc,4520,452030,45,45203010,D,USA,334513,3823,230,940, ,CO,INDUSTRIAL TECHNOLOGIES INC,INTE
24311, , ,11/30/11,Erie,Industrial Technologies Inc,4520,452030,45,45203010,D,USA,334513,3823,230,940, ,CO,INDUSTRIAL TECHNOLOGIES INC,INTE
24311, , ,12/31/11,Erie,Industrial Technologies Inc,4520,452030,45,45203010,D,USA,334513,3823,230,940, ,CO,INDUSTRIAL TECHNOLOGIES INC,INTE
24311, , ,1/31/12,Erie,Industrial Technologies Inc,4520,452030,45,45203010,D,USA,334513,3823,230,940, ,CO,INDUSTRIAL TECHNOLOGIES INC,INTE
24311, , ,2/29/12,Erie,Industrial Technologies Inc,4520,452030,45,45203010,D,USA,334513,3823,230,940, ,CO,INDUSTRIAL TECHNOLOGIES INC,INTE
24311, , ,3/31/12,Erie,Industrial Technologies Inc,4520,452030,45,45203010,D,USA,334513,3823,230,940, ,CO,INDUSTRIAL TECHNOLOGIES INC,INTE
24311, , ,4/30/12,Erie,Industrial Technologies Inc,4520,452030,45,45203010,D,USA,334513,3823,230,940, ,CO,INDUSTRIAL TECHNOLOGIES INC,INTE
24311, , ,5/31/12,Erie,Industrial Technologies Inc,4520,452030,45,45203010,D,USA,334513,3823,230,940, ,CO,INDUSTRIAL TECHNOLOGIES INC,INTE
24405, , ,1/31/10,Lincolnshire,Zebra Technologies Corp.,4520,452030,45,45203010,D,USA,333993,3560,403,940,B,IL,ZEBRA TECHNOLOGIES CP  -CL A,ZBRA
24405, , ,2/28/10,Lincolnshire,Zebra Technologies Corp.,4520,452030,45,45203010,D,USA,333993,3560,403,940,B,IL,ZEBRA TECHNOLOGIES CP  -CL A,ZBRA
24405, , ,3/31/10,Lincolnshire,Zebra Technologies Corp.,4520,452030,45,45203010,D,USA,333993,3560,403,940,B,IL,ZEBRA TECHNOLOGIES CP  -CL A,ZBRA
24405, , ,4/30/10,Lincolnshire,Zebra Technologies Corp.,4520,452030,45,45203010,D,USA,333993,3560,403,940,B,IL,ZEBRA TECHNOLOGIES CP  -CL A,ZBRA
24405, , ,5/31/10,Lincolnshire,Zebra Technologies Corp.,4520,452030,45,45203010,D,USA,333993,3560,403,940,B,IL,ZEBRA TECHNOLOGIES CP  -CL A,ZBRA
24405, , ,6/30/10,Lincolnshire,Zebra Technologies Corp.,4520,452030,45,45203010,D,USA,333993,3560,403,940,B,IL,ZEBRA TECHNOLOGIES CP  -CL A,ZBRA
24405, , ,7/31/10,Lincolnshire,Zebra Technologies Corp.,4520,452030,45,45203010,D,USA,333993,3560,403,940,B,IL,ZEBRA TECHNOLOGIES CP  -CL A,ZBRA
24405, , ,8/31/10,Lincolnshire,Zebra Technologies Corp.,4520,452030,45,45203010,D,USA,333993,3560,403,940,B,IL,ZEBRA TECHNOLOGIES CP  -CL A,ZBRA
24405, , ,9/30/10,Lincolnshire,Zebra Technologies Corp.,4520,452030,45,45203010,D,USA,333993,3560,403,940,B,IL,ZEBRA TECHNOLOGIES CP  -CL A,ZBRA
24405, , ,10/31/10,Lincolnshire,Zebra Technologies Corp.,4520,452030,45,45203010,D,USA,333993,3560,403,940,B,IL,ZEBRA TECHNOLOGIES CP  -CL A,ZBRA
24405, , ,11/30/10,Lincolnshire,Zebra Technologies Corp.,4520,452030,45,45203010,D,USA,333993,3560,403,940,B,IL,ZEBRA TECHNOLOGIES CP  -CL A,ZBRA
24405, , ,12/31/10,Lincolnshire,Zebra Technologies Corp.,4520,452030,45,45203010,D,USA,333993,3560,403,940,B,IL,ZEBRA TECHNOLOGIES CP  -CL A,ZBRA
24405, , ,1/31/11,Lincolnshire,Zebra Technologies Corp.,4520,452030,45,45203010,D,USA,333993,3560,403,940,B,IL,ZEBRA TECHNOLOGIES CP  -CL A,ZBRA
24405, , ,2/28/11,Lincolnshire,Zebra Technologies Corp.,4520,452030,45,45203010,D,USA,333993,3560,403,940,B,IL,ZEBRA TECHNOLOGIES CP  -CL A,ZBRA
24405, , ,3/31/11,Lincolnshire,Zebra Technologies Corp.,4520,452030,45,45203010,D,USA,333993,3560,403,940,B,IL,ZEBRA TECHNOLOGIES CP  -CL A,ZBRA
24405, , ,4/30/11,Lincolnshire,Zebra Technologies Corp.,4520,452030,45,45203010,D,USA,333993,3560,403,940,B,IL,ZEBRA TECHNOLOGIES CP  -CL A,ZBRA
24405, , ,5/31/11,Lincolnshire,Zebra Technologies Corp.,4520,452030,45,45203010,D,USA,333993,3560,403,940,B,IL,ZEBRA TECHNOLOGIES CP  -CL A,ZBRA
24405, , ,6/30/11,Lincolnshire,Zebra Technologies Corp.,4520,452030,45,45203010,D,USA,333993,3560,403,940,B,IL,ZEBRA TECHNOLOGIES CP  -CL A,ZBRA
24405, , ,7/31/11,Lincolnshire,Zebra Technologies Corp.,4520,452030,45,45203010,D,USA,333993,3560,403,940,B,IL,ZEBRA TECHNOLOGIES CP  -CL A,ZBRA
24405, , ,8/31/11,Lincolnshire,Zebra Technologies Corp.,4520,452030,45,45203010,D,USA,333993,3560,403,940,B,IL,ZEBRA TECHNOLOGIES CP  -CL A,ZBRA
24405, , ,9/30/11,Lincolnshire,Zebra Technologies Corp.,4520,452030,45,45203010,D,USA,333993,3560,403,940,B,IL,ZEBRA TECHNOLOGIES CP  -CL A,ZBRA
24405, , ,10/31/11,Lincolnshire,Zebra Technologies Corp.,4520,452030,45,45203010,D,USA,333993,3560,403,940,B,IL,ZEBRA TECHNOLOGIES CP  -CL A,ZBRA
24405, , ,11/30/11,Lincolnshire,Zebra Technologies Corp.,4520,452030,45,45203010,D,USA,333993,3560,403,940,B,IL,ZEBRA TECHNOLOGIES CP  -CL A,ZBRA
24405, , ,12/31/11,Lincolnshire,Zebra Technologies Corp.,4520,452030,45,45203010,D,USA,333993,3560,403,940,B,IL,ZEBRA TECHNOLOGIES CP  -CL A,ZBRA
24405, , ,1/31/12,Lincolnshire,Zebra Technologies Corp.,4520,452030,45,45203010,D,USA,333993,3560,403,940,B,IL,ZEBRA TECHNOLOGIES CP  -CL A,ZBRA
24405, , ,2/29/12,Lincolnshire,Zebra Technologies Corp.,4520,452030,45,45203010,D,USA,333993,3560,403,940,B,IL,ZEBRA TECHNOLOGIES CP  -CL A,ZBRA
24405, , ,3/31/12,Lincolnshire,Zebra Technologies Corp.,4520,452030,45,45203010,D,USA,333993,3560,403,940,B,IL,ZEBRA TECHNOLOGIES CP  -CL A,ZBRA
24405, , ,4/30/12,Lincolnshire,Zebra Technologies Corp.,4520,452030,45,45203010,D,USA,333993,3560,403,940,B,IL,ZEBRA TECHNOLOGIES CP  -CL A,ZBRA
24405, , ,5/31/12,Lincolnshire,Zebra Technologies Corp.,4520,452030,45,45203010,D,USA,333993,3560,403,940,B,IL,ZEBRA TECHNOLOGIES CP  -CL A,ZBRA
24405, , ,6/30/12,Lincolnshire,Zebra Technologies Corp.,4520,452030,45,45203010,D,USA,333993,3560,403,940,B,IL,ZEBRA TECHNOLOGIES CP  -CL A,ZBRA
24405, , ,7/31/12,Lincolnshire,Zebra Technologies Corp.,4520,452030,45,45203010,D,USA,333993,3560,403,940,B,IL,ZEBRA TECHNOLOGIES CP  -CL A,ZBRA
24405, , ,8/31/12,Lincolnshire,Zebra Technologies Corp.,4520,452030,45,45203010,D,USA,333993,3560,403,940,B,IL,ZEBRA TECHNOLOGIES CP  -CL A,ZBRA
24405, , ,9/30/12,Lincolnshire,Zebra Technologies Corp.,4520,452030,45,45203010,D,USA,333993,3560,403,940,B,IL,ZEBRA TECHNOLOGIES CP  -CL A,ZBRA
24405, , ,10/31/12,Lincolnshire,Zebra Technologies Corp.,4520,452030,45,45203010,D,USA,333993,3560,403,940,B,IL,ZEBRA TECHNOLOGIES CP  -CL A,ZBRA
24405, , ,11/30/12,Lincolnshire,Zebra Technologies Corp.,4520,452030,45,45203010,D,USA,333993,3560,403,940,B,IL,ZEBRA TECHNOLOGIES CP  -CL A,ZBRA
24405, , ,12/31/12,Lincolnshire,Zebra Technologies Corp.,4520,452030,45,45203010,D,USA,333993,3560,403,940,B,IL,ZEBRA TECHNOLOGIES CP  -CL A,ZBRA
24405, , ,1/31/13,Lincolnshire,Zebra Technologies Corp.,4520,452030,45,45203010,D,USA,333993,3560,403,940,B,IL,ZEBRA TECHNOLOGIES CP  -CL A,ZBRA
24405, , ,2/28/13,Lincolnshire,Zebra Technologies Corp.,4520,452030,45,45203010,D,USA,333993,3560,403,940,B,IL,ZEBRA TECHNOLOGIES CP  -CL A,ZBRA
24405, , ,3/31/13,Lincolnshire,Zebra Technologies Corp.,4520,452030,45,45203010,D,USA,333993,3560,403,940,B,IL,ZEBRA TECHNOLOGIES CP  -CL A,ZBRA
24405, , ,4/30/13,Lincolnshire,Zebra Technologies Corp.,4520,452030,45,45203010,D,USA,333993,3560,403,940,B,IL,ZEBRA TECHNOLOGIES CP  -CL A,ZBRA
24405, , ,5/31/13,Lincolnshire,Zebra Technologies Corp.,4520,452030,45,45203010,D,USA,333993,3560,403,940,B,IL,ZEBRA TECHNOLOGIES CP  -CL A,ZBRA
24405, , ,6/30/13,Lincolnshire,Zebra Technologies Corp.,4520,452030,45,45203010,D,USA,333993,3560,403,940,B,IL,ZEBRA TECHNOLOGIES CP  -CL A,ZBRA
24405, , ,7/31/13,Lincolnshire,Zebra Technologies Corp.,4520,452030,45,45203010,D,USA,333993,3560,403,940,B,IL,ZEBRA TECHNOLOGIES CP  -CL A,ZBRA
24405, , ,8/31/13,Lincolnshire,Zebra Technologies Corp.,4520,452030,45,45203010,D,USA,333993,3560,403,940,B,IL,ZEBRA TECHNOLOGIES CP  -CL A,ZBRA
24405, , ,9/30/13,Lincolnshire,Zebra Technologies Corp.,4520,452030,45,45203010,D,USA,333993,3560,403,940,B,IL,ZEBRA TECHNOLOGIES CP  -CL A,ZBRA
24405, , ,10/31/13,Lincolnshire,Zebra Technologies Corp.,4520,452030,45,45203010,D,USA,333993,3560,403,940,B,IL,ZEBRA TECHNOLOGIES CP  -CL A,ZBRA
24428, , ,1/31/10,Broken Arrow,ADDvantage Technologies Group Inc,4520,452030,45,45203030,D,USA,423690,5065,222,940,B-,OK,ADDVANTAGE TECHNOLOGIES GP,AEY
24428, , ,2/28/10,Broken Arrow,ADDvantage Technologies Group Inc,4520,452030,45,45203030,D,USA,423690,5065,222,940,B-,OK,ADDVANTAGE TECHNOLOGIES GP,AEY
24428, , ,3/31/10,Broken Arrow,ADDvantage Technologies Group Inc,4520,452030,45,45203030,D,USA,423690,5065,222,940,B-,OK,ADDVANTAGE TECHNOLOGIES GP,AEY
24428, , ,4/30/10,Broken Arrow,ADDvantage Technologies Group Inc,4520,452030,45,45203030,D,USA,423690,5065,222,940,B-,OK,ADDVANTAGE TECHNOLOGIES GP,AEY
24428, , ,5/31/10,Broken Arrow,ADDvantage Technologies Group Inc,4520,452030,45,45203030,D,USA,423690,5065,222,940,B-,OK,ADDVANTAGE TECHNOLOGIES GP,AEY
24428, , ,6/30/10,Broken Arrow,ADDvantage Technologies Group Inc,4520,452030,45,45203030,D,USA,423690,5065,222,940,B-,OK,ADDVANTAGE TECHNOLOGIES GP,AEY
24428, , ,7/31/10,Broken Arrow,ADDvantage Technologies Group Inc,4520,452030,45,45203030,D,USA,423690,5065,222,940,B-,OK,ADDVANTAGE TECHNOLOGIES GP,AEY
24428, , ,8/31/10,Broken Arrow,ADDvantage Technologies Group Inc,4520,452030,45,45203030,D,USA,423690,5065,222,940,B-,OK,ADDVANTAGE TECHNOLOGIES GP,AEY
24428, , ,9/30/10,Broken Arrow,ADDvantage Technologies Group Inc,4520,452030,45,45203030,D,USA,423690,5065,222,940,B-,OK,ADDVANTAGE TECHNOLOGIES GP,AEY
24428, , ,10/31/10,Broken Arrow,ADDvantage Technologies Group Inc,4520,452030,45,45203030,D,USA,423690,5065,222,940,B-,OK,ADDVANTAGE TECHNOLOGIES GP,AEY
24428, , ,11/30/10,Broken Arrow,ADDvantage Technologies Group Inc,4520,452030,45,45203030,D,USA,423690,5065,222,940,B-,OK,ADDVANTAGE TECHNOLOGIES GP,AEY
24428, , ,12/31/10,Broken Arrow,ADDvantage Technologies Group Inc,4520,452030,45,45203030,D,USA,423690,5065,222,940,B-,OK,ADDVANTAGE TECHNOLOGIES GP,AEY
24428, , ,1/31/11,Broken Arrow,ADDvantage Technologies Group Inc,4520,452030,45,45203030,D,USA,423690,5065,222,940,B-,OK,ADDVANTAGE TECHNOLOGIES GP,AEY
24428, , ,2/28/11,Broken Arrow,ADDvantage Technologies Group Inc,4520,452030,45,45203030,D,USA,423690,5065,222,940,B-,OK,ADDVANTAGE TECHNOLOGIES GP,AEY
24428, , ,3/31/11,Broken Arrow,ADDvantage Technologies Group Inc,4520,452030,45,45203030,D,USA,423690,5065,222,940,B-,OK,ADDVANTAGE TECHNOLOGIES GP,AEY
24428, , ,4/30/11,Broken Arrow,ADDvantage Technologies Group Inc,4520,452030,45,45203030,D,USA,423690,5065,222,940,B-,OK,ADDVANTAGE TECHNOLOGIES GP,AEY
24428, , ,5/31/11,Broken Arrow,ADDvantage Technologies Group Inc,4520,452030,45,45203030,D,USA,423690,5065,222,940,B-,OK,ADDVANTAGE TECHNOLOGIES GP,AEY
24428, , ,6/30/11,Broken Arrow,ADDvantage Technologies Group Inc,4520,452030,45,45203030,D,USA,423690,5065,222,940,B-,OK,ADDVANTAGE TECHNOLOGIES GP,AEY
24428, , ,7/31/11,Broken Arrow,ADDvantage Technologies Group Inc,4520,452030,45,45203030,D,USA,423690,5065,222,940,B-,OK,ADDVANTAGE TECHNOLOGIES GP,AEY
24428, , ,8/31/11,Broken Arrow,ADDvantage Technologies Group Inc,4520,452030,45,45203030,D,USA,423690,5065,222,940,B-,OK,ADDVANTAGE TECHNOLOGIES GP,AEY
24428, , ,9/30/11,Broken Arrow,ADDvantage Technologies Group Inc,4520,452030,45,45203030,D,USA,423690,5065,222,940,B-,OK,ADDVANTAGE TECHNOLOGIES GP,AEY
24428, , ,10/31/11,Broken Arrow,ADDvantage Technologies Group Inc,4520,452030,45,45203030,D,USA,423690,5065,222,940,B-,OK,ADDVANTAGE TECHNOLOGIES GP,AEY
24428, , ,11/30/11,Broken Arrow,ADDvantage Technologies Group Inc,4520,452030,45,45203030,D,USA,423690,5065,222,940,B-,OK,ADDVANTAGE TECHNOLOGIES GP,AEY
24428, , ,12/31/11,Broken Arrow,ADDvantage Technologies Group Inc,4520,452030,45,45203030,D,USA,423690,5065,222,940,B-,OK,ADDVANTAGE TECHNOLOGIES GP,AEY
24428, , ,1/31/12,Broken Arrow,ADDvantage Technologies Group Inc,4520,452030,45,45203030,D,USA,423690,5065,222,940,B-,OK,ADDVANTAGE TECHNOLOGIES GP,AEY
24428, , ,2/29/12,Broken Arrow,ADDvantage Technologies Group Inc,4520,452030,45,45203030,D,USA,423690,5065,222,940,B-,OK,ADDVANTAGE TECHNOLOGIES GP,AEY
24428, , ,3/31/12,Broken Arrow,ADDvantage Technologies Group Inc,4520,452030,45,45203030,D,USA,423690,5065,222,940,B-,OK,ADDVANTAGE TECHNOLOGIES GP,AEY
24428, , ,4/30/12,Broken Arrow,ADDvantage Technologies Group Inc,4520,452030,45,45203030,D,USA,423690,5065,222,940,B-,OK,ADDVANTAGE TECHNOLOGIES GP,AEY
24428, , ,5/31/12,Broken Arrow,ADDvantage Technologies Group Inc,4520,452030,45,45203030,D,USA,423690,5065,222,940,B-,OK,ADDVANTAGE TECHNOLOGIES GP,AEY
24428, , ,6/30/12,Broken Arrow,ADDvantage Technologies Group Inc,4520,452030,45,45203030,D,USA,423690,5065,222,940,B-,OK,ADDVANTAGE TECHNOLOGIES GP,AEY
24428, , ,7/31/12,Broken Arrow,ADDvantage Technologies Group Inc,4520,452030,45,45203030,D,USA,423690,5065,222,940,B-,OK,ADDVANTAGE TECHNOLOGIES GP,AEY
24428, , ,8/31/12,Broken Arrow,ADDvantage Technologies Group Inc,4520,452030,45,45203030,D,USA,423690,5065,222,940,B-,OK,ADDVANTAGE TECHNOLOGIES GP,AEY
24428, , ,9/30/12,Broken Arrow,ADDvantage Technologies Group Inc,4520,452030,45,45203030,D,USA,423690,5065,222,940,B-,OK,ADDVANTAGE TECHNOLOGIES GP,AEY
24428, , ,10/31/12,Broken Arrow,ADDvantage Technologies Group Inc,4520,452030,45,45203030,D,USA,423690,5065,222,940,B-,OK,ADDVANTAGE TECHNOLOGIES GP,AEY
24428, , ,11/30/12,Broken Arrow,ADDvantage Technologies Group Inc,4520,452030,45,45203030,D,USA,423690,5065,222,940,B-,OK,ADDVANTAGE TECHNOLOGIES GP,AEY
24428, , ,12/31/12,Broken Arrow,ADDvantage Technologies Group Inc,4520,452030,45,45203030,D,USA,423690,5065,222,940,B-,OK,ADDVANTAGE TECHNOLOGIES GP,AEY
24428, , ,1/31/13,Broken Arrow,ADDvantage Technologies Group Inc,4520,452030,45,45203030,D,USA,423690,5065,222,940,B-,OK,ADDVANTAGE TECHNOLOGIES GP,AEY
24428, , ,2/28/13,Broken Arrow,ADDvantage Technologies Group Inc,4520,452030,45,45203030,D,USA,423690,5065,222,940,B-,OK,ADDVANTAGE TECHNOLOGIES GP,AEY
24428, , ,3/31/13,Broken Arrow,ADDvantage Technologies Group Inc,4520,452030,45,45203030,D,USA,423690,5065,222,940,B-,OK,ADDVANTAGE TECHNOLOGIES GP,AEY
24428, , ,4/30/13,Broken Arrow,ADDvantage Technologies Group Inc,4520,452030,45,45203030,D,USA,423690,5065,222,940,B-,OK,ADDVANTAGE TECHNOLOGIES GP,AEY
24428, , ,5/31/13,Broken Arrow,ADDvantage Technologies Group Inc,4520,452030,45,45203030,D,USA,423690,5065,222,940,B-,OK,ADDVANTAGE TECHNOLOGIES GP,AEY
24428, , ,6/30/13,Broken Arrow,ADDvantage Technologies Group Inc,4520,452030,45,45203030,D,USA,423690,5065,222,940,B-,OK,ADDVANTAGE TECHNOLOGIES GP,AEY
24428, , ,7/31/13,Broken Arrow,ADDvantage Technologies Group Inc,4520,452030,45,45203030,D,USA,423690,5065,222,940,B-,OK,ADDVANTAGE TECHNOLOGIES GP,AEY
24428, , ,8/31/13,Broken Arrow,ADDvantage Technologies Group Inc,4520,452030,45,45203030,D,USA,423690,5065,222,940,B-,OK,ADDVANTAGE TECHNOLOGIES GP,AEY
24428, , ,9/30/13,Broken Arrow,ADDvantage Technologies Group Inc,4520,452030,45,45203030,D,USA,423690,5065,222,940,B-,OK,ADDVANTAGE TECHNOLOGIES GP,AEY
24428, , ,10/31/13,Broken Arrow,ADDvantage Technologies Group Inc,4520,452030,45,45203030,D,USA,423690,5065,222,940,B-,OK,ADDVANTAGE TECHNOLOGIES GP,AEY
24491, , ,1/31/10,Herndon,GTSI Corp.,4520,452030,45,45203030,D,USA,423430,5045,190,940,B-,VA,GTSI CORP,GTSI
24491, , ,2/28/10,Herndon,GTSI Corp.,4520,452030,45,45203030,D,USA,423430,5045,190,940,B-,VA,GTSI CORP,GTSI
24491, , ,3/31/10,Herndon,GTSI Corp.,4520,452030,45,45203030,D,USA,423430,5045,190,940,B-,VA,GTSI CORP,GTSI
24491, , ,4/30/10,Herndon,GTSI Corp.,4520,452030,45,45203030,D,USA,423430,5045,190,940,B-,VA,GTSI CORP,GTSI
24491, , ,5/31/10,Herndon,GTSI Corp.,4520,452030,45,45203030,D,USA,423430,5045,190,940,B-,VA,GTSI CORP,GTSI
24491, , ,6/30/10,Herndon,GTSI Corp.,4520,452030,45,45203030,D,USA,423430,5045,190,940,B-,VA,GTSI CORP,GTSI
24491, , ,7/31/10,Herndon,GTSI Corp.,4520,452030,45,45203030,D,USA,423430,5045,190,940,B-,VA,GTSI CORP,GTSI
24491, , ,8/31/10,Herndon,GTSI Corp.,4520,452030,45,45203030,D,USA,423430,5045,190,940,B-,VA,GTSI CORP,GTSI
24491, , ,9/30/10,Herndon,GTSI Corp.,4520,452030,45,45203030,D,USA,423430,5045,190,940,B-,VA,GTSI CORP,GTSI
24491, , ,10/31/10,Herndon,GTSI Corp.,4520,452030,45,45203030,D,USA,423430,5045,190,940,B-,VA,GTSI CORP,GTSI
24491, , ,11/30/10,Herndon,GTSI Corp.,4520,452030,45,45203030,D,USA,423430,5045,190,940,B-,VA,GTSI CORP,GTSI
24491, , ,12/31/10,Herndon,GTSI Corp.,4520,452030,45,45203030,D,USA,423430,5045,190,940,B-,VA,GTSI CORP,GTSI
24491, , ,1/31/11,Herndon,GTSI Corp.,4520,452030,45,45203030,D,USA,423430,5045,190,940,B-,VA,GTSI CORP,GTSI
24491, , ,2/28/11,Herndon,GTSI Corp.,4520,452030,45,45203030,D,USA,423430,5045,190,940,B-,VA,GTSI CORP,GTSI
24491, , ,3/31/11,Herndon,GTSI Corp.,4520,452030,45,45203030,D,USA,423430,5045,190,940,B-,VA,GTSI CORP,GTSI
24491, , ,4/30/11,Herndon,GTSI Corp.,4520,452030,45,45203030,D,USA,423430,5045,190,940,B-,VA,GTSI CORP,GTSI
24491, , ,5/31/11,Herndon,GTSI Corp.,4520,452030,45,45203030,D,USA,423430,5045,190,940,B-,VA,GTSI CORP,GTSI
24491, , ,6/30/11,Herndon,GTSI Corp.,4520,452030,45,45203030,D,USA,423430,5045,190,940,B-,VA,GTSI CORP,GTSI
24491, , ,7/31/11,Herndon,GTSI Corp.,4520,452030,45,45203030,D,USA,423430,5045,190,940,B-,VA,GTSI CORP,GTSI
24491, , ,8/31/11,Herndon,GTSI Corp.,4520,452030,45,45203030,D,USA,423430,5045,190,940,B-,VA,GTSI CORP,GTSI
24491, , ,9/30/11,Herndon,GTSI Corp.,4520,452030,45,45203030,D,USA,423430,5045,190,940,B-,VA,GTSI CORP,GTSI
24491, , ,10/31/11,Herndon,GTSI Corp.,4520,452030,45,45203030,D,USA,423430,5045,190,940,B-,VA,GTSI CORP,GTSI
24491, , ,11/30/11,Herndon,GTSI Corp.,4520,452030,45,45203030,D,USA,423430,5045,190,940,B-,VA,GTSI CORP,GTSI
24491, , ,12/31/11,Herndon,GTSI Corp.,4520,452030,45,45203030,D,USA,423430,5045,190,940,B-,VA,GTSI CORP,GTSI
24491, , ,1/31/12,Herndon,GTSI Corp.,4520,452030,45,45203030,D,USA,423430,5045,190,940,B-,VA,GTSI CORP,GTSI
24491, , ,2/29/12,Herndon,GTSI Corp.,4520,452030,45,45203030,D,USA,423430,5045,190,940,B-,VA,GTSI CORP,GTSI
24491, , ,3/31/12,Herndon,GTSI Corp.,4520,452030,45,45203030,D,USA,423430,5045,190,940,B-,VA,GTSI CORP,GTSI
24491, , ,4/30/12,Herndon,GTSI Corp.,4520,452030,45,45203030,D,USA,423430,5045,190,940,B-,VA,GTSI CORP,GTSI
24491, , ,5/31/12,Herndon,GTSI Corp.,4520,452030,45,45203030,D,USA,423430,5045,190,940,B-,VA,GTSI CORP,GTSI
24491, , ,6/30/12,Herndon,GTSI Corp.,4520,452030,45,45203030,D,USA,423430,5045,190,940,B-,VA,GTSI CORP,GTSI
24610, , ,1/31/10,Parsippany,Wireless Telecom Group Inc.,4520,452030,45,45203010,D,USA,334220,3663,230,940,B,NJ,WIRELESS TELECOM GROUP INC,WTT
24610, , ,2/28/10,Parsippany,Wireless Telecom Group Inc.,4520,452030,45,45203010,D,USA,334220,3663,230,940,B,NJ,WIRELESS TELECOM GROUP INC,WTT
24610, , ,3/31/10,Parsippany,Wireless Telecom Group Inc.,4520,452030,45,45203010,D,USA,334220,3663,230,940,B,NJ,WIRELESS TELECOM GROUP INC,WTT
24610, , ,4/30/10,Parsippany,Wireless Telecom Group Inc.,4520,452030,45,45203010,D,USA,334220,3663,230,940,B,NJ,WIRELESS TELECOM GROUP INC,WTT
24610, , ,5/31/10,Parsippany,Wireless Telecom Group Inc.,4520,452030,45,45203010,D,USA,334220,3663,230,940,B,NJ,WIRELESS TELECOM GROUP INC,WTT
24610, , ,6/30/10,Parsippany,Wireless Telecom Group Inc.,4520,452030,45,45203010,D,USA,334220,3663,230,940,B,NJ,WIRELESS TELECOM GROUP INC,WTT
24610, , ,7/31/10,Parsippany,Wireless Telecom Group Inc.,4520,452030,45,45203010,D,USA,334220,3663,230,940,B,NJ,WIRELESS TELECOM GROUP INC,WTT
24610, , ,8/31/10,Parsippany,Wireless Telecom Group Inc.,4520,452030,45,45203010,D,USA,334220,3663,230,940,B,NJ,WIRELESS TELECOM GROUP INC,WTT
24610, , ,9/30/10,Parsippany,Wireless Telecom Group Inc.,4520,452030,45,45203010,D,USA,334220,3663,230,940,B,NJ,WIRELESS TELECOM GROUP INC,WTT
24610, , ,10/31/10,Parsippany,Wireless Telecom Group Inc.,4520,452030,45,45203010,D,USA,334220,3663,230,940,B,NJ,WIRELESS TELECOM GROUP INC,WTT
24610, , ,11/30/10,Parsippany,Wireless Telecom Group Inc.,4520,452030,45,45203010,D,USA,334220,3663,230,940,B,NJ,WIRELESS TELECOM GROUP INC,WTT
24610, , ,12/31/10,Parsippany,Wireless Telecom Group Inc.,4520,452030,45,45203010,D,USA,334220,3663,230,940,B,NJ,WIRELESS TELECOM GROUP INC,WTT
24610, , ,1/31/11,Parsippany,Wireless Telecom Group Inc.,4520,452030,45,45203010,D,USA,334220,3663,230,940,B,NJ,WIRELESS TELECOM GROUP INC,WTT
24610, , ,2/28/11,Parsippany,Wireless Telecom Group Inc.,4520,452030,45,45203010,D,USA,334220,3663,230,940,B,NJ,WIRELESS TELECOM GROUP INC,WTT
24610, , ,3/31/11,Parsippany,Wireless Telecom Group Inc.,4520,452030,45,45203010,D,USA,334220,3663,230,940,B,NJ,WIRELESS TELECOM GROUP INC,WTT
24610, , ,4/30/11,Parsippany,Wireless Telecom Group Inc.,4520,452030,45,45203010,D,USA,334220,3663,230,940,B,NJ,WIRELESS TELECOM GROUP INC,WTT
24610, , ,5/31/11,Parsippany,Wireless Telecom Group Inc.,4520,452030,45,45203010,D,USA,334220,3663,230,940,B,NJ,WIRELESS TELECOM GROUP INC,WTT
24610, , ,6/30/11,Parsippany,Wireless Telecom Group Inc.,4520,452030,45,45203010,D,USA,334220,3663,230,940,B,NJ,WIRELESS TELECOM GROUP INC,WTT
24610, , ,7/31/11,Parsippany,Wireless Telecom Group Inc.,4520,452030,45,45203010,D,USA,334220,3663,230,940,B,NJ,WIRELESS TELECOM GROUP INC,WTT
24610, , ,8/31/11,Parsippany,Wireless Telecom Group Inc.,4520,452030,45,45203010,D,USA,334220,3663,230,940,B,NJ,WIRELESS TELECOM GROUP INC,WTT
24610, , ,9/30/11,Parsippany,Wireless Telecom Group Inc.,4520,452030,45,45203010,D,USA,334220,3663,230,940,B,NJ,WIRELESS TELECOM GROUP INC,WTT
24610, , ,10/31/11,Parsippany,Wireless Telecom Group Inc.,4520,452030,45,45203010,D,USA,334220,3663,230,940,B,NJ,WIRELESS TELECOM GROUP INC,WTT
24610, , ,11/30/11,Parsippany,Wireless Telecom Group Inc.,4520,452030,45,45203010,D,USA,334220,3663,230,940,B,NJ,WIRELESS TELECOM GROUP INC,WTT
24610, , ,12/31/11,Parsippany,Wireless Telecom Group Inc.,4520,452030,45,45203010,D,USA,334220,3663,230,940,B,NJ,WIRELESS TELECOM GROUP INC,WTT
24610, , ,1/31/12,Parsippany,Wireless Telecom Group Inc.,4520,452030,45,45203010,D,USA,334220,3663,230,940,B,NJ,WIRELESS TELECOM GROUP INC,WTT
24610, , ,2/29/12,Parsippany,Wireless Telecom Group Inc.,4520,452030,45,45203010,D,USA,334220,3663,230,940,B,NJ,WIRELESS TELECOM GROUP INC,WTT
24610, , ,3/31/12,Parsippany,Wireless Telecom Group Inc.,4520,452030,45,45203010,D,USA,334220,3663,230,940,B,NJ,WIRELESS TELECOM GROUP INC,WTT
24610, , ,4/30/12,Parsippany,Wireless Telecom Group Inc.,4520,452030,45,45203010,D,USA,334220,3663,230,940,B,NJ,WIRELESS TELECOM GROUP INC,WTT
24610, , ,5/31/12,Parsippany,Wireless Telecom Group Inc.,4520,452030,45,45203010,D,USA,334220,3663,230,940,B,NJ,WIRELESS TELECOM GROUP INC,WTT
24610, , ,6/30/12,Parsippany,Wireless Telecom Group Inc.,4520,452030,45,45203010,D,USA,334220,3663,230,940,B,NJ,WIRELESS TELECOM GROUP INC,WTT
24610, , ,7/31/12,Parsippany,Wireless Telecom Group Inc.,4520,452030,45,45203010,D,USA,334220,3663,230,940,B,NJ,WIRELESS TELECOM GROUP INC,WTT
24610, , ,8/31/12,Parsippany,Wireless Telecom Group Inc.,4520,452030,45,45203010,D,USA,334220,3663,230,940,B,NJ,WIRELESS TELECOM GROUP INC,WTT
24610, , ,9/30/12,Parsippany,Wireless Telecom Group Inc.,4520,452030,45,45203010,D,USA,334220,3663,230,940,B,NJ,WIRELESS TELECOM GROUP INC,WTT
24610, , ,10/31/12,Parsippany,Wireless Telecom Group Inc.,4520,452030,45,45203010,D,USA,334220,3663,230,940,B,NJ,WIRELESS TELECOM GROUP INC,WTT
24610, , ,11/30/12,Parsippany,Wireless Telecom Group Inc.,4520,452030,45,45203010,D,USA,334220,3663,230,940,B,NJ,WIRELESS TELECOM GROUP INC,WTT
24610, , ,12/31/12,Parsippany,Wireless Telecom Group Inc.,4520,452030,45,45203010,D,USA,334220,3663,230,940,B,NJ,WIRELESS TELECOM GROUP INC,WTT
24610, , ,1/31/13,Parsippany,Wireless Telecom Group Inc.,4520,452030,45,45203010,D,USA,334220,3663,230,940,B,NJ,WIRELESS TELECOM GROUP INC,WTT
24610, , ,2/28/13,Parsippany,Wireless Telecom Group Inc.,4520,452030,45,45203010,D,USA,334220,3663,230,940,B,NJ,WIRELESS TELECOM GROUP INC,WTT
24610, , ,3/31/13,Parsippany,Wireless Telecom Group Inc.,4520,452030,45,45203010,D,USA,334220,3663,230,940,B,NJ,WIRELESS TELECOM GROUP INC,WTT
24610, , ,4/30/13,Parsippany,Wireless Telecom Group Inc.,4520,452030,45,45203010,D,USA,334220,3663,230,940,B,NJ,WIRELESS TELECOM GROUP INC,WTT
24610, , ,5/31/13,Parsippany,Wireless Telecom Group Inc.,4520,452030,45,45203010,D,USA,334220,3663,230,940,B,NJ,WIRELESS TELECOM GROUP INC,WTT
24610, , ,6/30/13,Parsippany,Wireless Telecom Group Inc.,4520,452030,45,45203010,D,USA,334220,3663,230,940,B,NJ,WIRELESS TELECOM GROUP INC,WTT
24610, , ,7/31/13,Parsippany,Wireless Telecom Group Inc.,4520,452030,45,45203010,D,USA,334220,3663,230,940,B,NJ,WIRELESS TELECOM GROUP INC,WTT
24610, , ,8/31/13,Parsippany,Wireless Telecom Group Inc.,4520,452030,45,45203010,D,USA,334220,3663,230,940,B,NJ,WIRELESS TELECOM GROUP INC,WTT
24610, , ,9/30/13,Parsippany,Wireless Telecom Group Inc.,4520,452030,45,45203010,D,USA,334220,3663,230,940,B,NJ,WIRELESS TELECOM GROUP INC,WTT
24610, , ,10/31/13,Parsippany,Wireless Telecom Group Inc.,4520,452030,45,45203010,D,USA,334220,3663,230,940,B,NJ,WIRELESS TELECOM GROUP INC,WTT
24717, , ,1/31/10,San Diego,E Digital Corp,4520,452030,45,45203020,D,USA,3343,3651,235,940, ,CA,E DIGITAL CORP,EDIG
24717, , ,2/28/10,San Diego,E Digital Corp,4520,452030,45,45203020,D,USA,3343,3651,235,940, ,CA,E DIGITAL CORP,EDIG
24717, , ,3/31/10,San Diego,E Digital Corp,4520,452030,45,45203020,D,USA,3343,3651,235,940, ,CA,E DIGITAL CORP,EDIG
24717, , ,4/30/10,San Diego,E Digital Corp,4520,452030,45,45203020,D,USA,3343,3651,235,940, ,CA,E DIGITAL CORP,EDIG
24717, , ,5/31/10,San Diego,E Digital Corp,4520,452030,45,45203020,D,USA,3343,3651,235,940, ,CA,E DIGITAL CORP,EDIG
24717, , ,6/30/10,San Diego,E Digital Corp,4520,452030,45,45203020,D,USA,3343,3651,235,940, ,CA,E DIGITAL CORP,EDIG
24717, , ,7/31/10,San Diego,E Digital Corp,4520,452030,45,45203020,D,USA,3343,3651,235,940, ,CA,E DIGITAL CORP,EDIG
24717, , ,8/31/10,San Diego,E Digital Corp,4520,452030,45,45203020,D,USA,3343,3651,235,940, ,CA,E DIGITAL CORP,EDIG
24717, , ,9/30/10,San Diego,E Digital Corp,4520,452030,45,45203020,D,USA,3343,3651,235,940, ,CA,E DIGITAL CORP,EDIG
24717, , ,10/31/10,San Diego,E Digital Corp,4520,452030,45,45203020,D,USA,3343,3651,235,940, ,CA,E DIGITAL CORP,EDIG
24717, , ,11/30/10,San Diego,E Digital Corp,4520,452030,45,45203020,D,USA,3343,3651,235,940, ,CA,E DIGITAL CORP,EDIG
24717, , ,12/31/10,San Diego,E Digital Corp,4520,452030,45,45203020,D,USA,3343,3651,235,940, ,CA,E DIGITAL CORP,EDIG
24717, , ,1/31/11,San Diego,E Digital Corp,4520,452030,45,45203020,D,USA,3343,3651,235,940, ,CA,E DIGITAL CORP,EDIG
24717, , ,2/28/11,San Diego,E Digital Corp,4520,452030,45,45203020,D,USA,3343,3651,235,940, ,CA,E DIGITAL CORP,EDIG
24717, , ,3/31/11,San Diego,E Digital Corp,4520,452030,45,45203020,D,USA,3343,3651,235,940, ,CA,E DIGITAL CORP,EDIG
24717, , ,4/30/11,San Diego,E Digital Corp,4520,452030,45,45203020,D,USA,3343,3651,235,940, ,CA,E DIGITAL CORP,EDIG
24717, , ,5/31/11,San Diego,E Digital Corp,4520,452030,45,45203020,D,USA,3343,3651,235,940, ,CA,E DIGITAL CORP,EDIG
24717, , ,6/30/11,San Diego,E Digital Corp,4520,452030,45,45203020,D,USA,3343,3651,235,940, ,CA,E DIGITAL CORP,EDIG
24717, , ,7/31/11,San Diego,E Digital Corp,4520,452030,45,45203020,D,USA,3343,3651,235,940, ,CA,E DIGITAL CORP,EDIG
24717, , ,8/31/11,San Diego,E Digital Corp,4520,452030,45,45203020,D,USA,3343,3651,235,940, ,CA,E DIGITAL CORP,EDIG
24717, , ,9/30/11,San Diego,E Digital Corp,4520,452030,45,45203020,D,USA,3343,3651,235,940, ,CA,E DIGITAL CORP,EDIG
24717, , ,10/31/11,San Diego,E Digital Corp,4520,452030,45,45203020,D,USA,3343,3651,235,940, ,CA,E DIGITAL CORP,EDIG
24717, , ,11/30/11,San Diego,E Digital Corp,4520,452030,45,45203020,D,USA,3343,3651,235,940, ,CA,E DIGITAL CORP,EDIG
24717, , ,12/31/11,San Diego,E Digital Corp,4520,452030,45,45203020,D,USA,3343,3651,235,940, ,CA,E DIGITAL CORP,EDIG
24717, , ,1/31/12,San Diego,E Digital Corp,4520,452030,45,45203020,D,USA,3343,3651,235,940, ,CA,E DIGITAL CORP,EDIG
24717, , ,2/29/12,San Diego,E Digital Corp,4520,452030,45,45203020,D,USA,3343,3651,235,940, ,CA,E DIGITAL CORP,EDIG
24717, , ,3/31/12,San Diego,E Digital Corp,4520,452030,45,45203020,D,USA,3343,3651,235,940, ,CA,E DIGITAL CORP,EDIG
24717, , ,4/30/12,San Diego,E Digital Corp,4520,452030,45,45203020,D,USA,3343,3651,235,940, ,CA,E DIGITAL CORP,EDIG
24717, , ,5/31/12,San Diego,E Digital Corp,4520,452030,45,45203020,D,USA,3343,3651,235,940, ,CA,E DIGITAL CORP,EDIG
24717, , ,6/30/12,San Diego,E Digital Corp,4520,452030,45,45203020,D,USA,3343,3651,235,940, ,CA,E DIGITAL CORP,EDIG
24717, , ,7/31/12,San Diego,E Digital Corp,4520,452030,45,45203020,D,USA,3343,3651,235,940, ,CA,E DIGITAL CORP,EDIG
24717, , ,8/31/12,San Diego,E Digital Corp,4520,452030,45,45203020,D,USA,3343,3651,235,940, ,CA,E DIGITAL CORP,EDIG
24717, , ,9/30/12,San Diego,E Digital Corp,4520,452030,45,45203020,D,USA,3343,3651,235,940, ,CA,E DIGITAL CORP,EDIG
24717, , ,10/31/12,San Diego,E Digital Corp,4520,452030,45,45203020,D,USA,3343,3651,235,940, ,CA,E DIGITAL CORP,EDIG
24717, , ,11/30/12,San Diego,E Digital Corp,4520,452030,45,45203020,D,USA,3343,3651,235,940, ,CA,E DIGITAL CORP,EDIG
24717, , ,12/31/12,San Diego,E Digital Corp,4520,452030,45,45203020,D,USA,3343,3651,235,940, ,CA,E DIGITAL CORP,EDIG
24717, , ,1/31/13,San Diego,E Digital Corp,4520,452030,45,45203020,D,USA,3343,3651,235,940, ,CA,E DIGITAL CORP,EDIG
24717, , ,2/28/13,San Diego,E Digital Corp,4520,452030,45,45203020,D,USA,3343,3651,235,940, ,CA,E DIGITAL CORP,EDIG
24717, , ,3/31/13,San Diego,E Digital Corp,4520,452030,45,45203020,D,USA,3343,3651,235,940, ,CA,E DIGITAL CORP,EDIG
24717, , ,4/30/13,San Diego,E Digital Corp,4520,452030,45,45203020,D,USA,3343,3651,235,940, ,CA,E DIGITAL CORP,EDIG
24717, , ,5/31/13,San Diego,E Digital Corp,4520,452030,45,45203020,D,USA,3343,3651,235,940, ,CA,E DIGITAL CORP,EDIG
24717, , ,6/30/13,San Diego,E Digital Corp,4520,452030,45,45203020,D,USA,3343,3651,235,940, ,CA,E DIGITAL CORP,EDIG
24717, , ,7/31/13,San Diego,E Digital Corp,4520,452030,45,45203020,D,USA,3343,3651,235,940, ,CA,E DIGITAL CORP,EDIG
24717, , ,8/31/13,San Diego,E Digital Corp,4520,452030,45,45203020,D,USA,3343,3651,235,940, ,CA,E DIGITAL CORP,EDIG
24717, , ,9/30/13,San Diego,E Digital Corp,4520,452030,45,45203020,D,USA,3343,3651,235,940, ,CA,E DIGITAL CORP,EDIG
24717, , ,10/31/13,San Diego,E Digital Corp,4520,452030,45,45203020,D,USA,3343,3651,235,940, ,CA,E DIGITAL CORP,EDIG
24800, , ,1/31/10,San Diego,QUALCOMM Inc.,4520,452010,45,45201020,D,USA,334413,3674,180,940,A-,CA,QUALCOMM INC,QCOM
24800, , ,2/28/10,San Diego,QUALCOMM Inc.,4520,452010,45,45201020,D,USA,334413,3674,180,940,A-,CA,QUALCOMM INC,QCOM
24800, , ,3/31/10,San Diego,QUALCOMM Inc.,4520,452010,45,45201020,D,USA,334413,3674,180,940,A-,CA,QUALCOMM INC,QCOM
24800, , ,4/30/10,San Diego,QUALCOMM Inc.,4520,452010,45,45201020,D,USA,334413,3674,180,940,A-,CA,QUALCOMM INC,QCOM
24800, , ,5/31/10,San Diego,QUALCOMM Inc.,4520,452010,45,45201020,D,USA,334413,3674,180,940,A-,CA,QUALCOMM INC,QCOM
24800, , ,6/30/10,San Diego,QUALCOMM Inc.,4520,452010,45,45201020,D,USA,334413,3674,180,940,A-,CA,QUALCOMM INC,QCOM
24800, , ,7/31/10,San Diego,QUALCOMM Inc.,4520,452010,45,45201020,D,USA,334413,3674,180,940,A-,CA,QUALCOMM INC,QCOM
24800, , ,8/31/10,San Diego,QUALCOMM Inc.,4520,452010,45,45201020,D,USA,334413,3674,180,940,A-,CA,QUALCOMM INC,QCOM
24800, , ,9/30/10,San Diego,QUALCOMM Inc.,4520,452010,45,45201020,D,USA,334413,3674,180,940,A-,CA,QUALCOMM INC,QCOM
24800, , ,10/31/10,San Diego,QUALCOMM Inc.,4520,452010,45,45201020,D,USA,334413,3674,180,940,A-,CA,QUALCOMM INC,QCOM
24800, , ,11/30/10,San Diego,QUALCOMM Inc.,4520,452010,45,45201020,D,USA,334413,3674,180,940,A-,CA,QUALCOMM INC,QCOM
24800, , ,12/31/10,San Diego,QUALCOMM Inc.,4520,452010,45,45201020,D,USA,334413,3674,180,940,A-,CA,QUALCOMM INC,QCOM
24800, , ,1/31/11,San Diego,QUALCOMM Inc.,4520,452010,45,45201020,D,USA,334413,3674,180,940,A-,CA,QUALCOMM INC,QCOM
24800, , ,2/28/11,San Diego,QUALCOMM Inc.,4520,452010,45,45201020,D,USA,334413,3674,180,940,A-,CA,QUALCOMM INC,QCOM
24800, , ,3/31/11,San Diego,QUALCOMM Inc.,4520,452010,45,45201020,D,USA,334413,3674,180,940,A-,CA,QUALCOMM INC,QCOM
24800, , ,4/30/11,San Diego,QUALCOMM Inc.,4520,452010,45,45201020,D,USA,334413,3674,180,940,A-,CA,QUALCOMM INC,QCOM
24800, , ,5/31/11,San Diego,QUALCOMM Inc.,4520,452010,45,45201020,D,USA,334413,3674,180,940,A-,CA,QUALCOMM INC,QCOM
24800, , ,6/30/11,San Diego,QUALCOMM Inc.,4520,452010,45,45201020,D,USA,334413,3674,180,940,A-,CA,QUALCOMM INC,QCOM
24800, , ,7/31/11,San Diego,QUALCOMM Inc.,4520,452010,45,45201020,D,USA,334413,3674,180,940,A-,CA,QUALCOMM INC,QCOM
24800, , ,8/31/11,San Diego,QUALCOMM Inc.,4520,452010,45,45201020,D,USA,334413,3674,180,940,A-,CA,QUALCOMM INC,QCOM
24800, , ,9/30/11,San Diego,QUALCOMM Inc.,4520,452010,45,45201020,D,USA,334413,3674,180,940,A-,CA,QUALCOMM INC,QCOM
24800, , ,10/31/11,San Diego,QUALCOMM Inc.,4520,452010,45,45201020,D,USA,334413,3674,180,940,A-,CA,QUALCOMM INC,QCOM
24800, , ,11/30/11,San Diego,QUALCOMM Inc.,4520,452010,45,45201020,D,USA,334413,3674,180,940,A-,CA,QUALCOMM INC,QCOM
24800, , ,12/31/11,San Diego,QUALCOMM Inc.,4520,452010,45,45201020,D,USA,334413,3674,180,940,A-,CA,QUALCOMM INC,QCOM
24800, , ,1/31/12,San Diego,QUALCOMM Inc.,4520,452010,45,45201020,D,USA,334413,3674,180,940,A-,CA,QUALCOMM INC,QCOM
24800, , ,2/29/12,San Diego,QUALCOMM Inc.,4520,452010,45,45201020,D,USA,334413,3674,180,940,A-,CA,QUALCOMM INC,QCOM
24800, , ,3/31/12,San Diego,QUALCOMM Inc.,4520,452010,45,45201020,D,USA,334413,3674,180,940,A-,CA,QUALCOMM INC,QCOM
24800, , ,4/30/12,San Diego,QUALCOMM Inc.,4520,452010,45,45201020,D,USA,334413,3674,180,940,A-,CA,QUALCOMM INC,QCOM
24800, , ,5/31/12,San Diego,QUALCOMM Inc.,4520,452010,45,45201020,D,USA,334413,3674,180,940,A-,CA,QUALCOMM INC,QCOM
24800, , ,6/30/12,San Diego,QUALCOMM Inc.,4520,452010,45,45201020,D,USA,334413,3674,180,940,A-,CA,QUALCOMM INC,QCOM
24800, , ,7/31/12,San Diego,QUALCOMM Inc.,4520,452010,45,45201020,D,USA,334413,3674,180,940,A-,CA,QUALCOMM INC,QCOM
24800, , ,8/31/12,San Diego,QUALCOMM Inc.,4520,452010,45,45201020,D,USA,334413,3674,180,940,A-,CA,QUALCOMM INC,QCOM
24800, , ,9/30/12,San Diego,QUALCOMM Inc.,4520,452010,45,45201020,D,USA,334413,3674,180,940,A-,CA,QUALCOMM INC,QCOM
24800, , ,10/31/12,San Diego,QUALCOMM Inc.,4520,452010,45,45201020,D,USA,334413,3674,180,940,A-,CA,QUALCOMM INC,QCOM
24800, , ,11/30/12,San Diego,QUALCOMM Inc.,4520,452010,45,45201020,D,USA,334413,3674,180,940,A-,CA,QUALCOMM INC,QCOM
24800, , ,12/31/12,San Diego,QUALCOMM Inc.,4520,452010,45,45201020,D,USA,334413,3674,180,940,A-,CA,QUALCOMM INC,QCOM
24800, , ,1/31/13,San Diego,QUALCOMM Inc.,4520,452010,45,45201020,D,USA,334413,3674,180,940,A-,CA,QUALCOMM INC,QCOM
24800, , ,2/28/13,San Diego,QUALCOMM Inc.,4520,452010,45,45201020,D,USA,334413,3674,180,940,A-,CA,QUALCOMM INC,QCOM
24800, , ,3/31/13,San Diego,QUALCOMM Inc.,4520,452010,45,45201020,D,USA,334413,3674,180,940,A-,CA,QUALCOMM INC,QCOM
24800, , ,4/30/13,San Diego,QUALCOMM Inc.,4520,452010,45,45201020,D,USA,334413,3674,180,940,A-,CA,QUALCOMM INC,QCOM
24800, , ,5/31/13,San Diego,QUALCOMM Inc.,4520,452010,45,45201020,D,USA,334413,3674,180,940,A-,CA,QUALCOMM INC,QCOM
24800, , ,6/30/13,San Diego,QUALCOMM Inc.,4520,452010,45,45201020,D,USA,334413,3674,180,940,A-,CA,QUALCOMM INC,QCOM
24800, , ,7/31/13,San Diego,QUALCOMM Inc.,4520,452010,45,45201020,D,USA,334413,3674,180,940,A-,CA,QUALCOMM INC,QCOM
24800, , ,8/31/13,San Diego,QUALCOMM Inc.,4520,452010,45,45201020,D,USA,334413,3674,180,940,A-,CA,QUALCOMM INC,QCOM
24800, , ,9/30/13,San Diego,QUALCOMM Inc.,4520,452010,45,45201020,D,USA,334413,3674,180,940,A-,CA,QUALCOMM INC,QCOM
24800, , ,10/31/13,San Diego,QUALCOMM Inc.,4520,452010,45,45201020,D,USA,334413,3674,180,940,A-,CA,QUALCOMM INC,QCOM
24907, , ,1/31/10,Novato,SpatiaLight Inc,4520,452030,45,45203020,D,USA,541710,8731,292,905,C,CA,SPATIALIGHT INC,SPLT
24907, , ,2/28/10,Novato,SpatiaLight Inc,4520,452030,45,45203020,D,USA,541710,8731,292,905,C,CA,SPATIALIGHT INC,SPLT
24907, , ,3/31/10,Novato,SpatiaLight Inc,4520,452030,45,45203020,D,USA,541710,8731,292,905,C,CA,SPATIALIGHT INC,SPLT
24907, , ,4/30/10,Novato,SpatiaLight Inc,4520,452030,45,45203020,D,USA,541710,8731,292,905,C,CA,SPATIALIGHT INC,SPLT
24907, , ,5/31/10,Novato,SpatiaLight Inc,4520,452030,45,45203020,D,USA,541710,8731,292,905,C,CA,SPATIALIGHT INC,SPLT
24907, , ,6/30/10,Novato,SpatiaLight Inc,4520,452030,45,45203020,D,USA,541710,8731,292,905,C,CA,SPATIALIGHT INC,SPLT
24907, , ,7/31/10,Novato,SpatiaLight Inc,4520,452030,45,45203020,D,USA,541710,8731,292,905,C,CA,SPATIALIGHT INC,SPLT
24907, , ,8/31/10,Novato,SpatiaLight Inc,4520,452030,45,45203020,D,USA,541710,8731,292,905,C,CA,SPATIALIGHT INC,SPLT
24907, , ,9/30/10,Novato,SpatiaLight Inc,4520,452030,45,45203020,D,USA,541710,8731,292,905,C,CA,SPATIALIGHT INC,SPLT
24907, , ,10/31/10,Novato,SpatiaLight Inc,4520,452030,45,45203020,D,USA,541710,8731,292,905,C,CA,SPATIALIGHT INC,SPLT
24907, , ,11/30/10,Novato,SpatiaLight Inc,4520,452030,45,45203020,D,USA,541710,8731,292,905,C,CA,SPATIALIGHT INC,SPLT
24907, , ,12/31/10,Novato,SpatiaLight Inc,4520,452030,45,45203020,D,USA,541710,8731,292,905,C,CA,SPATIALIGHT INC,SPLT
24907, , ,1/31/11,Novato,SpatiaLight Inc,4520,452030,45,45203020,D,USA,541710,8731,292,905,C,CA,SPATIALIGHT INC,SPLT
24907, , ,2/28/11,Novato,SpatiaLight Inc,4520,452030,45,45203020,D,USA,541710,8731,292,905,C,CA,SPATIALIGHT INC,SPLT
24907, , ,3/31/11,Novato,SpatiaLight Inc,4520,452030,45,45203020,D,USA,541710,8731,292,905,C,CA,SPATIALIGHT INC,SPLT
24907, , ,4/30/11,Novato,SpatiaLight Inc,4520,452030,45,45203020,D,USA,541710,8731,292,905,C,CA,SPATIALIGHT INC,SPLT
24907, , ,5/31/11,Novato,SpatiaLight Inc,4520,452030,45,45203020,D,USA,541710,8731,292,905,C,CA,SPATIALIGHT INC,SPLT
24907, , ,6/30/11,Novato,SpatiaLight Inc,4520,452030,45,45203020,D,USA,541710,8731,292,905,C,CA,SPATIALIGHT INC,SPLT
24907, , ,7/31/11,Novato,SpatiaLight Inc,4520,452030,45,45203020,D,USA,541710,8731,292,905,C,CA,SPATIALIGHT INC,SPLT
24907, , ,8/31/11,Novato,SpatiaLight Inc,4520,452030,45,45203020,D,USA,541710,8731,292,905,C,CA,SPATIALIGHT INC,SPLT
24907, , ,9/30/11,Novato,SpatiaLight Inc,4520,452030,45,45203020,D,USA,541710,8731,292,905,C,CA,SPATIALIGHT INC,SPLT
24907, , ,10/31/11,Novato,SpatiaLight Inc,4520,452030,45,45203020,D,USA,541710,8731,292,905,C,CA,SPATIALIGHT INC,SPLT
24907, , ,11/30/11,Novato,SpatiaLight Inc,4520,452030,45,45203020,D,USA,541710,8731,292,905,C,CA,SPATIALIGHT INC,SPLT
24907, , ,12/31/11,Novato,SpatiaLight Inc,4520,452030,45,45203020,D,USA,541710,8731,292,905,C,CA,SPATIALIGHT INC,SPLT
24907, , ,1/31/12,Novato,SpatiaLight Inc,4520,452030,45,45203020,D,USA,541710,8731,292,905,C,CA,SPATIALIGHT INC,SPLT
24907, , ,2/29/12,Novato,SpatiaLight Inc,4520,452030,45,45203020,D,USA,541710,8731,292,905,C,CA,SPATIALIGHT INC,SPLT
24907, , ,3/31/12,Novato,SpatiaLight Inc,4520,452030,45,45203020,D,USA,541710,8731,292,905,C,CA,SPATIALIGHT INC,SPLT
24907, , ,4/30/12,Novato,SpatiaLight Inc,4520,452030,45,45203020,D,USA,541710,8731,292,905,C,CA,SPATIALIGHT INC,SPLT
24907, , ,5/31/12,Novato,SpatiaLight Inc,4520,452030,45,45203020,D,USA,541710,8731,292,905,C,CA,SPATIALIGHT INC,SPLT
24907, , ,6/30/12,Novato,SpatiaLight Inc,4520,452030,45,45203020,D,USA,541710,8731,292,905,C,CA,SPATIALIGHT INC,SPLT
24907, , ,7/31/12,Novato,SpatiaLight Inc,4520,452030,45,45203020,D,USA,541710,8731,292,905,C,CA,SPATIALIGHT INC,SPLT
24907, , ,8/31/12,Novato,SpatiaLight Inc,4520,452030,45,45203020,D,USA,541710,8731,292,905,C,CA,SPATIALIGHT INC,SPLT
24907, , ,9/30/12,Novato,SpatiaLight Inc,4520,452030,45,45203020,D,USA,541710,8731,292,905,C,CA,SPATIALIGHT INC,SPLT
24907, , ,10/31/12,Novato,SpatiaLight Inc,4520,452030,45,45203020,D,USA,541710,8731,292,905,C,CA,SPATIALIGHT INC,SPLT
24907, , ,11/30/12,Novato,SpatiaLight Inc,4520,452030,45,45203020,D,USA,541710,8731,292,905,C,CA,SPATIALIGHT INC,SPLT
24907, , ,12/31/12,Novato,SpatiaLight Inc,4520,452030,45,45203020,D,USA,541710,8731,292,905,C,CA,SPATIALIGHT INC,SPLT
24907, , ,1/31/13,Novato,SpatiaLight Inc,4520,452030,45,45203020,D,USA,541710,8731,292,905,C,CA,SPATIALIGHT INC,SPLT
24907, , ,2/28/13,Novato,SpatiaLight Inc,4520,452030,45,45203020,D,USA,541710,8731,292,905,C,CA,SPATIALIGHT INC,SPLT
24907, , ,3/31/13,Novato,SpatiaLight Inc,4520,452030,45,45203020,D,USA,541710,8731,292,905,C,CA,SPATIALIGHT INC,SPLT
24907, , ,4/30/13,Novato,SpatiaLight Inc,4520,452030,45,45203020,D,USA,541710,8731,292,905,C,CA,SPATIALIGHT INC,SPLT
24907, , ,5/31/13,Novato,SpatiaLight Inc,4520,452030,45,45203020,D,USA,541710,8731,292,905,C,CA,SPATIALIGHT INC,SPLT
24907, , ,6/30/13,Novato,SpatiaLight Inc,4520,452030,45,45203020,D,USA,541710,8731,292,905,C,CA,SPATIALIGHT INC,SPLT
24907, , ,7/31/13,Novato,SpatiaLight Inc,4520,452030,45,45203020,D,USA,541710,8731,292,905,C,CA,SPATIALIGHT INC,SPLT
24907, , ,8/31/13,Novato,SpatiaLight Inc,4520,452030,45,45203020,D,USA,541710,8731,292,905,C,CA,SPATIALIGHT INC,SPLT
24907, , ,9/30/13,Novato,SpatiaLight Inc,4520,452030,45,45203020,D,USA,541710,8731,292,905,C,CA,SPATIALIGHT INC,SPLT
24907, , ,10/31/13,Novato,SpatiaLight Inc,4520,452030,45,45203020,D,USA,541710,8731,292,905,C,CA,SPATIALIGHT INC,SPLT
24912, , ,1/31/10,Wilmington,Acorn Energy Inc,4520,452030,45,45203010,D,USA,334511,3812,190,940,C,DE,ACORN ENERGY INC,ACFN
24912, , ,2/28/10,Wilmington,Acorn Energy Inc,4520,452030,45,45203010,D,USA,334511,3812,190,940,C,DE,ACORN ENERGY INC,ACFN
24912, , ,3/31/10,Wilmington,Acorn Energy Inc,4520,452030,45,45203010,D,USA,334511,3812,190,940,C,DE,ACORN ENERGY INC,ACFN
24912, , ,4/30/10,Wilmington,Acorn Energy Inc,4520,452030,45,45203010,D,USA,334511,3812,190,940,C,DE,ACORN ENERGY INC,ACFN
24912, , ,5/31/10,Wilmington,Acorn Energy Inc,4520,452030,45,45203010,D,USA,334511,3812,190,940,C,DE,ACORN ENERGY INC,ACFN
24912, , ,6/30/10,Wilmington,Acorn Energy Inc,4520,452030,45,45203010,D,USA,334511,3812,190,940,C,DE,ACORN ENERGY INC,ACFN
24912, , ,7/31/10,Wilmington,Acorn Energy Inc,4520,452030,45,45203010,D,USA,334511,3812,190,940,C,DE,ACORN ENERGY INC,ACFN
24912, , ,8/31/10,Wilmington,Acorn Energy Inc,4520,452030,45,45203010,D,USA,334511,3812,190,940,C,DE,ACORN ENERGY INC,ACFN
24912, , ,9/30/10,Wilmington,Acorn Energy Inc,4520,452030,45,45203010,D,USA,334511,3812,190,940,C,DE,ACORN ENERGY INC,ACFN
24912, , ,10/31/10,Wilmington,Acorn Energy Inc,4520,452030,45,45203010,D,USA,334511,3812,190,940,C,DE,ACORN ENERGY INC,ACFN
24912, , ,11/30/10,Wilmington,Acorn Energy Inc,4520,452030,45,45203010,D,USA,334511,3812,190,940,C,DE,ACORN ENERGY INC,ACFN
24912, , ,12/31/10,Wilmington,Acorn Energy Inc,4520,452030,45,45203010,D,USA,334511,3812,190,940,C,DE,ACORN ENERGY INC,ACFN
24912, , ,1/31/11,Wilmington,Acorn Energy Inc,4520,452030,45,45203010,D,USA,334511,3812,190,940,C,DE,ACORN ENERGY INC,ACFN
24912, , ,2/28/11,Wilmington,Acorn Energy Inc,4520,452030,45,45203010,D,USA,334511,3812,190,940,C,DE,ACORN ENERGY INC,ACFN
24912, , ,3/31/11,Wilmington,Acorn Energy Inc,4520,452030,45,45203010,D,USA,334511,3812,190,940,C,DE,ACORN ENERGY INC,ACFN
24912, , ,4/30/11,Wilmington,Acorn Energy Inc,4520,452030,45,45203010,D,USA,334511,3812,190,940,C,DE,ACORN ENERGY INC,ACFN
24912, , ,5/31/11,Wilmington,Acorn Energy Inc,4520,452030,45,45203010,D,USA,334511,3812,190,940,C,DE,ACORN ENERGY INC,ACFN
24912, , ,6/30/11,Wilmington,Acorn Energy Inc,4520,452030,45,45203010,D,USA,334511,3812,190,940,C,DE,ACORN ENERGY INC,ACFN
24912, , ,7/31/11,Wilmington,Acorn Energy Inc,4520,452030,45,45203010,D,USA,334511,3812,190,940,C,DE,ACORN ENERGY INC,ACFN
24912, , ,8/31/11,Wilmington,Acorn Energy Inc,4520,452030,45,45203010,D,USA,334511,3812,190,940,C,DE,ACORN ENERGY INC,ACFN
24912, , ,9/30/11,Wilmington,Acorn Energy Inc,4520,452030,45,45203010,D,USA,334511,3812,190,940,C,DE,ACORN ENERGY INC,ACFN
24912, , ,10/31/11,Wilmington,Acorn Energy Inc,4520,452030,45,45203010,D,USA,334511,3812,190,940,C,DE,ACORN ENERGY INC,ACFN
24912, , ,11/30/11,Wilmington,Acorn Energy Inc,4520,452030,45,45203010,D,USA,334511,3812,190,940,C,DE,ACORN ENERGY INC,ACFN
24912, , ,12/31/11,Wilmington,Acorn Energy Inc,4520,452030,45,45203010,D,USA,334511,3812,190,940,C,DE,ACORN ENERGY INC,ACFN
24912, , ,1/31/12,Wilmington,Acorn Energy Inc,4520,452030,45,45203010,D,USA,334511,3812,190,940,C,DE,ACORN ENERGY INC,ACFN
24912, , ,2/29/12,Wilmington,Acorn Energy Inc,4520,452030,45,45203010,D,USA,334511,3812,190,940,C,DE,ACORN ENERGY INC,ACFN
24912, , ,3/31/12,Wilmington,Acorn Energy Inc,4520,452030,45,45203010,D,USA,334511,3812,190,940,C,DE,ACORN ENERGY INC,ACFN
24912, , ,4/30/12,Wilmington,Acorn Energy Inc,4520,452030,45,45203010,D,USA,334511,3812,190,940,C,DE,ACORN ENERGY INC,ACFN
24912, , ,5/31/12,Wilmington,Acorn Energy Inc,4520,452030,45,45203010,D,USA,334511,3812,190,940,C,DE,ACORN ENERGY INC,ACFN
24912, , ,6/30/12,Wilmington,Acorn Energy Inc,4520,452030,45,45203010,D,USA,334511,3812,190,940,C,DE,ACORN ENERGY INC,ACFN
24912, , ,7/31/12,Wilmington,Acorn Energy Inc,4520,452030,45,45203010,D,USA,334511,3812,190,940,C,DE,ACORN ENERGY INC,ACFN
24912, , ,8/31/12,Wilmington,Acorn Energy Inc,4520,452030,45,45203010,D,USA,334511,3812,190,940,C,DE,ACORN ENERGY INC,ACFN
24912, , ,9/30/12,Wilmington,Acorn Energy Inc,4520,452030,45,45203010,D,USA,334511,3812,190,940,C,DE,ACORN ENERGY INC,ACFN
24912, , ,10/31/12,Wilmington,Acorn Energy Inc,4520,452030,45,45203010,D,USA,334511,3812,190,940,C,DE,ACORN ENERGY INC,ACFN
24912, , ,11/30/12,Wilmington,Acorn Energy Inc,4520,452030,45,45203010,D,USA,334511,3812,190,940,C,DE,ACORN ENERGY INC,ACFN
24912, , ,12/31/12,Wilmington,Acorn Energy Inc,4520,452030,45,45203010,D,USA,334511,3812,190,940,C,DE,ACORN ENERGY INC,ACFN
24912, , ,1/31/13,Wilmington,Acorn Energy Inc,4520,452030,45,45203010,D,USA,334511,3812,190,940,C,DE,ACORN ENERGY INC,ACFN
24912, , ,2/28/13,Wilmington,Acorn Energy Inc,4520,452030,45,45203010,D,USA,334511,3812,190,940,C,DE,ACORN ENERGY INC,ACFN
24912, , ,3/31/13,Wilmington,Acorn Energy Inc,4520,452030,45,45203010,D,USA,334511,3812,190,940,C,DE,ACORN ENERGY INC,ACFN
24912, , ,4/30/13,Wilmington,Acorn Energy Inc,4520,452030,45,45203010,D,USA,334511,3812,190,940,C,DE,ACORN ENERGY INC,ACFN
24912, , ,5/31/13,Wilmington,Acorn Energy Inc,4520,452030,45,45203010,D,USA,334511,3812,190,940,C,DE,ACORN ENERGY INC,ACFN
24912, , ,6/30/13,Wilmington,Acorn Energy Inc,4520,452030,45,45203010,D,USA,334511,3812,190,940,C,DE,ACORN ENERGY INC,ACFN
24912, , ,7/31/13,Wilmington,Acorn Energy Inc,4520,452030,45,45203010,D,USA,334511,3812,190,940,C,DE,ACORN ENERGY INC,ACFN
24912, , ,8/31/13,Wilmington,Acorn Energy Inc,4520,452030,45,45203010,D,USA,334511,3812,190,940,C,DE,ACORN ENERGY INC,ACFN
24912, , ,9/30/13,Wilmington,Acorn Energy Inc,4520,452030,45,45203010,D,USA,334511,3812,190,940,C,DE,ACORN ENERGY INC,ACFN
24912, , ,10/31/13,Wilmington,Acorn Energy Inc,4520,452030,45,45203010,D,USA,334511,3812,190,940,C,DE,ACORN ENERGY INC,ACFN
25098, , ,1/31/10,Irvine,Stm Wireless Inc,4520,452010,45,45201020,D,USA,334220,3663,180,940,D,CA,STM WIRELESS INC,STMIQ
25098, , ,2/28/10,Irvine,Stm Wireless Inc,4520,452010,45,45201020,D,USA,334220,3663,180,940,D,CA,STM WIRELESS INC,STMIQ
25098, , ,3/31/10,Irvine,Stm Wireless Inc,4520,452010,45,45201020,D,USA,334220,3663,180,940,D,CA,STM WIRELESS INC,STMIQ
25098, , ,4/30/10,Irvine,Stm Wireless Inc,4520,452010,45,45201020,D,USA,334220,3663,180,940,D,CA,STM WIRELESS INC,STMIQ
25098, , ,5/31/10,Irvine,Stm Wireless Inc,4520,452010,45,45201020,D,USA,334220,3663,180,940,D,CA,STM WIRELESS INC,STMIQ
25098, , ,6/30/10,Irvine,Stm Wireless Inc,4520,452010,45,45201020,D,USA,334220,3663,180,940,D,CA,STM WIRELESS INC,STMIQ
25098, , ,7/31/10,Irvine,Stm Wireless Inc,4520,452010,45,45201020,D,USA,334220,3663,180,940,D,CA,STM WIRELESS INC,STMIQ
25098, , ,8/31/10,Irvine,Stm Wireless Inc,4520,452010,45,45201020,D,USA,334220,3663,180,940,D,CA,STM WIRELESS INC,STMIQ
25127, , ,1/31/10,Irvine,SIRIT Inc,4520,452010,45,45201020,D,USA,334515,3825,850,800,C,CA,SIRIT INC,SRTTF
25127, , ,2/28/10,Irvine,SIRIT Inc,4520,452010,45,45201020,D,USA,334515,3825,850,800,C,CA,SIRIT INC,SRTTF
25127, , ,3/31/10,Irvine,SIRIT Inc,4520,452010,45,45201020,D,USA,334515,3825,850,800,C,CA,SIRIT INC,SRTTF
25274, , ,1/31/10,Ewing,Universal Display Corp,4520,452030,45,45203015,D,USA,334413,3674,235,940,B-,NJ,UNIVERSAL DISPLAY CORP,OLED
25274, , ,2/28/10,Ewing,Universal Display Corp,4520,452030,45,45203015,D,USA,334413,3674,235,940,B-,NJ,UNIVERSAL DISPLAY CORP,OLED
25274, , ,3/31/10,Ewing,Universal Display Corp,4520,452030,45,45203015,D,USA,334413,3674,235,940,B-,NJ,UNIVERSAL DISPLAY CORP,OLED
25274, , ,4/30/10,Ewing,Universal Display Corp,4520,452030,45,45203015,D,USA,334413,3674,235,940,B-,NJ,UNIVERSAL DISPLAY CORP,OLED
25274, , ,5/31/10,Ewing,Universal Display Corp,4520,452030,45,45203015,D,USA,334413,3674,235,940,B-,NJ,UNIVERSAL DISPLAY CORP,OLED
25274, , ,6/30/10,Ewing,Universal Display Corp,4520,452030,45,45203015,D,USA,334413,3674,235,940,B-,NJ,UNIVERSAL DISPLAY CORP,OLED
25274, , ,7/31/10,Ewing,Universal Display Corp,4520,452030,45,45203015,D,USA,334413,3674,235,940,B-,NJ,UNIVERSAL DISPLAY CORP,OLED
25274, , ,8/31/10,Ewing,Universal Display Corp,4520,452030,45,45203015,D,USA,334413,3674,235,940,B-,NJ,UNIVERSAL DISPLAY CORP,OLED
25274, , ,9/30/10,Ewing,Universal Display Corp,4520,452030,45,45203015,D,USA,334413,3674,235,940,B-,NJ,UNIVERSAL DISPLAY CORP,OLED
25274, , ,10/31/10,Ewing,Universal Display Corp,4520,452030,45,45203015,D,USA,334413,3674,235,940,B-,NJ,UNIVERSAL DISPLAY CORP,OLED
25274, , ,11/30/10,Ewing,Universal Display Corp,4520,452030,45,45203015,D,USA,334413,3674,235,940,B-,NJ,UNIVERSAL DISPLAY CORP,OLED
25274, , ,12/31/10,Ewing,Universal Display Corp,4520,452030,45,45203015,D,USA,334413,3674,235,940,B-,NJ,UNIVERSAL DISPLAY CORP,OLED
25274, , ,1/31/11,Ewing,Universal Display Corp,4520,452030,45,45203015,D,USA,334413,3674,235,940,B-,NJ,UNIVERSAL DISPLAY CORP,OLED
25274, , ,2/28/11,Ewing,Universal Display Corp,4520,452030,45,45203015,D,USA,334413,3674,235,940,B-,NJ,UNIVERSAL DISPLAY CORP,OLED
25274, , ,3/31/11,Ewing,Universal Display Corp,4520,452030,45,45203015,D,USA,334413,3674,235,940,B-,NJ,UNIVERSAL DISPLAY CORP,OLED
25274, , ,4/30/11,Ewing,Universal Display Corp,4520,452030,45,45203015,D,USA,334413,3674,235,940,B-,NJ,UNIVERSAL DISPLAY CORP,OLED
25274, , ,5/31/11,Ewing,Universal Display Corp,4520,452030,45,45203015,D,USA,334413,3674,235,940,B-,NJ,UNIVERSAL DISPLAY CORP,OLED
25274, , ,6/30/11,Ewing,Universal Display Corp,4520,452030,45,45203015,D,USA,334413,3674,235,940,B-,NJ,UNIVERSAL DISPLAY CORP,OLED
25274, , ,7/31/11,Ewing,Universal Display Corp,4520,452030,45,45203015,D,USA,334413,3674,235,940,B-,NJ,UNIVERSAL DISPLAY CORP,OLED
25274, , ,8/31/11,Ewing,Universal Display Corp,4520,452030,45,45203015,D,USA,334413,3674,235,940,B-,NJ,UNIVERSAL DISPLAY CORP,OLED
25274, , ,9/30/11,Ewing,Universal Display Corp,4520,452030,45,45203015,D,USA,334413,3674,235,940,B-,NJ,UNIVERSAL DISPLAY CORP,OLED
25274, , ,10/31/11,Ewing,Universal Display Corp,4520,452030,45,45203015,D,USA,334413,3674,235,940,B-,NJ,UNIVERSAL DISPLAY CORP,OLED
25274, , ,11/30/11,Ewing,Universal Display Corp,4520,452030,45,45203015,D,USA,334413,3674,235,940,B-,NJ,UNIVERSAL DISPLAY CORP,OLED
25274, , ,12/31/11,Ewing,Universal Display Corp,4520,452030,45,45203015,D,USA,334413,3674,235,940,B-,NJ,UNIVERSAL DISPLAY CORP,OLED
25274, , ,1/31/12,Ewing,Universal Display Corp,4520,452030,45,45203015,D,USA,334413,3674,235,940,B-,NJ,UNIVERSAL DISPLAY CORP,OLED
25274, , ,2/29/12,Ewing,Universal Display Corp,4520,452030,45,45203015,D,USA,334413,3674,235,940,B-,NJ,UNIVERSAL DISPLAY CORP,OLED
25274, , ,3/31/12,Ewing,Universal Display Corp,4520,452030,45,45203015,D,USA,334413,3674,235,940,B-,NJ,UNIVERSAL DISPLAY CORP,OLED
25274, , ,4/30/12,Ewing,Universal Display Corp,4520,452030,45,45203015,D,USA,334413,3674,235,940,B-,NJ,UNIVERSAL DISPLAY CORP,OLED
25274, , ,5/31/12,Ewing,Universal Display Corp,4520,452030,45,45203015,D,USA,334413,3674,235,940,B-,NJ,UNIVERSAL DISPLAY CORP,OLED
25274, , ,6/30/12,Ewing,Universal Display Corp,4520,452030,45,45203015,D,USA,334413,3674,235,940,B-,NJ,UNIVERSAL DISPLAY CORP,OLED
25274, , ,7/31/12,Ewing,Universal Display Corp,4520,452030,45,45203015,D,USA,334413,3674,235,940,B-,NJ,UNIVERSAL DISPLAY CORP,OLED
25274, , ,8/31/12,Ewing,Universal Display Corp,4520,452030,45,45203015,D,USA,334413,3674,235,940,B-,NJ,UNIVERSAL DISPLAY CORP,OLED
25274, , ,9/30/12,Ewing,Universal Display Corp,4520,452030,45,45203015,D,USA,334413,3674,235,940,B-,NJ,UNIVERSAL DISPLAY CORP,OLED
25274, , ,10/31/12,Ewing,Universal Display Corp,4520,452030,45,45203015,D,USA,334413,3674,235,940,B-,NJ,UNIVERSAL DISPLAY CORP,OLED
25274, , ,11/30/12,Ewing,Universal Display Corp,4520,452030,45,45203015,D,USA,334413,3674,235,940,B-,NJ,UNIVERSAL DISPLAY CORP,OLED
25274, , ,12/31/12,Ewing,Universal Display Corp,4520,452030,45,45203015,D,USA,334413,3674,235,940,B-,NJ,UNIVERSAL DISPLAY CORP,OLED
25274, , ,1/31/13,Ewing,Universal Display Corp,4520,452030,45,45203015,D,USA,334413,3674,235,940,B-,NJ,UNIVERSAL DISPLAY CORP,OLED
25274, , ,2/28/13,Ewing,Universal Display Corp,4520,452030,45,45203015,D,USA,334413,3674,235,940,B-,NJ,UNIVERSAL DISPLAY CORP,OLED
25274, , ,3/31/13,Ewing,Universal Display Corp,4520,452030,45,45203015,D,USA,334413,3674,235,940,B-,NJ,UNIVERSAL DISPLAY CORP,OLED
25274, , ,4/30/13,Ewing,Universal Display Corp,4520,452030,45,45203015,D,USA,334413,3674,235,940,B-,NJ,UNIVERSAL DISPLAY CORP,OLED
25274, , ,5/31/13,Ewing,Universal Display Corp,4520,452030,45,45203015,D,USA,334413,3674,235,940,B-,NJ,UNIVERSAL DISPLAY CORP,OLED
25274, , ,6/30/13,Ewing,Universal Display Corp,4520,452030,45,45203015,D,USA,334413,3674,235,940,B-,NJ,UNIVERSAL DISPLAY CORP,OLED
25274, , ,7/31/13,Ewing,Universal Display Corp,4520,452030,45,45203015,D,USA,334413,3674,235,940,B-,NJ,UNIVERSAL DISPLAY CORP,OLED
25274, , ,8/31/13,Ewing,Universal Display Corp,4520,452030,45,45203015,D,USA,334413,3674,235,940,B-,NJ,UNIVERSAL DISPLAY CORP,OLED
25274, , ,9/30/13,Ewing,Universal Display Corp,4520,452030,45,45203015,D,USA,334413,3674,235,940,B-,NJ,UNIVERSAL DISPLAY CORP,OLED
25274, , ,10/31/13,Ewing,Universal Display Corp,4520,452030,45,45203015,D,USA,334413,3674,235,940,B-,NJ,UNIVERSAL DISPLAY CORP,OLED
25603, , ,1/31/10,New York,Coupon Express Inc,4520,452020,45,45202030,D,USA,541512,7373,175,976, ,NY,COUPON EXPRESS INC,CPXP
25603, , ,2/28/10,New York,Coupon Express Inc,4520,452020,45,45202030,D,USA,541512,7373,175,976, ,NY,COUPON EXPRESS INC,CPXP
25603, , ,3/31/10,New York,Coupon Express Inc,4520,452020,45,45202030,D,USA,541512,7373,175,976, ,NY,COUPON EXPRESS INC,CPXP
25603, , ,4/30/10,New York,Coupon Express Inc,4520,452020,45,45202030,D,USA,541512,7373,175,976, ,NY,COUPON EXPRESS INC,CPXP
25603, , ,5/31/10,New York,Coupon Express Inc,4520,452020,45,45202030,D,USA,541512,7373,175,976, ,NY,COUPON EXPRESS INC,CPXP
25603, , ,6/30/10,New York,Coupon Express Inc,4520,452020,45,45202030,D,USA,541512,7373,175,976, ,NY,COUPON EXPRESS INC,CPXP
25603, , ,7/31/10,New York,Coupon Express Inc,4520,452020,45,45202030,D,USA,541512,7373,175,976, ,NY,COUPON EXPRESS INC,CPXP
25603, , ,8/31/10,New York,Coupon Express Inc,4520,452020,45,45202030,D,USA,541512,7373,175,976, ,NY,COUPON EXPRESS INC,CPXP
25603, , ,9/30/10,New York,Coupon Express Inc,4520,452020,45,45202030,D,USA,541512,7373,175,976, ,NY,COUPON EXPRESS INC,CPXP
25603, , ,10/31/10,New York,Coupon Express Inc,4520,452020,45,45202030,D,USA,541512,7373,175,976, ,NY,COUPON EXPRESS INC,CPXP
25603, , ,11/30/10,New York,Coupon Express Inc,4520,452020,45,45202030,D,USA,541512,7373,175,976, ,NY,COUPON EXPRESS INC,CPXP
25603, , ,12/31/10,New York,Coupon Express Inc,4520,452020,45,45202030,D,USA,541512,7373,175,976, ,NY,COUPON EXPRESS INC,CPXP
25603, , ,1/31/11,New York,Coupon Express Inc,4520,452020,45,45202030,D,USA,541512,7373,175,976, ,NY,COUPON EXPRESS INC,CPXP
25603, , ,2/28/11,New York,Coupon Express Inc,4520,452020,45,45202030,D,USA,541512,7373,175,976, ,NY,COUPON EXPRESS INC,CPXP
25603, , ,3/31/11,New York,Coupon Express Inc,4520,452020,45,45202030,D,USA,541512,7373,175,976, ,NY,COUPON EXPRESS INC,CPXP
25603, , ,4/30/11,New York,Coupon Express Inc,4520,452020,45,45202030,D,USA,541512,7373,175,976, ,NY,COUPON EXPRESS INC,CPXP
25603, , ,5/31/11,New York,Coupon Express Inc,4520,452020,45,45202030,D,USA,541512,7373,175,976, ,NY,COUPON EXPRESS INC,CPXP
25603, , ,6/30/11,New York,Coupon Express Inc,4520,452020,45,45202030,D,USA,541512,7373,175,976, ,NY,COUPON EXPRESS INC,CPXP
25603, , ,7/31/11,New York,Coupon Express Inc,4520,452020,45,45202030,D,USA,541512,7373,175,976, ,NY,COUPON EXPRESS INC,CPXP
25603, , ,8/31/11,New York,Coupon Express Inc,4520,452020,45,45202030,D,USA,541512,7373,175,976, ,NY,COUPON EXPRESS INC,CPXP
25603, , ,9/30/11,New York,Coupon Express Inc,4520,452020,45,45202030,D,USA,541512,7373,175,976, ,NY,COUPON EXPRESS INC,CPXP
25603, , ,10/31/11,New York,Coupon Express Inc,4520,452020,45,45202030,D,USA,541512,7373,175,976, ,NY,COUPON EXPRESS INC,CPXP
25603, , ,11/30/11,New York,Coupon Express Inc,4520,452020,45,45202030,D,USA,541512,7373,175,976, ,NY,COUPON EXPRESS INC,CPXP
25603, , ,12/31/11,New York,Coupon Express Inc,4520,452020,45,45202030,D,USA,541512,7373,175,976, ,NY,COUPON EXPRESS INC,CPXP
25603, , ,1/31/12,New York,Coupon Express Inc,4520,452020,45,45202030,D,USA,541512,7373,175,976, ,NY,COUPON EXPRESS INC,CPXP
25603, , ,2/29/12,New York,Coupon Express Inc,4520,452020,45,45202030,D,USA,541512,7373,175,976, ,NY,COUPON EXPRESS INC,CPXP
25603, , ,3/31/12,New York,Coupon Express Inc,4520,452020,45,45202030,D,USA,541512,7373,175,976, ,NY,COUPON EXPRESS INC,CPXP
25603, , ,4/30/12,New York,Coupon Express Inc,4520,452020,45,45202030,D,USA,541512,7373,175,976, ,NY,COUPON EXPRESS INC,CPXP
25603, , ,5/31/12,New York,Coupon Express Inc,4520,452020,45,45202030,D,USA,541512,7373,175,976, ,NY,COUPON EXPRESS INC,CPXP
25603, , ,6/30/12,New York,Coupon Express Inc,4520,452020,45,45202030,D,USA,541512,7373,175,976, ,NY,COUPON EXPRESS INC,CPXP
25603, , ,7/31/12,New York,Coupon Express Inc,4520,452020,45,45202030,D,USA,541512,7373,175,976, ,NY,COUPON EXPRESS INC,CPXP
25603, , ,8/31/12,New York,Coupon Express Inc,4520,452020,45,45202030,D,USA,541512,7373,175,976, ,NY,COUPON EXPRESS INC,CPXP
25603, , ,9/30/12,New York,Coupon Express Inc,4520,452020,45,45202030,D,USA,541512,7373,175,976, ,NY,COUPON EXPRESS INC,CPXP
25603, , ,10/31/12,New York,Coupon Express Inc,4520,452020,45,45202030,D,USA,541512,7373,175,976, ,NY,COUPON EXPRESS INC,CPXP
25603, , ,11/30/12,New York,Coupon Express Inc,4520,452020,45,45202030,D,USA,541512,7373,175,976, ,NY,COUPON EXPRESS INC,CPXP
25603, , ,12/31/12,New York,Coupon Express Inc,4520,452020,45,45202030,D,USA,541512,7373,175,976, ,NY,COUPON EXPRESS INC,CPXP
25603, , ,1/31/13,New York,Coupon Express Inc,4520,452020,45,45202030,D,USA,541512,7373,175,976, ,NY,COUPON EXPRESS INC,CPXP
25603, , ,2/28/13,New York,Coupon Express Inc,4520,452020,45,45202030,D,USA,541512,7373,175,976, ,NY,COUPON EXPRESS INC,CPXP
25603, , ,3/31/13,New York,Coupon Express Inc,4520,452020,45,45202030,D,USA,541512,7373,175,976, ,NY,COUPON EXPRESS INC,CPXP
25603, , ,4/30/13,New York,Coupon Express Inc,4520,452020,45,45202030,D,USA,541512,7373,175,976, ,NY,COUPON EXPRESS INC,CPXP
25603, , ,5/31/13,New York,Coupon Express Inc,4520,452020,45,45202030,D,USA,541512,7373,175,976, ,NY,COUPON EXPRESS INC,CPXP
25603, , ,6/30/13,New York,Coupon Express Inc,4520,452020,45,45202030,D,USA,541512,7373,175,976, ,NY,COUPON EXPRESS INC,CPXP
25603, , ,7/31/13,New York,Coupon Express Inc,4520,452020,45,45202030,D,USA,541512,7373,175,976, ,NY,COUPON EXPRESS INC,CPXP
25603, , ,8/31/13,New York,Coupon Express Inc,4520,452020,45,45202030,D,USA,541512,7373,175,976, ,NY,COUPON EXPRESS INC,CPXP
25603, , ,9/30/13,New York,Coupon Express Inc,4520,452020,45,45202030,D,USA,541512,7373,175,976, ,NY,COUPON EXPRESS INC,CPXP
25603, , ,10/31/13,New York,Coupon Express Inc,4520,452020,45,45202030,D,USA,541512,7373,175,976, ,NY,COUPON EXPRESS INC,CPXP
25676, , ,1/31/10,Plymouth,Perceptron Inc,4520,452030,45,45203010,D,USA,333314,3827,230,940,B-,MI,PERCEPTRON INC,PRCP
25676, , ,2/28/10,Plymouth,Perceptron Inc,4520,452030,45,45203010,D,USA,333314,3827,230,940,B-,MI,PERCEPTRON INC,PRCP
25676, , ,3/31/10,Plymouth,Perceptron Inc,4520,452030,45,45203010,D,USA,333314,3827,230,940,B-,MI,PERCEPTRON INC,PRCP
25676, , ,4/30/10,Plymouth,Perceptron Inc,4520,452030,45,45203010,D,USA,333314,3827,230,940,B-,MI,PERCEPTRON INC,PRCP
25676, , ,5/31/10,Plymouth,Perceptron Inc,4520,452030,45,45203010,D,USA,333314,3827,230,940,B-,MI,PERCEPTRON INC,PRCP
25676, , ,6/30/10,Plymouth,Perceptron Inc,4520,452030,45,45203010,D,USA,333314,3827,230,940,B-,MI,PERCEPTRON INC,PRCP
25676, , ,7/31/10,Plymouth,Perceptron Inc,4520,452030,45,45203010,D,USA,333314,3827,230,940,B-,MI,PERCEPTRON INC,PRCP
25676, , ,8/31/10,Plymouth,Perceptron Inc,4520,452030,45,45203010,D,USA,333314,3827,230,940,B-,MI,PERCEPTRON INC,PRCP
25676, , ,9/30/10,Plymouth,Perceptron Inc,4520,452030,45,45203010,D,USA,333314,3827,230,940,B-,MI,PERCEPTRON INC,PRCP
25676, , ,10/31/10,Plymouth,Perceptron Inc,4520,452030,45,45203010,D,USA,333314,3827,230,940,B-,MI,PERCEPTRON INC,PRCP
25676, , ,11/30/10,Plymouth,Perceptron Inc,4520,452030,45,45203010,D,USA,333314,3827,230,940,B-,MI,PERCEPTRON INC,PRCP
25676, , ,12/31/10,Plymouth,Perceptron Inc,4520,452030,45,45203010,D,USA,333314,3827,230,940,B-,MI,PERCEPTRON INC,PRCP
25676, , ,1/31/11,Plymouth,Perceptron Inc,4520,452030,45,45203010,D,USA,333314,3827,230,940,B-,MI,PERCEPTRON INC,PRCP
25676, , ,2/28/11,Plymouth,Perceptron Inc,4520,452030,45,45203010,D,USA,333314,3827,230,940,B-,MI,PERCEPTRON INC,PRCP
25676, , ,3/31/11,Plymouth,Perceptron Inc,4520,452030,45,45203010,D,USA,333314,3827,230,940,B-,MI,PERCEPTRON INC,PRCP
25676, , ,4/30/11,Plymouth,Perceptron Inc,4520,452030,45,45203010,D,USA,333314,3827,230,940,B-,MI,PERCEPTRON INC,PRCP
25676, , ,5/31/11,Plymouth,Perceptron Inc,4520,452030,45,45203010,D,USA,333314,3827,230,940,B-,MI,PERCEPTRON INC,PRCP
25676, , ,6/30/11,Plymouth,Perceptron Inc,4520,452030,45,45203010,D,USA,333314,3827,230,940,B-,MI,PERCEPTRON INC,PRCP
25676, , ,7/31/11,Plymouth,Perceptron Inc,4520,452030,45,45203010,D,USA,333314,3827,230,940,B-,MI,PERCEPTRON INC,PRCP
25676, , ,8/31/11,Plymouth,Perceptron Inc,4520,452030,45,45203010,D,USA,333314,3827,230,940,B-,MI,PERCEPTRON INC,PRCP
25676, , ,9/30/11,Plymouth,Perceptron Inc,4520,452030,45,45203010,D,USA,333314,3827,230,940,B-,MI,PERCEPTRON INC,PRCP
25676, , ,10/31/11,Plymouth,Perceptron Inc,4520,452030,45,45203010,D,USA,333314,3827,230,940,B-,MI,PERCEPTRON INC,PRCP
25676, , ,11/30/11,Plymouth,Perceptron Inc,4520,452030,45,45203010,D,USA,333314,3827,230,940,B-,MI,PERCEPTRON INC,PRCP
25676, , ,12/31/11,Plymouth,Perceptron Inc,4520,452030,45,45203010,D,USA,333314,3827,230,940,B-,MI,PERCEPTRON INC,PRCP
25676, , ,1/31/12,Plymouth,Perceptron Inc,4520,452030,45,45203010,D,USA,333314,3827,230,940,B-,MI,PERCEPTRON INC,PRCP
25676, , ,2/29/12,Plymouth,Perceptron Inc,4520,452030,45,45203010,D,USA,333314,3827,230,940,B-,MI,PERCEPTRON INC,PRCP
25676, , ,3/31/12,Plymouth,Perceptron Inc,4520,452030,45,45203010,D,USA,333314,3827,230,940,B-,MI,PERCEPTRON INC,PRCP
25676, , ,4/30/12,Plymouth,Perceptron Inc,4520,452030,45,45203010,D,USA,333314,3827,230,940,B-,MI,PERCEPTRON INC,PRCP
25676, , ,5/31/12,Plymouth,Perceptron Inc,4520,452030,45,45203010,D,USA,333314,3827,230,940,B-,MI,PERCEPTRON INC,PRCP
25676, , ,6/30/12,Plymouth,Perceptron Inc,4520,452030,45,45203010,D,USA,333314,3827,230,940,B-,MI,PERCEPTRON INC,PRCP
25676, , ,7/31/12,Plymouth,Perceptron Inc,4520,452030,45,45203010,D,USA,333314,3827,230,940,B-,MI,PERCEPTRON INC,PRCP
25676, , ,8/31/12,Plymouth,Perceptron Inc,4520,452030,45,45203010,D,USA,333314,3827,230,940,B-,MI,PERCEPTRON INC,PRCP
25676, , ,9/30/12,Plymouth,Perceptron Inc,4520,452030,45,45203010,D,USA,333314,3827,230,940,B-,MI,PERCEPTRON INC,PRCP
25676, , ,10/31/12,Plymouth,Perceptron Inc,4520,452030,45,45203010,D,USA,333314,3827,230,940,B-,MI,PERCEPTRON INC,PRCP
25676, , ,11/30/12,Plymouth,Perceptron Inc,4520,452030,45,45203010,D,USA,333314,3827,230,940,B-,MI,PERCEPTRON INC,PRCP
25676, , ,12/31/12,Plymouth,Perceptron Inc,4520,452030,45,45203010,D,USA,333314,3827,230,940,B-,MI,PERCEPTRON INC,PRCP
25676, , ,1/31/13,Plymouth,Perceptron Inc,4520,452030,45,45203010,D,USA,333314,3827,230,940,B-,MI,PERCEPTRON INC,PRCP
25676, , ,2/28/13,Plymouth,Perceptron Inc,4520,452030,45,45203010,D,USA,333314,3827,230,940,B-,MI,PERCEPTRON INC,PRCP
25676, , ,3/31/13,Plymouth,Perceptron Inc,4520,452030,45,45203010,D,USA,333314,3827,230,940,B-,MI,PERCEPTRON INC,PRCP
25676, , ,4/30/13,Plymouth,Perceptron Inc,4520,452030,45,45203010,D,USA,333314,3827,230,940,B-,MI,PERCEPTRON INC,PRCP
25676, , ,5/31/13,Plymouth,Perceptron Inc,4520,452030,45,45203010,D,USA,333314,3827,230,940,B-,MI,PERCEPTRON INC,PRCP
25676, , ,6/30/13,Plymouth,Perceptron Inc,4520,452030,45,45203010,D,USA,333314,3827,230,940,B-,MI,PERCEPTRON INC,PRCP
25676, , ,7/31/13,Plymouth,Perceptron Inc,4520,452030,45,45203010,D,USA,333314,3827,230,940,B-,MI,PERCEPTRON INC,PRCP
25676, , ,8/31/13,Plymouth,Perceptron Inc,4520,452030,45,45203010,D,USA,333314,3827,230,940,B-,MI,PERCEPTRON INC,PRCP
25676, , ,9/30/13,Plymouth,Perceptron Inc,4520,452030,45,45203010,D,USA,333314,3827,230,940,B-,MI,PERCEPTRON INC,PRCP
25676, , ,10/31/13,Plymouth,Perceptron Inc,4520,452030,45,45203010,D,USA,333314,3827,230,940,B-,MI,PERCEPTRON INC,PRCP
25747, , ,1/31/10,Chicago,Littelfuse Inc,4520,452030,45,45203015,D,USA,335313,3613,220,925,B,IL,LITTELFUSE INC,LFUS
25747, , ,2/28/10,Chicago,Littelfuse Inc,4520,452030,45,45203015,D,USA,335313,3613,220,925,B,IL,LITTELFUSE INC,LFUS
25747, , ,3/31/10,Chicago,Littelfuse Inc,4520,452030,45,45203015,D,USA,335313,3613,220,925,B,IL,LITTELFUSE INC,LFUS
25747, , ,4/30/10,Chicago,Littelfuse Inc,4520,452030,45,45203015,D,USA,335313,3613,220,925,B,IL,LITTELFUSE INC,LFUS
25747, , ,5/31/10,Chicago,Littelfuse Inc,4520,452030,45,45203015,D,USA,335313,3613,220,925,B,IL,LITTELFUSE INC,LFUS
25747, , ,6/30/10,Chicago,Littelfuse Inc,4520,452030,45,45203015,D,USA,335313,3613,220,925,B,IL,LITTELFUSE INC,LFUS
25747, , ,7/31/10,Chicago,Littelfuse Inc,4520,452030,45,45203015,D,USA,335313,3613,220,925,B,IL,LITTELFUSE INC,LFUS
25747, , ,8/31/10,Chicago,Littelfuse Inc,4520,452030,45,45203015,D,USA,335313,3613,220,925,B,IL,LITTELFUSE INC,LFUS
25747, , ,9/30/10,Chicago,Littelfuse Inc,4520,452030,45,45203015,D,USA,335313,3613,220,925,B,IL,LITTELFUSE INC,LFUS
25747, , ,10/31/10,Chicago,Littelfuse Inc,4520,452030,45,45203015,D,USA,335313,3613,220,925,B,IL,LITTELFUSE INC,LFUS
25747, , ,11/30/10,Chicago,Littelfuse Inc,4520,452030,45,45203015,D,USA,335313,3613,220,925,B,IL,LITTELFUSE INC,LFUS
25747, , ,12/31/10,Chicago,Littelfuse Inc,4520,452030,45,45203015,D,USA,335313,3613,220,925,B,IL,LITTELFUSE INC,LFUS
25747, , ,1/31/11,Chicago,Littelfuse Inc,4520,452030,45,45203015,D,USA,335313,3613,220,925,B,IL,LITTELFUSE INC,LFUS
25747, , ,2/28/11,Chicago,Littelfuse Inc,4520,452030,45,45203015,D,USA,335313,3613,220,925,B,IL,LITTELFUSE INC,LFUS
25747, , ,3/31/11,Chicago,Littelfuse Inc,4520,452030,45,45203015,D,USA,335313,3613,220,925,B,IL,LITTELFUSE INC,LFUS
25747, , ,4/30/11,Chicago,Littelfuse Inc,4520,452030,45,45203015,D,USA,335313,3613,220,925,B,IL,LITTELFUSE INC,LFUS
25747, , ,5/31/11,Chicago,Littelfuse Inc,4520,452030,45,45203015,D,USA,335313,3613,220,925,B,IL,LITTELFUSE INC,LFUS
25747, , ,6/30/11,Chicago,Littelfuse Inc,4520,452030,45,45203015,D,USA,335313,3613,220,925,B,IL,LITTELFUSE INC,LFUS
25747, , ,7/31/11,Chicago,Littelfuse Inc,4520,452030,45,45203015,D,USA,335313,3613,220,925,B,IL,LITTELFUSE INC,LFUS
25747, , ,8/31/11,Chicago,Littelfuse Inc,4520,452030,45,45203015,D,USA,335313,3613,220,925,B,IL,LITTELFUSE INC,LFUS
25747, , ,9/30/11,Chicago,Littelfuse Inc,4520,452030,45,45203015,D,USA,335313,3613,220,925,B,IL,LITTELFUSE INC,LFUS
25747, , ,10/31/11,Chicago,Littelfuse Inc,4520,452030,45,45203015,D,USA,335313,3613,220,925,B,IL,LITTELFUSE INC,LFUS
25747, , ,11/30/11,Chicago,Littelfuse Inc,4520,452030,45,45203015,D,USA,335313,3613,220,925,B,IL,LITTELFUSE INC,LFUS
25747, , ,12/31/11,Chicago,Littelfuse Inc,4520,452030,45,45203015,D,USA,335313,3613,220,925,B,IL,LITTELFUSE INC,LFUS
25747, , ,1/31/12,Chicago,Littelfuse Inc,4520,452030,45,45203015,D,USA,335313,3613,220,925,B,IL,LITTELFUSE INC,LFUS
25747, , ,2/29/12,Chicago,Littelfuse Inc,4520,452030,45,45203015,D,USA,335313,3613,220,925,B,IL,LITTELFUSE INC,LFUS
25747, , ,3/31/12,Chicago,Littelfuse Inc,4520,452030,45,45203015,D,USA,335313,3613,220,925,B,IL,LITTELFUSE INC,LFUS
25747, , ,4/30/12,Chicago,Littelfuse Inc,4520,452030,45,45203015,D,USA,335313,3613,220,925,B,IL,LITTELFUSE INC,LFUS
25747, , ,5/31/12,Chicago,Littelfuse Inc,4520,452030,45,45203015,D,USA,335313,3613,220,925,B,IL,LITTELFUSE INC,LFUS
25747, , ,6/30/12,Chicago,Littelfuse Inc,4520,452030,45,45203015,D,USA,335313,3613,220,925,B,IL,LITTELFUSE INC,LFUS
25747, , ,7/31/12,Chicago,Littelfuse Inc,4520,452030,45,45203015,D,USA,335313,3613,220,925,B,IL,LITTELFUSE INC,LFUS
25747, , ,8/31/12,Chicago,Littelfuse Inc,4520,452030,45,45203015,D,USA,335313,3613,220,925,B,IL,LITTELFUSE INC,LFUS
25747, , ,9/30/12,Chicago,Littelfuse Inc,4520,452030,45,45203015,D,USA,335313,3613,220,925,B,IL,LITTELFUSE INC,LFUS
25747, , ,10/31/12,Chicago,Littelfuse Inc,4520,452030,45,45203015,D,USA,335313,3613,220,925,B,IL,LITTELFUSE INC,LFUS
25747, , ,11/30/12,Chicago,Littelfuse Inc,4520,452030,45,45203015,D,USA,335313,3613,220,925,B,IL,LITTELFUSE INC,LFUS
25747, , ,12/31/12,Chicago,Littelfuse Inc,4520,452030,45,45203015,D,USA,335313,3613,220,925,B,IL,LITTELFUSE INC,LFUS
25747, , ,1/31/13,Chicago,Littelfuse Inc,4520,452030,45,45203015,D,USA,335313,3613,220,925,B,IL,LITTELFUSE INC,LFUS
25747, , ,2/28/13,Chicago,Littelfuse Inc,4520,452030,45,45203015,D,USA,335313,3613,220,925,B,IL,LITTELFUSE INC,LFUS
25747, , ,3/31/13,Chicago,Littelfuse Inc,4520,452030,45,45203015,D,USA,335313,3613,220,925,B,IL,LITTELFUSE INC,LFUS
25747, , ,4/30/13,Chicago,Littelfuse Inc,4520,452030,45,45203015,D,USA,335313,3613,220,925,B,IL,LITTELFUSE INC,LFUS
25747, , ,5/31/13,Chicago,Littelfuse Inc,4520,452030,45,45203015,D,USA,335313,3613,220,925,B,IL,LITTELFUSE INC,LFUS
25747, , ,6/30/13,Chicago,Littelfuse Inc,4520,452030,45,45203015,D,USA,335313,3613,220,925,B,IL,LITTELFUSE INC,LFUS
25747, , ,7/31/13,Chicago,Littelfuse Inc,4520,452030,45,45203015,D,USA,335313,3613,220,925,B,IL,LITTELFUSE INC,LFUS
25747, , ,8/31/13,Chicago,Littelfuse Inc,4520,452030,45,45203015,D,USA,335313,3613,220,925,B,IL,LITTELFUSE INC,LFUS
25747, , ,9/30/13,Chicago,Littelfuse Inc,4520,452030,45,45203015,D,USA,335313,3613,220,925,B,IL,LITTELFUSE INC,LFUS
25747, , ,10/31/13,Chicago,Littelfuse Inc,4520,452030,45,45203015,D,USA,335313,3613,220,925,B,IL,LITTELFUSE INC,LFUS
25748, , ,1/31/10,Herndon,Nx Networks Inc,4520,452010,45,45201020,D,USA,334119,3576,190,940,D,VA,NX NETWORKS INC,NXWXQ
25748, , ,2/28/10,Herndon,Nx Networks Inc,4520,452010,45,45201020,D,USA,334119,3576,190,940,D,VA,NX NETWORKS INC,NXWXQ
25748, , ,3/31/10,Herndon,Nx Networks Inc,4520,452010,45,45201020,D,USA,334119,3576,190,940,D,VA,NX NETWORKS INC,NXWXQ
25748, , ,4/30/10,Herndon,Nx Networks Inc,4520,452010,45,45201020,D,USA,334119,3576,190,940,D,VA,NX NETWORKS INC,NXWXQ
25748, , ,5/31/10,Herndon,Nx Networks Inc,4520,452010,45,45201020,D,USA,334119,3576,190,940,D,VA,NX NETWORKS INC,NXWXQ
25748, , ,6/30/10,Herndon,Nx Networks Inc,4520,452010,45,45201020,D,USA,334119,3576,190,940,D,VA,NX NETWORKS INC,NXWXQ
25748, , ,7/31/10,Herndon,Nx Networks Inc,4520,452010,45,45201020,D,USA,334119,3576,190,940,D,VA,NX NETWORKS INC,NXWXQ
25748, , ,8/31/10,Herndon,Nx Networks Inc,4520,452010,45,45201020,D,USA,334119,3576,190,940,D,VA,NX NETWORKS INC,NXWXQ
25748, , ,9/30/10,Herndon,Nx Networks Inc,4520,452010,45,45201020,D,USA,334119,3576,190,940,D,VA,NX NETWORKS INC,NXWXQ
25748, , ,10/31/10,Herndon,Nx Networks Inc,4520,452010,45,45201020,D,USA,334119,3576,190,940,D,VA,NX NETWORKS INC,NXWXQ
25748, , ,11/30/10,Herndon,Nx Networks Inc,4520,452010,45,45201020,D,USA,334119,3576,190,940,D,VA,NX NETWORKS INC,NXWXQ
25748, , ,12/31/10,Herndon,Nx Networks Inc,4520,452010,45,45201020,D,USA,334119,3576,190,940,D,VA,NX NETWORKS INC,NXWXQ
25748, , ,10/31/11,Herndon,Nx Networks Inc,4520,452010,45,45201020,D,USA,334119,3576,190,940,D,VA,NX NETWORKS INC,NXWXQ
25748, , ,11/30/11,Herndon,Nx Networks Inc,4520,452010,45,45201020,D,USA,334119,3576,190,940,D,VA,NX NETWORKS INC,NXWXQ
25748, , ,12/31/11,Herndon,Nx Networks Inc,4520,452010,45,45201020,D,USA,334119,3576,190,940,D,VA,NX NETWORKS INC,NXWXQ
25748, , ,1/31/12,Herndon,Nx Networks Inc,4520,452010,45,45201020,D,USA,334119,3576,190,940,D,VA,NX NETWORKS INC,NXWXQ
25748, , ,2/29/12,Herndon,Nx Networks Inc,4520,452010,45,45201020,D,USA,334119,3576,190,940,D,VA,NX NETWORKS INC,NXWXQ
25748, , ,3/31/12,Herndon,Nx Networks Inc,4520,452010,45,45201020,D,USA,334119,3576,190,940,D,VA,NX NETWORKS INC,NXWXQ
25748, , ,4/30/12,Herndon,Nx Networks Inc,4520,452010,45,45201020,D,USA,334119,3576,190,940,D,VA,NX NETWORKS INC,NXWXQ
25748, , ,5/31/12,Herndon,Nx Networks Inc,4520,452010,45,45201020,D,USA,334119,3576,190,940,D,VA,NX NETWORKS INC,NXWXQ
25748, , ,6/30/12,Herndon,Nx Networks Inc,4520,452010,45,45201020,D,USA,334119,3576,190,940,D,VA,NX NETWORKS INC,NXWXQ
25748, , ,7/31/12,Herndon,Nx Networks Inc,4520,452010,45,45201020,D,USA,334119,3576,190,940,D,VA,NX NETWORKS INC,NXWXQ
25748, , ,8/31/12,Herndon,Nx Networks Inc,4520,452010,45,45201020,D,USA,334119,3576,190,940,D,VA,NX NETWORKS INC,NXWXQ
25748, , ,9/30/12,Herndon,Nx Networks Inc,4520,452010,45,45201020,D,USA,334119,3576,190,940,D,VA,NX NETWORKS INC,NXWXQ
25748, , ,10/31/12,Herndon,Nx Networks Inc,4520,452010,45,45201020,D,USA,334119,3576,190,940,D,VA,NX NETWORKS INC,NXWXQ
25748, , ,11/30/12,Herndon,Nx Networks Inc,4520,452010,45,45201020,D,USA,334119,3576,190,940,D,VA,NX NETWORKS INC,NXWXQ
25748, , ,12/31/12,Herndon,Nx Networks Inc,4520,452010,45,45201020,D,USA,334119,3576,190,940,D,VA,NX NETWORKS INC,NXWXQ
25748, , ,1/31/13,Herndon,Nx Networks Inc,4520,452010,45,45201020,D,USA,334119,3576,190,940,D,VA,NX NETWORKS INC,NXWXQ
25748, , ,2/28/13,Herndon,Nx Networks Inc,4520,452010,45,45201020,D,USA,334119,3576,190,940,D,VA,NX NETWORKS INC,NXWXQ
25773, , ,1/31/10,Singapore,Creative Technology Ltd,4520,452020,45,45202030,B,SGP,334118,3577,188,940,B, ,CREATIVE TECHNOLOGY LTD,CREAF
25773, , ,2/28/10,Singapore,Creative Technology Ltd,4520,452020,45,45202030,B,SGP,334118,3577,188,940,B, ,CREATIVE TECHNOLOGY LTD,CREAF
25773, , ,3/31/10,Singapore,Creative Technology Ltd,4520,452020,45,45202030,B,SGP,334118,3577,188,940,B, ,CREATIVE TECHNOLOGY LTD,CREAF
25773, , ,4/30/10,Singapore,Creative Technology Ltd,4520,452020,45,45202030,B,SGP,334118,3577,188,940,B, ,CREATIVE TECHNOLOGY LTD,CREAF
25773, , ,5/31/10,Singapore,Creative Technology Ltd,4520,452020,45,45202030,B,SGP,334118,3577,188,940,B, ,CREATIVE TECHNOLOGY LTD,CREAF
25773, , ,6/30/10,Singapore,Creative Technology Ltd,4520,452020,45,45202030,B,SGP,334118,3577,188,940,B, ,CREATIVE TECHNOLOGY LTD,CREAF
25773, , ,7/31/10,Singapore,Creative Technology Ltd,4520,452020,45,45202030,B,SGP,334118,3577,188,940,B, ,CREATIVE TECHNOLOGY LTD,CREAF
25773, , ,8/31/10,Singapore,Creative Technology Ltd,4520,452020,45,45202030,B,SGP,334118,3577,188,940,B, ,CREATIVE TECHNOLOGY LTD,CREAF
25773, , ,9/30/10,Singapore,Creative Technology Ltd,4520,452020,45,45202030,B,SGP,334118,3577,188,940,B, ,CREATIVE TECHNOLOGY LTD,CREAF
25773, , ,10/31/10,Singapore,Creative Technology Ltd,4520,452020,45,45202030,B,SGP,334118,3577,188,940,B, ,CREATIVE TECHNOLOGY LTD,CREAF
25773, , ,11/30/10,Singapore,Creative Technology Ltd,4520,452020,45,45202030,B,SGP,334118,3577,188,940,B, ,CREATIVE TECHNOLOGY LTD,CREAF
25773, , ,12/31/10,Singapore,Creative Technology Ltd,4520,452020,45,45202030,B,SGP,334118,3577,188,940,B, ,CREATIVE TECHNOLOGY LTD,CREAF
25773, , ,1/31/11,Singapore,Creative Technology Ltd,4520,452020,45,45202030,B,SGP,334118,3577,188,940,B, ,CREATIVE TECHNOLOGY LTD,CREAF
25773, , ,2/28/11,Singapore,Creative Technology Ltd,4520,452020,45,45202030,B,SGP,334118,3577,188,940,B, ,CREATIVE TECHNOLOGY LTD,CREAF
25773, , ,3/31/11,Singapore,Creative Technology Ltd,4520,452020,45,45202030,B,SGP,334118,3577,188,940,B, ,CREATIVE TECHNOLOGY LTD,CREAF
25773, , ,4/30/11,Singapore,Creative Technology Ltd,4520,452020,45,45202030,B,SGP,334118,3577,188,940,B, ,CREATIVE TECHNOLOGY LTD,CREAF
25773, , ,5/31/11,Singapore,Creative Technology Ltd,4520,452020,45,45202030,B,SGP,334118,3577,188,940,B, ,CREATIVE TECHNOLOGY LTD,CREAF
25773, , ,6/30/11,Singapore,Creative Technology Ltd,4520,452020,45,45202030,B,SGP,334118,3577,188,940,B, ,CREATIVE TECHNOLOGY LTD,CREAF
25773, , ,7/31/11,Singapore,Creative Technology Ltd,4520,452020,45,45202030,B,SGP,334118,3577,188,940,B, ,CREATIVE TECHNOLOGY LTD,CREAF
25773, , ,8/31/11,Singapore,Creative Technology Ltd,4520,452020,45,45202030,B,SGP,334118,3577,188,940,B, ,CREATIVE TECHNOLOGY LTD,CREAF
25773, , ,9/30/11,Singapore,Creative Technology Ltd,4520,452020,45,45202030,B,SGP,334118,3577,188,940,B, ,CREATIVE TECHNOLOGY LTD,CREAF
25773, , ,10/31/11,Singapore,Creative Technology Ltd,4520,452020,45,45202030,B,SGP,334118,3577,188,940,B, ,CREATIVE TECHNOLOGY LTD,CREAF
25773, , ,11/30/11,Singapore,Creative Technology Ltd,4520,452020,45,45202030,B,SGP,334118,3577,188,940,B, ,CREATIVE TECHNOLOGY LTD,CREAF
25773, , ,12/31/11,Singapore,Creative Technology Ltd,4520,452020,45,45202030,B,SGP,334118,3577,188,940,B, ,CREATIVE TECHNOLOGY LTD,CREAF
25773, , ,1/31/12,Singapore,Creative Technology Ltd,4520,452020,45,45202030,B,SGP,334118,3577,188,940,B, ,CREATIVE TECHNOLOGY LTD,CREAF
25773, , ,2/29/12,Singapore,Creative Technology Ltd,4520,452020,45,45202030,B,SGP,334118,3577,188,940,B, ,CREATIVE TECHNOLOGY LTD,CREAF
25773, , ,3/31/12,Singapore,Creative Technology Ltd,4520,452020,45,45202030,B,SGP,334118,3577,188,940,B, ,CREATIVE TECHNOLOGY LTD,CREAF
25773, , ,4/30/12,Singapore,Creative Technology Ltd,4520,452020,45,45202030,B,SGP,334118,3577,188,940,B, ,CREATIVE TECHNOLOGY LTD,CREAF
25773, , ,5/31/12,Singapore,Creative Technology Ltd,4520,452020,45,45202030,B,SGP,334118,3577,188,940,B, ,CREATIVE TECHNOLOGY LTD,CREAF
25773, , ,6/30/12,Singapore,Creative Technology Ltd,4520,452020,45,45202030,B,SGP,334118,3577,188,940,B, ,CREATIVE TECHNOLOGY LTD,CREAF
25773, , ,7/31/12,Singapore,Creative Technology Ltd,4520,452020,45,45202030,B,SGP,334118,3577,188,940,B, ,CREATIVE TECHNOLOGY LTD,CREAF
25773, , ,8/31/12,Singapore,Creative Technology Ltd,4520,452020,45,45202030,B,SGP,334118,3577,188,940,B, ,CREATIVE TECHNOLOGY LTD,CREAF
25773, , ,9/30/12,Singapore,Creative Technology Ltd,4520,452020,45,45202030,B,SGP,334118,3577,188,940,B, ,CREATIVE TECHNOLOGY LTD,CREAF
25773, , ,10/31/12,Singapore,Creative Technology Ltd,4520,452020,45,45202030,B,SGP,334118,3577,188,940,B, ,CREATIVE TECHNOLOGY LTD,CREAF
25773, , ,11/30/12,Singapore,Creative Technology Ltd,4520,452020,45,45202030,B,SGP,334118,3577,188,940,B, ,CREATIVE TECHNOLOGY LTD,CREAF
25773, , ,12/31/12,Singapore,Creative Technology Ltd,4520,452020,45,45202030,B,SGP,334118,3577,188,940,B, ,CREATIVE TECHNOLOGY LTD,CREAF
25773, , ,1/31/13,Singapore,Creative Technology Ltd,4520,452020,45,45202030,B,SGP,334118,3577,188,940,B, ,CREATIVE TECHNOLOGY LTD,CREAF
25773, , ,2/28/13,Singapore,Creative Technology Ltd,4520,452020,45,45202030,B,SGP,334118,3577,188,940,B, ,CREATIVE TECHNOLOGY LTD,CREAF
25773, , ,3/31/13,Singapore,Creative Technology Ltd,4520,452020,45,45202030,B,SGP,334118,3577,188,940,B, ,CREATIVE TECHNOLOGY LTD,CREAF
25773, , ,4/30/13,Singapore,Creative Technology Ltd,4520,452020,45,45202030,B,SGP,334118,3577,188,940,B, ,CREATIVE TECHNOLOGY LTD,CREAF
25773, , ,5/31/13,Singapore,Creative Technology Ltd,4520,452020,45,45202030,B,SGP,334118,3577,188,940,B, ,CREATIVE TECHNOLOGY LTD,CREAF
25773, , ,6/30/13,Singapore,Creative Technology Ltd,4520,452020,45,45202030,B,SGP,334118,3577,188,940,B, ,CREATIVE TECHNOLOGY LTD,CREAF
25773, , ,7/31/13,Singapore,Creative Technology Ltd,4520,452020,45,45202030,B,SGP,334118,3577,188,940,B, ,CREATIVE TECHNOLOGY LTD,CREAF
25773, , ,8/31/13,Singapore,Creative Technology Ltd,4520,452020,45,45202030,B,SGP,334118,3577,188,940,B, ,CREATIVE TECHNOLOGY LTD,CREAF
25773, , ,9/30/13,Singapore,Creative Technology Ltd,4520,452020,45,45202030,B,SGP,334118,3577,188,940,B, ,CREATIVE TECHNOLOGY LTD,CREAF
25773, , ,10/31/13,Singapore,Creative Technology Ltd,4520,452020,45,45202030,B,SGP,334118,3577,188,940,B, ,CREATIVE TECHNOLOGY LTD,CREAF
25774, , ,1/31/10,Fremont,Electronics for Imaging Inc,4520,452020,45,45202030,D,USA,334118,3576,190,940,B,CA,ELECTRONICS FOR IMAGING INC,EFII
25774, , ,2/28/10,Fremont,Electronics for Imaging Inc,4520,452020,45,45202030,D,USA,334118,3576,190,940,B,CA,ELECTRONICS FOR IMAGING INC,EFII
25774, , ,3/31/10,Fremont,Electronics for Imaging Inc,4520,452020,45,45202030,D,USA,334118,3576,190,940,B,CA,ELECTRONICS FOR IMAGING INC,EFII
25774, , ,4/30/10,Fremont,Electronics for Imaging Inc,4520,452020,45,45202030,D,USA,334118,3576,190,940,B,CA,ELECTRONICS FOR IMAGING INC,EFII
25774, , ,5/31/10,Fremont,Electronics for Imaging Inc,4520,452020,45,45202030,D,USA,334118,3576,190,940,B,CA,ELECTRONICS FOR IMAGING INC,EFII
25774, , ,6/30/10,Fremont,Electronics for Imaging Inc,4520,452020,45,45202030,D,USA,334118,3576,190,940,B,CA,ELECTRONICS FOR IMAGING INC,EFII
25774, , ,7/31/10,Fremont,Electronics for Imaging Inc,4520,452020,45,45202030,D,USA,334118,3576,190,940,B,CA,ELECTRONICS FOR IMAGING INC,EFII
25774, , ,8/31/10,Fremont,Electronics for Imaging Inc,4520,452020,45,45202030,D,USA,334118,3576,190,940,B,CA,ELECTRONICS FOR IMAGING INC,EFII
25774, , ,9/30/10,Fremont,Electronics for Imaging Inc,4520,452020,45,45202030,D,USA,334118,3576,190,940,B,CA,ELECTRONICS FOR IMAGING INC,EFII
25774, , ,10/31/10,Fremont,Electronics for Imaging Inc,4520,452020,45,45202030,D,USA,334118,3576,190,940,B,CA,ELECTRONICS FOR IMAGING INC,EFII
25774, , ,11/30/10,Fremont,Electronics for Imaging Inc,4520,452020,45,45202030,D,USA,334118,3576,190,940,B,CA,ELECTRONICS FOR IMAGING INC,EFII
25774, , ,12/31/10,Fremont,Electronics for Imaging Inc,4520,452020,45,45202030,D,USA,334118,3576,190,940,B,CA,ELECTRONICS FOR IMAGING INC,EFII
25774, , ,1/31/11,Fremont,Electronics for Imaging Inc,4520,452020,45,45202030,D,USA,334118,3576,190,940,B,CA,ELECTRONICS FOR IMAGING INC,EFII
25774, , ,2/28/11,Fremont,Electronics for Imaging Inc,4520,452020,45,45202030,D,USA,334118,3576,190,940,B,CA,ELECTRONICS FOR IMAGING INC,EFII
25774, , ,3/31/11,Fremont,Electronics for Imaging Inc,4520,452020,45,45202030,D,USA,334118,3576,190,940,B,CA,ELECTRONICS FOR IMAGING INC,EFII
25774, , ,4/30/11,Fremont,Electronics for Imaging Inc,4520,452020,45,45202030,D,USA,334118,3576,190,940,B,CA,ELECTRONICS FOR IMAGING INC,EFII
25774, , ,5/31/11,Fremont,Electronics for Imaging Inc,4520,452020,45,45202030,D,USA,334118,3576,190,940,B,CA,ELECTRONICS FOR IMAGING INC,EFII
25774, , ,6/30/11,Fremont,Electronics for Imaging Inc,4520,452020,45,45202030,D,USA,334118,3576,190,940,B,CA,ELECTRONICS FOR IMAGING INC,EFII
25774, , ,7/31/11,Fremont,Electronics for Imaging Inc,4520,452020,45,45202030,D,USA,334118,3576,190,940,B,CA,ELECTRONICS FOR IMAGING INC,EFII
25774, , ,8/31/11,Fremont,Electronics for Imaging Inc,4520,452020,45,45202030,D,USA,334118,3576,190,940,B,CA,ELECTRONICS FOR IMAGING INC,EFII
25774, , ,9/30/11,Fremont,Electronics for Imaging Inc,4520,452020,45,45202030,D,USA,334118,3576,190,940,B,CA,ELECTRONICS FOR IMAGING INC,EFII
25774, , ,10/31/11,Fremont,Electronics for Imaging Inc,4520,452020,45,45202030,D,USA,334118,3576,190,940,B,CA,ELECTRONICS FOR IMAGING INC,EFII
25774, , ,11/30/11,Fremont,Electronics for Imaging Inc,4520,452020,45,45202030,D,USA,334118,3576,190,940,B,CA,ELECTRONICS FOR IMAGING INC,EFII
25774, , ,12/31/11,Fremont,Electronics for Imaging Inc,4520,452020,45,45202030,D,USA,334118,3576,190,940,B,CA,ELECTRONICS FOR IMAGING INC,EFII
25774, , ,1/31/12,Fremont,Electronics for Imaging Inc,4520,452020,45,45202030,D,USA,334118,3576,190,940,B,CA,ELECTRONICS FOR IMAGING INC,EFII
25774, , ,2/29/12,Fremont,Electronics for Imaging Inc,4520,452020,45,45202030,D,USA,334118,3576,190,940,B,CA,ELECTRONICS FOR IMAGING INC,EFII
25774, , ,3/31/12,Fremont,Electronics for Imaging Inc,4520,452020,45,45202030,D,USA,334118,3576,190,940,B,CA,ELECTRONICS FOR IMAGING INC,EFII
25774, , ,4/30/12,Fremont,Electronics for Imaging Inc,4520,452020,45,45202030,D,USA,334118,3576,190,940,B,CA,ELECTRONICS FOR IMAGING INC,EFII
25774, , ,5/31/12,Fremont,Electronics for Imaging Inc,4520,452020,45,45202030,D,USA,334118,3576,190,940,B,CA,ELECTRONICS FOR IMAGING INC,EFII
25774, , ,6/30/12,Fremont,Electronics for Imaging Inc,4520,452020,45,45202030,D,USA,334118,3576,190,940,B,CA,ELECTRONICS FOR IMAGING INC,EFII
25774, , ,7/31/12,Fremont,Electronics for Imaging Inc,4520,452020,45,45202030,D,USA,334118,3576,190,940,B,CA,ELECTRONICS FOR IMAGING INC,EFII
25774, , ,8/31/12,Fremont,Electronics for Imaging Inc,4520,452020,45,45202030,D,USA,334118,3576,190,940,B,CA,ELECTRONICS FOR IMAGING INC,EFII
25774, , ,9/30/12,Fremont,Electronics for Imaging Inc,4520,452020,45,45202030,D,USA,334118,3576,190,940,B,CA,ELECTRONICS FOR IMAGING INC,EFII
25774, , ,10/31/12,Fremont,Electronics for Imaging Inc,4520,452020,45,45202030,D,USA,334118,3576,190,940,B,CA,ELECTRONICS FOR IMAGING INC,EFII
25774, , ,11/30/12,Fremont,Electronics for Imaging Inc,4520,452020,45,45202030,D,USA,334118,3576,190,940,B,CA,ELECTRONICS FOR IMAGING INC,EFII
25774, , ,12/31/12,Fremont,Electronics for Imaging Inc,4520,452020,45,45202030,D,USA,334118,3576,190,940,B,CA,ELECTRONICS FOR IMAGING INC,EFII
25774, , ,1/31/13,Fremont,Electronics for Imaging Inc,4520,452020,45,45202030,D,USA,334118,3576,190,940,B,CA,ELECTRONICS FOR IMAGING INC,EFII
25774, , ,2/28/13,Fremont,Electronics for Imaging Inc,4520,452020,45,45202030,D,USA,334118,3576,190,940,B,CA,ELECTRONICS FOR IMAGING INC,EFII
25774, , ,3/31/13,Fremont,Electronics for Imaging Inc,4520,452020,45,45202030,D,USA,334118,3576,190,940,B,CA,ELECTRONICS FOR IMAGING INC,EFII
25774, , ,4/30/13,Fremont,Electronics for Imaging Inc,4520,452020,45,45202030,D,USA,334118,3576,190,940,B,CA,ELECTRONICS FOR IMAGING INC,EFII
25774, , ,5/31/13,Fremont,Electronics for Imaging Inc,4520,452020,45,45202030,D,USA,334118,3576,190,940,B,CA,ELECTRONICS FOR IMAGING INC,EFII
25774, , ,6/30/13,Fremont,Electronics for Imaging Inc,4520,452020,45,45202030,D,USA,334118,3576,190,940,B,CA,ELECTRONICS FOR IMAGING INC,EFII
25774, , ,7/31/13,Fremont,Electronics for Imaging Inc,4520,452020,45,45202030,D,USA,334118,3576,190,940,B,CA,ELECTRONICS FOR IMAGING INC,EFII
25774, , ,8/31/13,Fremont,Electronics for Imaging Inc,4520,452020,45,45202030,D,USA,334118,3576,190,940,B,CA,ELECTRONICS FOR IMAGING INC,EFII
25774, , ,9/30/13,Fremont,Electronics for Imaging Inc,4520,452020,45,45202030,D,USA,334118,3576,190,940,B,CA,ELECTRONICS FOR IMAGING INC,EFII
25774, , ,10/31/13,Fremont,Electronics for Imaging Inc,4520,452020,45,45202030,D,USA,334118,3576,190,940,B,CA,ELECTRONICS FOR IMAGING INC,EFII
25786, , ,1/31/10,Plano,Data Race Inc,4520,452010,45,45201010,D,USA,334119,3576,190,940, ,TX,DATA RACE INC,RACE
25786, , ,2/28/10,Plano,Data Race Inc,4520,452010,45,45201010,D,USA,334119,3576,190,940, ,TX,DATA RACE INC,RACE
25786, , ,3/31/10,Plano,Data Race Inc,4520,452010,45,45201010,D,USA,334119,3576,190,940, ,TX,DATA RACE INC,RACE
25786, , ,4/30/10,Plano,Data Race Inc,4520,452010,45,45201010,D,USA,334119,3576,190,940, ,TX,DATA RACE INC,RACE
25786, , ,5/31/10,Plano,Data Race Inc,4520,452010,45,45201010,D,USA,334119,3576,190,940, ,TX,DATA RACE INC,RACE
25786, , ,6/30/10,Plano,Data Race Inc,4520,452010,45,45201010,D,USA,334119,3576,190,940, ,TX,DATA RACE INC,RACE
25786, , ,7/31/10,Plano,Data Race Inc,4520,452010,45,45201010,D,USA,334119,3576,190,940, ,TX,DATA RACE INC,RACE
25786, , ,8/31/10,Plano,Data Race Inc,4520,452010,45,45201010,D,USA,334119,3576,190,940, ,TX,DATA RACE INC,RACE
25786, , ,9/30/10,Plano,Data Race Inc,4520,452010,45,45201010,D,USA,334119,3576,190,940, ,TX,DATA RACE INC,RACE
25786, , ,10/31/10,Plano,Data Race Inc,4520,452010,45,45201010,D,USA,334119,3576,190,940, ,TX,DATA RACE INC,RACE
25786, , ,11/30/10,Plano,Data Race Inc,4520,452010,45,45201010,D,USA,334119,3576,190,940, ,TX,DATA RACE INC,RACE
25786, , ,12/31/10,Plano,Data Race Inc,4520,452010,45,45201010,D,USA,334119,3576,190,940, ,TX,DATA RACE INC,RACE
25786, , ,1/31/11,Plano,Data Race Inc,4520,452010,45,45201010,D,USA,334119,3576,190,940, ,TX,DATA RACE INC,RACE
25786, , ,2/28/11,Plano,Data Race Inc,4520,452010,45,45201010,D,USA,334119,3576,190,940, ,TX,DATA RACE INC,RACE
25786, , ,3/31/11,Plano,Data Race Inc,4520,452010,45,45201010,D,USA,334119,3576,190,940, ,TX,DATA RACE INC,RACE
25786, , ,4/30/11,Plano,Data Race Inc,4520,452010,45,45201010,D,USA,334119,3576,190,940, ,TX,DATA RACE INC,RACE
25786, , ,5/31/11,Plano,Data Race Inc,4520,452010,45,45201010,D,USA,334119,3576,190,940, ,TX,DATA RACE INC,RACE
25848, , ,1/31/10,Simpsonville,KEMET Corp,4520,452030,45,45203020,D,USA,334416,3670,220,925,C,SC,KEMET CORP,KEM
25848, , ,2/28/10,Simpsonville,KEMET Corp,4520,452030,45,45203020,D,USA,334416,3670,220,925,C,SC,KEMET CORP,KEM
25848, , ,3/31/10,Simpsonville,KEMET Corp,4520,452030,45,45203020,D,USA,334416,3670,220,925,C,SC,KEMET CORP,KEM
25848,B, ,4/30/10,Simpsonville,KEMET Corp,4520,452030,45,45203020,D,USA,334416,3670,220,925,C,SC,KEMET CORP,KEM
25848,B, ,5/31/10,Simpsonville,KEMET Corp,4520,452030,45,45203020,D,USA,334416,3670,220,925,C,SC,KEMET CORP,KEM
25848,B, ,6/30/10,Simpsonville,KEMET Corp,4520,452030,45,45203020,D,USA,334416,3670,220,925,C,SC,KEMET CORP,KEM
25848,B, ,7/31/10,Simpsonville,KEMET Corp,4520,452030,45,45203020,D,USA,334416,3670,220,925,C,SC,KEMET CORP,KEM
25848,B, ,8/31/10,Simpsonville,KEMET Corp,4520,452030,45,45203020,D,USA,334416,3670,220,925,C,SC,KEMET CORP,KEM
25848,B, ,9/30/10,Simpsonville,KEMET Corp,4520,452030,45,45203020,D,USA,334416,3670,220,925,C,SC,KEMET CORP,KEM
25848,B, ,10/31/10,Simpsonville,KEMET Corp,4520,452030,45,45203020,D,USA,334416,3670,220,925,C,SC,KEMET CORP,KEM
25848,B, ,11/30/10,Simpsonville,KEMET Corp,4520,452030,45,45203020,D,USA,334416,3670,220,925,C,SC,KEMET CORP,KEM
25848,B, ,12/31/10,Simpsonville,KEMET Corp,4520,452030,45,45203020,D,USA,334416,3670,220,925,C,SC,KEMET CORP,KEM
25848,B, ,1/31/11,Simpsonville,KEMET Corp,4520,452030,45,45203020,D,USA,334416,3670,220,925,C,SC,KEMET CORP,KEM
25848,B, ,2/28/11,Simpsonville,KEMET Corp,4520,452030,45,45203020,D,USA,334416,3670,220,925,C,SC,KEMET CORP,KEM
25848,B, ,3/31/11,Simpsonville,KEMET Corp,4520,452030,45,45203020,D,USA,334416,3670,220,925,C,SC,KEMET CORP,KEM
25848,B+, ,4/30/11,Simpsonville,KEMET Corp,4520,452030,45,45203020,D,USA,334416,3670,220,925,C,SC,KEMET CORP,KEM
25848,B+, ,5/31/11,Simpsonville,KEMET Corp,4520,452030,45,45203020,D,USA,334416,3670,220,925,C,SC,KEMET CORP,KEM
25848,B+, ,6/30/11,Simpsonville,KEMET Corp,4520,452030,45,45203020,D,USA,334416,3670,220,925,C,SC,KEMET CORP,KEM
25848,B+, ,7/31/11,Simpsonville,KEMET Corp,4520,452030,45,45203020,D,USA,334416,3670,220,925,C,SC,KEMET CORP,KEM
25848,B+, ,8/31/11,Simpsonville,KEMET Corp,4520,452030,45,45203020,D,USA,334416,3670,220,925,C,SC,KEMET CORP,KEM
25848,B+, ,9/30/11,Simpsonville,KEMET Corp,4520,452030,45,45203020,D,USA,334416,3670,220,925,C,SC,KEMET CORP,KEM
25848,B+, ,10/31/11,Simpsonville,KEMET Corp,4520,452030,45,45203020,D,USA,334416,3670,220,925,C,SC,KEMET CORP,KEM
25848,B+, ,11/30/11,Simpsonville,KEMET Corp,4520,452030,45,45203020,D,USA,334416,3670,220,925,C,SC,KEMET CORP,KEM
25848,B+, ,12/31/11,Simpsonville,KEMET Corp,4520,452030,45,45203020,D,USA,334416,3670,220,925,C,SC,KEMET CORP,KEM
25848,B+, ,1/31/12,Simpsonville,KEMET Corp,4520,452030,45,45203020,D,USA,334416,3670,220,925,C,SC,KEMET CORP,KEM
25848,B+, ,2/29/12,Simpsonville,KEMET Corp,4520,452030,45,45203020,D,USA,334416,3670,220,925,C,SC,KEMET CORP,KEM
25848,B+, ,3/31/12,Simpsonville,KEMET Corp,4520,452030,45,45203020,D,USA,334416,3670,220,925,C,SC,KEMET CORP,KEM
25848,B+, ,4/30/12,Simpsonville,KEMET Corp,4520,452030,45,45203020,D,USA,334416,3670,220,925,C,SC,KEMET CORP,KEM
25848,B+, ,5/31/12,Simpsonville,KEMET Corp,4520,452030,45,45203020,D,USA,334416,3670,220,925,C,SC,KEMET CORP,KEM
25848,B+, ,6/30/12,Simpsonville,KEMET Corp,4520,452030,45,45203020,D,USA,334416,3670,220,925,C,SC,KEMET CORP,KEM
25848,B+, ,7/31/12,Simpsonville,KEMET Corp,4520,452030,45,45203020,D,USA,334416,3670,220,925,C,SC,KEMET CORP,KEM
25848,B+, ,8/31/12,Simpsonville,KEMET Corp,4520,452030,45,45203020,D,USA,334416,3670,220,925,C,SC,KEMET CORP,KEM
25848,B+, ,9/30/12,Simpsonville,KEMET Corp,4520,452030,45,45203020,D,USA,334416,3670,220,925,C,SC,KEMET CORP,KEM
25848,B+, ,10/31/12,Simpsonville,KEMET Corp,4520,452030,45,45203020,D,USA,334416,3670,220,925,C,SC,KEMET CORP,KEM
25848,B+, ,11/30/12,Simpsonville,KEMET Corp,4520,452030,45,45203020,D,USA,334416,3670,220,925,C,SC,KEMET CORP,KEM
25848,B+, ,12/31/12,Simpsonville,KEMET Corp,4520,452030,45,45203020,D,USA,334416,3670,220,925,C,SC,KEMET CORP,KEM
25848,B+, ,1/31/13,Simpsonville,KEMET Corp,4520,452030,45,45203020,D,USA,334416,3670,220,925,C,SC,KEMET CORP,KEM
25848,B+, ,2/28/13,Simpsonville,KEMET Corp,4520,452030,45,45203020,D,USA,334416,3670,220,925,C,SC,KEMET CORP,KEM
25848,B+, ,3/31/13,Simpsonville,KEMET Corp,4520,452030,45,45203020,D,USA,334416,3670,220,925,C,SC,KEMET CORP,KEM
25848,B+, ,4/30/13,Simpsonville,KEMET Corp,4520,452030,45,45203020,D,USA,334416,3670,220,925,C,SC,KEMET CORP,KEM
25848,B+, ,5/31/13,Simpsonville,KEMET Corp,4520,452030,45,45203020,D,USA,334416,3670,220,925,C,SC,KEMET CORP,KEM
25848,B+, ,6/30/13,Simpsonville,KEMET Corp,4520,452030,45,45203020,D,USA,334416,3670,220,925,C,SC,KEMET CORP,KEM
25848,B+, ,7/31/13,Simpsonville,KEMET Corp,4520,452030,45,45203020,D,USA,334416,3670,220,925,C,SC,KEMET CORP,KEM
25848,B-, ,8/31/13,Simpsonville,KEMET Corp,4520,452030,45,45203020,D,USA,334416,3670,220,925,C,SC,KEMET CORP,KEM
25848,B-, ,9/30/13,Simpsonville,KEMET Corp,4520,452030,45,45203020,D,USA,334416,3670,220,925,C,SC,KEMET CORP,KEM
25848,B-, ,10/31/13,Simpsonville,KEMET Corp,4520,452030,45,45203020,D,USA,334416,3670,220,925,C,SC,KEMET CORP,KEM
25848,B-, ,11/30/13,Simpsonville,KEMET Corp,4520,452030,45,45203020,D,USA,334416,3670,220,925,C,SC,KEMET CORP,KEM
25848,B-, ,12/31/13,Simpsonville,KEMET Corp,4520,452030,45,45203020,D,USA,334416,3670,220,925,C,SC,KEMET CORP,KEM
25848,B-, ,1/31/14,Simpsonville,KEMET Corp,4520,452030,45,45203020,D,USA,334416,3670,220,925,C,SC,KEMET CORP,KEM
25848,B-, ,2/28/14,Simpsonville,KEMET Corp,4520,452030,45,45203020,D,USA,334416,3670,220,925,C,SC,KEMET CORP,KEM
25848,B-, ,3/31/14,Simpsonville,KEMET Corp,4520,452030,45,45203020,D,USA,334416,3670,220,925,C,SC,KEMET CORP,KEM
25848,B-, ,4/30/14,Simpsonville,KEMET Corp,4520,452030,45,45203020,D,USA,334416,3670,220,925,C,SC,KEMET CORP,KEM
25848,B-, ,5/31/14,Simpsonville,KEMET Corp,4520,452030,45,45203020,D,USA,334416,3670,220,925,C,SC,KEMET CORP,KEM
25848,B-, ,6/30/14,Simpsonville,KEMET Corp,4520,452030,45,45203020,D,USA,334416,3670,220,925,C,SC,KEMET CORP,KEM
25915, , ,1/31/10,Minneapolis,Qumu Corp,4520,452020,45,45202030,D,USA,333318,3559,247,940,C,MN,QUMU CORP,QUMU
25915, , ,2/28/10,Minneapolis,Qumu Corp,4520,452020,45,45202030,D,USA,333318,3559,247,940,C,MN,QUMU CORP,QUMU
25915, , ,3/31/10,Minneapolis,Qumu Corp,4520,452020,45,45202030,D,USA,333318,3559,247,940,C,MN,QUMU CORP,QUMU
25915, , ,4/30/10,Minneapolis,Qumu Corp,4520,452020,45,45202030,D,USA,333318,3559,247,940,C,MN,QUMU CORP,QUMU
25915, , ,5/31/10,Minneapolis,Qumu Corp,4520,452020,45,45202030,D,USA,333318,3559,247,940,C,MN,QUMU CORP,QUMU
25915, , ,6/30/10,Minneapolis,Qumu Corp,4520,452020,45,45202030,D,USA,333318,3559,247,940,C,MN,QUMU CORP,QUMU
25915, , ,7/31/10,Minneapolis,Qumu Corp,4520,452020,45,45202030,D,USA,333318,3559,247,940,C,MN,QUMU CORP,QUMU
25915, , ,8/31/10,Minneapolis,Qumu Corp,4520,452020,45,45202030,D,USA,333318,3559,247,940,C,MN,QUMU CORP,QUMU
25915, , ,9/30/10,Minneapolis,Qumu Corp,4520,452020,45,45202030,D,USA,333318,3559,247,940,C,MN,QUMU CORP,QUMU
25915, , ,10/31/10,Minneapolis,Qumu Corp,4520,452020,45,45202030,D,USA,333318,3559,247,940,C,MN,QUMU CORP,QUMU
25915, , ,11/30/10,Minneapolis,Qumu Corp,4520,452020,45,45202030,D,USA,333318,3559,247,940,C,MN,QUMU CORP,QUMU
25915, , ,12/31/10,Minneapolis,Qumu Corp,4520,452020,45,45202030,D,USA,333318,3559,247,940,C,MN,QUMU CORP,QUMU
25915, , ,1/31/11,Minneapolis,Qumu Corp,4520,452020,45,45202030,D,USA,333318,3559,247,940,C,MN,QUMU CORP,QUMU
25915, , ,2/28/11,Minneapolis,Qumu Corp,4520,452020,45,45202030,D,USA,333318,3559,247,940,C,MN,QUMU CORP,QUMU
25915, , ,3/31/11,Minneapolis,Qumu Corp,4520,452020,45,45202030,D,USA,333318,3559,247,940,C,MN,QUMU CORP,QUMU
25915, , ,4/30/11,Minneapolis,Qumu Corp,4520,452020,45,45202030,D,USA,333318,3559,247,940,C,MN,QUMU CORP,QUMU
25915, , ,5/31/11,Minneapolis,Qumu Corp,4520,452020,45,45202030,D,USA,333318,3559,247,940,C,MN,QUMU CORP,QUMU
25915, , ,6/30/11,Minneapolis,Qumu Corp,4520,452020,45,45202030,D,USA,333318,3559,247,940,C,MN,QUMU CORP,QUMU
25915, , ,7/31/11,Minneapolis,Qumu Corp,4520,452020,45,45202030,D,USA,333318,3559,247,940,C,MN,QUMU CORP,QUMU
25915, , ,8/31/11,Minneapolis,Qumu Corp,4520,452020,45,45202030,D,USA,333318,3559,247,940,C,MN,QUMU CORP,QUMU
25915, , ,9/30/11,Minneapolis,Qumu Corp,4520,452020,45,45202030,D,USA,333318,3559,247,940,C,MN,QUMU CORP,QUMU
25915, , ,10/31/11,Minneapolis,Qumu Corp,4520,452020,45,45202030,D,USA,333318,3559,247,940,C,MN,QUMU CORP,QUMU
25915, , ,11/30/11,Minneapolis,Qumu Corp,4520,452020,45,45202030,D,USA,333318,3559,247,940,C,MN,QUMU CORP,QUMU
25915, , ,12/31/11,Minneapolis,Qumu Corp,4520,452020,45,45202030,D,USA,333318,3559,247,940,C,MN,QUMU CORP,QUMU
25915, , ,1/31/12,Minneapolis,Qumu Corp,4520,452020,45,45202030,D,USA,333318,3559,247,940,C,MN,QUMU CORP,QUMU
25915, , ,2/29/12,Minneapolis,Qumu Corp,4520,452020,45,45202030,D,USA,333318,3559,247,940,C,MN,QUMU CORP,QUMU
25915, , ,3/31/12,Minneapolis,Qumu Corp,4520,452020,45,45202030,D,USA,333318,3559,247,940,C,MN,QUMU CORP,QUMU
25915, , ,4/30/12,Minneapolis,Qumu Corp,4520,452020,45,45202030,D,USA,333318,3559,247,940,C,MN,QUMU CORP,QUMU
25915, , ,5/31/12,Minneapolis,Qumu Corp,4520,452020,45,45202030,D,USA,333318,3559,247,940,C,MN,QUMU CORP,QUMU
25915, , ,6/30/12,Minneapolis,Qumu Corp,4520,452020,45,45202030,D,USA,333318,3559,247,940,C,MN,QUMU CORP,QUMU
25915, , ,7/31/12,Minneapolis,Qumu Corp,4520,452020,45,45202030,D,USA,333318,3559,247,940,C,MN,QUMU CORP,QUMU
25915, , ,8/31/12,Minneapolis,Qumu Corp,4520,452020,45,45202030,D,USA,333318,3559,247,940,C,MN,QUMU CORP,QUMU
25915, , ,9/30/12,Minneapolis,Qumu Corp,4520,452020,45,45202030,D,USA,333318,3559,247,940,C,MN,QUMU CORP,QUMU
25915, , ,10/31/12,Minneapolis,Qumu Corp,4520,452020,45,45202030,D,USA,333318,3559,247,940,C,MN,QUMU CORP,QUMU
25915, , ,11/30/12,Minneapolis,Qumu Corp,4520,452020,45,45202030,D,USA,333318,3559,247,940,C,MN,QUMU CORP,QUMU
25915, , ,12/31/12,Minneapolis,Qumu Corp,4520,452020,45,45202030,D,USA,333318,3559,247,940,C,MN,QUMU CORP,QUMU
25915, , ,1/31/13,Minneapolis,Qumu Corp,4520,452020,45,45202030,D,USA,333318,3559,247,940,C,MN,QUMU CORP,QUMU
25915, , ,2/28/13,Minneapolis,Qumu Corp,4520,452020,45,45202030,D,USA,333318,3559,247,940,C,MN,QUMU CORP,QUMU
25915, , ,3/31/13,Minneapolis,Qumu Corp,4520,452020,45,45202030,D,USA,333318,3559,247,940,C,MN,QUMU CORP,QUMU
25915, , ,4/30/13,Minneapolis,Qumu Corp,4520,452020,45,45202030,D,USA,333318,3559,247,940,C,MN,QUMU CORP,QUMU
25915, , ,5/31/13,Minneapolis,Qumu Corp,4520,452020,45,45202030,D,USA,333318,3559,247,940,C,MN,QUMU CORP,QUMU
25915, , ,6/30/13,Minneapolis,Qumu Corp,4520,452020,45,45202030,D,USA,333318,3559,247,940,C,MN,QUMU CORP,QUMU
25915, , ,7/31/13,Minneapolis,Qumu Corp,4520,452020,45,45202030,D,USA,333318,3559,247,940,C,MN,QUMU CORP,QUMU
25915, , ,8/31/13,Minneapolis,Qumu Corp,4520,452020,45,45202030,D,USA,333318,3559,247,940,C,MN,QUMU CORP,QUMU
25915, , ,9/30/13,Minneapolis,Qumu Corp,4520,452020,45,45202030,D,USA,333318,3559,247,940,C,MN,QUMU CORP,QUMU
25915, , ,10/31/13,Minneapolis,Qumu Corp,4520,452020,45,45202030,D,USA,333318,3559,247,940,C,MN,QUMU CORP,QUMU
25976, , ,1/31/10,Atlanta,Verso Technologies Inc,4520,452010,45,45201020,D,USA,541512,7373,454,940,D,GA,VERSO TECHNOLOGIES INC,VRSOQ
25976, , ,2/28/10,Atlanta,Verso Technologies Inc,4520,452010,45,45201020,D,USA,541512,7373,454,940,D,GA,VERSO TECHNOLOGIES INC,VRSOQ
25976, , ,3/31/10,Atlanta,Verso Technologies Inc,4520,452010,45,45201020,D,USA,541512,7373,454,940,D,GA,VERSO TECHNOLOGIES INC,VRSOQ
25976, , ,4/30/10,Atlanta,Verso Technologies Inc,4520,452010,45,45201020,D,USA,541512,7373,454,940,D,GA,VERSO TECHNOLOGIES INC,VRSOQ
25976, , ,5/31/10,Atlanta,Verso Technologies Inc,4520,452010,45,45201020,D,USA,541512,7373,454,940,D,GA,VERSO TECHNOLOGIES INC,VRSOQ
25976, , ,6/30/10,Atlanta,Verso Technologies Inc,4520,452010,45,45201020,D,USA,541512,7373,454,940,D,GA,VERSO TECHNOLOGIES INC,VRSOQ
25976, , ,7/31/10,Atlanta,Verso Technologies Inc,4520,452010,45,45201020,D,USA,541512,7373,454,940,D,GA,VERSO TECHNOLOGIES INC,VRSOQ
25976, , ,8/31/10,Atlanta,Verso Technologies Inc,4520,452010,45,45201020,D,USA,541512,7373,454,940,D,GA,VERSO TECHNOLOGIES INC,VRSOQ
25976, , ,9/30/10,Atlanta,Verso Technologies Inc,4520,452010,45,45201020,D,USA,541512,7373,454,940,D,GA,VERSO TECHNOLOGIES INC,VRSOQ
25976, , ,10/31/10,Atlanta,Verso Technologies Inc,4520,452010,45,45201020,D,USA,541512,7373,454,940,D,GA,VERSO TECHNOLOGIES INC,VRSOQ
25976, , ,11/30/10,Atlanta,Verso Technologies Inc,4520,452010,45,45201020,D,USA,541512,7373,454,940,D,GA,VERSO TECHNOLOGIES INC,VRSOQ
25976, , ,12/31/10,Atlanta,Verso Technologies Inc,4520,452010,45,45201020,D,USA,541512,7373,454,940,D,GA,VERSO TECHNOLOGIES INC,VRSOQ
25976, , ,1/31/11,Atlanta,Verso Technologies Inc,4520,452010,45,45201020,D,USA,541512,7373,454,940,D,GA,VERSO TECHNOLOGIES INC,VRSOQ
25976, , ,2/28/11,Atlanta,Verso Technologies Inc,4520,452010,45,45201020,D,USA,541512,7373,454,940,D,GA,VERSO TECHNOLOGIES INC,VRSOQ
25976, , ,3/31/11,Atlanta,Verso Technologies Inc,4520,452010,45,45201020,D,USA,541512,7373,454,940,D,GA,VERSO TECHNOLOGIES INC,VRSOQ
25976, , ,4/30/11,Atlanta,Verso Technologies Inc,4520,452010,45,45201020,D,USA,541512,7373,454,940,D,GA,VERSO TECHNOLOGIES INC,VRSOQ
25976, , ,5/31/11,Atlanta,Verso Technologies Inc,4520,452010,45,45201020,D,USA,541512,7373,454,940,D,GA,VERSO TECHNOLOGIES INC,VRSOQ
25976, , ,6/30/11,Atlanta,Verso Technologies Inc,4520,452010,45,45201020,D,USA,541512,7373,454,940,D,GA,VERSO TECHNOLOGIES INC,VRSOQ
25976, , ,7/31/11,Atlanta,Verso Technologies Inc,4520,452010,45,45201020,D,USA,541512,7373,454,940,D,GA,VERSO TECHNOLOGIES INC,VRSOQ
25976, , ,8/31/11,Atlanta,Verso Technologies Inc,4520,452010,45,45201020,D,USA,541512,7373,454,940,D,GA,VERSO TECHNOLOGIES INC,VRSOQ
25978, , ,1/31/10,Chatsworth,MRV Communications Inc,4520,452010,45,45201020,D,USA,334210,3661,190,940,C,CA,MRV COMMUNICATIONS INC,MRVC
25978, , ,2/28/10,Chatsworth,MRV Communications Inc,4520,452010,45,45201020,D,USA,334210,3661,190,940,C,CA,MRV COMMUNICATIONS INC,MRVC
25978, , ,3/31/10,Chatsworth,MRV Communications Inc,4520,452010,45,45201020,D,USA,334210,3661,190,940,C,CA,MRV COMMUNICATIONS INC,MRVC
25978, , ,4/30/10,Chatsworth,MRV Communications Inc,4520,452010,45,45201020,D,USA,334210,3661,190,940,C,CA,MRV COMMUNICATIONS INC,MRVC
25978, , ,5/31/10,Chatsworth,MRV Communications Inc,4520,452010,45,45201020,D,USA,334210,3661,190,940,C,CA,MRV COMMUNICATIONS INC,MRVC
25978, , ,6/30/10,Chatsworth,MRV Communications Inc,4520,452010,45,45201020,D,USA,334210,3661,190,940,C,CA,MRV COMMUNICATIONS INC,MRVC
25978, , ,7/31/10,Chatsworth,MRV Communications Inc,4520,452010,45,45201020,D,USA,334210,3661,190,940,C,CA,MRV COMMUNICATIONS INC,MRVC
25978, , ,8/31/10,Chatsworth,MRV Communications Inc,4520,452010,45,45201020,D,USA,334210,3661,190,940,C,CA,MRV COMMUNICATIONS INC,MRVC
25978, , ,9/30/10,Chatsworth,MRV Communications Inc,4520,452010,45,45201020,D,USA,334210,3661,190,940,C,CA,MRV COMMUNICATIONS INC,MRVC
25978, , ,10/31/10,Chatsworth,MRV Communications Inc,4520,452010,45,45201020,D,USA,334210,3661,190,940,C,CA,MRV COMMUNICATIONS INC,MRVC
25978, , ,11/30/10,Chatsworth,MRV Communications Inc,4520,452010,45,45201020,D,USA,334210,3661,190,940,C,CA,MRV COMMUNICATIONS INC,MRVC
25978, , ,12/31/10,Chatsworth,MRV Communications Inc,4520,452010,45,45201020,D,USA,334210,3661,190,940,C,CA,MRV COMMUNICATIONS INC,MRVC
25978, , ,1/31/11,Chatsworth,MRV Communications Inc,4520,452010,45,45201020,D,USA,334210,3661,190,940,C,CA,MRV COMMUNICATIONS INC,MRVC
25978, , ,2/28/11,Chatsworth,MRV Communications Inc,4520,452010,45,45201020,D,USA,334210,3661,190,940,C,CA,MRV COMMUNICATIONS INC,MRVC
25978, , ,3/31/11,Chatsworth,MRV Communications Inc,4520,452010,45,45201020,D,USA,334210,3661,190,940,C,CA,MRV COMMUNICATIONS INC,MRVC
25978, , ,4/30/11,Chatsworth,MRV Communications Inc,4520,452010,45,45201020,D,USA,334210,3661,190,940,C,CA,MRV COMMUNICATIONS INC,MRVC
25978, , ,5/31/11,Chatsworth,MRV Communications Inc,4520,452010,45,45201020,D,USA,334210,3661,190,940,C,CA,MRV COMMUNICATIONS INC,MRVC
25978, , ,6/30/11,Chatsworth,MRV Communications Inc,4520,452010,45,45201020,D,USA,334210,3661,190,940,C,CA,MRV COMMUNICATIONS INC,MRVC
25978, , ,7/31/11,Chatsworth,MRV Communications Inc,4520,452010,45,45201020,D,USA,334210,3661,190,940,C,CA,MRV COMMUNICATIONS INC,MRVC
25978, , ,8/31/11,Chatsworth,MRV Communications Inc,4520,452010,45,45201020,D,USA,334210,3661,190,940,C,CA,MRV COMMUNICATIONS INC,MRVC
25978, , ,9/30/11,Chatsworth,MRV Communications Inc,4520,452010,45,45201020,D,USA,334210,3661,190,940,C,CA,MRV COMMUNICATIONS INC,MRVC
25978, , ,10/31/11,Chatsworth,MRV Communications Inc,4520,452010,45,45201020,D,USA,334210,3661,190,940,C,CA,MRV COMMUNICATIONS INC,MRVC
25978, , ,11/30/11,Chatsworth,MRV Communications Inc,4520,452010,45,45201020,D,USA,334210,3661,190,940,C,CA,MRV COMMUNICATIONS INC,MRVC
25978, , ,12/31/11,Chatsworth,MRV Communications Inc,4520,452010,45,45201020,D,USA,334210,3661,190,940,C,CA,MRV COMMUNICATIONS INC,MRVC
25978, , ,1/31/12,Chatsworth,MRV Communications Inc,4520,452010,45,45201020,D,USA,334210,3661,190,940,C,CA,MRV COMMUNICATIONS INC,MRVC
25978, , ,2/29/12,Chatsworth,MRV Communications Inc,4520,452010,45,45201020,D,USA,334210,3661,190,940,C,CA,MRV COMMUNICATIONS INC,MRVC
25978, , ,3/31/12,Chatsworth,MRV Communications Inc,4520,452010,45,45201020,D,USA,334210,3661,190,940,C,CA,MRV COMMUNICATIONS INC,MRVC
25978, , ,4/30/12,Chatsworth,MRV Communications Inc,4520,452010,45,45201020,D,USA,334210,3661,190,940,C,CA,MRV COMMUNICATIONS INC,MRVC
25978, , ,5/31/12,Chatsworth,MRV Communications Inc,4520,452010,45,45201020,D,USA,334210,3661,190,940,C,CA,MRV COMMUNICATIONS INC,MRVC
25978, , ,6/30/12,Chatsworth,MRV Communications Inc,4520,452010,45,45201020,D,USA,334210,3661,190,940,C,CA,MRV COMMUNICATIONS INC,MRVC
25978, , ,7/31/12,Chatsworth,MRV Communications Inc,4520,452010,45,45201020,D,USA,334210,3661,190,940,C,CA,MRV COMMUNICATIONS INC,MRVC
25978, , ,8/31/12,Chatsworth,MRV Communications Inc,4520,452010,45,45201020,D,USA,334210,3661,190,940,C,CA,MRV COMMUNICATIONS INC,MRVC
25978, , ,9/30/12,Chatsworth,MRV Communications Inc,4520,452010,45,45201020,D,USA,334210,3661,190,940,C,CA,MRV COMMUNICATIONS INC,MRVC
25978, , ,10/31/12,Chatsworth,MRV Communications Inc,4520,452010,45,45201020,D,USA,334210,3661,190,940,C,CA,MRV COMMUNICATIONS INC,MRVC
25978, , ,11/30/12,Chatsworth,MRV Communications Inc,4520,452010,45,45201020,D,USA,334210,3661,190,940,C,CA,MRV COMMUNICATIONS INC,MRVC
25978, , ,12/31/12,Chatsworth,MRV Communications Inc,4520,452010,45,45201020,D,USA,334210,3661,190,940,C,CA,MRV COMMUNICATIONS INC,MRVC
25978, , ,1/31/13,Chatsworth,MRV Communications Inc,4520,452010,45,45201020,D,USA,334210,3661,190,940,C,CA,MRV COMMUNICATIONS INC,MRVC
25978, , ,2/28/13,Chatsworth,MRV Communications Inc,4520,452010,45,45201020,D,USA,334210,3661,190,940,C,CA,MRV COMMUNICATIONS INC,MRVC
25978, , ,3/31/13,Chatsworth,MRV Communications Inc,4520,452010,45,45201020,D,USA,334210,3661,190,940,C,CA,MRV COMMUNICATIONS INC,MRVC
25978, , ,4/30/13,Chatsworth,MRV Communications Inc,4520,452010,45,45201020,D,USA,334210,3661,190,940,C,CA,MRV COMMUNICATIONS INC,MRVC
25978, , ,5/31/13,Chatsworth,MRV Communications Inc,4520,452010,45,45201020,D,USA,334210,3661,190,940,C,CA,MRV COMMUNICATIONS INC,MRVC
25978, , ,6/30/13,Chatsworth,MRV Communications Inc,4520,452010,45,45201020,D,USA,334210,3661,190,940,C,CA,MRV COMMUNICATIONS INC,MRVC
25978, , ,7/31/13,Chatsworth,MRV Communications Inc,4520,452010,45,45201020,D,USA,334210,3661,190,940,C,CA,MRV COMMUNICATIONS INC,MRVC
25978, , ,8/31/13,Chatsworth,MRV Communications Inc,4520,452010,45,45201020,D,USA,334210,3661,190,940,C,CA,MRV COMMUNICATIONS INC,MRVC
25978, , ,9/30/13,Chatsworth,MRV Communications Inc,4520,452010,45,45201020,D,USA,334210,3661,190,940,C,CA,MRV COMMUNICATIONS INC,MRVC
25978, , ,10/31/13,Chatsworth,MRV Communications Inc,4520,452010,45,45201020,D,USA,334210,3661,190,940,C,CA,MRV COMMUNICATIONS INC,MRVC
26012, , ,1/31/10,Lawrence,Black Box Corp,4520,452010,45,45201020,D,USA,541519,7370,185,940,B+,PA,BLACK BOX CORP,BBOX
26012, , ,2/28/10,Lawrence,Black Box Corp,4520,452010,45,45201020,D,USA,541519,7370,185,940,B+,PA,BLACK BOX CORP,BBOX
26012, , ,3/31/10,Lawrence,Black Box Corp,4520,452010,45,45201020,D,USA,541519,7370,185,940,B+,PA,BLACK BOX CORP,BBOX
26012, , ,4/30/10,Lawrence,Black Box Corp,4520,452010,45,45201020,D,USA,541519,7370,185,940,B+,PA,BLACK BOX CORP,BBOX
26012, , ,5/31/10,Lawrence,Black Box Corp,4520,452010,45,45201020,D,USA,541519,7370,185,940,B+,PA,BLACK BOX CORP,BBOX
26012, , ,6/30/10,Lawrence,Black Box Corp,4520,452010,45,45201020,D,USA,541519,7370,185,940,B+,PA,BLACK BOX CORP,BBOX
26012, , ,7/31/10,Lawrence,Black Box Corp,4520,452010,45,45201020,D,USA,541519,7370,185,940,B+,PA,BLACK BOX CORP,BBOX
26012, , ,8/31/10,Lawrence,Black Box Corp,4520,452010,45,45201020,D,USA,541519,7370,185,940,B+,PA,BLACK BOX CORP,BBOX
26012, , ,9/30/10,Lawrence,Black Box Corp,4520,452010,45,45201020,D,USA,541519,7370,185,940,B+,PA,BLACK BOX CORP,BBOX
26012, , ,10/31/10,Lawrence,Black Box Corp,4520,452010,45,45201020,D,USA,541519,7370,185,940,B+,PA,BLACK BOX CORP,BBOX
26012, , ,11/30/10,Lawrence,Black Box Corp,4520,452010,45,45201020,D,USA,541519,7370,185,940,B+,PA,BLACK BOX CORP,BBOX
26012, , ,12/31/10,Lawrence,Black Box Corp,4520,452010,45,45201020,D,USA,541519,7370,185,940,B+,PA,BLACK BOX CORP,BBOX
26012, , ,1/31/11,Lawrence,Black Box Corp,4520,452010,45,45201020,D,USA,541519,7370,185,940,B+,PA,BLACK BOX CORP,BBOX
26012, , ,2/28/11,Lawrence,Black Box Corp,4520,452010,45,45201020,D,USA,541519,7370,185,940,B+,PA,BLACK BOX CORP,BBOX
26012, , ,3/31/11,Lawrence,Black Box Corp,4520,452010,45,45201020,D,USA,541519,7370,185,940,B+,PA,BLACK BOX CORP,BBOX
26012, , ,4/30/11,Lawrence,Black Box Corp,4520,452010,45,45201020,D,USA,541519,7370,185,940,B+,PA,BLACK BOX CORP,BBOX
26012, , ,5/31/11,Lawrence,Black Box Corp,4520,452010,45,45201020,D,USA,541519,7370,185,940,B+,PA,BLACK BOX CORP,BBOX
26012, , ,6/30/11,Lawrence,Black Box Corp,4520,452010,45,45201020,D,USA,541519,7370,185,940,B+,PA,BLACK BOX CORP,BBOX
26012, , ,7/31/11,Lawrence,Black Box Corp,4520,452010,45,45201020,D,USA,541519,7370,185,940,B+,PA,BLACK BOX CORP,BBOX
26012, , ,8/31/11,Lawrence,Black Box Corp,4520,452010,45,45201020,D,USA,541519,7370,185,940,B+,PA,BLACK BOX CORP,BBOX
26012, , ,9/30/11,Lawrence,Black Box Corp,4520,452010,45,45201020,D,USA,541519,7370,185,940,B+,PA,BLACK BOX CORP,BBOX
26012, , ,10/31/11,Lawrence,Black Box Corp,4520,452010,45,45201020,D,USA,541519,7370,185,940,B+,PA,BLACK BOX CORP,BBOX
26012, , ,11/30/11,Lawrence,Black Box Corp,4520,452010,45,45201020,D,USA,541519,7370,185,940,B+,PA,BLACK BOX CORP,BBOX
26012, , ,12/31/11,Lawrence,Black Box Corp,4520,452010,45,45201020,D,USA,541519,7370,185,940,B+,PA,BLACK BOX CORP,BBOX
26012, , ,1/31/12,Lawrence,Black Box Corp,4520,452010,45,45201020,D,USA,541519,7370,185,940,B+,PA,BLACK BOX CORP,BBOX
26012, , ,2/29/12,Lawrence,Black Box Corp,4520,452010,45,45201020,D,USA,541519,7370,185,940,B+,PA,BLACK BOX CORP,BBOX
26012, , ,3/31/12,Lawrence,Black Box Corp,4520,452010,45,45201020,D,USA,541519,7370,185,940,B+,PA,BLACK BOX CORP,BBOX
26012, , ,4/30/12,Lawrence,Black Box Corp,4520,452010,45,45201020,D,USA,541519,7370,185,940,B+,PA,BLACK BOX CORP,BBOX
26012, , ,5/31/12,Lawrence,Black Box Corp,4520,452010,45,45201020,D,USA,541519,7370,185,940,B+,PA,BLACK BOX CORP,BBOX
26012, , ,6/30/12,Lawrence,Black Box Corp,4520,452010,45,45201020,D,USA,541519,7370,185,940,B+,PA,BLACK BOX CORP,BBOX
26012, , ,7/31/12,Lawrence,Black Box Corp,4520,452010,45,45201020,D,USA,541519,7370,185,940,B+,PA,BLACK BOX CORP,BBOX
26012, , ,8/31/12,Lawrence,Black Box Corp,4520,452010,45,45201020,D,USA,541519,7370,185,940,B+,PA,BLACK BOX CORP,BBOX
26012, , ,9/30/12,Lawrence,Black Box Corp,4520,452010,45,45201020,D,USA,541519,7370,185,940,B+,PA,BLACK BOX CORP,BBOX
26012, , ,10/31/12,Lawrence,Black Box Corp,4520,452010,45,45201020,D,USA,541519,7370,185,940,B+,PA,BLACK BOX CORP,BBOX
26012, , ,11/30/12,Lawrence,Black Box Corp,4520,452010,45,45201020,D,USA,541519,7370,185,940,B+,PA,BLACK BOX CORP,BBOX
26012, , ,12/31/12,Lawrence,Black Box Corp,4520,452010,45,45201020,D,USA,541519,7370,185,940,B+,PA,BLACK BOX CORP,BBOX
26012, , ,1/31/13,Lawrence,Black Box Corp,4520,452010,45,45201020,D,USA,541519,7370,185,940,B+,PA,BLACK BOX CORP,BBOX
26012, , ,2/28/13,Lawrence,Black Box Corp,4520,452010,45,45201020,D,USA,541519,7370,185,940,B+,PA,BLACK BOX CORP,BBOX
26012, , ,3/31/13,Lawrence,Black Box Corp,4520,452010,45,45201020,D,USA,541519,7370,185,940,B+,PA,BLACK BOX CORP,BBOX
26012, , ,4/30/13,Lawrence,Black Box Corp,4520,452010,45,45201020,D,USA,541519,7370,185,940,B+,PA,BLACK BOX CORP,BBOX
26012, , ,5/31/13,Lawrence,Black Box Corp,4520,452010,45,45201020,D,USA,541519,7370,185,940,B+,PA,BLACK BOX CORP,BBOX
26012, , ,6/30/13,Lawrence,Black Box Corp,4520,452010,45,45201020,D,USA,541519,7370,185,940,B+,PA,BLACK BOX CORP,BBOX
26012, , ,7/31/13,Lawrence,Black Box Corp,4520,452010,45,45201020,D,USA,541519,7370,185,940,B+,PA,BLACK BOX CORP,BBOX
26012, , ,8/31/13,Lawrence,Black Box Corp,4520,452010,45,45201020,D,USA,541519,7370,185,940,B+,PA,BLACK BOX CORP,BBOX
26012, , ,9/30/13,Lawrence,Black Box Corp,4520,452010,45,45201020,D,USA,541519,7370,185,940,B+,PA,BLACK BOX CORP,BBOX
26012, , ,10/31/13,Lawrence,Black Box Corp,4520,452010,45,45201020,D,USA,541519,7370,185,940,B+,PA,BLACK BOX CORP,BBOX
26039, , ,1/31/10,Dallas,Zunicom Inc,4520,452030,45,45203030,D,USA,423430,5045,222,940, ,TX,ZUNICOM INC,ZNCM
26039, , ,2/28/10,Dallas,Zunicom Inc,4520,452030,45,45203030,D,USA,423430,5045,222,940, ,TX,ZUNICOM INC,ZNCM
26039, , ,3/31/10,Dallas,Zunicom Inc,4520,452030,45,45203030,D,USA,423430,5045,222,940, ,TX,ZUNICOM INC,ZNCM
26039, , ,4/30/10,Dallas,Zunicom Inc,4520,452030,45,45203030,D,USA,423430,5045,222,940, ,TX,ZUNICOM INC,ZNCM
26039, , ,5/31/10,Dallas,Zunicom Inc,4520,452030,45,45203030,D,USA,423430,5045,222,940, ,TX,ZUNICOM INC,ZNCM
26039, , ,6/30/10,Dallas,Zunicom Inc,4520,452030,45,45203030,D,USA,423430,5045,222,940, ,TX,ZUNICOM INC,ZNCM
26039, , ,7/31/10,Dallas,Zunicom Inc,4520,452030,45,45203030,D,USA,423430,5045,222,940, ,TX,ZUNICOM INC,ZNCM
26039, , ,8/31/10,Dallas,Zunicom Inc,4520,452030,45,45203030,D,USA,423430,5045,222,940, ,TX,ZUNICOM INC,ZNCM
26039, , ,9/30/10,Dallas,Zunicom Inc,4520,452030,45,45203030,D,USA,423430,5045,222,940, ,TX,ZUNICOM INC,ZNCM
26039, , ,10/31/10,Dallas,Zunicom Inc,4520,452030,45,45203030,D,USA,423430,5045,222,940, ,TX,ZUNICOM INC,ZNCM
26039, , ,11/30/10,Dallas,Zunicom Inc,4520,452030,45,45203030,D,USA,423430,5045,222,940, ,TX,ZUNICOM INC,ZNCM
26039, , ,12/31/10,Dallas,Zunicom Inc,4520,452030,45,45203030,D,USA,423430,5045,222,940, ,TX,ZUNICOM INC,ZNCM
26039, , ,1/31/11,Dallas,Zunicom Inc,4520,452030,45,45203030,D,USA,423430,5045,222,940, ,TX,ZUNICOM INC,ZNCM
26039, , ,2/28/11,Dallas,Zunicom Inc,4520,452030,45,45203030,D,USA,423430,5045,222,940, ,TX,ZUNICOM INC,ZNCM
26039, , ,3/31/11,Dallas,Zunicom Inc,4520,452030,45,45203030,D,USA,423430,5045,222,940, ,TX,ZUNICOM INC,ZNCM
26039, , ,4/30/11,Dallas,Zunicom Inc,4520,452030,45,45203030,D,USA,423430,5045,222,940, ,TX,ZUNICOM INC,ZNCM
26039, , ,5/31/11,Dallas,Zunicom Inc,4520,452030,45,45203030,D,USA,423430,5045,222,940, ,TX,ZUNICOM INC,ZNCM
26039, , ,6/30/11,Dallas,Zunicom Inc,4520,452030,45,45203030,D,USA,423430,5045,222,940, ,TX,ZUNICOM INC,ZNCM
26039, , ,7/31/11,Dallas,Zunicom Inc,4520,452030,45,45203030,D,USA,423430,5045,222,940, ,TX,ZUNICOM INC,ZNCM
26039, , ,8/31/11,Dallas,Zunicom Inc,4520,452030,45,45203030,D,USA,423430,5045,222,940, ,TX,ZUNICOM INC,ZNCM
26039, , ,9/30/11,Dallas,Zunicom Inc,4520,452030,45,45203030,D,USA,423430,5045,222,940, ,TX,ZUNICOM INC,ZNCM
26039, , ,10/31/11,Dallas,Zunicom Inc,4520,452030,45,45203030,D,USA,423430,5045,222,940, ,TX,ZUNICOM INC,ZNCM
26039, , ,11/30/11,Dallas,Zunicom Inc,4520,452030,45,45203030,D,USA,423430,5045,222,940, ,TX,ZUNICOM INC,ZNCM
26039, , ,12/31/11,Dallas,Zunicom Inc,4520,452030,45,45203030,D,USA,423430,5045,222,940, ,TX,ZUNICOM INC,ZNCM
26039, , ,1/31/12,Dallas,Zunicom Inc,4520,452030,45,45203030,D,USA,423430,5045,222,940, ,TX,ZUNICOM INC,ZNCM
26039, , ,2/29/12,Dallas,Zunicom Inc,4520,452030,45,45203030,D,USA,423430,5045,222,940, ,TX,ZUNICOM INC,ZNCM
26039, , ,3/31/12,Dallas,Zunicom Inc,4520,452030,45,45203030,D,USA,423430,5045,222,940, ,TX,ZUNICOM INC,ZNCM
26039, , ,4/30/12,Dallas,Zunicom Inc,4520,452030,45,45203030,D,USA,423430,5045,222,940, ,TX,ZUNICOM INC,ZNCM
26039, , ,5/31/12,Dallas,Zunicom Inc,4520,452030,45,45203030,D,USA,423430,5045,222,940, ,TX,ZUNICOM INC,ZNCM
26039, , ,6/30/12,Dallas,Zunicom Inc,4520,452030,45,45203030,D,USA,423430,5045,222,940, ,TX,ZUNICOM INC,ZNCM
26039, , ,7/31/12,Dallas,Zunicom Inc,4520,452030,45,45203030,D,USA,423430,5045,222,940, ,TX,ZUNICOM INC,ZNCM
26039, , ,8/31/12,Dallas,Zunicom Inc,4520,452030,45,45203030,D,USA,423430,5045,222,940, ,TX,ZUNICOM INC,ZNCM
26039, , ,9/30/12,Dallas,Zunicom Inc,4520,452030,45,45203030,D,USA,423430,5045,222,940, ,TX,ZUNICOM INC,ZNCM
26039, , ,10/31/12,Dallas,Zunicom Inc,4520,452030,45,45203030,D,USA,423430,5045,222,940, ,TX,ZUNICOM INC,ZNCM
26039, , ,11/30/12,Dallas,Zunicom Inc,4520,452030,45,45203030,D,USA,423430,5045,222,940, ,TX,ZUNICOM INC,ZNCM
26039, , ,12/31/12,Dallas,Zunicom Inc,4520,452030,45,45203030,D,USA,423430,5045,222,940, ,TX,ZUNICOM INC,ZNCM
26039, , ,1/31/13,Dallas,Zunicom Inc,4520,452030,45,45203030,D,USA,423430,5045,222,940, ,TX,ZUNICOM INC,ZNCM
26039, , ,2/28/13,Dallas,Zunicom Inc,4520,452030,45,45203030,D,USA,423430,5045,222,940, ,TX,ZUNICOM INC,ZNCM
26039, , ,3/31/13,Dallas,Zunicom Inc,4520,452030,45,45203030,D,USA,423430,5045,222,940, ,TX,ZUNICOM INC,ZNCM
26039, , ,4/30/13,Dallas,Zunicom Inc,4520,452030,45,45203030,D,USA,423430,5045,222,940, ,TX,ZUNICOM INC,ZNCM
26039, , ,5/31/13,Dallas,Zunicom Inc,4520,452030,45,45203030,D,USA,423430,5045,222,940, ,TX,ZUNICOM INC,ZNCM
26039, , ,6/30/13,Dallas,Zunicom Inc,4520,452030,45,45203030,D,USA,423430,5045,222,940, ,TX,ZUNICOM INC,ZNCM
26039, , ,7/31/13,Dallas,Zunicom Inc,4520,452030,45,45203030,D,USA,423430,5045,222,940, ,TX,ZUNICOM INC,ZNCM
26039, , ,8/31/13,Dallas,Zunicom Inc,4520,452030,45,45203030,D,USA,423430,5045,222,940, ,TX,ZUNICOM INC,ZNCM
26039, , ,9/30/13,Dallas,Zunicom Inc,4520,452030,45,45203030,D,USA,423430,5045,222,940, ,TX,ZUNICOM INC,ZNCM
26039, , ,10/31/13,Dallas,Zunicom Inc,4520,452030,45,45203030,D,USA,423430,5045,222,940, ,TX,ZUNICOM INC,ZNCM
26520, , ,1/31/10,Portland,Schmitt Industries Inc,4520,452030,45,45203010,D,USA,334513,3823,230,940,C,OR,SCHMITT INDUSTRIES INC/OR,SMIT
26520, , ,2/28/10,Portland,Schmitt Industries Inc,4520,452030,45,45203010,D,USA,334513,3823,230,940,C,OR,SCHMITT INDUSTRIES INC/OR,SMIT
26520, , ,3/31/10,Portland,Schmitt Industries Inc,4520,452030,45,45203010,D,USA,334513,3823,230,940,C,OR,SCHMITT INDUSTRIES INC/OR,SMIT
26520, , ,4/30/10,Portland,Schmitt Industries Inc,4520,452030,45,45203010,D,USA,334513,3823,230,940,C,OR,SCHMITT INDUSTRIES INC/OR,SMIT
26520, , ,5/31/10,Portland,Schmitt Industries Inc,4520,452030,45,45203010,D,USA,334513,3823,230,940,C,OR,SCHMITT INDUSTRIES INC/OR,SMIT
26520, , ,6/30/10,Portland,Schmitt Industries Inc,4520,452030,45,45203010,D,USA,334513,3823,230,940,C,OR,SCHMITT INDUSTRIES INC/OR,SMIT
26520, , ,7/31/10,Portland,Schmitt Industries Inc,4520,452030,45,45203010,D,USA,334513,3823,230,940,C,OR,SCHMITT INDUSTRIES INC/OR,SMIT
26520, , ,8/31/10,Portland,Schmitt Industries Inc,4520,452030,45,45203010,D,USA,334513,3823,230,940,C,OR,SCHMITT INDUSTRIES INC/OR,SMIT
26520, , ,9/30/10,Portland,Schmitt Industries Inc,4520,452030,45,45203010,D,USA,334513,3823,230,940,C,OR,SCHMITT INDUSTRIES INC/OR,SMIT
26520, , ,10/31/10,Portland,Schmitt Industries Inc,4520,452030,45,45203010,D,USA,334513,3823,230,940,C,OR,SCHMITT INDUSTRIES INC/OR,SMIT
26520, , ,11/30/10,Portland,Schmitt Industries Inc,4520,452030,45,45203010,D,USA,334513,3823,230,940,C,OR,SCHMITT INDUSTRIES INC/OR,SMIT
26520, , ,12/31/10,Portland,Schmitt Industries Inc,4520,452030,45,45203010,D,USA,334513,3823,230,940,C,OR,SCHMITT INDUSTRIES INC/OR,SMIT
26520, , ,1/31/11,Portland,Schmitt Industries Inc,4520,452030,45,45203010,D,USA,334513,3823,230,940,C,OR,SCHMITT INDUSTRIES INC/OR,SMIT
26520, , ,2/28/11,Portland,Schmitt Industries Inc,4520,452030,45,45203010,D,USA,334513,3823,230,940,C,OR,SCHMITT INDUSTRIES INC/OR,SMIT
26520, , ,3/31/11,Portland,Schmitt Industries Inc,4520,452030,45,45203010,D,USA,334513,3823,230,940,C,OR,SCHMITT INDUSTRIES INC/OR,SMIT
26520, , ,4/30/11,Portland,Schmitt Industries Inc,4520,452030,45,45203010,D,USA,334513,3823,230,940,C,OR,SCHMITT INDUSTRIES INC/OR,SMIT
26520, , ,5/31/11,Portland,Schmitt Industries Inc,4520,452030,45,45203010,D,USA,334513,3823,230,940,C,OR,SCHMITT INDUSTRIES INC/OR,SMIT
26520, , ,6/30/11,Portland,Schmitt Industries Inc,4520,452030,45,45203010,D,USA,334513,3823,230,940,C,OR,SCHMITT INDUSTRIES INC/OR,SMIT
26520, , ,7/31/11,Portland,Schmitt Industries Inc,4520,452030,45,45203010,D,USA,334513,3823,230,940,C,OR,SCHMITT INDUSTRIES INC/OR,SMIT
26520, , ,8/31/11,Portland,Schmitt Industries Inc,4520,452030,45,45203010,D,USA,334513,3823,230,940,C,OR,SCHMITT INDUSTRIES INC/OR,SMIT
26520, , ,9/30/11,Portland,Schmitt Industries Inc,4520,452030,45,45203010,D,USA,334513,3823,230,940,C,OR,SCHMITT INDUSTRIES INC/OR,SMIT
26520, , ,10/31/11,Portland,Schmitt Industries Inc,4520,452030,45,45203010,D,USA,334513,3823,230,940,C,OR,SCHMITT INDUSTRIES INC/OR,SMIT
26520, , ,11/30/11,Portland,Schmitt Industries Inc,4520,452030,45,45203010,D,USA,334513,3823,230,940,C,OR,SCHMITT INDUSTRIES INC/OR,SMIT
26520, , ,12/31/11,Portland,Schmitt Industries Inc,4520,452030,45,45203010,D,USA,334513,3823,230,940,C,OR,SCHMITT INDUSTRIES INC/OR,SMIT
26520, , ,1/31/12,Portland,Schmitt Industries Inc,4520,452030,45,45203010,D,USA,334513,3823,230,940,C,OR,SCHMITT INDUSTRIES INC/OR,SMIT
26520, , ,2/29/12,Portland,Schmitt Industries Inc,4520,452030,45,45203010,D,USA,334513,3823,230,940,C,OR,SCHMITT INDUSTRIES INC/OR,SMIT
26520, , ,3/31/12,Portland,Schmitt Industries Inc,4520,452030,45,45203010,D,USA,334513,3823,230,940,C,OR,SCHMITT INDUSTRIES INC/OR,SMIT
26520, , ,4/30/12,Portland,Schmitt Industries Inc,4520,452030,45,45203010,D,USA,334513,3823,230,940,C,OR,SCHMITT INDUSTRIES INC/OR,SMIT
26520, , ,5/31/12,Portland,Schmitt Industries Inc,4520,452030,45,45203010,D,USA,334513,3823,230,940,C,OR,SCHMITT INDUSTRIES INC/OR,SMIT
26520, , ,6/30/12,Portland,Schmitt Industries Inc,4520,452030,45,45203010,D,USA,334513,3823,230,940,C,OR,SCHMITT INDUSTRIES INC/OR,SMIT
26520, , ,7/31/12,Portland,Schmitt Industries Inc,4520,452030,45,45203010,D,USA,334513,3823,230,940,C,OR,SCHMITT INDUSTRIES INC/OR,SMIT
26520, , ,8/31/12,Portland,Schmitt Industries Inc,4520,452030,45,45203010,D,USA,334513,3823,230,940,C,OR,SCHMITT INDUSTRIES INC/OR,SMIT
26520, , ,9/30/12,Portland,Schmitt Industries Inc,4520,452030,45,45203010,D,USA,334513,3823,230,940,C,OR,SCHMITT INDUSTRIES INC/OR,SMIT
26520, , ,10/31/12,Portland,Schmitt Industries Inc,4520,452030,45,45203010,D,USA,334513,3823,230,940,C,OR,SCHMITT INDUSTRIES INC/OR,SMIT
26520, , ,11/30/12,Portland,Schmitt Industries Inc,4520,452030,45,45203010,D,USA,334513,3823,230,940,C,OR,SCHMITT INDUSTRIES INC/OR,SMIT
26520, , ,12/31/12,Portland,Schmitt Industries Inc,4520,452030,45,45203010,D,USA,334513,3823,230,940,C,OR,SCHMITT INDUSTRIES INC/OR,SMIT
26520, , ,1/31/13,Portland,Schmitt Industries Inc,4520,452030,45,45203010,D,USA,334513,3823,230,940,C,OR,SCHMITT INDUSTRIES INC/OR,SMIT
26520, , ,2/28/13,Portland,Schmitt Industries Inc,4520,452030,45,45203010,D,USA,334513,3823,230,940,C,OR,SCHMITT INDUSTRIES INC/OR,SMIT
26520, , ,3/31/13,Portland,Schmitt Industries Inc,4520,452030,45,45203010,D,USA,334513,3823,230,940,C,OR,SCHMITT INDUSTRIES INC/OR,SMIT
26520, , ,4/30/13,Portland,Schmitt Industries Inc,4520,452030,45,45203010,D,USA,334513,3823,230,940,C,OR,SCHMITT INDUSTRIES INC/OR,SMIT
26520, , ,5/31/13,Portland,Schmitt Industries Inc,4520,452030,45,45203010,D,USA,334513,3823,230,940,C,OR,SCHMITT INDUSTRIES INC/OR,SMIT
26520, , ,6/30/13,Portland,Schmitt Industries Inc,4520,452030,45,45203010,D,USA,334513,3823,230,940,C,OR,SCHMITT INDUSTRIES INC/OR,SMIT
26520, , ,7/31/13,Portland,Schmitt Industries Inc,4520,452030,45,45203010,D,USA,334513,3823,230,940,C,OR,SCHMITT INDUSTRIES INC/OR,SMIT
26520, , ,8/31/13,Portland,Schmitt Industries Inc,4520,452030,45,45203010,D,USA,334513,3823,230,940,C,OR,SCHMITT INDUSTRIES INC/OR,SMIT
26520, , ,9/30/13,Portland,Schmitt Industries Inc,4520,452030,45,45203010,D,USA,334513,3823,230,940,C,OR,SCHMITT INDUSTRIES INC/OR,SMIT
26520, , ,10/31/13,Portland,Schmitt Industries Inc,4520,452030,45,45203010,D,USA,334513,3823,230,940,C,OR,SCHMITT INDUSTRIES INC/OR,SMIT
26837, , ,1/31/10,Old Greenwich,Spatializer Audio Labs Inc,4520,452030,45,45203020,D,USA,999990,9995,175,976,C,CT,SPATIALIZER AUDIO LABS INC,SPZR
26837, , ,2/28/10,Old Greenwich,Spatializer Audio Labs Inc,4520,452030,45,45203020,D,USA,999990,9995,175,976,C,CT,SPATIALIZER AUDIO LABS INC,SPZR
26837, , ,3/31/10,Old Greenwich,Spatializer Audio Labs Inc,4520,452030,45,45203020,D,USA,999990,9995,175,976,C,CT,SPATIALIZER AUDIO LABS INC,SPZR
26837, , ,4/30/10,Old Greenwich,Spatializer Audio Labs Inc,4520,452030,45,45203020,D,USA,999990,9995,175,976,C,CT,SPATIALIZER AUDIO LABS INC,SPZR
26837, , ,5/31/10,Old Greenwich,Spatializer Audio Labs Inc,4520,452030,45,45203020,D,USA,999990,9995,175,976,C,CT,SPATIALIZER AUDIO LABS INC,SPZR
26837, , ,6/30/10,Old Greenwich,Spatializer Audio Labs Inc,4520,452030,45,45203020,D,USA,999990,9995,175,976,C,CT,SPATIALIZER AUDIO LABS INC,SPZR
26837, , ,7/31/10,Old Greenwich,Spatializer Audio Labs Inc,4520,452030,45,45203020,D,USA,999990,9995,175,976,C,CT,SPATIALIZER AUDIO LABS INC,SPZR
26837, , ,8/31/10,Old Greenwich,Spatializer Audio Labs Inc,4520,452030,45,45203020,D,USA,999990,9995,175,976,C,CT,SPATIALIZER AUDIO LABS INC,SPZR
26837, , ,9/30/10,Old Greenwich,Spatializer Audio Labs Inc,4520,452030,45,45203020,D,USA,999990,9995,175,976,C,CT,SPATIALIZER AUDIO LABS INC,SPZR
26837, , ,10/31/10,Old Greenwich,Spatializer Audio Labs Inc,4520,452030,45,45203020,D,USA,999990,9995,175,976,C,CT,SPATIALIZER AUDIO LABS INC,SPZR
26837, , ,11/30/10,Old Greenwich,Spatializer Audio Labs Inc,4520,452030,45,45203020,D,USA,999990,9995,175,976,C,CT,SPATIALIZER AUDIO LABS INC,SPZR
26837, , ,12/31/10,Old Greenwich,Spatializer Audio Labs Inc,4520,452030,45,45203020,D,USA,999990,9995,175,976,C,CT,SPATIALIZER AUDIO LABS INC,SPZR
26837, , ,1/31/11,Old Greenwich,Spatializer Audio Labs Inc,4520,452030,45,45203020,D,USA,999990,9995,175,976,C,CT,SPATIALIZER AUDIO LABS INC,SPZR
26837, , ,2/28/11,Old Greenwich,Spatializer Audio Labs Inc,4520,452030,45,45203020,D,USA,999990,9995,175,976,C,CT,SPATIALIZER AUDIO LABS INC,SPZR
26837, , ,3/31/11,Old Greenwich,Spatializer Audio Labs Inc,4520,452030,45,45203020,D,USA,999990,9995,175,976,C,CT,SPATIALIZER AUDIO LABS INC,SPZR
26837, , ,4/30/11,Old Greenwich,Spatializer Audio Labs Inc,4520,452030,45,45203020,D,USA,999990,9995,175,976,C,CT,SPATIALIZER AUDIO LABS INC,SPZR
26837, , ,5/31/11,Old Greenwich,Spatializer Audio Labs Inc,4520,452030,45,45203020,D,USA,999990,9995,175,976,C,CT,SPATIALIZER AUDIO LABS INC,SPZR
26837, , ,6/30/11,Old Greenwich,Spatializer Audio Labs Inc,4520,452030,45,45203020,D,USA,999990,9995,175,976,C,CT,SPATIALIZER AUDIO LABS INC,SPZR
26837, , ,7/31/11,Old Greenwich,Spatializer Audio Labs Inc,4520,452030,45,45203020,D,USA,999990,9995,175,976,C,CT,SPATIALIZER AUDIO LABS INC,SPZR
26837, , ,8/31/11,Old Greenwich,Spatializer Audio Labs Inc,4520,452030,45,45203020,D,USA,999990,9995,175,976,C,CT,SPATIALIZER AUDIO LABS INC,SPZR
26837, , ,9/30/11,Old Greenwich,Spatializer Audio Labs Inc,4520,452030,45,45203020,D,USA,999990,9995,175,976,C,CT,SPATIALIZER AUDIO LABS INC,SPZR
26837, , ,10/31/11,Old Greenwich,Spatializer Audio Labs Inc,4520,452030,45,45203020,D,USA,999990,9995,175,976,C,CT,SPATIALIZER AUDIO LABS INC,SPZR
26837, , ,11/30/11,Old Greenwich,Spatializer Audio Labs Inc,4520,452030,45,45203020,D,USA,999990,9995,175,976,C,CT,SPATIALIZER AUDIO LABS INC,SPZR
26837, , ,12/31/11,Old Greenwich,Spatializer Audio Labs Inc,4520,452030,45,45203020,D,USA,999990,9995,175,976,C,CT,SPATIALIZER AUDIO LABS INC,SPZR
26837, , ,1/31/12,Old Greenwich,Spatializer Audio Labs Inc,4520,452030,45,45203020,D,USA,999990,9995,175,976,C,CT,SPATIALIZER AUDIO LABS INC,SPZR
26837, , ,2/29/12,Old Greenwich,Spatializer Audio Labs Inc,4520,452030,45,45203020,D,USA,999990,9995,175,976,C,CT,SPATIALIZER AUDIO LABS INC,SPZR
26837, , ,3/31/12,Old Greenwich,Spatializer Audio Labs Inc,4520,452030,45,45203020,D,USA,999990,9995,175,976,C,CT,SPATIALIZER AUDIO LABS INC,SPZR
26837, , ,4/30/12,Old Greenwich,Spatializer Audio Labs Inc,4520,452030,45,45203020,D,USA,999990,9995,175,976,C,CT,SPATIALIZER AUDIO LABS INC,SPZR
26837, , ,5/31/12,Old Greenwich,Spatializer Audio Labs Inc,4520,452030,45,45203020,D,USA,999990,9995,175,976,C,CT,SPATIALIZER AUDIO LABS INC,SPZR
26837, , ,6/30/12,Old Greenwich,Spatializer Audio Labs Inc,4520,452030,45,45203020,D,USA,999990,9995,175,976,C,CT,SPATIALIZER AUDIO LABS INC,SPZR
26837, , ,7/31/12,Old Greenwich,Spatializer Audio Labs Inc,4520,452030,45,45203020,D,USA,999990,9995,175,976,C,CT,SPATIALIZER AUDIO LABS INC,SPZR
26837, , ,8/31/12,Old Greenwich,Spatializer Audio Labs Inc,4520,452030,45,45203020,D,USA,999990,9995,175,976,C,CT,SPATIALIZER AUDIO LABS INC,SPZR
26837, , ,9/30/12,Old Greenwich,Spatializer Audio Labs Inc,4520,452030,45,45203020,D,USA,999990,9995,175,976,C,CT,SPATIALIZER AUDIO LABS INC,SPZR
26837, , ,10/31/12,Old Greenwich,Spatializer Audio Labs Inc,4520,452030,45,45203020,D,USA,999990,9995,175,976,C,CT,SPATIALIZER AUDIO LABS INC,SPZR
26837, , ,11/30/12,Old Greenwich,Spatializer Audio Labs Inc,4520,452030,45,45203020,D,USA,999990,9995,175,976,C,CT,SPATIALIZER AUDIO LABS INC,SPZR
26837, , ,12/31/12,Old Greenwich,Spatializer Audio Labs Inc,4520,452030,45,45203020,D,USA,999990,9995,175,976,C,CT,SPATIALIZER AUDIO LABS INC,SPZR
26837, , ,1/31/13,Old Greenwich,Spatializer Audio Labs Inc,4520,452030,45,45203020,D,USA,999990,9995,175,976,C,CT,SPATIALIZER AUDIO LABS INC,SPZR
26837, , ,2/28/13,Old Greenwich,Spatializer Audio Labs Inc,4520,452030,45,45203020,D,USA,999990,9995,175,976,C,CT,SPATIALIZER AUDIO LABS INC,SPZR
26837, , ,3/31/13,Old Greenwich,Spatializer Audio Labs Inc,4520,452030,45,45203020,D,USA,999990,9995,175,976,C,CT,SPATIALIZER AUDIO LABS INC,SPZR
26837, , ,4/30/13,Old Greenwich,Spatializer Audio Labs Inc,4520,452030,45,45203020,D,USA,999990,9995,175,976,C,CT,SPATIALIZER AUDIO LABS INC,SPZR
26837, , ,5/31/13,Old Greenwich,Spatializer Audio Labs Inc,4520,452030,45,45203020,D,USA,999990,9995,175,976,C,CT,SPATIALIZER AUDIO LABS INC,SPZR
26837, , ,6/30/13,Old Greenwich,Spatializer Audio Labs Inc,4520,452030,45,45203020,D,USA,999990,9995,175,976,C,CT,SPATIALIZER AUDIO LABS INC,SPZR
26837, , ,7/31/13,Old Greenwich,Spatializer Audio Labs Inc,4520,452030,45,45203020,D,USA,999990,9995,175,976,C,CT,SPATIALIZER AUDIO LABS INC,SPZR
26837, , ,8/31/13,Old Greenwich,Spatializer Audio Labs Inc,4520,452030,45,45203020,D,USA,999990,9995,175,976,C,CT,SPATIALIZER AUDIO LABS INC,SPZR
26837, , ,9/30/13,Old Greenwich,Spatializer Audio Labs Inc,4520,452030,45,45203020,D,USA,999990,9995,175,976,C,CT,SPATIALIZER AUDIO LABS INC,SPZR
26837, , ,10/31/13,Old Greenwich,Spatializer Audio Labs Inc,4520,452030,45,45203020,D,USA,999990,9995,175,976,C,CT,SPATIALIZER AUDIO LABS INC,SPZR
27836, , ,1/31/10,Henderson,EV Environmental Inc,4520,452040,45,45204010,D,USA,333319,3580,345,925, ,NV,EV ENVIRONMENTAL INC,BUNM
27836, , ,2/28/10,Henderson,EV Environmental Inc,4520,452040,45,45204010,D,USA,333319,3580,345,925, ,NV,EV ENVIRONMENTAL INC,BUNM
27836, , ,3/31/10,Henderson,EV Environmental Inc,4520,452040,45,45204010,D,USA,333319,3580,345,925, ,NV,EV ENVIRONMENTAL INC,BUNM
27836, , ,4/30/10,Henderson,EV Environmental Inc,4520,452040,45,45204010,D,USA,333319,3580,345,925, ,NV,EV ENVIRONMENTAL INC,BUNM
27836, , ,5/31/10,Henderson,EV Environmental Inc,4520,452040,45,45204010,D,USA,333319,3580,345,925, ,NV,EV ENVIRONMENTAL INC,BUNM
27836, , ,6/30/10,Henderson,EV Environmental Inc,4520,452040,45,45204010,D,USA,333319,3580,345,925, ,NV,EV ENVIRONMENTAL INC,BUNM
27836, , ,7/31/10,Henderson,EV Environmental Inc,4520,452040,45,45204010,D,USA,333319,3580,345,925, ,NV,EV ENVIRONMENTAL INC,BUNM
27836, , ,8/31/10,Henderson,EV Environmental Inc,4520,452040,45,45204010,D,USA,333319,3580,345,925, ,NV,EV ENVIRONMENTAL INC,BUNM
27836, , ,9/30/10,Henderson,EV Environmental Inc,4520,452040,45,45204010,D,USA,333319,3580,345,925, ,NV,EV ENVIRONMENTAL INC,BUNM
27836, , ,10/31/10,Henderson,EV Environmental Inc,4520,452040,45,45204010,D,USA,333319,3580,345,925, ,NV,EV ENVIRONMENTAL INC,BUNM
27836, , ,11/30/10,Henderson,EV Environmental Inc,4520,452040,45,45204010,D,USA,333319,3580,345,925, ,NV,EV ENVIRONMENTAL INC,BUNM
27836, , ,12/31/10,Henderson,EV Environmental Inc,4520,452040,45,45204010,D,USA,333319,3580,345,925, ,NV,EV ENVIRONMENTAL INC,BUNM
27836, , ,1/31/11,Henderson,EV Environmental Inc,4520,452040,45,45204010,D,USA,333319,3580,345,925, ,NV,EV ENVIRONMENTAL INC,BUNM
27836, , ,2/28/11,Henderson,EV Environmental Inc,4520,452040,45,45204010,D,USA,333319,3580,345,925, ,NV,EV ENVIRONMENTAL INC,BUNM
27836, , ,3/31/11,Henderson,EV Environmental Inc,4520,452040,45,45204010,D,USA,333319,3580,345,925, ,NV,EV ENVIRONMENTAL INC,BUNM
27836, , ,4/30/11,Henderson,EV Environmental Inc,4520,452040,45,45204010,D,USA,333319,3580,345,925, ,NV,EV ENVIRONMENTAL INC,BUNM
27836, , ,5/31/11,Henderson,EV Environmental Inc,4520,452040,45,45204010,D,USA,333319,3580,345,925, ,NV,EV ENVIRONMENTAL INC,BUNM
27836, , ,6/30/11,Henderson,EV Environmental Inc,4520,452040,45,45204010,D,USA,333319,3580,345,925, ,NV,EV ENVIRONMENTAL INC,BUNM
27836, , ,7/31/11,Henderson,EV Environmental Inc,4520,452040,45,45204010,D,USA,333319,3580,345,925, ,NV,EV ENVIRONMENTAL INC,BUNM
27836, , ,8/31/11,Henderson,EV Environmental Inc,4520,452040,45,45204010,D,USA,333319,3580,345,925, ,NV,EV ENVIRONMENTAL INC,BUNM
27836, , ,9/30/11,Henderson,EV Environmental Inc,4520,452040,45,45204010,D,USA,333319,3580,345,925, ,NV,EV ENVIRONMENTAL INC,BUNM
27836, , ,10/31/11,Henderson,EV Environmental Inc,4520,452040,45,45204010,D,USA,333319,3580,345,925, ,NV,EV ENVIRONMENTAL INC,BUNM
27836, , ,11/30/11,Henderson,EV Environmental Inc,4520,452040,45,45204010,D,USA,333319,3580,345,925, ,NV,EV ENVIRONMENTAL INC,BUNM
27836, , ,12/31/11,Henderson,EV Environmental Inc,4520,452040,45,45204010,D,USA,333319,3580,345,925, ,NV,EV ENVIRONMENTAL INC,BUNM
27836, , ,1/31/12,Henderson,EV Environmental Inc,4520,452040,45,45204010,D,USA,333319,3580,345,925, ,NV,EV ENVIRONMENTAL INC,BUNM
27836, , ,2/29/12,Henderson,EV Environmental Inc,4520,452040,45,45204010,D,USA,333319,3580,345,925, ,NV,EV ENVIRONMENTAL INC,BUNM
27836, , ,3/31/12,Henderson,EV Environmental Inc,4520,452040,45,45204010,D,USA,333319,3580,345,925, ,NV,EV ENVIRONMENTAL INC,BUNM
27836, , ,4/30/12,Henderson,EV Environmental Inc,4520,452040,45,45204010,D,USA,333319,3580,345,925, ,NV,EV ENVIRONMENTAL INC,BUNM
27836, , ,5/31/12,Henderson,EV Environmental Inc,4520,452040,45,45204010,D,USA,333319,3580,345,925, ,NV,EV ENVIRONMENTAL INC,BUNM
27836, , ,6/30/12,Henderson,EV Environmental Inc,4520,452040,45,45204010,D,USA,333319,3580,345,925, ,NV,EV ENVIRONMENTAL INC,BUNM
27836, , ,7/31/12,Henderson,EV Environmental Inc,4520,452040,45,45204010,D,USA,333319,3580,345,925, ,NV,EV ENVIRONMENTAL INC,BUNM
27836, , ,8/31/12,Henderson,EV Environmental Inc,4520,452040,45,45204010,D,USA,333319,3580,345,925, ,NV,EV ENVIRONMENTAL INC,BUNM
27836, , ,9/30/12,Henderson,EV Environmental Inc,4520,452040,45,45204010,D,USA,333319,3580,345,925, ,NV,EV ENVIRONMENTAL INC,BUNM
27836, , ,10/31/12,Henderson,EV Environmental Inc,4520,452040,45,45204010,D,USA,333319,3580,345,925, ,NV,EV ENVIRONMENTAL INC,BUNM
27836, , ,11/30/12,Henderson,EV Environmental Inc,4520,452040,45,45204010,D,USA,333319,3580,345,925, ,NV,EV ENVIRONMENTAL INC,BUNM
27836, , ,12/31/12,Henderson,EV Environmental Inc,4520,452040,45,45204010,D,USA,333319,3580,345,925, ,NV,EV ENVIRONMENTAL INC,BUNM
27836, , ,1/31/13,Henderson,EV Environmental Inc,4520,452040,45,45204010,D,USA,333319,3580,345,925, ,NV,EV ENVIRONMENTAL INC,BUNM
27836, , ,2/28/13,Henderson,EV Environmental Inc,4520,452040,45,45204010,D,USA,333319,3580,345,925, ,NV,EV ENVIRONMENTAL INC,BUNM
27836, , ,3/31/13,Henderson,EV Environmental Inc,4520,452040,45,45204010,D,USA,333319,3580,345,925, ,NV,EV ENVIRONMENTAL INC,BUNM
27836, , ,4/30/13,Henderson,EV Environmental Inc,4520,452040,45,45204010,D,USA,333319,3580,345,925, ,NV,EV ENVIRONMENTAL INC,BUNM
27836, , ,5/31/13,Henderson,EV Environmental Inc,4520,452040,45,45204010,D,USA,333319,3580,345,925, ,NV,EV ENVIRONMENTAL INC,BUNM
27836, , ,6/30/13,Henderson,EV Environmental Inc,4520,452040,45,45204010,D,USA,333319,3580,345,925, ,NV,EV ENVIRONMENTAL INC,BUNM
27836, , ,7/31/13,Henderson,EV Environmental Inc,4520,452040,45,45204010,D,USA,333319,3580,345,925, ,NV,EV ENVIRONMENTAL INC,BUNM
27836, , ,8/31/13,Henderson,EV Environmental Inc,4520,452040,45,45204010,D,USA,333319,3580,345,925, ,NV,EV ENVIRONMENTAL INC,BUNM
27836, , ,9/30/13,Henderson,EV Environmental Inc,4520,452040,45,45204010,D,USA,333319,3580,345,925, ,NV,EV ENVIRONMENTAL INC,BUNM
27836, , ,10/31/13,Henderson,EV Environmental Inc,4520,452040,45,45204010,D,USA,333319,3580,345,925, ,NV,EV ENVIRONMENTAL INC,BUNM
27856, , ,1/31/10,Austin,Applied Nanotech Holdings Inc,4520,452030,45,45203010,D,USA,541711,8731,180,940,C,TX,APPLIED NANOTECH HOLDINGS,APNT
27856, , ,2/28/10,Austin,Applied Nanotech Holdings Inc,4520,452030,45,45203010,D,USA,541711,8731,180,940,C,TX,APPLIED NANOTECH HOLDINGS,APNT
27856, , ,3/31/10,Austin,Applied Nanotech Holdings Inc,4520,452030,45,45203010,D,USA,541711,8731,180,940,C,TX,APPLIED NANOTECH HOLDINGS,APNT
27856, , ,4/30/10,Austin,Applied Nanotech Holdings Inc,4520,452030,45,45203010,D,USA,541711,8731,180,940,C,TX,APPLIED NANOTECH HOLDINGS,APNT
27856, , ,5/31/10,Austin,Applied Nanotech Holdings Inc,4520,452030,45,45203010,D,USA,541711,8731,180,940,C,TX,APPLIED NANOTECH HOLDINGS,APNT
27856, , ,6/30/10,Austin,Applied Nanotech Holdings Inc,4520,452030,45,45203010,D,USA,541711,8731,180,940,C,TX,APPLIED NANOTECH HOLDINGS,APNT
27856, , ,7/31/10,Austin,Applied Nanotech Holdings Inc,4520,452030,45,45203010,D,USA,541711,8731,180,940,C,TX,APPLIED NANOTECH HOLDINGS,APNT
27856, , ,8/31/10,Austin,Applied Nanotech Holdings Inc,4520,452030,45,45203010,D,USA,541711,8731,180,940,C,TX,APPLIED NANOTECH HOLDINGS,APNT
27856, , ,9/30/10,Austin,Applied Nanotech Holdings Inc,4520,452030,45,45203010,D,USA,541711,8731,180,940,C,TX,APPLIED NANOTECH HOLDINGS,APNT
27856, , ,10/31/10,Austin,Applied Nanotech Holdings Inc,4520,452030,45,45203010,D,USA,541711,8731,180,940,C,TX,APPLIED NANOTECH HOLDINGS,APNT
27856, , ,11/30/10,Austin,Applied Nanotech Holdings Inc,4520,452030,45,45203010,D,USA,541711,8731,180,940,C,TX,APPLIED NANOTECH HOLDINGS,APNT
27856, , ,12/31/10,Austin,Applied Nanotech Holdings Inc,4520,452030,45,45203010,D,USA,541711,8731,180,940,C,TX,APPLIED NANOTECH HOLDINGS,APNT
27856, , ,1/31/11,Austin,Applied Nanotech Holdings Inc,4520,452030,45,45203010,D,USA,541711,8731,180,940,C,TX,APPLIED NANOTECH HOLDINGS,APNT
27856, , ,2/28/11,Austin,Applied Nanotech Holdings Inc,4520,452030,45,45203010,D,USA,541711,8731,180,940,C,TX,APPLIED NANOTECH HOLDINGS,APNT
27856, , ,3/31/11,Austin,Applied Nanotech Holdings Inc,4520,452030,45,45203010,D,USA,541711,8731,180,940,C,TX,APPLIED NANOTECH HOLDINGS,APNT
27856, , ,4/30/11,Austin,Applied Nanotech Holdings Inc,4520,452030,45,45203010,D,USA,541711,8731,180,940,C,TX,APPLIED NANOTECH HOLDINGS,APNT
27856, , ,5/31/11,Austin,Applied Nanotech Holdings Inc,4520,452030,45,45203010,D,USA,541711,8731,180,940,C,TX,APPLIED NANOTECH HOLDINGS,APNT
27856, , ,6/30/11,Austin,Applied Nanotech Holdings Inc,4520,452030,45,45203010,D,USA,541711,8731,180,940,C,TX,APPLIED NANOTECH HOLDINGS,APNT
27856, , ,7/31/11,Austin,Applied Nanotech Holdings Inc,4520,452030,45,45203010,D,USA,541711,8731,180,940,C,TX,APPLIED NANOTECH HOLDINGS,APNT
27856, , ,8/31/11,Austin,Applied Nanotech Holdings Inc,4520,452030,45,45203010,D,USA,541711,8731,180,940,C,TX,APPLIED NANOTECH HOLDINGS,APNT
27856, , ,9/30/11,Austin,Applied Nanotech Holdings Inc,4520,452030,45,45203010,D,USA,541711,8731,180,940,C,TX,APPLIED NANOTECH HOLDINGS,APNT
27856, , ,10/31/11,Austin,Applied Nanotech Holdings Inc,4520,452030,45,45203010,D,USA,541711,8731,180,940,C,TX,APPLIED NANOTECH HOLDINGS,APNT
27856, , ,11/30/11,Austin,Applied Nanotech Holdings Inc,4520,452030,45,45203010,D,USA,541711,8731,180,940,C,TX,APPLIED NANOTECH HOLDINGS,APNT
27856, , ,12/31/11,Austin,Applied Nanotech Holdings Inc,4520,452030,45,45203010,D,USA,541711,8731,180,940,C,TX,APPLIED NANOTECH HOLDINGS,APNT
27856, , ,1/31/12,Austin,Applied Nanotech Holdings Inc,4520,452030,45,45203010,D,USA,541711,8731,180,940,C,TX,APPLIED NANOTECH HOLDINGS,APNT
27856, , ,2/29/12,Austin,Applied Nanotech Holdings Inc,4520,452030,45,45203010,D,USA,541711,8731,180,940,C,TX,APPLIED NANOTECH HOLDINGS,APNT
27856, , ,3/31/12,Austin,Applied Nanotech Holdings Inc,4520,452030,45,45203010,D,USA,541711,8731,180,940,C,TX,APPLIED NANOTECH HOLDINGS,APNT
27856, , ,4/30/12,Austin,Applied Nanotech Holdings Inc,4520,452030,45,45203010,D,USA,541711,8731,180,940,C,TX,APPLIED NANOTECH HOLDINGS,APNT
27856, , ,5/31/12,Austin,Applied Nanotech Holdings Inc,4520,452030,45,45203010,D,USA,541711,8731,180,940,C,TX,APPLIED NANOTECH HOLDINGS,APNT
27856, , ,6/30/12,Austin,Applied Nanotech Holdings Inc,4520,452030,45,45203010,D,USA,541711,8731,180,940,C,TX,APPLIED NANOTECH HOLDINGS,APNT
27856, , ,7/31/12,Austin,Applied Nanotech Holdings Inc,4520,452030,45,45203010,D,USA,541711,8731,180,940,C,TX,APPLIED NANOTECH HOLDINGS,APNT
27856, , ,8/31/12,Austin,Applied Nanotech Holdings Inc,4520,452030,45,45203010,D,USA,541711,8731,180,940,C,TX,APPLIED NANOTECH HOLDINGS,APNT
27856, , ,9/30/12,Austin,Applied Nanotech Holdings Inc,4520,452030,45,45203010,D,USA,541711,8731,180,940,C,TX,APPLIED NANOTECH HOLDINGS,APNT
27856, , ,10/31/12,Austin,Applied Nanotech Holdings Inc,4520,452030,45,45203010,D,USA,541711,8731,180,940,C,TX,APPLIED NANOTECH HOLDINGS,APNT
27856, , ,11/30/12,Austin,Applied Nanotech Holdings Inc,4520,452030,45,45203010,D,USA,541711,8731,180,940,C,TX,APPLIED NANOTECH HOLDINGS,APNT
27856, , ,12/31/12,Austin,Applied Nanotech Holdings Inc,4520,452030,45,45203010,D,USA,541711,8731,180,940,C,TX,APPLIED NANOTECH HOLDINGS,APNT
27856, , ,1/31/13,Austin,Applied Nanotech Holdings Inc,4520,452030,45,45203010,D,USA,541711,8731,180,940,C,TX,APPLIED NANOTECH HOLDINGS,APNT
27856, , ,2/28/13,Austin,Applied Nanotech Holdings Inc,4520,452030,45,45203010,D,USA,541711,8731,180,940,C,TX,APPLIED NANOTECH HOLDINGS,APNT
27856, , ,3/31/13,Austin,Applied Nanotech Holdings Inc,4520,452030,45,45203010,D,USA,541711,8731,180,940,C,TX,APPLIED NANOTECH HOLDINGS,APNT
27856, , ,4/30/13,Austin,Applied Nanotech Holdings Inc,4520,452030,45,45203010,D,USA,541711,8731,180,940,C,TX,APPLIED NANOTECH HOLDINGS,APNT
27856, , ,5/31/13,Austin,Applied Nanotech Holdings Inc,4520,452030,45,45203010,D,USA,541711,8731,180,940,C,TX,APPLIED NANOTECH HOLDINGS,APNT
27856, , ,6/30/13,Austin,Applied Nanotech Holdings Inc,4520,452030,45,45203010,D,USA,541711,8731,180,940,C,TX,APPLIED NANOTECH HOLDINGS,APNT
27856, , ,7/31/13,Austin,Applied Nanotech Holdings Inc,4520,452030,45,45203010,D,USA,541711,8731,180,940,C,TX,APPLIED NANOTECH HOLDINGS,APNT
27856, , ,8/31/13,Austin,Applied Nanotech Holdings Inc,4520,452030,45,45203010,D,USA,541711,8731,180,940,C,TX,APPLIED NANOTECH HOLDINGS,APNT
27856, , ,9/30/13,Austin,Applied Nanotech Holdings Inc,4520,452030,45,45203010,D,USA,541711,8731,180,940,C,TX,APPLIED NANOTECH HOLDINGS,APNT
27856, , ,10/31/13,Austin,Applied Nanotech Holdings Inc,4520,452030,45,45203010,D,USA,541711,8731,180,940,C,TX,APPLIED NANOTECH HOLDINGS,APNT
27913, , ,1/31/10,Austin,Superconductor Technologies Inc,4520,452030,45,45203015,D,USA,541712,8731,292,905,C,TX,SUPERCONDUCTOR TECHNOLOGIES,SCON
27913, , ,2/28/10,Austin,Superconductor Technologies Inc,4520,452030,45,45203015,D,USA,541712,8731,292,905,C,TX,SUPERCONDUCTOR TECHNOLOGIES,SCON
27913, , ,3/31/10,Austin,Superconductor Technologies Inc,4520,452030,45,45203015,D,USA,541712,8731,292,905,C,TX,SUPERCONDUCTOR TECHNOLOGIES,SCON
27913, , ,4/30/10,Austin,Superconductor Technologies Inc,4520,452030,45,45203015,D,USA,541712,8731,292,905,C,TX,SUPERCONDUCTOR TECHNOLOGIES,SCON
27913, , ,5/31/10,Austin,Superconductor Technologies Inc,4520,452030,45,45203015,D,USA,541712,8731,292,905,C,TX,SUPERCONDUCTOR TECHNOLOGIES,SCON
27913, , ,6/30/10,Austin,Superconductor Technologies Inc,4520,452030,45,45203015,D,USA,541712,8731,292,905,C,TX,SUPERCONDUCTOR TECHNOLOGIES,SCON
27913, , ,7/31/10,Austin,Superconductor Technologies Inc,4520,452030,45,45203015,D,USA,541712,8731,292,905,C,TX,SUPERCONDUCTOR TECHNOLOGIES,SCON
27913, , ,8/31/10,Austin,Superconductor Technologies Inc,4520,452030,45,45203015,D,USA,541712,8731,292,905,C,TX,SUPERCONDUCTOR TECHNOLOGIES,SCON
27913, , ,9/30/10,Austin,Superconductor Technologies Inc,4520,452030,45,45203015,D,USA,541712,8731,292,905,C,TX,SUPERCONDUCTOR TECHNOLOGIES,SCON
27913, , ,10/31/10,Austin,Superconductor Technologies Inc,4520,452030,45,45203015,D,USA,541712,8731,292,905,C,TX,SUPERCONDUCTOR TECHNOLOGIES,SCON
27913, , ,11/30/10,Austin,Superconductor Technologies Inc,4520,452030,45,45203015,D,USA,541712,8731,292,905,C,TX,SUPERCONDUCTOR TECHNOLOGIES,SCON
27913, , ,12/31/10,Austin,Superconductor Technologies Inc,4520,452030,45,45203015,D,USA,541712,8731,292,905,C,TX,SUPERCONDUCTOR TECHNOLOGIES,SCON
27913, , ,1/31/11,Austin,Superconductor Technologies Inc,4520,452030,45,45203015,D,USA,541712,8731,292,905,C,TX,SUPERCONDUCTOR TECHNOLOGIES,SCON
27913, , ,2/28/11,Austin,Superconductor Technologies Inc,4520,452030,45,45203015,D,USA,541712,8731,292,905,C,TX,SUPERCONDUCTOR TECHNOLOGIES,SCON
27913, , ,3/31/11,Austin,Superconductor Technologies Inc,4520,452030,45,45203015,D,USA,541712,8731,292,905,C,TX,SUPERCONDUCTOR TECHNOLOGIES,SCON
27913, , ,4/30/11,Austin,Superconductor Technologies Inc,4520,452030,45,45203015,D,USA,541712,8731,292,905,C,TX,SUPERCONDUCTOR TECHNOLOGIES,SCON
27913, , ,5/31/11,Austin,Superconductor Technologies Inc,4520,452030,45,45203015,D,USA,541712,8731,292,905,C,TX,SUPERCONDUCTOR TECHNOLOGIES,SCON
27913, , ,6/30/11,Austin,Superconductor Technologies Inc,4520,452030,45,45203015,D,USA,541712,8731,292,905,C,TX,SUPERCONDUCTOR TECHNOLOGIES,SCON
27913, , ,7/31/11,Austin,Superconductor Technologies Inc,4520,452030,45,45203015,D,USA,541712,8731,292,905,C,TX,SUPERCONDUCTOR TECHNOLOGIES,SCON
27913, , ,8/31/11,Austin,Superconductor Technologies Inc,4520,452030,45,45203015,D,USA,541712,8731,292,905,C,TX,SUPERCONDUCTOR TECHNOLOGIES,SCON
27913, , ,9/30/11,Austin,Superconductor Technologies Inc,4520,452030,45,45203015,D,USA,541712,8731,292,905,C,TX,SUPERCONDUCTOR TECHNOLOGIES,SCON
27913, , ,10/31/11,Austin,Superconductor Technologies Inc,4520,452030,45,45203015,D,USA,541712,8731,292,905,C,TX,SUPERCONDUCTOR TECHNOLOGIES,SCON
27913, , ,11/30/11,Austin,Superconductor Technologies Inc,4520,452030,45,45203015,D,USA,541712,8731,292,905,C,TX,SUPERCONDUCTOR TECHNOLOGIES,SCON
27913, , ,12/31/11,Austin,Superconductor Technologies Inc,4520,452030,45,45203015,D,USA,541712,8731,292,905,C,TX,SUPERCONDUCTOR TECHNOLOGIES,SCON
27913, , ,1/31/12,Austin,Superconductor Technologies Inc,4520,452030,45,45203015,D,USA,541712,8731,292,905,C,TX,SUPERCONDUCTOR TECHNOLOGIES,SCON
27913, , ,2/29/12,Austin,Superconductor Technologies Inc,4520,452030,45,45203015,D,USA,541712,8731,292,905,C,TX,SUPERCONDUCTOR TECHNOLOGIES,SCON
27913, , ,3/31/12,Austin,Superconductor Technologies Inc,4520,452030,45,45203015,D,USA,541712,8731,292,905,C,TX,SUPERCONDUCTOR TECHNOLOGIES,SCON
27913, , ,4/30/12,Austin,Superconductor Technologies Inc,4520,452030,45,45203015,D,USA,541712,8731,292,905,C,TX,SUPERCONDUCTOR TECHNOLOGIES,SCON
27913, , ,5/31/12,Austin,Superconductor Technologies Inc,4520,452030,45,45203015,D,USA,541712,8731,292,905,C,TX,SUPERCONDUCTOR TECHNOLOGIES,SCON
27913, , ,6/30/12,Austin,Superconductor Technologies Inc,4520,452030,45,45203015,D,USA,541712,8731,292,905,C,TX,SUPERCONDUCTOR TECHNOLOGIES,SCON
27913, , ,7/31/12,Austin,Superconductor Technologies Inc,4520,452030,45,45203015,D,USA,541712,8731,292,905,C,TX,SUPERCONDUCTOR TECHNOLOGIES,SCON
27913, , ,8/31/12,Austin,Superconductor Technologies Inc,4520,452030,45,45203015,D,USA,541712,8731,292,905,C,TX,SUPERCONDUCTOR TECHNOLOGIES,SCON
27913, , ,9/30/12,Austin,Superconductor Technologies Inc,4520,452030,45,45203015,D,USA,541712,8731,292,905,C,TX,SUPERCONDUCTOR TECHNOLOGIES,SCON
27913, , ,10/31/12,Austin,Superconductor Technologies Inc,4520,452030,45,45203015,D,USA,541712,8731,292,905,C,TX,SUPERCONDUCTOR TECHNOLOGIES,SCON
27913, , ,11/30/12,Austin,Superconductor Technologies Inc,4520,452030,45,45203015,D,USA,541712,8731,292,905,C,TX,SUPERCONDUCTOR TECHNOLOGIES,SCON
27913, , ,12/31/12,Austin,Superconductor Technologies Inc,4520,452030,45,45203015,D,USA,541712,8731,292,905,C,TX,SUPERCONDUCTOR TECHNOLOGIES,SCON
27913, , ,1/31/13,Austin,Superconductor Technologies Inc,4520,452030,45,45203015,D,USA,541712,8731,292,905,C,TX,SUPERCONDUCTOR TECHNOLOGIES,SCON
27913, , ,2/28/13,Austin,Superconductor Technologies Inc,4520,452030,45,45203015,D,USA,541712,8731,292,905,C,TX,SUPERCONDUCTOR TECHNOLOGIES,SCON
27913, , ,3/31/13,Austin,Superconductor Technologies Inc,4520,452030,45,45203015,D,USA,541712,8731,292,905,C,TX,SUPERCONDUCTOR TECHNOLOGIES,SCON
27913, , ,4/30/13,Austin,Superconductor Technologies Inc,4520,452030,45,45203015,D,USA,541712,8731,292,905,C,TX,SUPERCONDUCTOR TECHNOLOGIES,SCON
27913, , ,5/31/13,Austin,Superconductor Technologies Inc,4520,452030,45,45203015,D,USA,541712,8731,292,905,C,TX,SUPERCONDUCTOR TECHNOLOGIES,SCON
27913, , ,6/30/13,Austin,Superconductor Technologies Inc,4520,452030,45,45203015,D,USA,541712,8731,292,905,C,TX,SUPERCONDUCTOR TECHNOLOGIES,SCON
27913, , ,7/31/13,Austin,Superconductor Technologies Inc,4520,452030,45,45203015,D,USA,541712,8731,292,905,C,TX,SUPERCONDUCTOR TECHNOLOGIES,SCON
27913, , ,8/31/13,Austin,Superconductor Technologies Inc,4520,452030,45,45203015,D,USA,541712,8731,292,905,C,TX,SUPERCONDUCTOR TECHNOLOGIES,SCON
27913, , ,9/30/13,Austin,Superconductor Technologies Inc,4520,452030,45,45203015,D,USA,541712,8731,292,905,C,TX,SUPERCONDUCTOR TECHNOLOGIES,SCON
27913, , ,10/31/13,Austin,Superconductor Technologies Inc,4520,452030,45,45203015,D,USA,541712,8731,292,905,C,TX,SUPERCONDUCTOR TECHNOLOGIES,SCON
27925, , ,1/31/10,Burlington,Avid Technology Inc.,4520,452020,45,45202030,D,USA,333316,3861,185,940,C,MA,AVID TECHNOLOGY INC,AVID
27925, , ,2/28/10,Burlington,Avid Technology Inc.,4520,452020,45,45202030,D,USA,333316,3861,185,940,C,MA,AVID TECHNOLOGY INC,AVID
27925, , ,3/31/10,Burlington,Avid Technology Inc.,4520,452020,45,45202030,D,USA,333316,3861,185,940,C,MA,AVID TECHNOLOGY INC,AVID
27925, , ,4/30/10,Burlington,Avid Technology Inc.,4520,452020,45,45202030,D,USA,333316,3861,185,940,C,MA,AVID TECHNOLOGY INC,AVID
27925, , ,5/31/10,Burlington,Avid Technology Inc.,4520,452020,45,45202030,D,USA,333316,3861,185,940,C,MA,AVID TECHNOLOGY INC,AVID
27925, , ,6/30/10,Burlington,Avid Technology Inc.,4520,452020,45,45202030,D,USA,333316,3861,185,940,C,MA,AVID TECHNOLOGY INC,AVID
27925, , ,7/31/10,Burlington,Avid Technology Inc.,4520,452020,45,45202030,D,USA,333316,3861,185,940,C,MA,AVID TECHNOLOGY INC,AVID
27925, , ,8/31/10,Burlington,Avid Technology Inc.,4520,452020,45,45202030,D,USA,333316,3861,185,940,C,MA,AVID TECHNOLOGY INC,AVID
27925, , ,9/30/10,Burlington,Avid Technology Inc.,4520,452020,45,45202030,D,USA,333316,3861,185,940,C,MA,AVID TECHNOLOGY INC,AVID
27925, , ,10/31/10,Burlington,Avid Technology Inc.,4520,452020,45,45202030,D,USA,333316,3861,185,940,C,MA,AVID TECHNOLOGY INC,AVID
27925, , ,11/30/10,Burlington,Avid Technology Inc.,4520,452020,45,45202030,D,USA,333316,3861,185,940,C,MA,AVID TECHNOLOGY INC,AVID
27925, , ,12/31/10,Burlington,Avid Technology Inc.,4520,452020,45,45202030,D,USA,333316,3861,185,940,C,MA,AVID TECHNOLOGY INC,AVID
27925, , ,1/31/11,Burlington,Avid Technology Inc.,4520,452020,45,45202030,D,USA,333316,3861,185,940,C,MA,AVID TECHNOLOGY INC,AVID
27925, , ,2/28/11,Burlington,Avid Technology Inc.,4520,452020,45,45202030,D,USA,333316,3861,185,940,C,MA,AVID TECHNOLOGY INC,AVID
27925, , ,3/31/11,Burlington,Avid Technology Inc.,4520,452020,45,45202030,D,USA,333316,3861,185,940,C,MA,AVID TECHNOLOGY INC,AVID
27925, , ,4/30/11,Burlington,Avid Technology Inc.,4520,452020,45,45202030,D,USA,333316,3861,185,940,C,MA,AVID TECHNOLOGY INC,AVID
27925, , ,5/31/11,Burlington,Avid Technology Inc.,4520,452020,45,45202030,D,USA,333316,3861,185,940,C,MA,AVID TECHNOLOGY INC,AVID
27925, , ,6/30/11,Burlington,Avid Technology Inc.,4520,452020,45,45202030,D,USA,333316,3861,185,940,C,MA,AVID TECHNOLOGY INC,AVID
27925, , ,7/31/11,Burlington,Avid Technology Inc.,4520,452020,45,45202030,D,USA,333316,3861,185,940,C,MA,AVID TECHNOLOGY INC,AVID
27925, , ,8/31/11,Burlington,Avid Technology Inc.,4520,452020,45,45202030,D,USA,333316,3861,185,940,C,MA,AVID TECHNOLOGY INC,AVID
27925, , ,9/30/11,Burlington,Avid Technology Inc.,4520,452020,45,45202030,D,USA,333316,3861,185,940,C,MA,AVID TECHNOLOGY INC,AVID
27925, , ,10/31/11,Burlington,Avid Technology Inc.,4520,452020,45,45202030,D,USA,333316,3861,185,940,C,MA,AVID TECHNOLOGY INC,AVID
27925, , ,11/30/11,Burlington,Avid Technology Inc.,4520,452020,45,45202030,D,USA,333316,3861,185,940,C,MA,AVID TECHNOLOGY INC,AVID
27925, , ,12/31/11,Burlington,Avid Technology Inc.,4520,452020,45,45202030,D,USA,333316,3861,185,940,C,MA,AVID TECHNOLOGY INC,AVID
27925, , ,1/31/12,Burlington,Avid Technology Inc.,4520,452020,45,45202030,D,USA,333316,3861,185,940,C,MA,AVID TECHNOLOGY INC,AVID
27925, , ,2/29/12,Burlington,Avid Technology Inc.,4520,452020,45,45202030,D,USA,333316,3861,185,940,C,MA,AVID TECHNOLOGY INC,AVID
27925, , ,3/31/12,Burlington,Avid Technology Inc.,4520,452020,45,45202030,D,USA,333316,3861,185,940,C,MA,AVID TECHNOLOGY INC,AVID
27925, , ,4/30/12,Burlington,Avid Technology Inc.,4520,452020,45,45202030,D,USA,333316,3861,185,940,C,MA,AVID TECHNOLOGY INC,AVID
27925, , ,5/31/12,Burlington,Avid Technology Inc.,4520,452020,45,45202030,D,USA,333316,3861,185,940,C,MA,AVID TECHNOLOGY INC,AVID
27925, , ,6/30/12,Burlington,Avid Technology Inc.,4520,452020,45,45202030,D,USA,333316,3861,185,940,C,MA,AVID TECHNOLOGY INC,AVID
27925, , ,7/31/12,Burlington,Avid Technology Inc.,4520,452020,45,45202030,D,USA,333316,3861,185,940,C,MA,AVID TECHNOLOGY INC,AVID
27925, , ,8/31/12,Burlington,Avid Technology Inc.,4520,452020,45,45202030,D,USA,333316,3861,185,940,C,MA,AVID TECHNOLOGY INC,AVID
27925, , ,9/30/12,Burlington,Avid Technology Inc.,4520,452020,45,45202030,D,USA,333316,3861,185,940,C,MA,AVID TECHNOLOGY INC,AVID
27925, , ,10/31/12,Burlington,Avid Technology Inc.,4520,452020,45,45202030,D,USA,333316,3861,185,940,C,MA,AVID TECHNOLOGY INC,AVID
27925, , ,11/30/12,Burlington,Avid Technology Inc.,4520,452020,45,45202030,D,USA,333316,3861,185,940,C,MA,AVID TECHNOLOGY INC,AVID
27925, , ,12/31/12,Burlington,Avid Technology Inc.,4520,452020,45,45202030,D,USA,333316,3861,185,940,C,MA,AVID TECHNOLOGY INC,AVID
27925, , ,1/31/13,Burlington,Avid Technology Inc.,4520,452020,45,45202030,D,USA,333316,3861,185,940,C,MA,AVID TECHNOLOGY INC,AVID
27925, , ,2/28/13,Burlington,Avid Technology Inc.,4520,452020,45,45202030,D,USA,333316,3861,185,940,C,MA,AVID TECHNOLOGY INC,AVID
27925, , ,3/31/13,Burlington,Avid Technology Inc.,4520,452020,45,45202030,D,USA,333316,3861,185,940,C,MA,AVID TECHNOLOGY INC,AVID
27925, , ,4/30/13,Burlington,Avid Technology Inc.,4520,452020,45,45202030,D,USA,333316,3861,185,940,C,MA,AVID TECHNOLOGY INC,AVID
27925, , ,5/31/13,Burlington,Avid Technology Inc.,4520,452020,45,45202030,D,USA,333316,3861,185,940,C,MA,AVID TECHNOLOGY INC,AVID
27925, , ,6/30/13,Burlington,Avid Technology Inc.,4520,452020,45,45202030,D,USA,333316,3861,185,940,C,MA,AVID TECHNOLOGY INC,AVID
27925, , ,7/31/13,Burlington,Avid Technology Inc.,4520,452020,45,45202030,D,USA,333316,3861,185,940,C,MA,AVID TECHNOLOGY INC,AVID
27925, , ,8/31/13,Burlington,Avid Technology Inc.,4520,452020,45,45202030,D,USA,333316,3861,185,940,C,MA,AVID TECHNOLOGY INC,AVID
27925, , ,9/30/13,Burlington,Avid Technology Inc.,4520,452020,45,45202030,D,USA,333316,3861,185,940,C,MA,AVID TECHNOLOGY INC,AVID
27925, , ,10/31/13,Burlington,Avid Technology Inc.,4520,452020,45,45202030,D,USA,333316,3861,185,940,C,MA,AVID TECHNOLOGY INC,AVID
28139,B-, ,1/31/10,San Jose,Sanmina Corp,4520,452030,45,45203020,D,USA,334412,3672,220,925,B-,CA,SANMINA CORP,SANM
28139,B-, ,2/28/10,San Jose,Sanmina Corp,4520,452030,45,45203020,D,USA,334412,3672,220,925,B-,CA,SANMINA CORP,SANM
28139,B-, ,3/31/10,San Jose,Sanmina Corp,4520,452030,45,45203020,D,USA,334412,3672,220,925,B-,CA,SANMINA CORP,SANM
28139,B-, ,4/30/10,San Jose,Sanmina Corp,4520,452030,45,45203020,D,USA,334412,3672,220,925,B-,CA,SANMINA CORP,SANM
28139,B, ,5/31/10,San Jose,Sanmina Corp,4520,452030,45,45203020,D,USA,334412,3672,220,925,B-,CA,SANMINA CORP,SANM
28139,B, ,6/30/10,San Jose,Sanmina Corp,4520,452030,45,45203020,D,USA,334412,3672,220,925,B-,CA,SANMINA CORP,SANM
28139,B, ,7/31/10,San Jose,Sanmina Corp,4520,452030,45,45203020,D,USA,334412,3672,220,925,B-,CA,SANMINA CORP,SANM
28139,B, ,8/31/10,San Jose,Sanmina Corp,4520,452030,45,45203020,D,USA,334412,3672,220,925,B-,CA,SANMINA CORP,SANM
28139,B, ,9/30/10,San Jose,Sanmina Corp,4520,452030,45,45203020,D,USA,334412,3672,220,925,B-,CA,SANMINA CORP,SANM
28139,B, ,10/31/10,San Jose,Sanmina Corp,4520,452030,45,45203020,D,USA,334412,3672,220,925,B-,CA,SANMINA CORP,SANM
28139,B, ,11/30/10,San Jose,Sanmina Corp,4520,452030,45,45203020,D,USA,334412,3672,220,925,B-,CA,SANMINA CORP,SANM
28139,B, ,12/31/10,San Jose,Sanmina Corp,4520,452030,45,45203020,D,USA,334412,3672,220,925,B-,CA,SANMINA CORP,SANM
28139,B, ,1/31/11,San Jose,Sanmina Corp,4520,452030,45,45203020,D,USA,334412,3672,220,925,B-,CA,SANMINA CORP,SANM
28139,B, ,2/28/11,San Jose,Sanmina Corp,4520,452030,45,45203020,D,USA,334412,3672,220,925,B-,CA,SANMINA CORP,SANM
28139,B, ,3/31/11,San Jose,Sanmina Corp,4520,452030,45,45203020,D,USA,334412,3672,220,925,B-,CA,SANMINA CORP,SANM
28139,B+, ,4/30/11,San Jose,Sanmina Corp,4520,452030,45,45203020,D,USA,334412,3672,220,925,B-,CA,SANMINA CORP,SANM
28139,B+, ,5/31/11,San Jose,Sanmina Corp,4520,452030,45,45203020,D,USA,334412,3672,220,925,B-,CA,SANMINA CORP,SANM
28139,B+, ,6/30/11,San Jose,Sanmina Corp,4520,452030,45,45203020,D,USA,334412,3672,220,925,B-,CA,SANMINA CORP,SANM
28139,B+, ,7/31/11,San Jose,Sanmina Corp,4520,452030,45,45203020,D,USA,334412,3672,220,925,B-,CA,SANMINA CORP,SANM
28139,B+, ,8/31/11,San Jose,Sanmina Corp,4520,452030,45,45203020,D,USA,334412,3672,220,925,B-,CA,SANMINA CORP,SANM
28139,B+, ,9/30/11,San Jose,Sanmina Corp,4520,452030,45,45203020,D,USA,334412,3672,220,925,B-,CA,SANMINA CORP,SANM
28139,B+, ,10/31/11,San Jose,Sanmina Corp,4520,452030,45,45203020,D,USA,334412,3672,220,925,B-,CA,SANMINA CORP,SANM
28139,B+, ,11/30/11,San Jose,Sanmina Corp,4520,452030,45,45203020,D,USA,334412,3672,220,925,B-,CA,SANMINA CORP,SANM
28139,B+, ,12/31/11,San Jose,Sanmina Corp,4520,452030,45,45203020,D,USA,334412,3672,220,925,B-,CA,SANMINA CORP,SANM
28139,B+, ,1/31/12,San Jose,Sanmina Corp,4520,452030,45,45203020,D,USA,334412,3672,220,925,B-,CA,SANMINA CORP,SANM
28139,B+, ,2/29/12,San Jose,Sanmina Corp,4520,452030,45,45203020,D,USA,334412,3672,220,925,B-,CA,SANMINA CORP,SANM
28139,B+, ,3/31/12,San Jose,Sanmina Corp,4520,452030,45,45203020,D,USA,334412,3672,220,925,B-,CA,SANMINA CORP,SANM
28139,B+, ,4/30/12,San Jose,Sanmina Corp,4520,452030,45,45203020,D,USA,334412,3672,220,925,B-,CA,SANMINA CORP,SANM
28139,B+, ,5/31/12,San Jose,Sanmina Corp,4520,452030,45,45203020,D,USA,334412,3672,220,925,B-,CA,SANMINA CORP,SANM
28139,B+, ,6/30/12,San Jose,Sanmina Corp,4520,452030,45,45203020,D,USA,334412,3672,220,925,B-,CA,SANMINA CORP,SANM
28139,B+, ,7/31/12,San Jose,Sanmina Corp,4520,452030,45,45203020,D,USA,334412,3672,220,925,B-,CA,SANMINA CORP,SANM
28139,B+, ,8/31/12,San Jose,Sanmina Corp,4520,452030,45,45203020,D,USA,334412,3672,220,925,B-,CA,SANMINA CORP,SANM
28139,B+, ,9/30/12,San Jose,Sanmina Corp,4520,452030,45,45203020,D,USA,334412,3672,220,925,B-,CA,SANMINA CORP,SANM
28139,B+, ,10/31/12,San Jose,Sanmina Corp,4520,452030,45,45203020,D,USA,334412,3672,220,925,B-,CA,SANMINA CORP,SANM
28139,B+, ,11/30/12,San Jose,Sanmina Corp,4520,452030,45,45203020,D,USA,334412,3672,220,925,B-,CA,SANMINA CORP,SANM
28139,B+, ,12/31/12,San Jose,Sanmina Corp,4520,452030,45,45203020,D,USA,334412,3672,220,925,B-,CA,SANMINA CORP,SANM
28139,B+, ,1/31/13,San Jose,Sanmina Corp,4520,452030,45,45203020,D,USA,334412,3672,220,925,B-,CA,SANMINA CORP,SANM
28139,B+, ,2/28/13,San Jose,Sanmina Corp,4520,452030,45,45203020,D,USA,334412,3672,220,925,B-,CA,SANMINA CORP,SANM
28139,B+, ,3/31/13,San Jose,Sanmina Corp,4520,452030,45,45203020,D,USA,334412,3672,220,925,B-,CA,SANMINA CORP,SANM
28139,B+, ,4/30/13,San Jose,Sanmina Corp,4520,452030,45,45203020,D,USA,334412,3672,220,925,B-,CA,SANMINA CORP,SANM
28139,B+, ,5/31/13,San Jose,Sanmina Corp,4520,452030,45,45203020,D,USA,334412,3672,220,925,B-,CA,SANMINA CORP,SANM
28139,B+, ,6/30/13,San Jose,Sanmina Corp,4520,452030,45,45203020,D,USA,334412,3672,220,925,B-,CA,SANMINA CORP,SANM
28139,B+, ,7/31/13,San Jose,Sanmina Corp,4520,452030,45,45203020,D,USA,334412,3672,220,925,B-,CA,SANMINA CORP,SANM
28139,B+, ,8/31/13,San Jose,Sanmina Corp,4520,452030,45,45203020,D,USA,334412,3672,220,925,B-,CA,SANMINA CORP,SANM
28139,B+, ,9/30/13,San Jose,Sanmina Corp,4520,452030,45,45203020,D,USA,334412,3672,220,925,B-,CA,SANMINA CORP,SANM
28139,BB-, ,10/31/13,San Jose,Sanmina Corp,4520,452030,45,45203020,D,USA,334412,3672,220,925,B-,CA,SANMINA CORP,SANM
28139,BB-, ,11/30/13,San Jose,Sanmina Corp,4520,452030,45,45203020,D,USA,334412,3672,220,925,B-,CA,SANMINA CORP,SANM
28139,BB-, ,12/31/13,San Jose,Sanmina Corp,4520,452030,45,45203020,D,USA,334412,3672,220,925,B-,CA,SANMINA CORP,SANM
28139,BB-, ,1/31/14,San Jose,Sanmina Corp,4520,452030,45,45203020,D,USA,334412,3672,220,925,B-,CA,SANMINA CORP,SANM
28139,BB-, ,2/28/14,San Jose,Sanmina Corp,4520,452030,45,45203020,D,USA,334412,3672,220,925,B-,CA,SANMINA CORP,SANM
28139,BB-, ,3/31/14,San Jose,Sanmina Corp,4520,452030,45,45203020,D,USA,334412,3672,220,925,B-,CA,SANMINA CORP,SANM
28139,BB-, ,4/30/14,San Jose,Sanmina Corp,4520,452030,45,45203020,D,USA,334412,3672,220,925,B-,CA,SANMINA CORP,SANM
28139,BB-, ,5/31/14,San Jose,Sanmina Corp,4520,452030,45,45203020,D,USA,334412,3672,220,925,B-,CA,SANMINA CORP,SANM
28139,BB-, ,6/30/14,San Jose,Sanmina Corp,4520,452030,45,45203020,D,USA,334412,3672,220,925,B-,CA,SANMINA CORP,SANM
28156, , ,1/31/10,Carrollton,Integrated Security Systems Inc -Old,4520,452030,45,45203010,D,USA,999990,9995,180,940,C,TX,INTEGRATED SECURITY SYS -OLD,IZZI.1
28156, , ,2/28/10,Carrollton,Integrated Security Systems Inc -Old,4520,452030,45,45203010,D,USA,999990,9995,180,940,C,TX,INTEGRATED SECURITY SYS -OLD,IZZI.1
28156, , ,3/31/10,Carrollton,Integrated Security Systems Inc -Old,4520,452030,45,45203010,D,USA,999990,9995,180,940,C,TX,INTEGRATED SECURITY SYS -OLD,IZZI.1
28156, , ,4/30/10,Carrollton,Integrated Security Systems Inc -Old,4520,452030,45,45203010,D,USA,999990,9995,180,940,C,TX,INTEGRATED SECURITY SYS -OLD,IZZI.1
28156, , ,5/31/10,Carrollton,Integrated Security Systems Inc -Old,4520,452030,45,45203010,D,USA,999990,9995,180,940,C,TX,INTEGRATED SECURITY SYS -OLD,IZZI.1
28156, , ,6/30/10,Carrollton,Integrated Security Systems Inc -Old,4520,452030,45,45203010,D,USA,999990,9995,180,940,C,TX,INTEGRATED SECURITY SYS -OLD,IZZI.1
28156, , ,7/31/10,Carrollton,Integrated Security Systems Inc -Old,4520,452030,45,45203010,D,USA,999990,9995,180,940,C,TX,INTEGRATED SECURITY SYS -OLD,IZZI.1
28156, , ,8/31/10,Carrollton,Integrated Security Systems Inc -Old,4520,452030,45,45203010,D,USA,999990,9995,180,940,C,TX,INTEGRATED SECURITY SYS -OLD,IZZI.1
28156, , ,9/30/10,Carrollton,Integrated Security Systems Inc -Old,4520,452030,45,45203010,D,USA,999990,9995,180,940,C,TX,INTEGRATED SECURITY SYS -OLD,IZZI.1
28156, , ,10/31/10,Carrollton,Integrated Security Systems Inc -Old,4520,452030,45,45203010,D,USA,999990,9995,180,940,C,TX,INTEGRATED SECURITY SYS -OLD,IZZI.1
28156, , ,11/30/10,Carrollton,Integrated Security Systems Inc -Old,4520,452030,45,45203010,D,USA,999990,9995,180,940,C,TX,INTEGRATED SECURITY SYS -OLD,IZZI.1
28156, , ,12/31/10,Carrollton,Integrated Security Systems Inc -Old,4520,452030,45,45203010,D,USA,999990,9995,180,940,C,TX,INTEGRATED SECURITY SYS -OLD,IZZI.1
28156, , ,1/31/11,Carrollton,Integrated Security Systems Inc -Old,4520,452030,45,45203010,D,USA,999990,9995,180,940,C,TX,INTEGRATED SECURITY SYS -OLD,IZZI.1
28156, , ,2/28/11,Carrollton,Integrated Security Systems Inc -Old,4520,452030,45,45203010,D,USA,999990,9995,180,940,C,TX,INTEGRATED SECURITY SYS -OLD,IZZI.1
28156, , ,3/31/11,Carrollton,Integrated Security Systems Inc -Old,4520,452030,45,45203010,D,USA,999990,9995,180,940,C,TX,INTEGRATED SECURITY SYS -OLD,IZZI.1
28156, , ,4/30/11,Carrollton,Integrated Security Systems Inc -Old,4520,452030,45,45203010,D,USA,999990,9995,180,940,C,TX,INTEGRATED SECURITY SYS -OLD,IZZI.1
28156, , ,5/31/11,Carrollton,Integrated Security Systems Inc -Old,4520,452030,45,45203010,D,USA,999990,9995,180,940,C,TX,INTEGRATED SECURITY SYS -OLD,IZZI.1
28156, , ,6/30/11,Carrollton,Integrated Security Systems Inc -Old,4520,452030,45,45203010,D,USA,999990,9995,180,940,C,TX,INTEGRATED SECURITY SYS -OLD,IZZI.1
28156, , ,7/31/11,Carrollton,Integrated Security Systems Inc -Old,4520,452030,45,45203010,D,USA,999990,9995,180,940,C,TX,INTEGRATED SECURITY SYS -OLD,IZZI.1
28156, , ,8/31/11,Carrollton,Integrated Security Systems Inc -Old,4520,452030,45,45203010,D,USA,999990,9995,180,940,C,TX,INTEGRATED SECURITY SYS -OLD,IZZI.1
28156, , ,9/30/11,Carrollton,Integrated Security Systems Inc -Old,4520,452030,45,45203010,D,USA,999990,9995,180,940,C,TX,INTEGRATED SECURITY SYS -OLD,IZZI.1
28156, , ,10/31/11,Carrollton,Integrated Security Systems Inc -Old,4520,452030,45,45203010,D,USA,999990,9995,180,940,C,TX,INTEGRATED SECURITY SYS -OLD,IZZI.1
28156, , ,11/30/11,Carrollton,Integrated Security Systems Inc -Old,4520,452030,45,45203010,D,USA,999990,9995,180,940,C,TX,INTEGRATED SECURITY SYS -OLD,IZZI.1
28156, , ,12/31/11,Carrollton,Integrated Security Systems Inc -Old,4520,452030,45,45203010,D,USA,999990,9995,180,940,C,TX,INTEGRATED SECURITY SYS -OLD,IZZI.1
28156, , ,1/31/12,Carrollton,Integrated Security Systems Inc -Old,4520,452030,45,45203010,D,USA,999990,9995,180,940,C,TX,INTEGRATED SECURITY SYS -OLD,IZZI.1
28156, , ,2/29/12,Carrollton,Integrated Security Systems Inc -Old,4520,452030,45,45203010,D,USA,999990,9995,180,940,C,TX,INTEGRATED SECURITY SYS -OLD,IZZI.1
28156, , ,3/31/12,Carrollton,Integrated Security Systems Inc -Old,4520,452030,45,45203010,D,USA,999990,9995,180,940,C,TX,INTEGRATED SECURITY SYS -OLD,IZZI.1
28156, , ,4/30/12,Carrollton,Integrated Security Systems Inc -Old,4520,452030,45,45203010,D,USA,999990,9995,180,940,C,TX,INTEGRATED SECURITY SYS -OLD,IZZI.1
28195,BB+, ,1/31/10,St. Petersburg,Jabil Circuit Inc,4520,452030,45,45203020,D,USA,334412,3672,357,925,B,FL,JABIL CIRCUIT INC,JBL
28195,BB+, ,2/28/10,St. Petersburg,Jabil Circuit Inc,4520,452030,45,45203020,D,USA,334412,3672,357,925,B,FL,JABIL CIRCUIT INC,JBL
28195,BB+, ,3/31/10,St. Petersburg,Jabil Circuit Inc,4520,452030,45,45203020,D,USA,334412,3672,357,925,B,FL,JABIL CIRCUIT INC,JBL
28195,BB+, ,4/30/10,St. Petersburg,Jabil Circuit Inc,4520,452030,45,45203020,D,USA,334412,3672,357,925,B,FL,JABIL CIRCUIT INC,JBL
28195,BB+, ,5/31/10,St. Petersburg,Jabil Circuit Inc,4520,452030,45,45203020,D,USA,334412,3672,357,925,B,FL,JABIL CIRCUIT INC,JBL
28195,BB+, ,6/30/10,St. Petersburg,Jabil Circuit Inc,4520,452030,45,45203020,D,USA,334412,3672,357,925,B,FL,JABIL CIRCUIT INC,JBL
28195,BB+, ,7/31/10,St. Petersburg,Jabil Circuit Inc,4520,452030,45,45203020,D,USA,334412,3672,357,925,B,FL,JABIL CIRCUIT INC,JBL
28195,BB+, ,8/31/10,St. Petersburg,Jabil Circuit Inc,4520,452030,45,45203020,D,USA,334412,3672,357,925,B,FL,JABIL CIRCUIT INC,JBL
28195,BB+, ,9/30/10,St. Petersburg,Jabil Circuit Inc,4520,452030,45,45203020,D,USA,334412,3672,357,925,B,FL,JABIL CIRCUIT INC,JBL
28195,BB+, ,10/31/10,St. Petersburg,Jabil Circuit Inc,4520,452030,45,45203020,D,USA,334412,3672,357,925,B,FL,JABIL CIRCUIT INC,JBL
28195,BB+, ,11/30/10,St. Petersburg,Jabil Circuit Inc,4520,452030,45,45203020,D,USA,334412,3672,357,925,B,FL,JABIL CIRCUIT INC,JBL
28195,BB+, ,12/31/10,St. Petersburg,Jabil Circuit Inc,4520,452030,45,45203020,D,USA,334412,3672,357,925,B,FL,JABIL CIRCUIT INC,JBL
28195,BB+, ,1/31/11,St. Petersburg,Jabil Circuit Inc,4520,452030,45,45203020,D,USA,334412,3672,357,925,B,FL,JABIL CIRCUIT INC,JBL
28195,BB+, ,2/28/11,St. Petersburg,Jabil Circuit Inc,4520,452030,45,45203020,D,USA,334412,3672,357,925,B,FL,JABIL CIRCUIT INC,JBL
28195,BB+, ,3/31/11,St. Petersburg,Jabil Circuit Inc,4520,452030,45,45203020,D,USA,334412,3672,357,925,B,FL,JABIL CIRCUIT INC,JBL
28195,BB+, ,4/30/11,St. Petersburg,Jabil Circuit Inc,4520,452030,45,45203020,D,USA,334412,3672,357,925,B,FL,JABIL CIRCUIT INC,JBL
28195,BB+, ,5/31/11,St. Petersburg,Jabil Circuit Inc,4520,452030,45,45203020,D,USA,334412,3672,357,925,B,FL,JABIL CIRCUIT INC,JBL
28195,BB+, ,6/30/11,St. Petersburg,Jabil Circuit Inc,4520,452030,45,45203020,D,USA,334412,3672,357,925,B,FL,JABIL CIRCUIT INC,JBL
28195,BB+, ,7/31/11,St. Petersburg,Jabil Circuit Inc,4520,452030,45,45203020,D,USA,334412,3672,357,925,B,FL,JABIL CIRCUIT INC,JBL
28195,BB+, ,8/31/11,St. Petersburg,Jabil Circuit Inc,4520,452030,45,45203020,D,USA,334412,3672,357,925,B,FL,JABIL CIRCUIT INC,JBL
28195,BB+, ,9/30/11,St. Petersburg,Jabil Circuit Inc,4520,452030,45,45203020,D,USA,334412,3672,357,925,B,FL,JABIL CIRCUIT INC,JBL
28195,BB+, ,10/31/11,St. Petersburg,Jabil Circuit Inc,4520,452030,45,45203020,D,USA,334412,3672,357,925,B,FL,JABIL CIRCUIT INC,JBL
28195,BB+, ,11/30/11,St. Petersburg,Jabil Circuit Inc,4520,452030,45,45203020,D,USA,334412,3672,357,925,B,FL,JABIL CIRCUIT INC,JBL
28195,BB+, ,12/31/11,St. Petersburg,Jabil Circuit Inc,4520,452030,45,45203020,D,USA,334412,3672,357,925,B,FL,JABIL CIRCUIT INC,JBL
28195,BB+, ,1/31/12,St. Petersburg,Jabil Circuit Inc,4520,452030,45,45203020,D,USA,334412,3672,357,925,B,FL,JABIL CIRCUIT INC,JBL
28195,BB+, ,2/29/12,St. Petersburg,Jabil Circuit Inc,4520,452030,45,45203020,D,USA,334412,3672,357,925,B,FL,JABIL CIRCUIT INC,JBL
28195,BB+, ,3/31/12,St. Petersburg,Jabil Circuit Inc,4520,452030,45,45203020,D,USA,334412,3672,357,925,B,FL,JABIL CIRCUIT INC,JBL
28195,BB+, ,4/30/12,St. Petersburg,Jabil Circuit Inc,4520,452030,45,45203020,D,USA,334412,3672,357,925,B,FL,JABIL CIRCUIT INC,JBL
28195,BB+, ,5/31/12,St. Petersburg,Jabil Circuit Inc,4520,452030,45,45203020,D,USA,334412,3672,357,925,B,FL,JABIL CIRCUIT INC,JBL
28195,BB+, ,6/30/12,St. Petersburg,Jabil Circuit Inc,4520,452030,45,45203020,D,USA,334412,3672,357,925,B,FL,JABIL CIRCUIT INC,JBL
28195,BB+, ,7/31/12,St. Petersburg,Jabil Circuit Inc,4520,452030,45,45203020,D,USA,334412,3672,357,925,B,FL,JABIL CIRCUIT INC,JBL
28195,BB+, ,8/31/12,St. Petersburg,Jabil Circuit Inc,4520,452030,45,45203020,D,USA,334412,3672,357,925,B,FL,JABIL CIRCUIT INC,JBL
28195,BB+, ,9/30/12,St. Petersburg,Jabil Circuit Inc,4520,452030,45,45203020,D,USA,334412,3672,357,925,B,FL,JABIL CIRCUIT INC,JBL
28195,BB+, ,10/31/12,St. Petersburg,Jabil Circuit Inc,4520,452030,45,45203020,D,USA,334412,3672,357,925,B,FL,JABIL CIRCUIT INC,JBL
28195,BB+, ,11/30/12,St. Petersburg,Jabil Circuit Inc,4520,452030,45,45203020,D,USA,334412,3672,357,925,B,FL,JABIL CIRCUIT INC,JBL
28195,BBB-, ,12/31/12,St. Petersburg,Jabil Circuit Inc,4520,452030,45,45203020,D,USA,334412,3672,357,925,B,FL,JABIL CIRCUIT INC,JBL
28195,BBB-, ,1/31/13,St. Petersburg,Jabil Circuit Inc,4520,452030,45,45203020,D,USA,334412,3672,357,925,B,FL,JABIL CIRCUIT INC,JBL
28195,BBB-, ,2/28/13,St. Petersburg,Jabil Circuit Inc,4520,452030,45,45203020,D,USA,334412,3672,357,925,B,FL,JABIL CIRCUIT INC,JBL
28195,BBB-, ,3/31/13,St. Petersburg,Jabil Circuit Inc,4520,452030,45,45203020,D,USA,334412,3672,357,925,B,FL,JABIL CIRCUIT INC,JBL
28195,BBB-, ,4/30/13,St. Petersburg,Jabil Circuit Inc,4520,452030,45,45203020,D,USA,334412,3672,357,925,B,FL,JABIL CIRCUIT INC,JBL
28195,BBB-, ,5/31/13,St. Petersburg,Jabil Circuit Inc,4520,452030,45,45203020,D,USA,334412,3672,357,925,B,FL,JABIL CIRCUIT INC,JBL
28195,BBB-, ,6/30/13,St. Petersburg,Jabil Circuit Inc,4520,452030,45,45203020,D,USA,334412,3672,357,925,B,FL,JABIL CIRCUIT INC,JBL
28195,BBB-, ,7/31/13,St. Petersburg,Jabil Circuit Inc,4520,452030,45,45203020,D,USA,334412,3672,357,925,B,FL,JABIL CIRCUIT INC,JBL
28195,BBB-, ,8/31/13,St. Petersburg,Jabil Circuit Inc,4520,452030,45,45203020,D,USA,334412,3672,357,925,B,FL,JABIL CIRCUIT INC,JBL
28195,BBB-, ,9/30/13,St. Petersburg,Jabil Circuit Inc,4520,452030,45,45203020,D,USA,334412,3672,357,925,B,FL,JABIL CIRCUIT INC,JBL
28195,BBB-, ,10/31/13,St. Petersburg,Jabil Circuit Inc,4520,452030,45,45203020,D,USA,334412,3672,357,925,B,FL,JABIL CIRCUIT INC,JBL
28195,BBB-, ,11/30/13,St. Petersburg,Jabil Circuit Inc,4520,452030,45,45203020,D,USA,334412,3672,357,925,B,FL,JABIL CIRCUIT INC,JBL
28195,BBB-, ,12/31/13,St. Petersburg,Jabil Circuit Inc,4520,452030,45,45203020,D,USA,334412,3672,357,925,B,FL,JABIL CIRCUIT INC,JBL
28195,BBB-, ,1/31/14,St. Petersburg,Jabil Circuit Inc,4520,452030,45,45203020,D,USA,334412,3672,357,925,B,FL,JABIL CIRCUIT INC,JBL
28195,BBB-, ,2/28/14,St. Petersburg,Jabil Circuit Inc,4520,452030,45,45203020,D,USA,334412,3672,357,925,B,FL,JABIL CIRCUIT INC,JBL
28195,BBB-, ,3/31/14,St. Petersburg,Jabil Circuit Inc,4520,452030,45,45203020,D,USA,334412,3672,357,925,B,FL,JABIL CIRCUIT INC,JBL
28195,BBB-, ,4/30/14,St. Petersburg,Jabil Circuit Inc,4520,452030,45,45203020,D,USA,334412,3672,357,925,B,FL,JABIL CIRCUIT INC,JBL
28195,BBB-, ,5/31/14,St. Petersburg,Jabil Circuit Inc,4520,452030,45,45203020,D,USA,334412,3672,357,925,B,FL,JABIL CIRCUIT INC,JBL
28195,BBB-, ,6/30/14,St. Petersburg,Jabil Circuit Inc,4520,452030,45,45203020,D,USA,334412,3672,357,925,B,FL,JABIL CIRCUIT INC,JBL
28236, , ,1/31/10,Petah Tikva,Gilat Satellite Networks Ltd,4520,452010,45,45201020,B,ISR,334220,3663,180,940, , ,GILAT SATELLITE NETWORKS LTD,GILT
28236, , ,2/28/10,Petah Tikva,Gilat Satellite Networks Ltd,4520,452010,45,45201020,B,ISR,334220,3663,180,940, , ,GILAT SATELLITE NETWORKS LTD,GILT
28236, , ,3/31/10,Petah Tikva,Gilat Satellite Networks Ltd,4520,452010,45,45201020,B,ISR,334220,3663,180,940, , ,GILAT SATELLITE NETWORKS LTD,GILT
28236, , ,4/30/10,Petah Tikva,Gilat Satellite Networks Ltd,4520,452010,45,45201020,B,ISR,334220,3663,180,940, , ,GILAT SATELLITE NETWORKS LTD,GILT
28236, , ,5/31/10,Petah Tikva,Gilat Satellite Networks Ltd,4520,452010,45,45201020,B,ISR,334220,3663,180,940, , ,GILAT SATELLITE NETWORKS LTD,GILT
28236, , ,6/30/10,Petah Tikva,Gilat Satellite Networks Ltd,4520,452010,45,45201020,B,ISR,334220,3663,180,940, , ,GILAT SATELLITE NETWORKS LTD,GILT
28236, , ,7/31/10,Petah Tikva,Gilat Satellite Networks Ltd,4520,452010,45,45201020,B,ISR,334220,3663,180,940, , ,GILAT SATELLITE NETWORKS LTD,GILT
28236, , ,8/31/10,Petah Tikva,Gilat Satellite Networks Ltd,4520,452010,45,45201020,B,ISR,334220,3663,180,940, , ,GILAT SATELLITE NETWORKS LTD,GILT
28236, , ,9/30/10,Petah Tikva,Gilat Satellite Networks Ltd,4520,452010,45,45201020,B,ISR,334220,3663,180,940, , ,GILAT SATELLITE NETWORKS LTD,GILT
28236, , ,10/31/10,Petah Tikva,Gilat Satellite Networks Ltd,4520,452010,45,45201020,B,ISR,334220,3663,180,940, , ,GILAT SATELLITE NETWORKS LTD,GILT
28236, , ,11/30/10,Petah Tikva,Gilat Satellite Networks Ltd,4520,452010,45,45201020,B,ISR,334220,3663,180,940, , ,GILAT SATELLITE NETWORKS LTD,GILT
28236, , ,12/31/10,Petah Tikva,Gilat Satellite Networks Ltd,4520,452010,45,45201020,B,ISR,334220,3663,180,940, , ,GILAT SATELLITE NETWORKS LTD,GILT
28236, , ,1/31/11,Petah Tikva,Gilat Satellite Networks Ltd,4520,452010,45,45201020,B,ISR,334220,3663,180,940, , ,GILAT SATELLITE NETWORKS LTD,GILT
28236, , ,2/28/11,Petah Tikva,Gilat Satellite Networks Ltd,4520,452010,45,45201020,B,ISR,334220,3663,180,940, , ,GILAT SATELLITE NETWORKS LTD,GILT
28236, , ,3/31/11,Petah Tikva,Gilat Satellite Networks Ltd,4520,452010,45,45201020,B,ISR,334220,3663,180,940, , ,GILAT SATELLITE NETWORKS LTD,GILT
28236, , ,4/30/11,Petah Tikva,Gilat Satellite Networks Ltd,4520,452010,45,45201020,B,ISR,334220,3663,180,940, , ,GILAT SATELLITE NETWORKS LTD,GILT
28236, , ,5/31/11,Petah Tikva,Gilat Satellite Networks Ltd,4520,452010,45,45201020,B,ISR,334220,3663,180,940, , ,GILAT SATELLITE NETWORKS LTD,GILT
28236, , ,6/30/11,Petah Tikva,Gilat Satellite Networks Ltd,4520,452010,45,45201020,B,ISR,334220,3663,180,940, , ,GILAT SATELLITE NETWORKS LTD,GILT
28236, , ,7/31/11,Petah Tikva,Gilat Satellite Networks Ltd,4520,452010,45,45201020,B,ISR,334220,3663,180,940, , ,GILAT SATELLITE NETWORKS LTD,GILT
28236, , ,8/31/11,Petah Tikva,Gilat Satellite Networks Ltd,4520,452010,45,45201020,B,ISR,334220,3663,180,940, , ,GILAT SATELLITE NETWORKS LTD,GILT
28236, , ,9/30/11,Petah Tikva,Gilat Satellite Networks Ltd,4520,452010,45,45201020,B,ISR,334220,3663,180,940, , ,GILAT SATELLITE NETWORKS LTD,GILT
28236, , ,10/31/11,Petah Tikva,Gilat Satellite Networks Ltd,4520,452010,45,45201020,B,ISR,334220,3663,180,940, , ,GILAT SATELLITE NETWORKS LTD,GILT
28236, , ,11/30/11,Petah Tikva,Gilat Satellite Networks Ltd,4520,452010,45,45201020,B,ISR,334220,3663,180,940, , ,GILAT SATELLITE NETWORKS LTD,GILT
28236, , ,12/31/11,Petah Tikva,Gilat Satellite Networks Ltd,4520,452010,45,45201020,B,ISR,334220,3663,180,940, , ,GILAT SATELLITE NETWORKS LTD,GILT
28236, , ,1/31/12,Petah Tikva,Gilat Satellite Networks Ltd,4520,452010,45,45201020,B,ISR,334220,3663,180,940, , ,GILAT SATELLITE NETWORKS LTD,GILT
28236, , ,2/29/12,Petah Tikva,Gilat Satellite Networks Ltd,4520,452010,45,45201020,B,ISR,334220,3663,180,940, , ,GILAT SATELLITE NETWORKS LTD,GILT
28236, , ,3/31/12,Petah Tikva,Gilat Satellite Networks Ltd,4520,452010,45,45201020,B,ISR,334220,3663,180,940, , ,GILAT SATELLITE NETWORKS LTD,GILT
28236, , ,4/30/12,Petah Tikva,Gilat Satellite Networks Ltd,4520,452010,45,45201020,B,ISR,334220,3663,180,940, , ,GILAT SATELLITE NETWORKS LTD,GILT
28236, , ,5/31/12,Petah Tikva,Gilat Satellite Networks Ltd,4520,452010,45,45201020,B,ISR,334220,3663,180,940, , ,GILAT SATELLITE NETWORKS LTD,GILT
28236, , ,6/30/12,Petah Tikva,Gilat Satellite Networks Ltd,4520,452010,45,45201020,B,ISR,334220,3663,180,940, , ,GILAT SATELLITE NETWORKS LTD,GILT
28236, , ,7/31/12,Petah Tikva,Gilat Satellite Networks Ltd,4520,452010,45,45201020,B,ISR,334220,3663,180,940, , ,GILAT SATELLITE NETWORKS LTD,GILT
28236, , ,8/31/12,Petah Tikva,Gilat Satellite Networks Ltd,4520,452010,45,45201020,B,ISR,334220,3663,180,940, , ,GILAT SATELLITE NETWORKS LTD,GILT
28236, , ,9/30/12,Petah Tikva,Gilat Satellite Networks Ltd,4520,452010,45,45201020,B,ISR,334220,3663,180,940, , ,GILAT SATELLITE NETWORKS LTD,GILT
28236, , ,10/31/12,Petah Tikva,Gilat Satellite Networks Ltd,4520,452010,45,45201020,B,ISR,334220,3663,180,940, , ,GILAT SATELLITE NETWORKS LTD,GILT
28236, , ,11/30/12,Petah Tikva,Gilat Satellite Networks Ltd,4520,452010,45,45201020,B,ISR,334220,3663,180,940, , ,GILAT SATELLITE NETWORKS LTD,GILT
28236, , ,12/31/12,Petah Tikva,Gilat Satellite Networks Ltd,4520,452010,45,45201020,B,ISR,334220,3663,180,940, , ,GILAT SATELLITE NETWORKS LTD,GILT
28236, , ,1/31/13,Petah Tikva,Gilat Satellite Networks Ltd,4520,452010,45,45201020,B,ISR,334220,3663,180,940, , ,GILAT SATELLITE NETWORKS LTD,GILT
28236, , ,2/28/13,Petah Tikva,Gilat Satellite Networks Ltd,4520,452010,45,45201020,B,ISR,334220,3663,180,940, , ,GILAT SATELLITE NETWORKS LTD,GILT
28236, , ,3/31/13,Petah Tikva,Gilat Satellite Networks Ltd,4520,452010,45,45201020,B,ISR,334220,3663,180,940, , ,GILAT SATELLITE NETWORKS LTD,GILT
28236, , ,4/30/13,Petah Tikva,Gilat Satellite Networks Ltd,4520,452010,45,45201020,B,ISR,334220,3663,180,940, , ,GILAT SATELLITE NETWORKS LTD,GILT
28236, , ,5/31/13,Petah Tikva,Gilat Satellite Networks Ltd,4520,452010,45,45201020,B,ISR,334220,3663,180,940, , ,GILAT SATELLITE NETWORKS LTD,GILT
28236, , ,6/30/13,Petah Tikva,Gilat Satellite Networks Ltd,4520,452010,45,45201020,B,ISR,334220,3663,180,940, , ,GILAT SATELLITE NETWORKS LTD,GILT
28236, , ,7/31/13,Petah Tikva,Gilat Satellite Networks Ltd,4520,452010,45,45201020,B,ISR,334220,3663,180,940, , ,GILAT SATELLITE NETWORKS LTD,GILT
28236, , ,8/31/13,Petah Tikva,Gilat Satellite Networks Ltd,4520,452010,45,45201020,B,ISR,334220,3663,180,940, , ,GILAT SATELLITE NETWORKS LTD,GILT
28236, , ,9/30/13,Petah Tikva,Gilat Satellite Networks Ltd,4520,452010,45,45201020,B,ISR,334220,3663,180,940, , ,GILAT SATELLITE NETWORKS LTD,GILT
28236, , ,10/31/13,Petah Tikva,Gilat Satellite Networks Ltd,4520,452010,45,45201020,B,ISR,334220,3663,180,940, , ,GILAT SATELLITE NETWORKS LTD,GILT
28258, , ,3/31/10,Willow Grove,Quad Systems Corp,4520,452050,45,45205010,D,USA,333295,3559,247,940, ,PA,QUAD SYSTEMS CORP,QSYSQ
28258, , ,4/30/10,Willow Grove,Quad Systems Corp,4520,452050,45,45205010,D,USA,333295,3559,247,940, ,PA,QUAD SYSTEMS CORP,QSYSQ
28258, , ,7/31/10,Willow Grove,Quad Systems Corp,4520,452050,45,45205010,D,USA,333295,3559,247,940, ,PA,QUAD SYSTEMS CORP,QSYSQ
28320,B-, ,1/31/10,Vernon Hills,CDW Corp,4520,452030,45,45203030,D,USA,423430,5045,426,976,A-,IL,CDW CORP,CDW
28320,B-, ,2/28/10,Vernon Hills,CDW Corp,4520,452030,45,45203030,D,USA,423430,5045,426,976,A-,IL,CDW CORP,CDW
28320,B-, ,6/30/10,Vernon Hills,CDW Corp,4520,452030,45,45203030,D,USA,423430,5045,426,976,A-,IL,CDW CORP,CDW
28320,B-, ,7/31/10,Vernon Hills,CDW Corp,4520,452030,45,45203030,D,USA,423430,5045,426,976,A-,IL,CDW CORP,CDW
28320,B-, ,8/31/10,Vernon Hills,CDW Corp,4520,452030,45,45203030,D,USA,423430,5045,426,976,A-,IL,CDW CORP,CDW
28320,B-, ,9/30/10,Vernon Hills,CDW Corp,4520,452030,45,45203030,D,USA,423430,5045,426,976,A-,IL,CDW CORP,CDW
28320,B-, ,10/31/10,Vernon Hills,CDW Corp,4520,452030,45,45203030,D,USA,423430,5045,426,976,A-,IL,CDW CORP,CDW
28320,B-, ,11/30/10,Vernon Hills,CDW Corp,4520,452030,45,45203030,D,USA,423430,5045,426,976,A-,IL,CDW CORP,CDW
28320,B-, ,12/31/10,Vernon Hills,CDW Corp,4520,452030,45,45203030,D,USA,423430,5045,426,976,A-,IL,CDW CORP,CDW
28320,B-, ,1/31/11,Vernon Hills,CDW Corp,4520,452030,45,45203030,D,USA,423430,5045,426,976,A-,IL,CDW CORP,CDW
28320,B, ,2/28/11,Vernon Hills,CDW Corp,4520,452030,45,45203030,D,USA,423430,5045,426,976,A-,IL,CDW CORP,CDW
28320,B, ,3/31/11,Vernon Hills,CDW Corp,4520,452030,45,45203030,D,USA,423430,5045,426,976,A-,IL,CDW CORP,CDW
28320,B, ,4/30/11,Vernon Hills,CDW Corp,4520,452030,45,45203030,D,USA,423430,5045,426,976,A-,IL,CDW CORP,CDW
28320,B, ,5/31/11,Vernon Hills,CDW Corp,4520,452030,45,45203030,D,USA,423430,5045,426,976,A-,IL,CDW CORP,CDW
28320,B, ,6/30/11,Vernon Hills,CDW Corp,4520,452030,45,45203030,D,USA,423430,5045,426,976,A-,IL,CDW CORP,CDW
28320,B, ,7/31/11,Vernon Hills,CDW Corp,4520,452030,45,45203030,D,USA,423430,5045,426,976,A-,IL,CDW CORP,CDW
28320,B, ,8/31/11,Vernon Hills,CDW Corp,4520,452030,45,45203030,D,USA,423430,5045,426,976,A-,IL,CDW CORP,CDW
28320,B, ,9/30/11,Vernon Hills,CDW Corp,4520,452030,45,45203030,D,USA,423430,5045,426,976,A-,IL,CDW CORP,CDW
28320,B, ,10/31/11,Vernon Hills,CDW Corp,4520,452030,45,45203030,D,USA,423430,5045,426,976,A-,IL,CDW CORP,CDW
28320,B, ,11/30/11,Vernon Hills,CDW Corp,4520,452030,45,45203030,D,USA,423430,5045,426,976,A-,IL,CDW CORP,CDW
28320,B, ,12/31/11,Vernon Hills,CDW Corp,4520,452030,45,45203030,D,USA,423430,5045,426,976,A-,IL,CDW CORP,CDW
28320,B, ,1/31/12,Vernon Hills,CDW Corp,4520,452030,45,45203030,D,USA,423430,5045,426,976,A-,IL,CDW CORP,CDW
28320,B, ,2/29/12,Vernon Hills,CDW Corp,4520,452030,45,45203030,D,USA,423430,5045,426,976,A-,IL,CDW CORP,CDW
28320,B, ,3/31/12,Vernon Hills,CDW Corp,4520,452030,45,45203030,D,USA,423430,5045,426,976,A-,IL,CDW CORP,CDW
28320,B, ,4/30/12,Vernon Hills,CDW Corp,4520,452030,45,45203030,D,USA,423430,5045,426,976,A-,IL,CDW CORP,CDW
28320,B, ,5/31/12,Vernon Hills,CDW Corp,4520,452030,45,45203030,D,USA,423430,5045,426,976,A-,IL,CDW CORP,CDW
28320,B, ,6/30/12,Vernon Hills,CDW Corp,4520,452030,45,45203030,D,USA,423430,5045,426,976,A-,IL,CDW CORP,CDW
28320,B, ,7/31/12,Vernon Hills,CDW Corp,4520,452030,45,45203030,D,USA,423430,5045,426,976,A-,IL,CDW CORP,CDW
28320,B, ,8/31/12,Vernon Hills,CDW Corp,4520,452030,45,45203030,D,USA,423430,5045,426,976,A-,IL,CDW CORP,CDW
28320,B, ,9/30/12,Vernon Hills,CDW Corp,4520,452030,45,45203030,D,USA,423430,5045,426,976,A-,IL,CDW CORP,CDW
28320,B, ,10/31/12,Vernon Hills,CDW Corp,4520,452030,45,45203030,D,USA,423430,5045,426,976,A-,IL,CDW CORP,CDW
28320,B, ,11/30/12,Vernon Hills,CDW Corp,4520,452030,45,45203030,D,USA,423430,5045,426,976,A-,IL,CDW CORP,CDW
28320,B+, ,12/31/12,Vernon Hills,CDW Corp,4520,452030,45,45203030,D,USA,423430,5045,426,976,A-,IL,CDW CORP,CDW
28320,B+, ,1/31/13,Vernon Hills,CDW Corp,4520,452030,45,45203030,D,USA,423430,5045,426,976,A-,IL,CDW CORP,CDW
28320,B+, ,2/28/13,Vernon Hills,CDW Corp,4520,452030,45,45203030,D,USA,423430,5045,426,976,A-,IL,CDW CORP,CDW
28320,B+, ,3/31/13,Vernon Hills,CDW Corp,4520,452030,45,45203030,D,USA,423430,5045,426,976,A-,IL,CDW CORP,CDW
28320,B+, ,4/30/13,Vernon Hills,CDW Corp,4520,452030,45,45203030,D,USA,423430,5045,426,976,A-,IL,CDW CORP,CDW
28320,B+, ,5/31/13,Vernon Hills,CDW Corp,4520,452030,45,45203030,D,USA,423430,5045,426,976,A-,IL,CDW CORP,CDW
28320,B+, ,6/30/13,Vernon Hills,CDW Corp,4520,452030,45,45203030,D,USA,423430,5045,426,976,A-,IL,CDW CORP,CDW
28320,B+, ,7/31/13,Vernon Hills,CDW Corp,4520,452030,45,45203030,D,USA,423430,5045,426,976,A-,IL,CDW CORP,CDW
28320,B+, ,8/31/13,Vernon Hills,CDW Corp,4520,452030,45,45203030,D,USA,423430,5045,426,976,A-,IL,CDW CORP,CDW
28320,B+, ,9/30/13,Vernon Hills,CDW Corp,4520,452030,45,45203030,D,USA,423430,5045,426,976,A-,IL,CDW CORP,CDW
28320,B+, ,10/31/13,Vernon Hills,CDW Corp,4520,452030,45,45203030,D,USA,423430,5045,426,976,A-,IL,CDW CORP,CDW
28320,B+, ,11/30/13,Vernon Hills,CDW Corp,4520,452030,45,45203030,D,USA,423430,5045,426,976,A-,IL,CDW CORP,CDW
28320,BB-, ,12/31/13,Vernon Hills,CDW Corp,4520,452030,45,45203030,D,USA,423430,5045,426,976,A-,IL,CDW CORP,CDW
28320,BB-, ,1/31/14,Vernon Hills,CDW Corp,4520,452030,45,45203030,D,USA,423430,5045,426,976,A-,IL,CDW CORP,CDW
28320,BB-, ,2/28/14,Vernon Hills,CDW Corp,4520,452030,45,45203030,D,USA,423430,5045,426,976,A-,IL,CDW CORP,CDW
28320,BB-, ,3/31/14,Vernon Hills,CDW Corp,4520,452030,45,45203030,D,USA,423430,5045,426,976,A-,IL,CDW CORP,CDW
28320,BB-, ,4/30/14,Vernon Hills,CDW Corp,4520,452030,45,45203030,D,USA,423430,5045,426,976,A-,IL,CDW CORP,CDW
28320,BB-, ,5/31/14,Vernon Hills,CDW Corp,4520,452030,45,45203030,D,USA,423430,5045,426,976,A-,IL,CDW CORP,CDW
28320,BB-, ,6/30/14,Vernon Hills,CDW Corp,4520,452030,45,45203030,D,USA,423430,5045,426,976,A-,IL,CDW CORP,CDW
28374, , ,1/31/10,Camarillo,Interlink Electronics,4520,452030,45,45203010,D,USA,334419,3679,188,940,C,CA,INTERLINK ELECTRONICS,LINK
28374, , ,2/28/10,Camarillo,Interlink Electronics,4520,452030,45,45203010,D,USA,334419,3679,188,940,C,CA,INTERLINK ELECTRONICS,LINK
28374, , ,3/31/10,Camarillo,Interlink Electronics,4520,452030,45,45203010,D,USA,334419,3679,188,940,C,CA,INTERLINK ELECTRONICS,LINK
28374, , ,4/30/10,Camarillo,Interlink Electronics,4520,452030,45,45203010,D,USA,334419,3679,188,940,C,CA,INTERLINK ELECTRONICS,LINK
28374, , ,5/31/10,Camarillo,Interlink Electronics,4520,452030,45,45203010,D,USA,334419,3679,188,940,C,CA,INTERLINK ELECTRONICS,LINK
28374, , ,6/30/10,Camarillo,Interlink Electronics,4520,452030,45,45203010,D,USA,334419,3679,188,940,C,CA,INTERLINK ELECTRONICS,LINK
28374, , ,7/31/10,Camarillo,Interlink Electronics,4520,452030,45,45203010,D,USA,334419,3679,188,940,C,CA,INTERLINK ELECTRONICS,LINK
28374, , ,8/31/10,Camarillo,Interlink Electronics,4520,452030,45,45203010,D,USA,334419,3679,188,940,C,CA,INTERLINK ELECTRONICS,LINK
28374, , ,9/30/10,Camarillo,Interlink Electronics,4520,452030,45,45203010,D,USA,334419,3679,188,940,C,CA,INTERLINK ELECTRONICS,LINK
28374, , ,10/31/10,Camarillo,Interlink Electronics,4520,452030,45,45203010,D,USA,334419,3679,188,940,C,CA,INTERLINK ELECTRONICS,LINK
28374, , ,11/30/10,Camarillo,Interlink Electronics,4520,452030,45,45203010,D,USA,334419,3679,188,940,C,CA,INTERLINK ELECTRONICS,LINK
28374, , ,12/31/10,Camarillo,Interlink Electronics,4520,452030,45,45203010,D,USA,334419,3679,188,940,C,CA,INTERLINK ELECTRONICS,LINK
28374, , ,1/31/11,Camarillo,Interlink Electronics,4520,452030,45,45203010,D,USA,334419,3679,188,940,C,CA,INTERLINK ELECTRONICS,LINK
28374, , ,2/28/11,Camarillo,Interlink Electronics,4520,452030,45,45203010,D,USA,334419,3679,188,940,C,CA,INTERLINK ELECTRONICS,LINK
28374, , ,3/31/11,Camarillo,Interlink Electronics,4520,452030,45,45203010,D,USA,334419,3679,188,940,C,CA,INTERLINK ELECTRONICS,LINK
28374, , ,4/30/11,Camarillo,Interlink Electronics,4520,452030,45,45203010,D,USA,334419,3679,188,940,C,CA,INTERLINK ELECTRONICS,LINK
28374, , ,5/31/11,Camarillo,Interlink Electronics,4520,452030,45,45203010,D,USA,334419,3679,188,940,C,CA,INTERLINK ELECTRONICS,LINK
28374, , ,6/30/11,Camarillo,Interlink Electronics,4520,452030,45,45203010,D,USA,334419,3679,188,940,C,CA,INTERLINK ELECTRONICS,LINK
28374, , ,7/31/11,Camarillo,Interlink Electronics,4520,452030,45,45203010,D,USA,334419,3679,188,940,C,CA,INTERLINK ELECTRONICS,LINK
28374, , ,8/31/11,Camarillo,Interlink Electronics,4520,452030,45,45203010,D,USA,334419,3679,188,940,C,CA,INTERLINK ELECTRONICS,LINK
28374, , ,9/30/11,Camarillo,Interlink Electronics,4520,452030,45,45203010,D,USA,334419,3679,188,940,C,CA,INTERLINK ELECTRONICS,LINK
28374, , ,10/31/11,Camarillo,Interlink Electronics,4520,452030,45,45203010,D,USA,334419,3679,188,940,C,CA,INTERLINK ELECTRONICS,LINK
28374, , ,11/30/11,Camarillo,Interlink Electronics,4520,452030,45,45203010,D,USA,334419,3679,188,940,C,CA,INTERLINK ELECTRONICS,LINK
28374, , ,12/31/11,Camarillo,Interlink Electronics,4520,452030,45,45203010,D,USA,334419,3679,188,940,C,CA,INTERLINK ELECTRONICS,LINK
28374, , ,1/31/12,Camarillo,Interlink Electronics,4520,452030,45,45203010,D,USA,334419,3679,188,940,C,CA,INTERLINK ELECTRONICS,LINK
28374, , ,2/29/12,Camarillo,Interlink Electronics,4520,452030,45,45203010,D,USA,334419,3679,188,940,C,CA,INTERLINK ELECTRONICS,LINK
28374, , ,3/31/12,Camarillo,Interlink Electronics,4520,452030,45,45203010,D,USA,334419,3679,188,940,C,CA,INTERLINK ELECTRONICS,LINK
28374, , ,4/30/12,Camarillo,Interlink Electronics,4520,452030,45,45203010,D,USA,334419,3679,188,940,C,CA,INTERLINK ELECTRONICS,LINK
28374, , ,5/31/12,Camarillo,Interlink Electronics,4520,452030,45,45203010,D,USA,334419,3679,188,940,C,CA,INTERLINK ELECTRONICS,LINK
28374, , ,6/30/12,Camarillo,Interlink Electronics,4520,452030,45,45203010,D,USA,334419,3679,188,940,C,CA,INTERLINK ELECTRONICS,LINK
28374, , ,7/31/12,Camarillo,Interlink Electronics,4520,452030,45,45203010,D,USA,334419,3679,188,940,C,CA,INTERLINK ELECTRONICS,LINK
28374, , ,8/31/12,Camarillo,Interlink Electronics,4520,452030,45,45203010,D,USA,334419,3679,188,940,C,CA,INTERLINK ELECTRONICS,LINK
28374, , ,9/30/12,Camarillo,Interlink Electronics,4520,452030,45,45203010,D,USA,334419,3679,188,940,C,CA,INTERLINK ELECTRONICS,LINK
28374, , ,10/31/12,Camarillo,Interlink Electronics,4520,452030,45,45203010,D,USA,334419,3679,188,940,C,CA,INTERLINK ELECTRONICS,LINK
28374, , ,11/30/12,Camarillo,Interlink Electronics,4520,452030,45,45203010,D,USA,334419,3679,188,940,C,CA,INTERLINK ELECTRONICS,LINK
28374, , ,12/31/12,Camarillo,Interlink Electronics,4520,452030,45,45203010,D,USA,334419,3679,188,940,C,CA,INTERLINK ELECTRONICS,LINK
28374, , ,1/31/13,Camarillo,Interlink Electronics,4520,452030,45,45203010,D,USA,334419,3679,188,940,C,CA,INTERLINK ELECTRONICS,LINK
28374, , ,2/28/13,Camarillo,Interlink Electronics,4520,452030,45,45203010,D,USA,334419,3679,188,940,C,CA,INTERLINK ELECTRONICS,LINK
28374, , ,3/31/13,Camarillo,Interlink Electronics,4520,452030,45,45203010,D,USA,334419,3679,188,940,C,CA,INTERLINK ELECTRONICS,LINK
28374, , ,4/30/13,Camarillo,Interlink Electronics,4520,452030,45,45203010,D,USA,334419,3679,188,940,C,CA,INTERLINK ELECTRONICS,LINK
28374, , ,5/31/13,Camarillo,Interlink Electronics,4520,452030,45,45203010,D,USA,334419,3679,188,940,C,CA,INTERLINK ELECTRONICS,LINK
28374, , ,6/30/13,Camarillo,Interlink Electronics,4520,452030,45,45203010,D,USA,334419,3679,188,940,C,CA,INTERLINK ELECTRONICS,LINK
28374, , ,7/31/13,Camarillo,Interlink Electronics,4520,452030,45,45203010,D,USA,334419,3679,188,940,C,CA,INTERLINK ELECTRONICS,LINK
28374, , ,8/31/13,Camarillo,Interlink Electronics,4520,452030,45,45203010,D,USA,334419,3679,188,940,C,CA,INTERLINK ELECTRONICS,LINK
28374, , ,9/30/13,Camarillo,Interlink Electronics,4520,452030,45,45203010,D,USA,334419,3679,188,940,C,CA,INTERLINK ELECTRONICS,LINK
28374, , ,10/31/13,Camarillo,Interlink Electronics,4520,452030,45,45203010,D,USA,334419,3679,188,940,C,CA,INTERLINK ELECTRONICS,LINK
28385, , ,1/31/10,Yehud,Magal Security Systems Ltd,4520,452030,45,45203010,B,ISR,334290,3669,180,940, , ,MAGAL SECURITY SYSTEMS,MAGS
28385, , ,2/28/10,Yehud,Magal Security Systems Ltd,4520,452030,45,45203010,B,ISR,334290,3669,180,940, , ,MAGAL SECURITY SYSTEMS,MAGS
28385, , ,3/31/10,Yehud,Magal Security Systems Ltd,4520,452030,45,45203010,B,ISR,334290,3669,180,940, , ,MAGAL SECURITY SYSTEMS,MAGS
28385, , ,4/30/10,Yehud,Magal Security Systems Ltd,4520,452030,45,45203010,B,ISR,334290,3669,180,940, , ,MAGAL SECURITY SYSTEMS,MAGS
28385, , ,5/31/10,Yehud,Magal Security Systems Ltd,4520,452030,45,45203010,B,ISR,334290,3669,180,940, , ,MAGAL SECURITY SYSTEMS,MAGS
28385, , ,6/30/10,Yehud,Magal Security Systems Ltd,4520,452030,45,45203010,B,ISR,334290,3669,180,940, , ,MAGAL SECURITY SYSTEMS,MAGS
28385, , ,7/31/10,Yehud,Magal Security Systems Ltd,4520,452030,45,45203010,B,ISR,334290,3669,180,940, , ,MAGAL SECURITY SYSTEMS,MAGS
28385, , ,8/31/10,Yehud,Magal Security Systems Ltd,4520,452030,45,45203010,B,ISR,334290,3669,180,940, , ,MAGAL SECURITY SYSTEMS,MAGS
28385, , ,9/30/10,Yehud,Magal Security Systems Ltd,4520,452030,45,45203010,B,ISR,334290,3669,180,940, , ,MAGAL SECURITY SYSTEMS,MAGS
28385, , ,10/31/10,Yehud,Magal Security Systems Ltd,4520,452030,45,45203010,B,ISR,334290,3669,180,940, , ,MAGAL SECURITY SYSTEMS,MAGS
28385, , ,11/30/10,Yehud,Magal Security Systems Ltd,4520,452030,45,45203010,B,ISR,334290,3669,180,940, , ,MAGAL SECURITY SYSTEMS,MAGS
28385, , ,12/31/10,Yehud,Magal Security Systems Ltd,4520,452030,45,45203010,B,ISR,334290,3669,180,940, , ,MAGAL SECURITY SYSTEMS,MAGS
28385, , ,1/31/11,Yehud,Magal Security Systems Ltd,4520,452030,45,45203010,B,ISR,334290,3669,180,940, , ,MAGAL SECURITY SYSTEMS,MAGS
28385, , ,2/28/11,Yehud,Magal Security Systems Ltd,4520,452030,45,45203010,B,ISR,334290,3669,180,940, , ,MAGAL SECURITY SYSTEMS,MAGS
28385, , ,3/31/11,Yehud,Magal Security Systems Ltd,4520,452030,45,45203010,B,ISR,334290,3669,180,940, , ,MAGAL SECURITY SYSTEMS,MAGS
28385, , ,4/30/11,Yehud,Magal Security Systems Ltd,4520,452030,45,45203010,B,ISR,334290,3669,180,940, , ,MAGAL SECURITY SYSTEMS,MAGS
28385, , ,5/31/11,Yehud,Magal Security Systems Ltd,4520,452030,45,45203010,B,ISR,334290,3669,180,940, , ,MAGAL SECURITY SYSTEMS,MAGS
28385, , ,6/30/11,Yehud,Magal Security Systems Ltd,4520,452030,45,45203010,B,ISR,334290,3669,180,940, , ,MAGAL SECURITY SYSTEMS,MAGS
28385, , ,7/31/11,Yehud,Magal Security Systems Ltd,4520,452030,45,45203010,B,ISR,334290,3669,180,940, , ,MAGAL SECURITY SYSTEMS,MAGS
28385, , ,8/31/11,Yehud,Magal Security Systems Ltd,4520,452030,45,45203010,B,ISR,334290,3669,180,940, , ,MAGAL SECURITY SYSTEMS,MAGS
28385, , ,9/30/11,Yehud,Magal Security Systems Ltd,4520,452030,45,45203010,B,ISR,334290,3669,180,940, , ,MAGAL SECURITY SYSTEMS,MAGS
28385, , ,10/31/11,Yehud,Magal Security Systems Ltd,4520,452030,45,45203010,B,ISR,334290,3669,180,940, , ,MAGAL SECURITY SYSTEMS,MAGS
28385, , ,11/30/11,Yehud,Magal Security Systems Ltd,4520,452030,45,45203010,B,ISR,334290,3669,180,940, , ,MAGAL SECURITY SYSTEMS,MAGS
28385, , ,12/31/11,Yehud,Magal Security Systems Ltd,4520,452030,45,45203010,B,ISR,334290,3669,180,940, , ,MAGAL SECURITY SYSTEMS,MAGS
28385, , ,1/31/12,Yehud,Magal Security Systems Ltd,4520,452030,45,45203010,B,ISR,334290,3669,180,940, , ,MAGAL SECURITY SYSTEMS,MAGS
28385, , ,2/29/12,Yehud,Magal Security Systems Ltd,4520,452030,45,45203010,B,ISR,334290,3669,180,940, , ,MAGAL SECURITY SYSTEMS,MAGS
28385, , ,3/31/12,Yehud,Magal Security Systems Ltd,4520,452030,45,45203010,B,ISR,334290,3669,180,940, , ,MAGAL SECURITY SYSTEMS,MAGS
28385, , ,4/30/12,Yehud,Magal Security Systems Ltd,4520,452030,45,45203010,B,ISR,334290,3669,180,940, , ,MAGAL SECURITY SYSTEMS,MAGS
28385, , ,5/31/12,Yehud,Magal Security Systems Ltd,4520,452030,45,45203010,B,ISR,334290,3669,180,940, , ,MAGAL SECURITY SYSTEMS,MAGS
28385, , ,6/30/12,Yehud,Magal Security Systems Ltd,4520,452030,45,45203010,B,ISR,334290,3669,180,940, , ,MAGAL SECURITY SYSTEMS,MAGS
28385, , ,7/31/12,Yehud,Magal Security Systems Ltd,4520,452030,45,45203010,B,ISR,334290,3669,180,940, , ,MAGAL SECURITY SYSTEMS,MAGS
28385, , ,8/31/12,Yehud,Magal Security Systems Ltd,4520,452030,45,45203010,B,ISR,334290,3669,180,940, , ,MAGAL SECURITY SYSTEMS,MAGS
28385, , ,9/30/12,Yehud,Magal Security Systems Ltd,4520,452030,45,45203010,B,ISR,334290,3669,180,940, , ,MAGAL SECURITY SYSTEMS,MAGS
28385, , ,10/31/12,Yehud,Magal Security Systems Ltd,4520,452030,45,45203010,B,ISR,334290,3669,180,940, , ,MAGAL SECURITY SYSTEMS,MAGS
28385, , ,11/30/12,Yehud,Magal Security Systems Ltd,4520,452030,45,45203010,B,ISR,334290,3669,180,940, , ,MAGAL SECURITY SYSTEMS,MAGS
28385, , ,12/31/12,Yehud,Magal Security Systems Ltd,4520,452030,45,45203010,B,ISR,334290,3669,180,940, , ,MAGAL SECURITY SYSTEMS,MAGS
28385, , ,1/31/13,Yehud,Magal Security Systems Ltd,4520,452030,45,45203010,B,ISR,334290,3669,180,940, , ,MAGAL SECURITY SYSTEMS,MAGS
28385, , ,2/28/13,Yehud,Magal Security Systems Ltd,4520,452030,45,45203010,B,ISR,334290,3669,180,940, , ,MAGAL SECURITY SYSTEMS,MAGS
28385, , ,3/31/13,Yehud,Magal Security Systems Ltd,4520,452030,45,45203010,B,ISR,334290,3669,180,940, , ,MAGAL SECURITY SYSTEMS,MAGS
28385, , ,4/30/13,Yehud,Magal Security Systems Ltd,4520,452030,45,45203010,B,ISR,334290,3669,180,940, , ,MAGAL SECURITY SYSTEMS,MAGS
28385, , ,5/31/13,Yehud,Magal Security Systems Ltd,4520,452030,45,45203010,B,ISR,334290,3669,180,940, , ,MAGAL SECURITY SYSTEMS,MAGS
28385, , ,6/30/13,Yehud,Magal Security Systems Ltd,4520,452030,45,45203010,B,ISR,334290,3669,180,940, , ,MAGAL SECURITY SYSTEMS,MAGS
28385, , ,7/31/13,Yehud,Magal Security Systems Ltd,4520,452030,45,45203010,B,ISR,334290,3669,180,940, , ,MAGAL SECURITY SYSTEMS,MAGS
28385, , ,8/31/13,Yehud,Magal Security Systems Ltd,4520,452030,45,45203010,B,ISR,334290,3669,180,940, , ,MAGAL SECURITY SYSTEMS,MAGS
28385, , ,9/30/13,Yehud,Magal Security Systems Ltd,4520,452030,45,45203010,B,ISR,334290,3669,180,940, , ,MAGAL SECURITY SYSTEMS,MAGS
28385, , ,10/31/13,Yehud,Magal Security Systems Ltd,4520,452030,45,45203010,B,ISR,334290,3669,180,940, , ,MAGAL SECURITY SYSTEMS,MAGS
28435, , ,1/31/10,San Jose,Bell Microproducts Inc,4520,452030,45,45203030,D,USA,423690,5065,454,940,B-,CA,BELL MICROPRODUCTS INC,BELM
28435, , ,2/28/10,San Jose,Bell Microproducts Inc,4520,452030,45,45203030,D,USA,423690,5065,454,940,B-,CA,BELL MICROPRODUCTS INC,BELM
28435, , ,3/31/10,San Jose,Bell Microproducts Inc,4520,452030,45,45203030,D,USA,423690,5065,454,940,B-,CA,BELL MICROPRODUCTS INC,BELM
28435, , ,4/30/10,San Jose,Bell Microproducts Inc,4520,452030,45,45203030,D,USA,423690,5065,454,940,B-,CA,BELL MICROPRODUCTS INC,BELM
28435, , ,5/31/10,San Jose,Bell Microproducts Inc,4520,452030,45,45203030,D,USA,423690,5065,454,940,B-,CA,BELL MICROPRODUCTS INC,BELM
28435, , ,6/30/10,San Jose,Bell Microproducts Inc,4520,452030,45,45203030,D,USA,423690,5065,454,940,B-,CA,BELL MICROPRODUCTS INC,BELM
28435, , ,7/31/10,San Jose,Bell Microproducts Inc,4520,452030,45,45203030,D,USA,423690,5065,454,940,B-,CA,BELL MICROPRODUCTS INC,BELM
28477, , ,1/31/10,Wilsonville,FLIR Systems Inc,4520,452030,45,45203010,D,USA,334511,3812,220,925,B+,OR,FLIR SYSTEMS INC,FLIR
28477, , ,2/28/10,Wilsonville,FLIR Systems Inc,4520,452030,45,45203010,D,USA,334511,3812,220,925,B+,OR,FLIR SYSTEMS INC,FLIR
28477, , ,3/31/10,Wilsonville,FLIR Systems Inc,4520,452030,45,45203010,D,USA,334511,3812,220,925,B+,OR,FLIR SYSTEMS INC,FLIR
28477, , ,4/30/10,Wilsonville,FLIR Systems Inc,4520,452030,45,45203010,D,USA,334511,3812,220,925,B+,OR,FLIR SYSTEMS INC,FLIR
28477, , ,5/31/10,Wilsonville,FLIR Systems Inc,4520,452030,45,45203010,D,USA,334511,3812,220,925,B+,OR,FLIR SYSTEMS INC,FLIR
28477, , ,6/30/10,Wilsonville,FLIR Systems Inc,4520,452030,45,45203010,D,USA,334511,3812,220,925,B+,OR,FLIR SYSTEMS INC,FLIR
28477, , ,7/31/10,Wilsonville,FLIR Systems Inc,4520,452030,45,45203010,D,USA,334511,3812,220,925,B+,OR,FLIR SYSTEMS INC,FLIR
28477, , ,8/31/10,Wilsonville,FLIR Systems Inc,4520,452030,45,45203010,D,USA,334511,3812,220,925,B+,OR,FLIR SYSTEMS INC,FLIR
28477, , ,9/30/10,Wilsonville,FLIR Systems Inc,4520,452030,45,45203010,D,USA,334511,3812,220,925,B+,OR,FLIR SYSTEMS INC,FLIR
28477, , ,10/31/10,Wilsonville,FLIR Systems Inc,4520,452030,45,45203010,D,USA,334511,3812,220,925,B+,OR,FLIR SYSTEMS INC,FLIR
28477, , ,11/30/10,Wilsonville,FLIR Systems Inc,4520,452030,45,45203010,D,USA,334511,3812,220,925,B+,OR,FLIR SYSTEMS INC,FLIR
28477, , ,12/31/10,Wilsonville,FLIR Systems Inc,4520,452030,45,45203010,D,USA,334511,3812,220,925,B+,OR,FLIR SYSTEMS INC,FLIR
28477, , ,1/31/11,Wilsonville,FLIR Systems Inc,4520,452030,45,45203010,D,USA,334511,3812,220,925,B+,OR,FLIR SYSTEMS INC,FLIR
28477, , ,2/28/11,Wilsonville,FLIR Systems Inc,4520,452030,45,45203010,D,USA,334511,3812,220,925,B+,OR,FLIR SYSTEMS INC,FLIR
28477, , ,3/31/11,Wilsonville,FLIR Systems Inc,4520,452030,45,45203010,D,USA,334511,3812,220,925,B+,OR,FLIR SYSTEMS INC,FLIR
28477, , ,4/30/11,Wilsonville,FLIR Systems Inc,4520,452030,45,45203010,D,USA,334511,3812,220,925,B+,OR,FLIR SYSTEMS INC,FLIR
28477, , ,5/31/11,Wilsonville,FLIR Systems Inc,4520,452030,45,45203010,D,USA,334511,3812,220,925,B+,OR,FLIR SYSTEMS INC,FLIR
28477, , ,6/30/11,Wilsonville,FLIR Systems Inc,4520,452030,45,45203010,D,USA,334511,3812,220,925,B+,OR,FLIR SYSTEMS INC,FLIR
28477, , ,7/31/11,Wilsonville,FLIR Systems Inc,4520,452030,45,45203010,D,USA,334511,3812,220,925,B+,OR,FLIR SYSTEMS INC,FLIR
28477,BBB-, ,8/31/11,Wilsonville,FLIR Systems Inc,4520,452030,45,45203010,D,USA,334511,3812,220,925,B+,OR,FLIR SYSTEMS INC,FLIR
28477,BBB-, ,9/30/11,Wilsonville,FLIR Systems Inc,4520,452030,45,45203010,D,USA,334511,3812,220,925,B+,OR,FLIR SYSTEMS INC,FLIR
28477,BBB-, ,10/31/11,Wilsonville,FLIR Systems Inc,4520,452030,45,45203010,D,USA,334511,3812,220,925,B+,OR,FLIR SYSTEMS INC,FLIR
28477,BBB-, ,11/30/11,Wilsonville,FLIR Systems Inc,4520,452030,45,45203010,D,USA,334511,3812,220,925,B+,OR,FLIR SYSTEMS INC,FLIR
28477,BBB-, ,12/31/11,Wilsonville,FLIR Systems Inc,4520,452030,45,45203010,D,USA,334511,3812,220,925,B+,OR,FLIR SYSTEMS INC,FLIR
28477,BBB-, ,1/31/12,Wilsonville,FLIR Systems Inc,4520,452030,45,45203010,D,USA,334511,3812,220,925,B+,OR,FLIR SYSTEMS INC,FLIR
28477,BBB-, ,2/29/12,Wilsonville,FLIR Systems Inc,4520,452030,45,45203010,D,USA,334511,3812,220,925,B+,OR,FLIR SYSTEMS INC,FLIR
28477,BBB-, ,3/31/12,Wilsonville,FLIR Systems Inc,4520,452030,45,45203010,D,USA,334511,3812,220,925,B+,OR,FLIR SYSTEMS INC,FLIR
28477,BBB-, ,4/30/12,Wilsonville,FLIR Systems Inc,4520,452030,45,45203010,D,USA,334511,3812,220,925,B+,OR,FLIR SYSTEMS INC,FLIR
28477,BBB-, ,5/31/12,Wilsonville,FLIR Systems Inc,4520,452030,45,45203010,D,USA,334511,3812,220,925,B+,OR,FLIR SYSTEMS INC,FLIR
28477,BBB-, ,6/30/12,Wilsonville,FLIR Systems Inc,4520,452030,45,45203010,D,USA,334511,3812,220,925,B+,OR,FLIR SYSTEMS INC,FLIR
28477,BBB-, ,7/31/12,Wilsonville,FLIR Systems Inc,4520,452030,45,45203010,D,USA,334511,3812,220,925,B+,OR,FLIR SYSTEMS INC,FLIR
28477,BBB-, ,8/31/12,Wilsonville,FLIR Systems Inc,4520,452030,45,45203010,D,USA,334511,3812,220,925,B+,OR,FLIR SYSTEMS INC,FLIR
28477,BBB-, ,9/30/12,Wilsonville,FLIR Systems Inc,4520,452030,45,45203010,D,USA,334511,3812,220,925,B+,OR,FLIR SYSTEMS INC,FLIR
28477,BBB-, ,10/31/12,Wilsonville,FLIR Systems Inc,4520,452030,45,45203010,D,USA,334511,3812,220,925,B+,OR,FLIR SYSTEMS INC,FLIR
28477,BBB-, ,11/30/12,Wilsonville,FLIR Systems Inc,4520,452030,45,45203010,D,USA,334511,3812,220,925,B+,OR,FLIR SYSTEMS INC,FLIR
28477,BBB-, ,12/31/12,Wilsonville,FLIR Systems Inc,4520,452030,45,45203010,D,USA,334511,3812,220,925,B+,OR,FLIR SYSTEMS INC,FLIR
28477,BBB-, ,1/31/13,Wilsonville,FLIR Systems Inc,4520,452030,45,45203010,D,USA,334511,3812,220,925,B+,OR,FLIR SYSTEMS INC,FLIR
28477,BBB-, ,2/28/13,Wilsonville,FLIR Systems Inc,4520,452030,45,45203010,D,USA,334511,3812,220,925,B+,OR,FLIR SYSTEMS INC,FLIR
28477,BBB-, ,3/31/13,Wilsonville,FLIR Systems Inc,4520,452030,45,45203010,D,USA,334511,3812,220,925,B+,OR,FLIR SYSTEMS INC,FLIR
28477,BBB-, ,4/30/13,Wilsonville,FLIR Systems Inc,4520,452030,45,45203010,D,USA,334511,3812,220,925,B+,OR,FLIR SYSTEMS INC,FLIR
28477,BBB-, ,5/31/13,Wilsonville,FLIR Systems Inc,4520,452030,45,45203010,D,USA,334511,3812,220,925,B+,OR,FLIR SYSTEMS INC,FLIR
28477,BBB-, ,6/30/13,Wilsonville,FLIR Systems Inc,4520,452030,45,45203010,D,USA,334511,3812,220,925,B+,OR,FLIR SYSTEMS INC,FLIR
28477,BBB-, ,7/31/13,Wilsonville,FLIR Systems Inc,4520,452030,45,45203010,D,USA,334511,3812,220,925,B+,OR,FLIR SYSTEMS INC,FLIR
28477,BBB-, ,8/31/13,Wilsonville,FLIR Systems Inc,4520,452030,45,45203010,D,USA,334511,3812,220,925,B+,OR,FLIR SYSTEMS INC,FLIR
28477,BBB-, ,9/30/13,Wilsonville,FLIR Systems Inc,4520,452030,45,45203010,D,USA,334511,3812,220,925,B+,OR,FLIR SYSTEMS INC,FLIR
28477,BBB-, ,10/31/13,Wilsonville,FLIR Systems Inc,4520,452030,45,45203010,D,USA,334511,3812,220,925,B+,OR,FLIR SYSTEMS INC,FLIR
28477,BBB-, ,11/30/13,Wilsonville,FLIR Systems Inc,4520,452030,45,45203010,D,USA,334511,3812,220,925,B+,OR,FLIR SYSTEMS INC,FLIR
28477,BBB, ,12/31/13,Wilsonville,FLIR Systems Inc,4520,452030,45,45203010,D,USA,334511,3812,220,925,B+,OR,FLIR SYSTEMS INC,FLIR
28477,BBB, ,1/31/14,Wilsonville,FLIR Systems Inc,4520,452030,45,45203010,D,USA,334511,3812,220,925,B+,OR,FLIR SYSTEMS INC,FLIR
28477,BBB, ,2/28/14,Wilsonville,FLIR Systems Inc,4520,452030,45,45203010,D,USA,334511,3812,220,925,B+,OR,FLIR SYSTEMS INC,FLIR
28477,BBB, ,3/31/14,Wilsonville,FLIR Systems Inc,4520,452030,45,45203010,D,USA,334511,3812,220,925,B+,OR,FLIR SYSTEMS INC,FLIR
28477,BBB, ,4/30/14,Wilsonville,FLIR Systems Inc,4520,452030,45,45203010,D,USA,334511,3812,220,925,B+,OR,FLIR SYSTEMS INC,FLIR
28477,BBB, ,5/31/14,Wilsonville,FLIR Systems Inc,4520,452030,45,45203010,D,USA,334511,3812,220,925,B+,OR,FLIR SYSTEMS INC,FLIR
28477,BBB, ,6/30/14,Wilsonville,FLIR Systems Inc,4520,452030,45,45203010,D,USA,334511,3812,220,925,B+,OR,FLIR SYSTEMS INC,FLIR
28504, , ,1/31/10,City of Industry,Global ePoint Inc,4520,452030,45,45203010,D,USA,334111,3571,345,925,C,CA,GLOBAL EPOINT INC,GEPT
28504, , ,2/28/10,City of Industry,Global ePoint Inc,4520,452030,45,45203010,D,USA,334111,3571,345,925,C,CA,GLOBAL EPOINT INC,GEPT
28504, , ,3/31/10,City of Industry,Global ePoint Inc,4520,452030,45,45203010,D,USA,334111,3571,345,925,C,CA,GLOBAL EPOINT INC,GEPT
28504, , ,4/30/10,City of Industry,Global ePoint Inc,4520,452030,45,45203010,D,USA,334111,3571,345,925,C,CA,GLOBAL EPOINT INC,GEPT
28504, , ,5/31/10,City of Industry,Global ePoint Inc,4520,452030,45,45203010,D,USA,334111,3571,345,925,C,CA,GLOBAL EPOINT INC,GEPT
28504, , ,6/30/10,City of Industry,Global ePoint Inc,4520,452030,45,45203010,D,USA,334111,3571,345,925,C,CA,GLOBAL EPOINT INC,GEPT
28504, , ,7/31/10,City of Industry,Global ePoint Inc,4520,452030,45,45203010,D,USA,334111,3571,345,925,C,CA,GLOBAL EPOINT INC,GEPT
28504, , ,8/31/10,City of Industry,Global ePoint Inc,4520,452030,45,45203010,D,USA,334111,3571,345,925,C,CA,GLOBAL EPOINT INC,GEPT
28504, , ,9/30/10,City of Industry,Global ePoint Inc,4520,452030,45,45203010,D,USA,334111,3571,345,925,C,CA,GLOBAL EPOINT INC,GEPT
28504, , ,10/31/10,City of Industry,Global ePoint Inc,4520,452030,45,45203010,D,USA,334111,3571,345,925,C,CA,GLOBAL EPOINT INC,GEPT
28504, , ,11/30/10,City of Industry,Global ePoint Inc,4520,452030,45,45203010,D,USA,334111,3571,345,925,C,CA,GLOBAL EPOINT INC,GEPT
28504, , ,12/31/10,City of Industry,Global ePoint Inc,4520,452030,45,45203010,D,USA,334111,3571,345,925,C,CA,GLOBAL EPOINT INC,GEPT
28504, , ,1/31/11,City of Industry,Global ePoint Inc,4520,452030,45,45203010,D,USA,334111,3571,345,925,C,CA,GLOBAL EPOINT INC,GEPT
28504, , ,2/28/11,City of Industry,Global ePoint Inc,4520,452030,45,45203010,D,USA,334111,3571,345,925,C,CA,GLOBAL EPOINT INC,GEPT
28504, , ,3/31/11,City of Industry,Global ePoint Inc,4520,452030,45,45203010,D,USA,334111,3571,345,925,C,CA,GLOBAL EPOINT INC,GEPT
28504, , ,4/30/11,City of Industry,Global ePoint Inc,4520,452030,45,45203010,D,USA,334111,3571,345,925,C,CA,GLOBAL EPOINT INC,GEPT
28504, , ,5/31/11,City of Industry,Global ePoint Inc,4520,452030,45,45203010,D,USA,334111,3571,345,925,C,CA,GLOBAL EPOINT INC,GEPT
28504, , ,6/30/11,City of Industry,Global ePoint Inc,4520,452030,45,45203010,D,USA,334111,3571,345,925,C,CA,GLOBAL EPOINT INC,GEPT
28504, , ,7/31/11,City of Industry,Global ePoint Inc,4520,452030,45,45203010,D,USA,334111,3571,345,925,C,CA,GLOBAL EPOINT INC,GEPT
28504, , ,8/31/11,City of Industry,Global ePoint Inc,4520,452030,45,45203010,D,USA,334111,3571,345,925,C,CA,GLOBAL EPOINT INC,GEPT
28504, , ,9/30/11,City of Industry,Global ePoint Inc,4520,452030,45,45203010,D,USA,334111,3571,345,925,C,CA,GLOBAL EPOINT INC,GEPT
28504, , ,10/31/11,City of Industry,Global ePoint Inc,4520,452030,45,45203010,D,USA,334111,3571,345,925,C,CA,GLOBAL EPOINT INC,GEPT
28504, , ,11/30/11,City of Industry,Global ePoint Inc,4520,452030,45,45203010,D,USA,334111,3571,345,925,C,CA,GLOBAL EPOINT INC,GEPT
28504, , ,12/31/11,City of Industry,Global ePoint Inc,4520,452030,45,45203010,D,USA,334111,3571,345,925,C,CA,GLOBAL EPOINT INC,GEPT
28504, , ,1/31/12,City of Industry,Global ePoint Inc,4520,452030,45,45203010,D,USA,334111,3571,345,925,C,CA,GLOBAL EPOINT INC,GEPT
28504, , ,2/29/12,City of Industry,Global ePoint Inc,4520,452030,45,45203010,D,USA,334111,3571,345,925,C,CA,GLOBAL EPOINT INC,GEPT
28504, , ,3/31/12,City of Industry,Global ePoint Inc,4520,452030,45,45203010,D,USA,334111,3571,345,925,C,CA,GLOBAL EPOINT INC,GEPT
28504, , ,4/30/12,City of Industry,Global ePoint Inc,4520,452030,45,45203010,D,USA,334111,3571,345,925,C,CA,GLOBAL EPOINT INC,GEPT
28504, , ,5/31/12,City of Industry,Global ePoint Inc,4520,452030,45,45203010,D,USA,334111,3571,345,925,C,CA,GLOBAL EPOINT INC,GEPT
28504, , ,6/30/12,City of Industry,Global ePoint Inc,4520,452030,45,45203010,D,USA,334111,3571,345,925,C,CA,GLOBAL EPOINT INC,GEPT
28504, , ,7/31/12,City of Industry,Global ePoint Inc,4520,452030,45,45203010,D,USA,334111,3571,345,925,C,CA,GLOBAL EPOINT INC,GEPT
28504, , ,8/31/12,City of Industry,Global ePoint Inc,4520,452030,45,45203010,D,USA,334111,3571,345,925,C,CA,GLOBAL EPOINT INC,GEPT
28504, , ,9/30/12,City of Industry,Global ePoint Inc,4520,452030,45,45203010,D,USA,334111,3571,345,925,C,CA,GLOBAL EPOINT INC,GEPT
28504, , ,10/31/12,City of Industry,Global ePoint Inc,4520,452030,45,45203010,D,USA,334111,3571,345,925,C,CA,GLOBAL EPOINT INC,GEPT
28504, , ,11/30/12,City of Industry,Global ePoint Inc,4520,452030,45,45203010,D,USA,334111,3571,345,925,C,CA,GLOBAL EPOINT INC,GEPT
28504, , ,12/31/12,City of Industry,Global ePoint Inc,4520,452030,45,45203010,D,USA,334111,3571,345,925,C,CA,GLOBAL EPOINT INC,GEPT
28504, , ,1/31/13,City of Industry,Global ePoint Inc,4520,452030,45,45203010,D,USA,334111,3571,345,925,C,CA,GLOBAL EPOINT INC,GEPT
28504, , ,2/28/13,City of Industry,Global ePoint Inc,4520,452030,45,45203010,D,USA,334111,3571,345,925,C,CA,GLOBAL EPOINT INC,GEPT
28504, , ,3/31/13,City of Industry,Global ePoint Inc,4520,452030,45,45203010,D,USA,334111,3571,345,925,C,CA,GLOBAL EPOINT INC,GEPT
28504, , ,4/30/13,City of Industry,Global ePoint Inc,4520,452030,45,45203010,D,USA,334111,3571,345,925,C,CA,GLOBAL EPOINT INC,GEPT
28504, , ,5/31/13,City of Industry,Global ePoint Inc,4520,452030,45,45203010,D,USA,334111,3571,345,925,C,CA,GLOBAL EPOINT INC,GEPT
28504, , ,6/30/13,City of Industry,Global ePoint Inc,4520,452030,45,45203010,D,USA,334111,3571,345,925,C,CA,GLOBAL EPOINT INC,GEPT
28504, , ,7/31/13,City of Industry,Global ePoint Inc,4520,452030,45,45203010,D,USA,334111,3571,345,925,C,CA,GLOBAL EPOINT INC,GEPT
28504, , ,8/31/13,City of Industry,Global ePoint Inc,4520,452030,45,45203010,D,USA,334111,3571,345,925,C,CA,GLOBAL EPOINT INC,GEPT
28533, , ,1/31/10,Durham,Pliant Systems Inc,4520,452010,45,45201020,D,USA,334210,3661,180,940,D,NC,PLIANT SYSTEMS INC,PLNS
28533, , ,2/28/10,Durham,Pliant Systems Inc,4520,452010,45,45201020,D,USA,334210,3661,180,940,D,NC,PLIANT SYSTEMS INC,PLNS
28533, , ,3/31/10,Durham,Pliant Systems Inc,4520,452010,45,45201020,D,USA,334210,3661,180,940,D,NC,PLIANT SYSTEMS INC,PLNS
28533, , ,4/30/10,Durham,Pliant Systems Inc,4520,452010,45,45201020,D,USA,334210,3661,180,940,D,NC,PLIANT SYSTEMS INC,PLNS
28533, , ,5/31/10,Durham,Pliant Systems Inc,4520,452010,45,45201020,D,USA,334210,3661,180,940,D,NC,PLIANT SYSTEMS INC,PLNS
28533, , ,6/30/10,Durham,Pliant Systems Inc,4520,452010,45,45201020,D,USA,334210,3661,180,940,D,NC,PLIANT SYSTEMS INC,PLNS
28533, , ,7/31/10,Durham,Pliant Systems Inc,4520,452010,45,45201020,D,USA,334210,3661,180,940,D,NC,PLIANT SYSTEMS INC,PLNS
28533, , ,8/31/10,Durham,Pliant Systems Inc,4520,452010,45,45201020,D,USA,334210,3661,180,940,D,NC,PLIANT SYSTEMS INC,PLNS
28853, , ,1/31/10,Suwanee,ARRIS Group Inc,4520,452010,45,45201020,D,USA,334220,3663,180,940,C,GA,ARRIS GROUP INC,ARRS
28853, , ,2/28/10,Suwanee,ARRIS Group Inc,4520,452010,45,45201020,D,USA,334220,3663,180,940,C,GA,ARRIS GROUP INC,ARRS
28853, , ,3/31/10,Suwanee,ARRIS Group Inc,4520,452010,45,45201020,D,USA,334220,3663,180,940,C,GA,ARRIS GROUP INC,ARRS
28853, , ,4/30/10,Suwanee,ARRIS Group Inc,4520,452010,45,45201020,D,USA,334220,3663,180,940,C,GA,ARRIS GROUP INC,ARRS
28853, , ,5/31/10,Suwanee,ARRIS Group Inc,4520,452010,45,45201020,D,USA,334220,3663,180,940,C,GA,ARRIS GROUP INC,ARRS
28853, , ,6/30/10,Suwanee,ARRIS Group Inc,4520,452010,45,45201020,D,USA,334220,3663,180,940,C,GA,ARRIS GROUP INC,ARRS
28853, , ,7/31/10,Suwanee,ARRIS Group Inc,4520,452010,45,45201020,D,USA,334220,3663,180,940,C,GA,ARRIS GROUP INC,ARRS
28853, , ,8/31/10,Suwanee,ARRIS Group Inc,4520,452010,45,45201020,D,USA,334220,3663,180,940,C,GA,ARRIS GROUP INC,ARRS
28853, , ,9/30/10,Suwanee,ARRIS Group Inc,4520,452010,45,45201020,D,USA,334220,3663,180,940,C,GA,ARRIS GROUP INC,ARRS
28853, , ,10/31/10,Suwanee,ARRIS Group Inc,4520,452010,45,45201020,D,USA,334220,3663,180,940,C,GA,ARRIS GROUP INC,ARRS
28853, , ,11/30/10,Suwanee,ARRIS Group Inc,4520,452010,45,45201020,D,USA,334220,3663,180,940,C,GA,ARRIS GROUP INC,ARRS
28853, , ,12/31/10,Suwanee,ARRIS Group Inc,4520,452010,45,45201020,D,USA,334220,3663,180,940,C,GA,ARRIS GROUP INC,ARRS
28853, , ,1/31/11,Suwanee,ARRIS Group Inc,4520,452010,45,45201020,D,USA,334220,3663,180,940,C,GA,ARRIS GROUP INC,ARRS
28853, , ,2/28/11,Suwanee,ARRIS Group Inc,4520,452010,45,45201020,D,USA,334220,3663,180,940,C,GA,ARRIS GROUP INC,ARRS
28853, , ,3/31/11,Suwanee,ARRIS Group Inc,4520,452010,45,45201020,D,USA,334220,3663,180,940,C,GA,ARRIS GROUP INC,ARRS
28853, , ,4/30/11,Suwanee,ARRIS Group Inc,4520,452010,45,45201020,D,USA,334220,3663,180,940,C,GA,ARRIS GROUP INC,ARRS
28853, , ,5/31/11,Suwanee,ARRIS Group Inc,4520,452010,45,45201020,D,USA,334220,3663,180,940,C,GA,ARRIS GROUP INC,ARRS
28853, , ,6/30/11,Suwanee,ARRIS Group Inc,4520,452010,45,45201020,D,USA,334220,3663,180,940,C,GA,ARRIS GROUP INC,ARRS
28853, , ,7/31/11,Suwanee,ARRIS Group Inc,4520,452010,45,45201020,D,USA,334220,3663,180,940,C,GA,ARRIS GROUP INC,ARRS
28853, , ,8/31/11,Suwanee,ARRIS Group Inc,4520,452010,45,45201020,D,USA,334220,3663,180,940,C,GA,ARRIS GROUP INC,ARRS
28853, , ,9/30/11,Suwanee,ARRIS Group Inc,4520,452010,45,45201020,D,USA,334220,3663,180,940,C,GA,ARRIS GROUP INC,ARRS
28853, , ,10/31/11,Suwanee,ARRIS Group Inc,4520,452010,45,45201020,D,USA,334220,3663,180,940,C,GA,ARRIS GROUP INC,ARRS
28853, , ,11/30/11,Suwanee,ARRIS Group Inc,4520,452010,45,45201020,D,USA,334220,3663,180,940,C,GA,ARRIS GROUP INC,ARRS
28853, , ,12/31/11,Suwanee,ARRIS Group Inc,4520,452010,45,45201020,D,USA,334220,3663,180,940,C,GA,ARRIS GROUP INC,ARRS
28853, , ,1/31/12,Suwanee,ARRIS Group Inc,4520,452010,45,45201020,D,USA,334220,3663,180,940,C,GA,ARRIS GROUP INC,ARRS
28853, , ,2/29/12,Suwanee,ARRIS Group Inc,4520,452010,45,45201020,D,USA,334220,3663,180,940,C,GA,ARRIS GROUP INC,ARRS
28853, , ,3/31/12,Suwanee,ARRIS Group Inc,4520,452010,45,45201020,D,USA,334220,3663,180,940,C,GA,ARRIS GROUP INC,ARRS
28853, , ,4/30/12,Suwanee,ARRIS Group Inc,4520,452010,45,45201020,D,USA,334220,3663,180,940,C,GA,ARRIS GROUP INC,ARRS
28853, , ,5/31/12,Suwanee,ARRIS Group Inc,4520,452010,45,45201020,D,USA,334220,3663,180,940,C,GA,ARRIS GROUP INC,ARRS
28853, , ,6/30/12,Suwanee,ARRIS Group Inc,4520,452010,45,45201020,D,USA,334220,3663,180,940,C,GA,ARRIS GROUP INC,ARRS
28853, , ,7/31/12,Suwanee,ARRIS Group Inc,4520,452010,45,45201020,D,USA,334220,3663,180,940,C,GA,ARRIS GROUP INC,ARRS
28853, , ,8/31/12,Suwanee,ARRIS Group Inc,4520,452010,45,45201020,D,USA,334220,3663,180,940,C,GA,ARRIS GROUP INC,ARRS
28853, , ,9/30/12,Suwanee,ARRIS Group Inc,4520,452010,45,45201020,D,USA,334220,3663,180,940,C,GA,ARRIS GROUP INC,ARRS
28853, , ,10/31/12,Suwanee,ARRIS Group Inc,4520,452010,45,45201020,D,USA,334220,3663,180,940,C,GA,ARRIS GROUP INC,ARRS
28853, , ,11/30/12,Suwanee,ARRIS Group Inc,4520,452010,45,45201020,D,USA,334220,3663,180,940,C,GA,ARRIS GROUP INC,ARRS
28853, , ,12/31/12,Suwanee,ARRIS Group Inc,4520,452010,45,45201020,D,USA,334220,3663,180,940,C,GA,ARRIS GROUP INC,ARRS
28853, , ,1/31/13,Suwanee,ARRIS Group Inc,4520,452010,45,45201020,D,USA,334220,3663,180,940,C,GA,ARRIS GROUP INC,ARRS
28853, , ,2/28/13,Suwanee,ARRIS Group Inc,4520,452010,45,45201020,D,USA,334220,3663,180,940,C,GA,ARRIS GROUP INC,ARRS
28853, , ,3/31/13,Suwanee,ARRIS Group Inc,4520,452010,45,45201020,D,USA,334220,3663,180,940,C,GA,ARRIS GROUP INC,ARRS
28853,BB-, ,4/30/13,Suwanee,ARRIS Group Inc,4520,452010,45,45201020,D,USA,334220,3663,180,940,C,GA,ARRIS GROUP INC,ARRS
28853,BB-, ,5/31/13,Suwanee,ARRIS Group Inc,4520,452010,45,45201020,D,USA,334220,3663,180,940,C,GA,ARRIS GROUP INC,ARRS
28853,BB-, ,6/30/13,Suwanee,ARRIS Group Inc,4520,452010,45,45201020,D,USA,334220,3663,180,940,C,GA,ARRIS GROUP INC,ARRS
28853,BB-, ,7/31/13,Suwanee,ARRIS Group Inc,4520,452010,45,45201020,D,USA,334220,3663,180,940,C,GA,ARRIS GROUP INC,ARRS
28853,BB-, ,8/31/13,Suwanee,ARRIS Group Inc,4520,452010,45,45201020,D,USA,334220,3663,180,940,C,GA,ARRIS GROUP INC,ARRS
28853,BB-, ,9/30/13,Suwanee,ARRIS Group Inc,4520,452010,45,45201020,D,USA,334220,3663,180,940,C,GA,ARRIS GROUP INC,ARRS
28853,BB-, ,10/31/13,Suwanee,ARRIS Group Inc,4520,452010,45,45201020,D,USA,334220,3663,180,940,C,GA,ARRIS GROUP INC,ARRS
28853,BB-, ,11/30/13,Suwanee,ARRIS Group Inc,4520,452010,45,45201020,D,USA,334220,3663,180,940,C,GA,ARRIS GROUP INC,ARRS
28853,BB-, ,12/31/13,Suwanee,ARRIS Group Inc,4520,452010,45,45201020,D,USA,334220,3663,180,940,C,GA,ARRIS GROUP INC,ARRS
28853,BB-, ,1/31/14,Suwanee,ARRIS Group Inc,4520,452010,45,45201020,D,USA,334220,3663,180,940,C,GA,ARRIS GROUP INC,ARRS
28853,BB-, ,2/28/14,Suwanee,ARRIS Group Inc,4520,452010,45,45201020,D,USA,334220,3663,180,940,C,GA,ARRIS GROUP INC,ARRS
28853,BB-, ,3/31/14,Suwanee,ARRIS Group Inc,4520,452010,45,45201020,D,USA,334220,3663,180,940,C,GA,ARRIS GROUP INC,ARRS
28853,BB-, ,4/30/14,Suwanee,ARRIS Group Inc,4520,452010,45,45201020,D,USA,334220,3663,180,940,C,GA,ARRIS GROUP INC,ARRS
28853,BB-, ,5/31/14,Suwanee,ARRIS Group Inc,4520,452010,45,45201020,D,USA,334220,3663,180,940,C,GA,ARRIS GROUP INC,ARRS
28853,BB-, ,6/30/14,Suwanee,ARRIS Group Inc,4520,452010,45,45201020,D,USA,334220,3663,180,940,C,GA,ARRIS GROUP INC,ARRS
28940,BB-, ,1/31/10,St. Louis,Belden Inc,4520,452030,45,45203015,D,USA,331420,3357,220,925,B,MO,BELDEN INC,BDC
28940,BB-, ,2/28/10,St. Louis,Belden Inc,4520,452030,45,45203015,D,USA,331420,3357,220,925,B,MO,BELDEN INC,BDC
28940,BB-, ,3/31/10,St. Louis,Belden Inc,4520,452030,45,45203015,D,USA,331420,3357,220,925,B,MO,BELDEN INC,BDC
28940,BB-, ,4/30/10,St. Louis,Belden Inc,4520,452030,45,45203015,D,USA,331420,3357,220,925,B,MO,BELDEN INC,BDC
28940,BB-, ,5/31/10,St. Louis,Belden Inc,4520,452030,45,45203015,D,USA,331420,3357,220,925,B,MO,BELDEN INC,BDC
28940,BB-, ,6/30/10,St. Louis,Belden Inc,4520,452030,45,45203015,D,USA,331420,3357,220,925,B,MO,BELDEN INC,BDC
28940,BB-, ,7/31/10,St. Louis,Belden Inc,4520,452030,45,45203015,D,USA,331420,3357,220,925,B,MO,BELDEN INC,BDC
28940,BB-, ,8/31/10,St. Louis,Belden Inc,4520,452030,45,45203015,D,USA,331420,3357,220,925,B,MO,BELDEN INC,BDC
28940,BB-, ,9/30/10,St. Louis,Belden Inc,4520,452030,45,45203015,D,USA,331420,3357,220,925,B,MO,BELDEN INC,BDC
28940,BB-, ,10/31/10,St. Louis,Belden Inc,4520,452030,45,45203015,D,USA,331420,3357,220,925,B,MO,BELDEN INC,BDC
28940,BB-, ,11/30/10,St. Louis,Belden Inc,4520,452030,45,45203015,D,USA,331420,3357,220,925,B,MO,BELDEN INC,BDC
28940,BB-, ,12/31/10,St. Louis,Belden Inc,4520,452030,45,45203015,D,USA,331420,3357,220,925,B,MO,BELDEN INC,BDC
28940,BB-, ,1/31/11,St. Louis,Belden Inc,4520,452030,45,45203015,D,USA,331420,3357,220,925,B,MO,BELDEN INC,BDC
28940,BB-, ,2/28/11,St. Louis,Belden Inc,4520,452030,45,45203015,D,USA,331420,3357,220,925,B,MO,BELDEN INC,BDC
28940,BB, ,3/31/11,St. Louis,Belden Inc,4520,452030,45,45203015,D,USA,331420,3357,220,925,B,MO,BELDEN INC,BDC
28940,BB, ,4/30/11,St. Louis,Belden Inc,4520,452030,45,45203015,D,USA,331420,3357,220,925,B,MO,BELDEN INC,BDC
28940,BB, ,5/31/11,St. Louis,Belden Inc,4520,452030,45,45203015,D,USA,331420,3357,220,925,B,MO,BELDEN INC,BDC
28940,BB, ,6/30/11,St. Louis,Belden Inc,4520,452030,45,45203015,D,USA,331420,3357,220,925,B,MO,BELDEN INC,BDC
28940,BB, ,7/31/11,St. Louis,Belden Inc,4520,452030,45,45203015,D,USA,331420,3357,220,925,B,MO,BELDEN INC,BDC
28940,BB, ,8/31/11,St. Louis,Belden Inc,4520,452030,45,45203015,D,USA,331420,3357,220,925,B,MO,BELDEN INC,BDC
28940,BB, ,9/30/11,St. Louis,Belden Inc,4520,452030,45,45203015,D,USA,331420,3357,220,925,B,MO,BELDEN INC,BDC
28940,BB, ,10/31/11,St. Louis,Belden Inc,4520,452030,45,45203015,D,USA,331420,3357,220,925,B,MO,BELDEN INC,BDC
28940,BB, ,11/30/11,St. Louis,Belden Inc,4520,452030,45,45203015,D,USA,331420,3357,220,925,B,MO,BELDEN INC,BDC
28940,BB, ,12/31/11,St. Louis,Belden Inc,4520,452030,45,45203015,D,USA,331420,3357,220,925,B,MO,BELDEN INC,BDC
28940,BB, ,1/31/12,St. Louis,Belden Inc,4520,452030,45,45203015,D,USA,331420,3357,220,925,B,MO,BELDEN INC,BDC
28940,BB, ,2/29/12,St. Louis,Belden Inc,4520,452030,45,45203015,D,USA,331420,3357,220,925,B,MO,BELDEN INC,BDC
28940,BB, ,3/31/12,St. Louis,Belden Inc,4520,452030,45,45203015,D,USA,331420,3357,220,925,B,MO,BELDEN INC,BDC
28940,BB, ,4/30/12,St. Louis,Belden Inc,4520,452030,45,45203015,D,USA,331420,3357,220,925,B,MO,BELDEN INC,BDC
28940,BB, ,5/31/12,St. Louis,Belden Inc,4520,452030,45,45203015,D,USA,331420,3357,220,925,B,MO,BELDEN INC,BDC
28940,BB, ,6/30/12,St. Louis,Belden Inc,4520,452030,45,45203015,D,USA,331420,3357,220,925,B,MO,BELDEN INC,BDC
28940,BB, ,7/31/12,St. Louis,Belden Inc,4520,452030,45,45203015,D,USA,331420,3357,220,925,B,MO,BELDEN INC,BDC
28940,BB, ,8/31/12,St. Louis,Belden Inc,4520,452030,45,45203015,D,USA,331420,3357,220,925,B,MO,BELDEN INC,BDC
28940,BB, ,9/30/12,St. Louis,Belden Inc,4520,452030,45,45203015,D,USA,331420,3357,220,925,B,MO,BELDEN INC,BDC
28940,BB, ,10/31/12,St. Louis,Belden Inc,4520,452030,45,45203015,D,USA,331420,3357,220,925,B,MO,BELDEN INC,BDC
28940,BB, ,11/30/12,St. Louis,Belden Inc,4520,452030,45,45203015,D,USA,331420,3357,220,925,B,MO,BELDEN INC,BDC
28940,BB, ,12/31/12,St. Louis,Belden Inc,4520,452030,45,45203015,D,USA,331420,3357,220,925,B,MO,BELDEN INC,BDC
28940,BB, ,1/31/13,St. Louis,Belden Inc,4520,452030,45,45203015,D,USA,331420,3357,220,925,B,MO,BELDEN INC,BDC
28940,BB, ,2/28/13,St. Louis,Belden Inc,4520,452030,45,45203015,D,USA,331420,3357,220,925,B,MO,BELDEN INC,BDC
28940,BB, ,3/31/13,St. Louis,Belden Inc,4520,452030,45,45203015,D,USA,331420,3357,220,925,B,MO,BELDEN INC,BDC
28940,BB, ,4/30/13,St. Louis,Belden Inc,4520,452030,45,45203015,D,USA,331420,3357,220,925,B,MO,BELDEN INC,BDC
28940,BB, ,5/31/13,St. Louis,Belden Inc,4520,452030,45,45203015,D,USA,331420,3357,220,925,B,MO,BELDEN INC,BDC
28940,BB, ,6/30/13,St. Louis,Belden Inc,4520,452030,45,45203015,D,USA,331420,3357,220,925,B,MO,BELDEN INC,BDC
28940,BB, ,7/31/13,St. Louis,Belden Inc,4520,452030,45,45203015,D,USA,331420,3357,220,925,B,MO,BELDEN INC,BDC
28940,BB, ,8/31/13,St. Louis,Belden Inc,4520,452030,45,45203015,D,USA,331420,3357,220,925,B,MO,BELDEN INC,BDC
28940,BB, ,9/30/13,St. Louis,Belden Inc,4520,452030,45,45203015,D,USA,331420,3357,220,925,B,MO,BELDEN INC,BDC
28940,BB, ,10/31/13,St. Louis,Belden Inc,4520,452030,45,45203015,D,USA,331420,3357,220,925,B,MO,BELDEN INC,BDC
28940,BB, ,11/30/13,St. Louis,Belden Inc,4520,452030,45,45203015,D,USA,331420,3357,220,925,B,MO,BELDEN INC,BDC
28940,BB, ,12/31/13,St. Louis,Belden Inc,4520,452030,45,45203015,D,USA,331420,3357,220,925,B,MO,BELDEN INC,BDC
28940,BB, ,1/31/14,St. Louis,Belden Inc,4520,452030,45,45203015,D,USA,331420,3357,220,925,B,MO,BELDEN INC,BDC
28940,BB, ,2/28/14,St. Louis,Belden Inc,4520,452030,45,45203015,D,USA,331420,3357,220,925,B,MO,BELDEN INC,BDC
28940,BB, ,3/31/14,St. Louis,Belden Inc,4520,452030,45,45203015,D,USA,331420,3357,220,925,B,MO,BELDEN INC,BDC
28940,BB, ,4/30/14,St. Louis,Belden Inc,4520,452030,45,45203015,D,USA,331420,3357,220,925,B,MO,BELDEN INC,BDC
28940,BB, ,5/31/14,St. Louis,Belden Inc,4520,452030,45,45203015,D,USA,331420,3357,220,925,B,MO,BELDEN INC,BDC
28940,BB, ,6/30/14,St. Louis,Belden Inc,4520,452030,45,45203015,D,USA,331420,3357,220,925,B,MO,BELDEN INC,BDC
29079, , ,1/31/10,Amsterdam,Madge Networks NV,4520,452010,45,45201020,D,NLD,334119,3576,190,940, , ,MADGE NETWORKS NV,MADGQ
29079, , ,2/28/10,Amsterdam,Madge Networks NV,4520,452010,45,45201020,D,NLD,334119,3576,190,940, , ,MADGE NETWORKS NV,MADGQ
29119, , ,1/31/10,Beaverton,Adaptive Solutions Inc,4520,452020,45,45202020,D,USA,334119,3576,190,940, ,OR,ADAPTIVE SOLUTIONS INC,ADPVQ
29119, , ,2/28/10,Beaverton,Adaptive Solutions Inc,4520,452020,45,45202020,D,USA,334119,3576,190,940, ,OR,ADAPTIVE SOLUTIONS INC,ADPVQ
29119, , ,3/31/10,Beaverton,Adaptive Solutions Inc,4520,452020,45,45202020,D,USA,334119,3576,190,940, ,OR,ADAPTIVE SOLUTIONS INC,ADPVQ
29119, , ,4/30/10,Beaverton,Adaptive Solutions Inc,4520,452020,45,45202020,D,USA,334119,3576,190,940, ,OR,ADAPTIVE SOLUTIONS INC,ADPVQ
29119, , ,5/31/10,Beaverton,Adaptive Solutions Inc,4520,452020,45,45202020,D,USA,334119,3576,190,940, ,OR,ADAPTIVE SOLUTIONS INC,ADPVQ
29119, , ,6/30/10,Beaverton,Adaptive Solutions Inc,4520,452020,45,45202020,D,USA,334119,3576,190,940, ,OR,ADAPTIVE SOLUTIONS INC,ADPVQ
29119, , ,7/31/10,Beaverton,Adaptive Solutions Inc,4520,452020,45,45202020,D,USA,334119,3576,190,940, ,OR,ADAPTIVE SOLUTIONS INC,ADPVQ
29119, , ,8/31/10,Beaverton,Adaptive Solutions Inc,4520,452020,45,45202020,D,USA,334119,3576,190,940, ,OR,ADAPTIVE SOLUTIONS INC,ADPVQ
29119, , ,9/30/10,Beaverton,Adaptive Solutions Inc,4520,452020,45,45202020,D,USA,334119,3576,190,940, ,OR,ADAPTIVE SOLUTIONS INC,ADPVQ
29119, , ,10/31/10,Beaverton,Adaptive Solutions Inc,4520,452020,45,45202020,D,USA,334119,3576,190,940, ,OR,ADAPTIVE SOLUTIONS INC,ADPVQ
29119, , ,11/30/10,Beaverton,Adaptive Solutions Inc,4520,452020,45,45202020,D,USA,334119,3576,190,940, ,OR,ADAPTIVE SOLUTIONS INC,ADPVQ
29119, , ,12/31/10,Beaverton,Adaptive Solutions Inc,4520,452020,45,45202020,D,USA,334119,3576,190,940, ,OR,ADAPTIVE SOLUTIONS INC,ADPVQ
29119, , ,1/31/11,Beaverton,Adaptive Solutions Inc,4520,452020,45,45202020,D,USA,334119,3576,190,940, ,OR,ADAPTIVE SOLUTIONS INC,ADPVQ
29119, , ,2/28/11,Beaverton,Adaptive Solutions Inc,4520,452020,45,45202020,D,USA,334119,3576,190,940, ,OR,ADAPTIVE SOLUTIONS INC,ADPVQ
29119, , ,3/31/11,Beaverton,Adaptive Solutions Inc,4520,452020,45,45202020,D,USA,334119,3576,190,940, ,OR,ADAPTIVE SOLUTIONS INC,ADPVQ
29119, , ,4/30/11,Beaverton,Adaptive Solutions Inc,4520,452020,45,45202020,D,USA,334119,3576,190,940, ,OR,ADAPTIVE SOLUTIONS INC,ADPVQ
29119, , ,5/31/11,Beaverton,Adaptive Solutions Inc,4520,452020,45,45202020,D,USA,334119,3576,190,940, ,OR,ADAPTIVE SOLUTIONS INC,ADPVQ
29119, , ,6/30/11,Beaverton,Adaptive Solutions Inc,4520,452020,45,45202020,D,USA,334119,3576,190,940, ,OR,ADAPTIVE SOLUTIONS INC,ADPVQ
29119, , ,7/31/11,Beaverton,Adaptive Solutions Inc,4520,452020,45,45202020,D,USA,334119,3576,190,940, ,OR,ADAPTIVE SOLUTIONS INC,ADPVQ
29119, , ,8/31/11,Beaverton,Adaptive Solutions Inc,4520,452020,45,45202020,D,USA,334119,3576,190,940, ,OR,ADAPTIVE SOLUTIONS INC,ADPVQ
29119, , ,9/30/11,Beaverton,Adaptive Solutions Inc,4520,452020,45,45202020,D,USA,334119,3576,190,940, ,OR,ADAPTIVE SOLUTIONS INC,ADPVQ
29119, , ,10/31/11,Beaverton,Adaptive Solutions Inc,4520,452020,45,45202020,D,USA,334119,3576,190,940, ,OR,ADAPTIVE SOLUTIONS INC,ADPVQ
29119, , ,11/30/11,Beaverton,Adaptive Solutions Inc,4520,452020,45,45202020,D,USA,334119,3576,190,940, ,OR,ADAPTIVE SOLUTIONS INC,ADPVQ
29119, , ,12/31/11,Beaverton,Adaptive Solutions Inc,4520,452020,45,45202020,D,USA,334119,3576,190,940, ,OR,ADAPTIVE SOLUTIONS INC,ADPVQ
29119, , ,1/31/12,Beaverton,Adaptive Solutions Inc,4520,452020,45,45202020,D,USA,334119,3576,190,940, ,OR,ADAPTIVE SOLUTIONS INC,ADPVQ
29119, , ,2/29/12,Beaverton,Adaptive Solutions Inc,4520,452020,45,45202020,D,USA,334119,3576,190,940, ,OR,ADAPTIVE SOLUTIONS INC,ADPVQ
29119, , ,3/31/12,Beaverton,Adaptive Solutions Inc,4520,452020,45,45202020,D,USA,334119,3576,190,940, ,OR,ADAPTIVE SOLUTIONS INC,ADPVQ
29119, , ,4/30/12,Beaverton,Adaptive Solutions Inc,4520,452020,45,45202020,D,USA,334119,3576,190,940, ,OR,ADAPTIVE SOLUTIONS INC,ADPVQ
29119, , ,5/31/12,Beaverton,Adaptive Solutions Inc,4520,452020,45,45202020,D,USA,334119,3576,190,940, ,OR,ADAPTIVE SOLUTIONS INC,ADPVQ
29133,B+, ,1/31/10,Liberty Lake,Itron Inc,4520,452030,45,45203010,D,USA,334514,3824,220,925,C,WA,ITRON INC,ITRI
29133,B+, ,2/28/10,Liberty Lake,Itron Inc,4520,452030,45,45203010,D,USA,334514,3824,220,925,C,WA,ITRON INC,ITRI
29133,B+, ,3/31/10,Liberty Lake,Itron Inc,4520,452030,45,45203010,D,USA,334514,3824,220,925,C,WA,ITRON INC,ITRI
29133,B+, ,4/30/10,Liberty Lake,Itron Inc,4520,452030,45,45203010,D,USA,334514,3824,220,925,C,WA,ITRON INC,ITRI
29133,B+, ,5/31/10,Liberty Lake,Itron Inc,4520,452030,45,45203010,D,USA,334514,3824,220,925,C,WA,ITRON INC,ITRI
29133,B+, ,6/30/10,Liberty Lake,Itron Inc,4520,452030,45,45203010,D,USA,334514,3824,220,925,C,WA,ITRON INC,ITRI
29133,B+, ,7/31/10,Liberty Lake,Itron Inc,4520,452030,45,45203010,D,USA,334514,3824,220,925,C,WA,ITRON INC,ITRI
29133,B+, ,8/31/10,Liberty Lake,Itron Inc,4520,452030,45,45203010,D,USA,334514,3824,220,925,C,WA,ITRON INC,ITRI
29133,B+, ,9/30/10,Liberty Lake,Itron Inc,4520,452030,45,45203010,D,USA,334514,3824,220,925,C,WA,ITRON INC,ITRI
29133,B+, ,10/31/10,Liberty Lake,Itron Inc,4520,452030,45,45203010,D,USA,334514,3824,220,925,C,WA,ITRON INC,ITRI
29133,B+, ,11/30/10,Liberty Lake,Itron Inc,4520,452030,45,45203010,D,USA,334514,3824,220,925,C,WA,ITRON INC,ITRI
29133,BB-, ,12/31/10,Liberty Lake,Itron Inc,4520,452030,45,45203010,D,USA,334514,3824,220,925,C,WA,ITRON INC,ITRI
29133,BB-, ,1/31/11,Liberty Lake,Itron Inc,4520,452030,45,45203010,D,USA,334514,3824,220,925,C,WA,ITRON INC,ITRI
29133,BB-, ,2/28/11,Liberty Lake,Itron Inc,4520,452030,45,45203010,D,USA,334514,3824,220,925,C,WA,ITRON INC,ITRI
29133,BB-, ,3/31/11,Liberty Lake,Itron Inc,4520,452030,45,45203010,D,USA,334514,3824,220,925,C,WA,ITRON INC,ITRI
29133,BB-, ,4/30/11,Liberty Lake,Itron Inc,4520,452030,45,45203010,D,USA,334514,3824,220,925,C,WA,ITRON INC,ITRI
29133,BB-, ,5/31/11,Liberty Lake,Itron Inc,4520,452030,45,45203010,D,USA,334514,3824,220,925,C,WA,ITRON INC,ITRI
29133,BB, ,6/30/11,Liberty Lake,Itron Inc,4520,452030,45,45203010,D,USA,334514,3824,220,925,C,WA,ITRON INC,ITRI
29133,BB, ,7/31/11,Liberty Lake,Itron Inc,4520,452030,45,45203010,D,USA,334514,3824,220,925,C,WA,ITRON INC,ITRI
29133,BB, ,8/31/11,Liberty Lake,Itron Inc,4520,452030,45,45203010,D,USA,334514,3824,220,925,C,WA,ITRON INC,ITRI
29133,BB, ,9/30/11,Liberty Lake,Itron Inc,4520,452030,45,45203010,D,USA,334514,3824,220,925,C,WA,ITRON INC,ITRI
29133,BB, ,10/31/11,Liberty Lake,Itron Inc,4520,452030,45,45203010,D,USA,334514,3824,220,925,C,WA,ITRON INC,ITRI
29133,BB, ,11/30/11,Liberty Lake,Itron Inc,4520,452030,45,45203010,D,USA,334514,3824,220,925,C,WA,ITRON INC,ITRI
29133,BB, ,12/31/11,Liberty Lake,Itron Inc,4520,452030,45,45203010,D,USA,334514,3824,220,925,C,WA,ITRON INC,ITRI
29133,BB, ,1/31/12,Liberty Lake,Itron Inc,4520,452030,45,45203010,D,USA,334514,3824,220,925,C,WA,ITRON INC,ITRI
29133,BB, ,2/29/12,Liberty Lake,Itron Inc,4520,452030,45,45203010,D,USA,334514,3824,220,925,C,WA,ITRON INC,ITRI
29133,BB, ,3/31/12,Liberty Lake,Itron Inc,4520,452030,45,45203010,D,USA,334514,3824,220,925,C,WA,ITRON INC,ITRI
29133,BB, ,4/30/12,Liberty Lake,Itron Inc,4520,452030,45,45203010,D,USA,334514,3824,220,925,C,WA,ITRON INC,ITRI
29133,BB, ,5/31/12,Liberty Lake,Itron Inc,4520,452030,45,45203010,D,USA,334514,3824,220,925,C,WA,ITRON INC,ITRI
29133,BB, ,6/30/12,Liberty Lake,Itron Inc,4520,452030,45,45203010,D,USA,334514,3824,220,925,C,WA,ITRON INC,ITRI
29133,BB, ,7/31/12,Liberty Lake,Itron Inc,4520,452030,45,45203010,D,USA,334514,3824,220,925,C,WA,ITRON INC,ITRI
29133,BB, ,8/31/12,Liberty Lake,Itron Inc,4520,452030,45,45203010,D,USA,334514,3824,220,925,C,WA,ITRON INC,ITRI
29133,BB, ,9/30/12,Liberty Lake,Itron Inc,4520,452030,45,45203010,D,USA,334514,3824,220,925,C,WA,ITRON INC,ITRI
29133,BB, ,10/31/12,Liberty Lake,Itron Inc,4520,452030,45,45203010,D,USA,334514,3824,220,925,C,WA,ITRON INC,ITRI
29133,BB, ,11/30/12,Liberty Lake,Itron Inc,4520,452030,45,45203010,D,USA,334514,3824,220,925,C,WA,ITRON INC,ITRI
29133,BB, ,12/31/12,Liberty Lake,Itron Inc,4520,452030,45,45203010,D,USA,334514,3824,220,925,C,WA,ITRON INC,ITRI
29133,BB, ,1/31/13,Liberty Lake,Itron Inc,4520,452030,45,45203010,D,USA,334514,3824,220,925,C,WA,ITRON INC,ITRI
29133,BB, ,2/28/13,Liberty Lake,Itron Inc,4520,452030,45,45203010,D,USA,334514,3824,220,925,C,WA,ITRON INC,ITRI
29133,BB, ,3/31/13,Liberty Lake,Itron Inc,4520,452030,45,45203010,D,USA,334514,3824,220,925,C,WA,ITRON INC,ITRI
29133,BB, ,4/30/13,Liberty Lake,Itron Inc,4520,452030,45,45203010,D,USA,334514,3824,220,925,C,WA,ITRON INC,ITRI
29133,BB, ,5/31/13,Liberty Lake,Itron Inc,4520,452030,45,45203010,D,USA,334514,3824,220,925,C,WA,ITRON INC,ITRI
29133,BB, ,6/30/13,Liberty Lake,Itron Inc,4520,452030,45,45203010,D,USA,334514,3824,220,925,C,WA,ITRON INC,ITRI
29133,BB, ,7/31/13,Liberty Lake,Itron Inc,4520,452030,45,45203010,D,USA,334514,3824,220,925,C,WA,ITRON INC,ITRI
29133,BB, ,8/31/13,Liberty Lake,Itron Inc,4520,452030,45,45203010,D,USA,334514,3824,220,925,C,WA,ITRON INC,ITRI
29133,BB, ,9/30/13,Liberty Lake,Itron Inc,4520,452030,45,45203010,D,USA,334514,3824,220,925,C,WA,ITRON INC,ITRI
29133,BB, ,10/31/13,Liberty Lake,Itron Inc,4520,452030,45,45203010,D,USA,334514,3824,220,925,C,WA,ITRON INC,ITRI
29133,BB, ,11/30/13,Liberty Lake,Itron Inc,4520,452030,45,45203010,D,USA,334514,3824,220,925,C,WA,ITRON INC,ITRI
29133,BB, ,12/31/13,Liberty Lake,Itron Inc,4520,452030,45,45203010,D,USA,334514,3824,220,925,C,WA,ITRON INC,ITRI
29133,BB, ,1/31/14,Liberty Lake,Itron Inc,4520,452030,45,45203010,D,USA,334514,3824,220,925,C,WA,ITRON INC,ITRI
29133,BB, ,2/28/14,Liberty Lake,Itron Inc,4520,452030,45,45203010,D,USA,334514,3824,220,925,C,WA,ITRON INC,ITRI
29133,BB, ,3/31/14,Liberty Lake,Itron Inc,4520,452030,45,45203010,D,USA,334514,3824,220,925,C,WA,ITRON INC,ITRI
29133,BB, ,4/30/14,Liberty Lake,Itron Inc,4520,452030,45,45203010,D,USA,334514,3824,220,925,C,WA,ITRON INC,ITRI
29133,BB, ,5/31/14,Liberty Lake,Itron Inc,4520,452030,45,45203010,D,USA,334514,3824,220,925,C,WA,ITRON INC,ITRI
29133,BB, ,6/30/14,Liberty Lake,Itron Inc,4520,452030,45,45203010,D,USA,334514,3824,220,925,C,WA,ITRON INC,ITRI
29170, , ,1/31/10,Solon,Mace Security International Inc,4520,452030,45,45203010,D,USA,334290,3669,175,976,C,OH,MACE SECURITY INTL INC,MACE
29170, , ,2/28/10,Solon,Mace Security International Inc,4520,452030,45,45203010,D,USA,334290,3669,175,976,C,OH,MACE SECURITY INTL INC,MACE
29170, , ,3/31/10,Solon,Mace Security International Inc,4520,452030,45,45203010,D,USA,334290,3669,175,976,C,OH,MACE SECURITY INTL INC,MACE
29170, , ,4/30/10,Solon,Mace Security International Inc,4520,452030,45,45203010,D,USA,334290,3669,175,976,C,OH,MACE SECURITY INTL INC,MACE
29170, , ,5/31/10,Solon,Mace Security International Inc,4520,452030,45,45203010,D,USA,334290,3669,175,976,C,OH,MACE SECURITY INTL INC,MACE
29170, , ,6/30/10,Solon,Mace Security International Inc,4520,452030,45,45203010,D,USA,334290,3669,175,976,C,OH,MACE SECURITY INTL INC,MACE
29170, , ,7/31/10,Solon,Mace Security International Inc,4520,452030,45,45203010,D,USA,334290,3669,175,976,C,OH,MACE SECURITY INTL INC,MACE
29170, , ,8/31/10,Solon,Mace Security International Inc,4520,452030,45,45203010,D,USA,334290,3669,175,976,C,OH,MACE SECURITY INTL INC,MACE
29170, , ,9/30/10,Solon,Mace Security International Inc,4520,452030,45,45203010,D,USA,334290,3669,175,976,C,OH,MACE SECURITY INTL INC,MACE
29170, , ,10/31/10,Solon,Mace Security International Inc,4520,452030,45,45203010,D,USA,334290,3669,175,976,C,OH,MACE SECURITY INTL INC,MACE
29170, , ,11/30/10,Solon,Mace Security International Inc,4520,452030,45,45203010,D,USA,334290,3669,175,976,C,OH,MACE SECURITY INTL INC,MACE
29170, , ,12/31/10,Solon,Mace Security International Inc,4520,452030,45,45203010,D,USA,334290,3669,175,976,C,OH,MACE SECURITY INTL INC,MACE
29170, , ,1/31/11,Solon,Mace Security International Inc,4520,452030,45,45203010,D,USA,334290,3669,175,976,C,OH,MACE SECURITY INTL INC,MACE
29170, , ,2/28/11,Solon,Mace Security International Inc,4520,452030,45,45203010,D,USA,334290,3669,175,976,C,OH,MACE SECURITY INTL INC,MACE
29170, , ,3/31/11,Solon,Mace Security International Inc,4520,452030,45,45203010,D,USA,334290,3669,175,976,C,OH,MACE SECURITY INTL INC,MACE
29170, , ,4/30/11,Solon,Mace Security International Inc,4520,452030,45,45203010,D,USA,334290,3669,175,976,C,OH,MACE SECURITY INTL INC,MACE
29170, , ,5/31/11,Solon,Mace Security International Inc,4520,452030,45,45203010,D,USA,334290,3669,175,976,C,OH,MACE SECURITY INTL INC,MACE
29170, , ,6/30/11,Solon,Mace Security International Inc,4520,452030,45,45203010,D,USA,334290,3669,175,976,C,OH,MACE SECURITY INTL INC,MACE
29170, , ,7/31/11,Solon,Mace Security International Inc,4520,452030,45,45203010,D,USA,334290,3669,175,976,C,OH,MACE SECURITY INTL INC,MACE
29170, , ,8/31/11,Solon,Mace Security International Inc,4520,452030,45,45203010,D,USA,334290,3669,175,976,C,OH,MACE SECURITY INTL INC,MACE
29170, , ,9/30/11,Solon,Mace Security International Inc,4520,452030,45,45203010,D,USA,334290,3669,175,976,C,OH,MACE SECURITY INTL INC,MACE
29170, , ,10/31/11,Solon,Mace Security International Inc,4520,452030,45,45203010,D,USA,334290,3669,175,976,C,OH,MACE SECURITY INTL INC,MACE
29170, , ,11/30/11,Solon,Mace Security International Inc,4520,452030,45,45203010,D,USA,334290,3669,175,976,C,OH,MACE SECURITY INTL INC,MACE
29170, , ,12/31/11,Solon,Mace Security International Inc,4520,452030,45,45203010,D,USA,334290,3669,175,976,C,OH,MACE SECURITY INTL INC,MACE
29170, , ,1/31/12,Solon,Mace Security International Inc,4520,452030,45,45203010,D,USA,334290,3669,175,976,C,OH,MACE SECURITY INTL INC,MACE
29170, , ,2/29/12,Solon,Mace Security International Inc,4520,452030,45,45203010,D,USA,334290,3669,175,976,C,OH,MACE SECURITY INTL INC,MACE
29170, , ,3/31/12,Solon,Mace Security International Inc,4520,452030,45,45203010,D,USA,334290,3669,175,976,C,OH,MACE SECURITY INTL INC,MACE
29170, , ,4/30/12,Solon,Mace Security International Inc,4520,452030,45,45203010,D,USA,334290,3669,175,976,C,OH,MACE SECURITY INTL INC,MACE
29170, , ,5/31/12,Solon,Mace Security International Inc,4520,452030,45,45203010,D,USA,334290,3669,175,976,C,OH,MACE SECURITY INTL INC,MACE
29170, , ,6/30/12,Solon,Mace Security International Inc,4520,452030,45,45203010,D,USA,334290,3669,175,976,C,OH,MACE SECURITY INTL INC,MACE
29170, , ,7/31/12,Solon,Mace Security International Inc,4520,452030,45,45203010,D,USA,334290,3669,175,976,C,OH,MACE SECURITY INTL INC,MACE
29170, , ,8/31/12,Solon,Mace Security International Inc,4520,452030,45,45203010,D,USA,334290,3669,175,976,C,OH,MACE SECURITY INTL INC,MACE
29170, , ,9/30/12,Solon,Mace Security International Inc,4520,452030,45,45203010,D,USA,334290,3669,175,976,C,OH,MACE SECURITY INTL INC,MACE
29170, , ,10/31/12,Solon,Mace Security International Inc,4520,452030,45,45203010,D,USA,334290,3669,175,976,C,OH,MACE SECURITY INTL INC,MACE
29170, , ,11/30/12,Solon,Mace Security International Inc,4520,452030,45,45203010,D,USA,334290,3669,175,976,C,OH,MACE SECURITY INTL INC,MACE
29170, , ,12/31/12,Solon,Mace Security International Inc,4520,452030,45,45203010,D,USA,334290,3669,175,976,C,OH,MACE SECURITY INTL INC,MACE
29170, , ,1/31/13,Solon,Mace Security International Inc,4520,452030,45,45203010,D,USA,334290,3669,175,976,C,OH,MACE SECURITY INTL INC,MACE
29170, , ,2/28/13,Solon,Mace Security International Inc,4520,452030,45,45203010,D,USA,334290,3669,175,976,C,OH,MACE SECURITY INTL INC,MACE
29170, , ,3/31/13,Solon,Mace Security International Inc,4520,452030,45,45203010,D,USA,334290,3669,175,976,C,OH,MACE SECURITY INTL INC,MACE
29170, , ,4/30/13,Solon,Mace Security International Inc,4520,452030,45,45203010,D,USA,334290,3669,175,976,C,OH,MACE SECURITY INTL INC,MACE
29170, , ,5/31/13,Solon,Mace Security International Inc,4520,452030,45,45203010,D,USA,334290,3669,175,976,C,OH,MACE SECURITY INTL INC,MACE
29170, , ,6/30/13,Solon,Mace Security International Inc,4520,452030,45,45203010,D,USA,334290,3669,175,976,C,OH,MACE SECURITY INTL INC,MACE
29170, , ,7/31/13,Solon,Mace Security International Inc,4520,452030,45,45203010,D,USA,334290,3669,175,976,C,OH,MACE SECURITY INTL INC,MACE
29170, , ,8/31/13,Solon,Mace Security International Inc,4520,452030,45,45203010,D,USA,334290,3669,175,976,C,OH,MACE SECURITY INTL INC,MACE
29170, , ,9/30/13,Solon,Mace Security International Inc,4520,452030,45,45203010,D,USA,334290,3669,175,976,C,OH,MACE SECURITY INTL INC,MACE
29170, , ,10/31/13,Solon,Mace Security International Inc,4520,452030,45,45203010,D,USA,334290,3669,175,976,C,OH,MACE SECURITY INTL INC,MACE
29241, , ,1/31/10,Milpitas,JDS Uniphase Corp,4520,452010,45,45201020,B,USA,334220,3663,180,940,B-,CA,JDS UNIPHASE CORP,JDSU
29241, , ,2/28/10,Milpitas,JDS Uniphase Corp,4520,452010,45,45201020,B,USA,334220,3663,180,940,B-,CA,JDS UNIPHASE CORP,JDSU
29241, , ,3/31/10,Milpitas,JDS Uniphase Corp,4520,452010,45,45201020,B,USA,334220,3663,180,940,B-,CA,JDS UNIPHASE CORP,JDSU
29241, , ,4/30/10,Milpitas,JDS Uniphase Corp,4520,452010,45,45201020,B,USA,334220,3663,180,940,B-,CA,JDS UNIPHASE CORP,JDSU
29241, , ,5/31/10,Milpitas,JDS Uniphase Corp,4520,452010,45,45201020,B,USA,334220,3663,180,940,B-,CA,JDS UNIPHASE CORP,JDSU
29241, , ,6/30/10,Milpitas,JDS Uniphase Corp,4520,452010,45,45201020,B,USA,334220,3663,180,940,B-,CA,JDS UNIPHASE CORP,JDSU
29241, , ,7/31/10,Milpitas,JDS Uniphase Corp,4520,452010,45,45201020,B,USA,334220,3663,180,940,B-,CA,JDS UNIPHASE CORP,JDSU
29241, , ,8/31/10,Milpitas,JDS Uniphase Corp,4520,452010,45,45201020,B,USA,334220,3663,180,940,B-,CA,JDS UNIPHASE CORP,JDSU
29241, , ,9/30/10,Milpitas,JDS Uniphase Corp,4520,452010,45,45201020,B,USA,334220,3663,180,940,B-,CA,JDS UNIPHASE CORP,JDSU
29241, , ,10/31/10,Milpitas,JDS Uniphase Corp,4520,452010,45,45201020,B,USA,334220,3663,180,940,B-,CA,JDS UNIPHASE CORP,JDSU
29241, , ,11/30/10,Milpitas,JDS Uniphase Corp,4520,452010,45,45201020,B,USA,334220,3663,180,940,B-,CA,JDS UNIPHASE CORP,JDSU
29241, , ,12/31/10,Milpitas,JDS Uniphase Corp,4520,452010,45,45201020,B,USA,334220,3663,180,940,B-,CA,JDS UNIPHASE CORP,JDSU
29241, , ,1/31/11,Milpitas,JDS Uniphase Corp,4520,452010,45,45201020,B,USA,334220,3663,180,940,B-,CA,JDS UNIPHASE CORP,JDSU
29241, , ,2/28/11,Milpitas,JDS Uniphase Corp,4520,452010,45,45201020,B,USA,334220,3663,180,940,B-,CA,JDS UNIPHASE CORP,JDSU
29241, , ,3/31/11,Milpitas,JDS Uniphase Corp,4520,452010,45,45201020,B,USA,334220,3663,180,940,B-,CA,JDS UNIPHASE CORP,JDSU
29241, , ,4/30/11,Milpitas,JDS Uniphase Corp,4520,452010,45,45201020,B,USA,334220,3663,180,940,B-,CA,JDS UNIPHASE CORP,JDSU
29241, , ,5/31/11,Milpitas,JDS Uniphase Corp,4520,452010,45,45201020,B,USA,334220,3663,180,940,B-,CA,JDS UNIPHASE CORP,JDSU
29241, , ,6/30/11,Milpitas,JDS Uniphase Corp,4520,452010,45,45201020,B,USA,334220,3663,180,940,B-,CA,JDS UNIPHASE CORP,JDSU
29241, , ,7/31/11,Milpitas,JDS Uniphase Corp,4520,452010,45,45201020,B,USA,334220,3663,180,940,B-,CA,JDS UNIPHASE CORP,JDSU
29241, , ,8/31/11,Milpitas,JDS Uniphase Corp,4520,452010,45,45201020,B,USA,334220,3663,180,940,B-,CA,JDS UNIPHASE CORP,JDSU
29241, , ,9/30/11,Milpitas,JDS Uniphase Corp,4520,452010,45,45201020,B,USA,334220,3663,180,940,B-,CA,JDS UNIPHASE CORP,JDSU
29241, , ,10/31/11,Milpitas,JDS Uniphase Corp,4520,452010,45,45201020,B,USA,334220,3663,180,940,B-,CA,JDS UNIPHASE CORP,JDSU
29241, , ,11/30/11,Milpitas,JDS Uniphase Corp,4520,452010,45,45201020,B,USA,334220,3663,180,940,B-,CA,JDS UNIPHASE CORP,JDSU
29241, , ,12/31/11,Milpitas,JDS Uniphase Corp,4520,452010,45,45201020,B,USA,334220,3663,180,940,B-,CA,JDS UNIPHASE CORP,JDSU
29241, , ,1/31/12,Milpitas,JDS Uniphase Corp,4520,452010,45,45201020,B,USA,334220,3663,180,940,B-,CA,JDS UNIPHASE CORP,JDSU
29241, , ,2/29/12,Milpitas,JDS Uniphase Corp,4520,452010,45,45201020,B,USA,334220,3663,180,940,B-,CA,JDS UNIPHASE CORP,JDSU
29241, , ,3/31/12,Milpitas,JDS Uniphase Corp,4520,452010,45,45201020,B,USA,334220,3663,180,940,B-,CA,JDS UNIPHASE CORP,JDSU
29241, , ,4/30/12,Milpitas,JDS Uniphase Corp,4520,452010,45,45201020,B,USA,334220,3663,180,940,B-,CA,JDS UNIPHASE CORP,JDSU
29241, , ,5/31/12,Milpitas,JDS Uniphase Corp,4520,452010,45,45201020,B,USA,334220,3663,180,940,B-,CA,JDS UNIPHASE CORP,JDSU
29241, , ,6/30/12,Milpitas,JDS Uniphase Corp,4520,452010,45,45201020,B,USA,334220,3663,180,940,B-,CA,JDS UNIPHASE CORP,JDSU
29241, , ,7/31/12,Milpitas,JDS Uniphase Corp,4520,452010,45,45201020,B,USA,334220,3663,180,940,B-,CA,JDS UNIPHASE CORP,JDSU
29241, , ,8/31/12,Milpitas,JDS Uniphase Corp,4520,452010,45,45201020,B,USA,334220,3663,180,940,B-,CA,JDS UNIPHASE CORP,JDSU
29241, , ,9/30/12,Milpitas,JDS Uniphase Corp,4520,452010,45,45201020,B,USA,334220,3663,180,940,B-,CA,JDS UNIPHASE CORP,JDSU
29241, , ,10/31/12,Milpitas,JDS Uniphase Corp,4520,452010,45,45201020,B,USA,334220,3663,180,940,B-,CA,JDS UNIPHASE CORP,JDSU
29241, , ,11/30/12,Milpitas,JDS Uniphase Corp,4520,452010,45,45201020,B,USA,334220,3663,180,940,B-,CA,JDS UNIPHASE CORP,JDSU
29241, , ,12/31/12,Milpitas,JDS Uniphase Corp,4520,452010,45,45201020,B,USA,334220,3663,180,940,B-,CA,JDS UNIPHASE CORP,JDSU
29241, , ,1/31/13,Milpitas,JDS Uniphase Corp,4520,452010,45,45201020,B,USA,334220,3663,180,940,B-,CA,JDS UNIPHASE CORP,JDSU
29241, , ,2/28/13,Milpitas,JDS Uniphase Corp,4520,452010,45,45201020,B,USA,334220,3663,180,940,B-,CA,JDS UNIPHASE CORP,JDSU
29241, , ,3/31/13,Milpitas,JDS Uniphase Corp,4520,452010,45,45201020,B,USA,334220,3663,180,940,B-,CA,JDS UNIPHASE CORP,JDSU
29241, , ,4/30/13,Milpitas,JDS Uniphase Corp,4520,452010,45,45201020,B,USA,334220,3663,180,940,B-,CA,JDS UNIPHASE CORP,JDSU
29241, , ,5/31/13,Milpitas,JDS Uniphase Corp,4520,452010,45,45201020,B,USA,334220,3663,180,940,B-,CA,JDS UNIPHASE CORP,JDSU
29241, , ,6/30/13,Milpitas,JDS Uniphase Corp,4520,452010,45,45201020,B,USA,334220,3663,180,940,B-,CA,JDS UNIPHASE CORP,JDSU
29241, , ,7/31/13,Milpitas,JDS Uniphase Corp,4520,452010,45,45201020,B,USA,334220,3663,180,940,B-,CA,JDS UNIPHASE CORP,JDSU
29241, , ,8/31/13,Milpitas,JDS Uniphase Corp,4520,452010,45,45201020,B,USA,334220,3663,180,940,B-,CA,JDS UNIPHASE CORP,JDSU
29241, , ,9/30/13,Milpitas,JDS Uniphase Corp,4520,452010,45,45201020,B,USA,334220,3663,180,940,B-,CA,JDS UNIPHASE CORP,JDSU
29241, , ,10/31/13,Milpitas,JDS Uniphase Corp,4520,452010,45,45201020,B,USA,334220,3663,180,940,B-,CA,JDS UNIPHASE CORP,JDSU
29304, , ,1/31/10,Olathe,Elecsys Corp,4520,452030,45,45203020,D,USA,334412,3672,220,925,B-,KS,ELECSYS CORP,ESYS
29304, , ,2/28/10,Olathe,Elecsys Corp,4520,452030,45,45203020,D,USA,334412,3672,220,925,B-,KS,ELECSYS CORP,ESYS
29304, , ,3/31/10,Olathe,Elecsys Corp,4520,452030,45,45203020,D,USA,334412,3672,220,925,B-,KS,ELECSYS CORP,ESYS
29304, , ,4/30/10,Olathe,Elecsys Corp,4520,452030,45,45203020,D,USA,334412,3672,220,925,B-,KS,ELECSYS CORP,ESYS
29304, , ,5/31/10,Olathe,Elecsys Corp,4520,452030,45,45203020,D,USA,334412,3672,220,925,B-,KS,ELECSYS CORP,ESYS
29304, , ,6/30/10,Olathe,Elecsys Corp,4520,452030,45,45203020,D,USA,334412,3672,220,925,B-,KS,ELECSYS CORP,ESYS
29304, , ,7/31/10,Olathe,Elecsys Corp,4520,452030,45,45203020,D,USA,334412,3672,220,925,B-,KS,ELECSYS CORP,ESYS
29304, , ,8/31/10,Olathe,Elecsys Corp,4520,452030,45,45203020,D,USA,334412,3672,220,925,B-,KS,ELECSYS CORP,ESYS
29304, , ,9/30/10,Olathe,Elecsys Corp,4520,452030,45,45203020,D,USA,334412,3672,220,925,B-,KS,ELECSYS CORP,ESYS
29304, , ,10/31/10,Olathe,Elecsys Corp,4520,452030,45,45203020,D,USA,334412,3672,220,925,B-,KS,ELECSYS CORP,ESYS
29304, , ,11/30/10,Olathe,Elecsys Corp,4520,452030,45,45203020,D,USA,334412,3672,220,925,B-,KS,ELECSYS CORP,ESYS
29304, , ,12/31/10,Olathe,Elecsys Corp,4520,452030,45,45203020,D,USA,334412,3672,220,925,B-,KS,ELECSYS CORP,ESYS
29304, , ,1/31/11,Olathe,Elecsys Corp,4520,452030,45,45203020,D,USA,334412,3672,220,925,B-,KS,ELECSYS CORP,ESYS
29304, , ,2/28/11,Olathe,Elecsys Corp,4520,452030,45,45203020,D,USA,334412,3672,220,925,B-,KS,ELECSYS CORP,ESYS
29304, , ,3/31/11,Olathe,Elecsys Corp,4520,452030,45,45203020,D,USA,334412,3672,220,925,B-,KS,ELECSYS CORP,ESYS
29304, , ,4/30/11,Olathe,Elecsys Corp,4520,452030,45,45203020,D,USA,334412,3672,220,925,B-,KS,ELECSYS CORP,ESYS
29304, , ,5/31/11,Olathe,Elecsys Corp,4520,452030,45,45203020,D,USA,334412,3672,220,925,B-,KS,ELECSYS CORP,ESYS
29304, , ,6/30/11,Olathe,Elecsys Corp,4520,452030,45,45203020,D,USA,334412,3672,220,925,B-,KS,ELECSYS CORP,ESYS
29304, , ,7/31/11,Olathe,Elecsys Corp,4520,452030,45,45203020,D,USA,334412,3672,220,925,B-,KS,ELECSYS CORP,ESYS
29304, , ,8/31/11,Olathe,Elecsys Corp,4520,452030,45,45203020,D,USA,334412,3672,220,925,B-,KS,ELECSYS CORP,ESYS
29304, , ,9/30/11,Olathe,Elecsys Corp,4520,452030,45,45203020,D,USA,334412,3672,220,925,B-,KS,ELECSYS CORP,ESYS
29304, , ,10/31/11,Olathe,Elecsys Corp,4520,452030,45,45203020,D,USA,334412,3672,220,925,B-,KS,ELECSYS CORP,ESYS
29304, , ,11/30/11,Olathe,Elecsys Corp,4520,452030,45,45203020,D,USA,334412,3672,220,925,B-,KS,ELECSYS CORP,ESYS
29304, , ,12/31/11,Olathe,Elecsys Corp,4520,452030,45,45203020,D,USA,334412,3672,220,925,B-,KS,ELECSYS CORP,ESYS
29304, , ,1/31/12,Olathe,Elecsys Corp,4520,452030,45,45203020,D,USA,334412,3672,220,925,B-,KS,ELECSYS CORP,ESYS
29304, , ,2/29/12,Olathe,Elecsys Corp,4520,452030,45,45203020,D,USA,334412,3672,220,925,B-,KS,ELECSYS CORP,ESYS
29304, , ,3/31/12,Olathe,Elecsys Corp,4520,452030,45,45203020,D,USA,334412,3672,220,925,B-,KS,ELECSYS CORP,ESYS
29304, , ,4/30/12,Olathe,Elecsys Corp,4520,452030,45,45203020,D,USA,334412,3672,220,925,B-,KS,ELECSYS CORP,ESYS
29304, , ,5/31/12,Olathe,Elecsys Corp,4520,452030,45,45203020,D,USA,334412,3672,220,925,B-,KS,ELECSYS CORP,ESYS
29304, , ,6/30/12,Olathe,Elecsys Corp,4520,452030,45,45203020,D,USA,334412,3672,220,925,B-,KS,ELECSYS CORP,ESYS
29304, , ,7/31/12,Olathe,Elecsys Corp,4520,452030,45,45203020,D,USA,334412,3672,220,925,B-,KS,ELECSYS CORP,ESYS
29304, , ,8/31/12,Olathe,Elecsys Corp,4520,452030,45,45203020,D,USA,334412,3672,220,925,B-,KS,ELECSYS CORP,ESYS
29304, , ,9/30/12,Olathe,Elecsys Corp,4520,452030,45,45203020,D,USA,334412,3672,220,925,B-,KS,ELECSYS CORP,ESYS
29304, , ,10/31/12,Olathe,Elecsys Corp,4520,452030,45,45203020,D,USA,334412,3672,220,925,B-,KS,ELECSYS CORP,ESYS
29304, , ,11/30/12,Olathe,Elecsys Corp,4520,452030,45,45203020,D,USA,334412,3672,220,925,B-,KS,ELECSYS CORP,ESYS
29304, , ,12/31/12,Olathe,Elecsys Corp,4520,452030,45,45203020,D,USA,334412,3672,220,925,B-,KS,ELECSYS CORP,ESYS
29304, , ,1/31/13,Olathe,Elecsys Corp,4520,452030,45,45203020,D,USA,334412,3672,220,925,B-,KS,ELECSYS CORP,ESYS
29304, , ,2/28/13,Olathe,Elecsys Corp,4520,452030,45,45203020,D,USA,334412,3672,220,925,B-,KS,ELECSYS CORP,ESYS
29304, , ,3/31/13,Olathe,Elecsys Corp,4520,452030,45,45203020,D,USA,334412,3672,220,925,B-,KS,ELECSYS CORP,ESYS
29304, , ,4/30/13,Olathe,Elecsys Corp,4520,452030,45,45203020,D,USA,334412,3672,220,925,B-,KS,ELECSYS CORP,ESYS
29304, , ,5/31/13,Olathe,Elecsys Corp,4520,452030,45,45203020,D,USA,334412,3672,220,925,B-,KS,ELECSYS CORP,ESYS
29304, , ,6/30/13,Olathe,Elecsys Corp,4520,452030,45,45203020,D,USA,334412,3672,220,925,B-,KS,ELECSYS CORP,ESYS
29304, , ,7/31/13,Olathe,Elecsys Corp,4520,452030,45,45203020,D,USA,334412,3672,220,925,B-,KS,ELECSYS CORP,ESYS
29304, , ,8/31/13,Olathe,Elecsys Corp,4520,452030,45,45203020,D,USA,334412,3672,220,925,B-,KS,ELECSYS CORP,ESYS
29304, , ,9/30/13,Olathe,Elecsys Corp,4520,452030,45,45203020,D,USA,334412,3672,220,925,B-,KS,ELECSYS CORP,ESYS
29304, , ,10/31/13,Olathe,Elecsys Corp,4520,452030,45,45203020,D,USA,334412,3672,220,925,B-,KS,ELECSYS CORP,ESYS
29332, , ,1/31/10,Jacksonville,ParkerVision Inc,4520,452010,45,45201020,D,USA,334220,3663,220,925,C,FL,PARKERVISION INC,PRKR
29332, , ,2/28/10,Jacksonville,ParkerVision Inc,4520,452010,45,45201020,D,USA,334220,3663,220,925,C,FL,PARKERVISION INC,PRKR
29332, , ,3/31/10,Jacksonville,ParkerVision Inc,4520,452010,45,45201020,D,USA,334220,3663,220,925,C,FL,PARKERVISION INC,PRKR
29332, , ,4/30/10,Jacksonville,ParkerVision Inc,4520,452010,45,45201020,D,USA,334220,3663,220,925,C,FL,PARKERVISION INC,PRKR
29332, , ,5/31/10,Jacksonville,ParkerVision Inc,4520,452010,45,45201020,D,USA,334220,3663,220,925,C,FL,PARKERVISION INC,PRKR
29332, , ,6/30/10,Jacksonville,ParkerVision Inc,4520,452010,45,45201020,D,USA,334220,3663,220,925,C,FL,PARKERVISION INC,PRKR
29332, , ,7/31/10,Jacksonville,ParkerVision Inc,4520,452010,45,45201020,D,USA,334220,3663,220,925,C,FL,PARKERVISION INC,PRKR
29332, , ,8/31/10,Jacksonville,ParkerVision Inc,4520,452010,45,45201020,D,USA,334220,3663,220,925,C,FL,PARKERVISION INC,PRKR
29332, , ,9/30/10,Jacksonville,ParkerVision Inc,4520,452010,45,45201020,D,USA,334220,3663,220,925,C,FL,PARKERVISION INC,PRKR
29332, , ,10/31/10,Jacksonville,ParkerVision Inc,4520,452010,45,45201020,D,USA,334220,3663,220,925,C,FL,PARKERVISION INC,PRKR
29332, , ,11/30/10,Jacksonville,ParkerVision Inc,4520,452010,45,45201020,D,USA,334220,3663,220,925,C,FL,PARKERVISION INC,PRKR
29332, , ,12/31/10,Jacksonville,ParkerVision Inc,4520,452010,45,45201020,D,USA,334220,3663,220,925,C,FL,PARKERVISION INC,PRKR
29332, , ,1/31/11,Jacksonville,ParkerVision Inc,4520,452010,45,45201020,D,USA,334220,3663,220,925,C,FL,PARKERVISION INC,PRKR
29332, , ,2/28/11,Jacksonville,ParkerVision Inc,4520,452010,45,45201020,D,USA,334220,3663,220,925,C,FL,PARKERVISION INC,PRKR
29332, , ,3/31/11,Jacksonville,ParkerVision Inc,4520,452010,45,45201020,D,USA,334220,3663,220,925,C,FL,PARKERVISION INC,PRKR
29332, , ,4/30/11,Jacksonville,ParkerVision Inc,4520,452010,45,45201020,D,USA,334220,3663,220,925,C,FL,PARKERVISION INC,PRKR
29332, , ,5/31/11,Jacksonville,ParkerVision Inc,4520,452010,45,45201020,D,USA,334220,3663,220,925,C,FL,PARKERVISION INC,PRKR
29332, , ,6/30/11,Jacksonville,ParkerVision Inc,4520,452010,45,45201020,D,USA,334220,3663,220,925,C,FL,PARKERVISION INC,PRKR
29332, , ,7/31/11,Jacksonville,ParkerVision Inc,4520,452010,45,45201020,D,USA,334220,3663,220,925,C,FL,PARKERVISION INC,PRKR
29332, , ,8/31/11,Jacksonville,ParkerVision Inc,4520,452010,45,45201020,D,USA,334220,3663,220,925,C,FL,PARKERVISION INC,PRKR
29332, , ,9/30/11,Jacksonville,ParkerVision Inc,4520,452010,45,45201020,D,USA,334220,3663,220,925,C,FL,PARKERVISION INC,PRKR
29332, , ,10/31/11,Jacksonville,ParkerVision Inc,4520,452010,45,45201020,D,USA,334220,3663,220,925,C,FL,PARKERVISION INC,PRKR
29332, , ,11/30/11,Jacksonville,ParkerVision Inc,4520,452010,45,45201020,D,USA,334220,3663,220,925,C,FL,PARKERVISION INC,PRKR
29332, , ,12/31/11,Jacksonville,ParkerVision Inc,4520,452010,45,45201020,D,USA,334220,3663,220,925,C,FL,PARKERVISION INC,PRKR
29332, , ,1/31/12,Jacksonville,ParkerVision Inc,4520,452010,45,45201020,D,USA,334220,3663,220,925,C,FL,PARKERVISION INC,PRKR
29332, , ,2/29/12,Jacksonville,ParkerVision Inc,4520,452010,45,45201020,D,USA,334220,3663,220,925,C,FL,PARKERVISION INC,PRKR
29332, , ,3/31/12,Jacksonville,ParkerVision Inc,4520,452010,45,45201020,D,USA,334220,3663,220,925,C,FL,PARKERVISION INC,PRKR
29332, , ,4/30/12,Jacksonville,ParkerVision Inc,4520,452010,45,45201020,D,USA,334220,3663,220,925,C,FL,PARKERVISION INC,PRKR
29332, , ,5/31/12,Jacksonville,ParkerVision Inc,4520,452010,45,45201020,D,USA,334220,3663,220,925,C,FL,PARKERVISION INC,PRKR
29332, , ,6/30/12,Jacksonville,ParkerVision Inc,4520,452010,45,45201020,D,USA,334220,3663,220,925,C,FL,PARKERVISION INC,PRKR
29332, , ,7/31/12,Jacksonville,ParkerVision Inc,4520,452010,45,45201020,D,USA,334220,3663,220,925,C,FL,PARKERVISION INC,PRKR
29332, , ,8/31/12,Jacksonville,ParkerVision Inc,4520,452010,45,45201020,D,USA,334220,3663,220,925,C,FL,PARKERVISION INC,PRKR
29332, , ,9/30/12,Jacksonville,ParkerVision Inc,4520,452010,45,45201020,D,USA,334220,3663,220,925,C,FL,PARKERVISION INC,PRKR
29332, , ,10/31/12,Jacksonville,ParkerVision Inc,4520,452010,45,45201020,D,USA,334220,3663,220,925,C,FL,PARKERVISION INC,PRKR
29332, , ,11/30/12,Jacksonville,ParkerVision Inc,4520,452010,45,45201020,D,USA,334220,3663,220,925,C,FL,PARKERVISION INC,PRKR
29332, , ,12/31/12,Jacksonville,ParkerVision Inc,4520,452010,45,45201020,D,USA,334220,3663,220,925,C,FL,PARKERVISION INC,PRKR
29332, , ,1/31/13,Jacksonville,ParkerVision Inc,4520,452010,45,45201020,D,USA,334220,3663,220,925,C,FL,PARKERVISION INC,PRKR
29332, , ,2/28/13,Jacksonville,ParkerVision Inc,4520,452010,45,45201020,D,USA,334220,3663,220,925,C,FL,PARKERVISION INC,PRKR
29332, , ,3/31/13,Jacksonville,ParkerVision Inc,4520,452010,45,45201020,D,USA,334220,3663,220,925,C,FL,PARKERVISION INC,PRKR
29332, , ,4/30/13,Jacksonville,ParkerVision Inc,4520,452010,45,45201020,D,USA,334220,3663,220,925,C,FL,PARKERVISION INC,PRKR
29332, , ,5/31/13,Jacksonville,ParkerVision Inc,4520,452010,45,45201020,D,USA,334220,3663,220,925,C,FL,PARKERVISION INC,PRKR
29332, , ,6/30/13,Jacksonville,ParkerVision Inc,4520,452010,45,45201020,D,USA,334220,3663,220,925,C,FL,PARKERVISION INC,PRKR
29332, , ,7/31/13,Jacksonville,ParkerVision Inc,4520,452010,45,45201020,D,USA,334220,3663,220,925,C,FL,PARKERVISION INC,PRKR
29332, , ,8/31/13,Jacksonville,ParkerVision Inc,4520,452010,45,45201020,D,USA,334220,3663,220,925,C,FL,PARKERVISION INC,PRKR
29332, , ,9/30/13,Jacksonville,ParkerVision Inc,4520,452010,45,45201020,D,USA,334220,3663,220,925,C,FL,PARKERVISION INC,PRKR
29332, , ,10/31/13,Jacksonville,ParkerVision Inc,4520,452010,45,45201020,D,USA,334220,3663,220,925,C,FL,PARKERVISION INC,PRKR
29366, , ,1/31/10,San Jose,Asante Technologies Inc,4520,452010,45,45201020,D,USA,334119,3576,190,940,C,CA,ASANTE TECHNOLOGIES INC,ASNL
29366, , ,2/28/10,San Jose,Asante Technologies Inc,4520,452010,45,45201020,D,USA,334119,3576,190,940,C,CA,ASANTE TECHNOLOGIES INC,ASNL
29366, , ,3/31/10,San Jose,Asante Technologies Inc,4520,452010,45,45201020,D,USA,334119,3576,190,940,C,CA,ASANTE TECHNOLOGIES INC,ASNL
29366, , ,4/30/10,San Jose,Asante Technologies Inc,4520,452010,45,45201020,D,USA,334119,3576,190,940,C,CA,ASANTE TECHNOLOGIES INC,ASNL
29366, , ,5/31/10,San Jose,Asante Technologies Inc,4520,452010,45,45201020,D,USA,334119,3576,190,940,C,CA,ASANTE TECHNOLOGIES INC,ASNL
29366, , ,6/30/10,San Jose,Asante Technologies Inc,4520,452010,45,45201020,D,USA,334119,3576,190,940,C,CA,ASANTE TECHNOLOGIES INC,ASNL
29366, , ,7/31/10,San Jose,Asante Technologies Inc,4520,452010,45,45201020,D,USA,334119,3576,190,940,C,CA,ASANTE TECHNOLOGIES INC,ASNL
29366, , ,8/31/10,San Jose,Asante Technologies Inc,4520,452010,45,45201020,D,USA,334119,3576,190,940,C,CA,ASANTE TECHNOLOGIES INC,ASNL
29366, , ,9/30/10,San Jose,Asante Technologies Inc,4520,452010,45,45201020,D,USA,334119,3576,190,940,C,CA,ASANTE TECHNOLOGIES INC,ASNL
29366, , ,10/31/10,San Jose,Asante Technologies Inc,4520,452010,45,45201020,D,USA,334119,3576,190,940,C,CA,ASANTE TECHNOLOGIES INC,ASNL
29366, , ,11/30/10,San Jose,Asante Technologies Inc,4520,452010,45,45201020,D,USA,334119,3576,190,940,C,CA,ASANTE TECHNOLOGIES INC,ASNL
29366, , ,12/31/10,San Jose,Asante Technologies Inc,4520,452010,45,45201020,D,USA,334119,3576,190,940,C,CA,ASANTE TECHNOLOGIES INC,ASNL
29366, , ,1/31/11,San Jose,Asante Technologies Inc,4520,452010,45,45201020,D,USA,334119,3576,190,940,C,CA,ASANTE TECHNOLOGIES INC,ASNL
29366, , ,2/28/11,San Jose,Asante Technologies Inc,4520,452010,45,45201020,D,USA,334119,3576,190,940,C,CA,ASANTE TECHNOLOGIES INC,ASNL
29366, , ,3/31/11,San Jose,Asante Technologies Inc,4520,452010,45,45201020,D,USA,334119,3576,190,940,C,CA,ASANTE TECHNOLOGIES INC,ASNL
29366, , ,4/30/11,San Jose,Asante Technologies Inc,4520,452010,45,45201020,D,USA,334119,3576,190,940,C,CA,ASANTE TECHNOLOGIES INC,ASNL
29366, , ,5/31/11,San Jose,Asante Technologies Inc,4520,452010,45,45201020,D,USA,334119,3576,190,940,C,CA,ASANTE TECHNOLOGIES INC,ASNL
29366, , ,6/30/11,San Jose,Asante Technologies Inc,4520,452010,45,45201020,D,USA,334119,3576,190,940,C,CA,ASANTE TECHNOLOGIES INC,ASNL
29366, , ,7/31/11,San Jose,Asante Technologies Inc,4520,452010,45,45201020,D,USA,334119,3576,190,940,C,CA,ASANTE TECHNOLOGIES INC,ASNL
29366, , ,8/31/11,San Jose,Asante Technologies Inc,4520,452010,45,45201020,D,USA,334119,3576,190,940,C,CA,ASANTE TECHNOLOGIES INC,ASNL
29366, , ,9/30/11,San Jose,Asante Technologies Inc,4520,452010,45,45201020,D,USA,334119,3576,190,940,C,CA,ASANTE TECHNOLOGIES INC,ASNL
29366, , ,10/31/11,San Jose,Asante Technologies Inc,4520,452010,45,45201020,D,USA,334119,3576,190,940,C,CA,ASANTE TECHNOLOGIES INC,ASNL
29366, , ,11/30/11,San Jose,Asante Technologies Inc,4520,452010,45,45201020,D,USA,334119,3576,190,940,C,CA,ASANTE TECHNOLOGIES INC,ASNL
29366, , ,12/31/11,San Jose,Asante Technologies Inc,4520,452010,45,45201020,D,USA,334119,3576,190,940,C,CA,ASANTE TECHNOLOGIES INC,ASNL
29366, , ,1/31/12,San Jose,Asante Technologies Inc,4520,452010,45,45201020,D,USA,334119,3576,190,940,C,CA,ASANTE TECHNOLOGIES INC,ASNL
29366, , ,2/29/12,San Jose,Asante Technologies Inc,4520,452010,45,45201020,D,USA,334119,3576,190,940,C,CA,ASANTE TECHNOLOGIES INC,ASNL
29366, , ,3/31/12,San Jose,Asante Technologies Inc,4520,452010,45,45201020,D,USA,334119,3576,190,940,C,CA,ASANTE TECHNOLOGIES INC,ASNL
29366, , ,4/30/12,San Jose,Asante Technologies Inc,4520,452010,45,45201020,D,USA,334119,3576,190,940,C,CA,ASANTE TECHNOLOGIES INC,ASNL
29366, , ,5/31/12,San Jose,Asante Technologies Inc,4520,452010,45,45201020,D,USA,334119,3576,190,940,C,CA,ASANTE TECHNOLOGIES INC,ASNL
29433, , ,1/31/10,Richardson,Speed Commerce Inc,4520,452030,45,45203030,D,USA,519130,7370,190,940,B-,TX,SPEED COMMERCE INC,SPDC
29433, , ,2/28/10,Richardson,Speed Commerce Inc,4520,452030,45,45203030,D,USA,519130,7370,190,940,B-,TX,SPEED COMMERCE INC,SPDC
29433, , ,3/31/10,Richardson,Speed Commerce Inc,4520,452030,45,45203030,D,USA,519130,7370,190,940,B-,TX,SPEED COMMERCE INC,SPDC
29433, , ,4/30/10,Richardson,Speed Commerce Inc,4520,452030,45,45203030,D,USA,519130,7370,190,940,B-,TX,SPEED COMMERCE INC,SPDC
29433, , ,5/31/10,Richardson,Speed Commerce Inc,4520,452030,45,45203030,D,USA,519130,7370,190,940,B-,TX,SPEED COMMERCE INC,SPDC
29433, , ,6/30/10,Richardson,Speed Commerce Inc,4520,452030,45,45203030,D,USA,519130,7370,190,940,B-,TX,SPEED COMMERCE INC,SPDC
29433, , ,7/31/10,Richardson,Speed Commerce Inc,4520,452030,45,45203030,D,USA,519130,7370,190,940,B-,TX,SPEED COMMERCE INC,SPDC
29433, , ,8/31/10,Richardson,Speed Commerce Inc,4520,452030,45,45203030,D,USA,519130,7370,190,940,B-,TX,SPEED COMMERCE INC,SPDC
29433, , ,9/30/10,Richardson,Speed Commerce Inc,4520,452030,45,45203030,D,USA,519130,7370,190,940,B-,TX,SPEED COMMERCE INC,SPDC
29433, , ,10/31/10,Richardson,Speed Commerce Inc,4520,452030,45,45203030,D,USA,519130,7370,190,940,B-,TX,SPEED COMMERCE INC,SPDC
29433, , ,11/30/10,Richardson,Speed Commerce Inc,4520,452030,45,45203030,D,USA,519130,7370,190,940,B-,TX,SPEED COMMERCE INC,SPDC
29433, , ,12/31/10,Richardson,Speed Commerce Inc,4520,452030,45,45203030,D,USA,519130,7370,190,940,B-,TX,SPEED COMMERCE INC,SPDC
29433, , ,1/31/11,Richardson,Speed Commerce Inc,4520,452030,45,45203030,D,USA,519130,7370,190,940,B-,TX,SPEED COMMERCE INC,SPDC
29433, , ,2/28/11,Richardson,Speed Commerce Inc,4520,452030,45,45203030,D,USA,519130,7370,190,940,B-,TX,SPEED COMMERCE INC,SPDC
29433, , ,3/31/11,Richardson,Speed Commerce Inc,4520,452030,45,45203030,D,USA,519130,7370,190,940,B-,TX,SPEED COMMERCE INC,SPDC
29433, , ,4/30/11,Richardson,Speed Commerce Inc,4520,452030,45,45203030,D,USA,519130,7370,190,940,B-,TX,SPEED COMMERCE INC,SPDC
29433, , ,5/31/11,Richardson,Speed Commerce Inc,4520,452030,45,45203030,D,USA,519130,7370,190,940,B-,TX,SPEED COMMERCE INC,SPDC
29433, , ,6/30/11,Richardson,Speed Commerce Inc,4520,452030,45,45203030,D,USA,519130,7370,190,940,B-,TX,SPEED COMMERCE INC,SPDC
29433, , ,7/31/11,Richardson,Speed Commerce Inc,4520,452030,45,45203030,D,USA,519130,7370,190,940,B-,TX,SPEED COMMERCE INC,SPDC
29433, , ,8/31/11,Richardson,Speed Commerce Inc,4520,452030,45,45203030,D,USA,519130,7370,190,940,B-,TX,SPEED COMMERCE INC,SPDC
29433, , ,9/30/11,Richardson,Speed Commerce Inc,4520,452030,45,45203030,D,USA,519130,7370,190,940,B-,TX,SPEED COMMERCE INC,SPDC
29433, , ,10/31/11,Richardson,Speed Commerce Inc,4520,452030,45,45203030,D,USA,519130,7370,190,940,B-,TX,SPEED COMMERCE INC,SPDC
29433, , ,11/30/11,Richardson,Speed Commerce Inc,4520,452030,45,45203030,D,USA,519130,7370,190,940,B-,TX,SPEED COMMERCE INC,SPDC
29433, , ,12/31/11,Richardson,Speed Commerce Inc,4520,452030,45,45203030,D,USA,519130,7370,190,940,B-,TX,SPEED COMMERCE INC,SPDC
29433, , ,1/31/12,Richardson,Speed Commerce Inc,4520,452030,45,45203030,D,USA,519130,7370,190,940,B-,TX,SPEED COMMERCE INC,SPDC
29433, , ,2/29/12,Richardson,Speed Commerce Inc,4520,452030,45,45203030,D,USA,519130,7370,190,940,B-,TX,SPEED COMMERCE INC,SPDC
29433, , ,3/31/12,Richardson,Speed Commerce Inc,4520,452030,45,45203030,D,USA,519130,7370,190,940,B-,TX,SPEED COMMERCE INC,SPDC
29433, , ,4/30/12,Richardson,Speed Commerce Inc,4520,452030,45,45203030,D,USA,519130,7370,190,940,B-,TX,SPEED COMMERCE INC,SPDC
29433, , ,5/31/12,Richardson,Speed Commerce Inc,4520,452030,45,45203030,D,USA,519130,7370,190,940,B-,TX,SPEED COMMERCE INC,SPDC
29433, , ,6/30/12,Richardson,Speed Commerce Inc,4520,452030,45,45203030,D,USA,519130,7370,190,940,B-,TX,SPEED COMMERCE INC,SPDC
29433, , ,7/31/12,Richardson,Speed Commerce Inc,4520,452030,45,45203030,D,USA,519130,7370,190,940,B-,TX,SPEED COMMERCE INC,SPDC
29433, , ,8/31/12,Richardson,Speed Commerce Inc,4520,452030,45,45203030,D,USA,519130,7370,190,940,B-,TX,SPEED COMMERCE INC,SPDC
29433, , ,9/30/12,Richardson,Speed Commerce Inc,4520,452030,45,45203030,D,USA,519130,7370,190,940,B-,TX,SPEED COMMERCE INC,SPDC
29433, , ,10/31/12,Richardson,Speed Commerce Inc,4520,452030,45,45203030,D,USA,519130,7370,190,940,B-,TX,SPEED COMMERCE INC,SPDC
29433, , ,11/30/12,Richardson,Speed Commerce Inc,4520,452030,45,45203030,D,USA,519130,7370,190,940,B-,TX,SPEED COMMERCE INC,SPDC
29433, , ,12/31/12,Richardson,Speed Commerce Inc,4520,452030,45,45203030,D,USA,519130,7370,190,940,B-,TX,SPEED COMMERCE INC,SPDC
29433, , ,1/31/13,Richardson,Speed Commerce Inc,4520,452030,45,45203030,D,USA,519130,7370,190,940,B-,TX,SPEED COMMERCE INC,SPDC
29433, , ,2/28/13,Richardson,Speed Commerce Inc,4520,452030,45,45203030,D,USA,519130,7370,190,940,B-,TX,SPEED COMMERCE INC,SPDC
29433, , ,3/31/13,Richardson,Speed Commerce Inc,4520,452030,45,45203030,D,USA,519130,7370,190,940,B-,TX,SPEED COMMERCE INC,SPDC
29433, , ,4/30/13,Richardson,Speed Commerce Inc,4520,452030,45,45203030,D,USA,519130,7370,190,940,B-,TX,SPEED COMMERCE INC,SPDC
29433, , ,5/31/13,Richardson,Speed Commerce Inc,4520,452030,45,45203030,D,USA,519130,7370,190,940,B-,TX,SPEED COMMERCE INC,SPDC
29433, , ,6/30/13,Richardson,Speed Commerce Inc,4520,452030,45,45203030,D,USA,519130,7370,190,940,B-,TX,SPEED COMMERCE INC,SPDC
29433, , ,7/31/13,Richardson,Speed Commerce Inc,4520,452030,45,45203030,D,USA,519130,7370,190,940,B-,TX,SPEED COMMERCE INC,SPDC
29433, , ,8/31/13,Richardson,Speed Commerce Inc,4520,452030,45,45203030,D,USA,519130,7370,190,940,B-,TX,SPEED COMMERCE INC,SPDC
29433, , ,9/30/13,Richardson,Speed Commerce Inc,4520,452030,45,45203030,D,USA,519130,7370,190,940,B-,TX,SPEED COMMERCE INC,SPDC
29433, , ,10/31/13,Richardson,Speed Commerce Inc,4520,452030,45,45203030,D,USA,519130,7370,190,940,B-,TX,SPEED COMMERCE INC,SPDC
29435, , ,1/31/10,Beaverton,Planar Systems Inc,4520,452030,45,45203010,D,USA,334419,3679,220,925,C,OR,PLANAR SYSTEMS INC,PLNR
29435, , ,2/28/10,Beaverton,Planar Systems Inc,4520,452030,45,45203010,D,USA,334419,3679,220,925,C,OR,PLANAR SYSTEMS INC,PLNR
29435, , ,3/31/10,Beaverton,Planar Systems Inc,4520,452030,45,45203010,D,USA,334419,3679,220,925,C,OR,PLANAR SYSTEMS INC,PLNR
29435, , ,4/30/10,Beaverton,Planar Systems Inc,4520,452030,45,45203010,D,USA,334419,3679,220,925,C,OR,PLANAR SYSTEMS INC,PLNR
29435, , ,5/31/10,Beaverton,Planar Systems Inc,4520,452030,45,45203010,D,USA,334419,3679,220,925,C,OR,PLANAR SYSTEMS INC,PLNR
29435, , ,6/30/10,Beaverton,Planar Systems Inc,4520,452030,45,45203010,D,USA,334419,3679,220,925,C,OR,PLANAR SYSTEMS INC,PLNR
29435, , ,7/31/10,Beaverton,Planar Systems Inc,4520,452030,45,45203010,D,USA,334419,3679,220,925,C,OR,PLANAR SYSTEMS INC,PLNR
29435, , ,8/31/10,Beaverton,Planar Systems Inc,4520,452030,45,45203010,D,USA,334419,3679,220,925,C,OR,PLANAR SYSTEMS INC,PLNR
29435, , ,9/30/10,Beaverton,Planar Systems Inc,4520,452030,45,45203010,D,USA,334419,3679,220,925,C,OR,PLANAR SYSTEMS INC,PLNR
29435, , ,10/31/10,Beaverton,Planar Systems Inc,4520,452030,45,45203010,D,USA,334419,3679,220,925,C,OR,PLANAR SYSTEMS INC,PLNR
29435, , ,11/30/10,Beaverton,Planar Systems Inc,4520,452030,45,45203010,D,USA,334419,3679,220,925,C,OR,PLANAR SYSTEMS INC,PLNR
29435, , ,12/31/10,Beaverton,Planar Systems Inc,4520,452030,45,45203010,D,USA,334419,3679,220,925,C,OR,PLANAR SYSTEMS INC,PLNR
29435, , ,1/31/11,Beaverton,Planar Systems Inc,4520,452030,45,45203010,D,USA,334419,3679,220,925,C,OR,PLANAR SYSTEMS INC,PLNR
29435, , ,2/28/11,Beaverton,Planar Systems Inc,4520,452030,45,45203010,D,USA,334419,3679,220,925,C,OR,PLANAR SYSTEMS INC,PLNR
29435, , ,3/31/11,Beaverton,Planar Systems Inc,4520,452030,45,45203010,D,USA,334419,3679,220,925,C,OR,PLANAR SYSTEMS INC,PLNR
29435, , ,4/30/11,Beaverton,Planar Systems Inc,4520,452030,45,45203010,D,USA,334419,3679,220,925,C,OR,PLANAR SYSTEMS INC,PLNR
29435, , ,5/31/11,Beaverton,Planar Systems Inc,4520,452030,45,45203010,D,USA,334419,3679,220,925,C,OR,PLANAR SYSTEMS INC,PLNR
29435, , ,6/30/11,Beaverton,Planar Systems Inc,4520,452030,45,45203010,D,USA,334419,3679,220,925,C,OR,PLANAR SYSTEMS INC,PLNR
29435, , ,7/31/11,Beaverton,Planar Systems Inc,4520,452030,45,45203010,D,USA,334419,3679,220,925,C,OR,PLANAR SYSTEMS INC,PLNR
29435, , ,8/31/11,Beaverton,Planar Systems Inc,4520,452030,45,45203010,D,USA,334419,3679,220,925,C,OR,PLANAR SYSTEMS INC,PLNR
29435, , ,9/30/11,Beaverton,Planar Systems Inc,4520,452030,45,45203010,D,USA,334419,3679,220,925,C,OR,PLANAR SYSTEMS INC,PLNR
29435, , ,10/31/11,Beaverton,Planar Systems Inc,4520,452030,45,45203010,D,USA,334419,3679,220,925,C,OR,PLANAR SYSTEMS INC,PLNR
29435, , ,11/30/11,Beaverton,Planar Systems Inc,4520,452030,45,45203010,D,USA,334419,3679,220,925,C,OR,PLANAR SYSTEMS INC,PLNR
29435, , ,12/31/11,Beaverton,Planar Systems Inc,4520,452030,45,45203010,D,USA,334419,3679,220,925,C,OR,PLANAR SYSTEMS INC,PLNR
29435, , ,1/31/12,Beaverton,Planar Systems Inc,4520,452030,45,45203010,D,USA,334419,3679,220,925,C,OR,PLANAR SYSTEMS INC,PLNR
29435, , ,2/29/12,Beaverton,Planar Systems Inc,4520,452030,45,45203010,D,USA,334419,3679,220,925,C,OR,PLANAR SYSTEMS INC,PLNR
29435, , ,3/31/12,Beaverton,Planar Systems Inc,4520,452030,45,45203010,D,USA,334419,3679,220,925,C,OR,PLANAR SYSTEMS INC,PLNR
29435, , ,4/30/12,Beaverton,Planar Systems Inc,4520,452030,45,45203010,D,USA,334419,3679,220,925,C,OR,PLANAR SYSTEMS INC,PLNR
29435, , ,5/31/12,Beaverton,Planar Systems Inc,4520,452030,45,45203010,D,USA,334419,3679,220,925,C,OR,PLANAR SYSTEMS INC,PLNR
29435, , ,6/30/12,Beaverton,Planar Systems Inc,4520,452030,45,45203010,D,USA,334419,3679,220,925,C,OR,PLANAR SYSTEMS INC,PLNR
29435, , ,7/31/12,Beaverton,Planar Systems Inc,4520,452030,45,45203010,D,USA,334419,3679,220,925,C,OR,PLANAR SYSTEMS INC,PLNR
29435, , ,8/31/12,Beaverton,Planar Systems Inc,4520,452030,45,45203010,D,USA,334419,3679,220,925,C,OR,PLANAR SYSTEMS INC,PLNR
29435, , ,9/30/12,Beaverton,Planar Systems Inc,4520,452030,45,45203010,D,USA,334419,3679,220,925,C,OR,PLANAR SYSTEMS INC,PLNR
29435, , ,10/31/12,Beaverton,Planar Systems Inc,4520,452030,45,45203010,D,USA,334419,3679,220,925,C,OR,PLANAR SYSTEMS INC,PLNR
29435, , ,11/30/12,Beaverton,Planar Systems Inc,4520,452030,45,45203010,D,USA,334419,3679,220,925,C,OR,PLANAR SYSTEMS INC,PLNR
29435, , ,12/31/12,Beaverton,Planar Systems Inc,4520,452030,45,45203010,D,USA,334419,3679,220,925,C,OR,PLANAR SYSTEMS INC,PLNR
29435, , ,1/31/13,Beaverton,Planar Systems Inc,4520,452030,45,45203010,D,USA,334419,3679,220,925,C,OR,PLANAR SYSTEMS INC,PLNR
29435, , ,2/28/13,Beaverton,Planar Systems Inc,4520,452030,45,45203010,D,USA,334419,3679,220,925,C,OR,PLANAR SYSTEMS INC,PLNR
29435, , ,3/31/13,Beaverton,Planar Systems Inc,4520,452030,45,45203010,D,USA,334419,3679,220,925,C,OR,PLANAR SYSTEMS INC,PLNR
29435, , ,4/30/13,Beaverton,Planar Systems Inc,4520,452030,45,45203010,D,USA,334419,3679,220,925,C,OR,PLANAR SYSTEMS INC,PLNR
29435, , ,5/31/13,Beaverton,Planar Systems Inc,4520,452030,45,45203010,D,USA,334419,3679,220,925,C,OR,PLANAR SYSTEMS INC,PLNR
29435, , ,6/30/13,Beaverton,Planar Systems Inc,4520,452030,45,45203010,D,USA,334419,3679,220,925,C,OR,PLANAR SYSTEMS INC,PLNR
29435, , ,7/31/13,Beaverton,Planar Systems Inc,4520,452030,45,45203010,D,USA,334419,3679,220,925,C,OR,PLANAR SYSTEMS INC,PLNR
29435, , ,8/31/13,Beaverton,Planar Systems Inc,4520,452030,45,45203010,D,USA,334419,3679,220,925,C,OR,PLANAR SYSTEMS INC,PLNR
29435, , ,9/30/13,Beaverton,Planar Systems Inc,4520,452030,45,45203010,D,USA,334419,3679,220,925,C,OR,PLANAR SYSTEMS INC,PLNR
29435, , ,10/31/13,Beaverton,Planar Systems Inc,4520,452030,45,45203010,D,USA,334419,3679,220,925,C,OR,PLANAR SYSTEMS INC,PLNR
29634, , ,1/31/10,Chicago,Telular Corp,4520,452010,45,45201020,D,USA,334220,3663,180,940,B,IL,TELULAR CORP,WRLS
29634, , ,2/28/10,Chicago,Telular Corp,4520,452010,45,45201020,D,USA,334220,3663,180,940,B,IL,TELULAR CORP,WRLS
29634, , ,3/31/10,Chicago,Telular Corp,4520,452010,45,45201020,D,USA,334220,3663,180,940,B,IL,TELULAR CORP,WRLS
29634, , ,4/30/10,Chicago,Telular Corp,4520,452010,45,45201020,D,USA,334220,3663,180,940,B,IL,TELULAR CORP,WRLS
29634, , ,5/31/10,Chicago,Telular Corp,4520,452010,45,45201020,D,USA,334220,3663,180,940,B,IL,TELULAR CORP,WRLS
29634, , ,6/30/10,Chicago,Telular Corp,4520,452010,45,45201020,D,USA,334220,3663,180,940,B,IL,TELULAR CORP,WRLS
29634, , ,7/31/10,Chicago,Telular Corp,4520,452010,45,45201020,D,USA,334220,3663,180,940,B,IL,TELULAR CORP,WRLS
29634, , ,8/31/10,Chicago,Telular Corp,4520,452010,45,45201020,D,USA,334220,3663,180,940,B,IL,TELULAR CORP,WRLS
29634, , ,9/30/10,Chicago,Telular Corp,4520,452010,45,45201020,D,USA,334220,3663,180,940,B,IL,TELULAR CORP,WRLS
29634, , ,10/31/10,Chicago,Telular Corp,4520,452010,45,45201020,D,USA,334220,3663,180,940,B,IL,TELULAR CORP,WRLS
29634, , ,11/30/10,Chicago,Telular Corp,4520,452010,45,45201020,D,USA,334220,3663,180,940,B,IL,TELULAR CORP,WRLS
29634, , ,12/31/10,Chicago,Telular Corp,4520,452010,45,45201020,D,USA,334220,3663,180,940,B,IL,TELULAR CORP,WRLS
29634, , ,1/31/11,Chicago,Telular Corp,4520,452010,45,45201020,D,USA,334220,3663,180,940,B,IL,TELULAR CORP,WRLS
29634, , ,2/28/11,Chicago,Telular Corp,4520,452010,45,45201020,D,USA,334220,3663,180,940,B,IL,TELULAR CORP,WRLS
29634, , ,3/31/11,Chicago,Telular Corp,4520,452010,45,45201020,D,USA,334220,3663,180,940,B,IL,TELULAR CORP,WRLS
29634, , ,4/30/11,Chicago,Telular Corp,4520,452010,45,45201020,D,USA,334220,3663,180,940,B,IL,TELULAR CORP,WRLS
29634, , ,5/31/11,Chicago,Telular Corp,4520,452010,45,45201020,D,USA,334220,3663,180,940,B,IL,TELULAR CORP,WRLS
29634, , ,6/30/11,Chicago,Telular Corp,4520,452010,45,45201020,D,USA,334220,3663,180,940,B,IL,TELULAR CORP,WRLS
29634, , ,7/31/11,Chicago,Telular Corp,4520,452010,45,45201020,D,USA,334220,3663,180,940,B,IL,TELULAR CORP,WRLS
29634, , ,8/31/11,Chicago,Telular Corp,4520,452010,45,45201020,D,USA,334220,3663,180,940,B,IL,TELULAR CORP,WRLS
29634, , ,9/30/11,Chicago,Telular Corp,4520,452010,45,45201020,D,USA,334220,3663,180,940,B,IL,TELULAR CORP,WRLS
29634, , ,10/31/11,Chicago,Telular Corp,4520,452010,45,45201020,D,USA,334220,3663,180,940,B,IL,TELULAR CORP,WRLS
29634, , ,11/30/11,Chicago,Telular Corp,4520,452010,45,45201020,D,USA,334220,3663,180,940,B,IL,TELULAR CORP,WRLS
29634, , ,12/31/11,Chicago,Telular Corp,4520,452010,45,45201020,D,USA,334220,3663,180,940,B,IL,TELULAR CORP,WRLS
29634, , ,1/31/12,Chicago,Telular Corp,4520,452010,45,45201020,D,USA,334220,3663,180,940,B,IL,TELULAR CORP,WRLS
29634, , ,2/29/12,Chicago,Telular Corp,4520,452010,45,45201020,D,USA,334220,3663,180,940,B,IL,TELULAR CORP,WRLS
29634, , ,3/31/12,Chicago,Telular Corp,4520,452010,45,45201020,D,USA,334220,3663,180,940,B,IL,TELULAR CORP,WRLS
29634, , ,4/30/12,Chicago,Telular Corp,4520,452010,45,45201020,D,USA,334220,3663,180,940,B,IL,TELULAR CORP,WRLS
29634, , ,5/31/12,Chicago,Telular Corp,4520,452010,45,45201020,D,USA,334220,3663,180,940,B,IL,TELULAR CORP,WRLS
29634, , ,6/30/12,Chicago,Telular Corp,4520,452010,45,45201020,D,USA,334220,3663,180,940,B,IL,TELULAR CORP,WRLS
29634, , ,7/31/12,Chicago,Telular Corp,4520,452010,45,45201020,D,USA,334220,3663,180,940,B,IL,TELULAR CORP,WRLS
29634, , ,8/31/12,Chicago,Telular Corp,4520,452010,45,45201020,D,USA,334220,3663,180,940,B,IL,TELULAR CORP,WRLS
29634, , ,9/30/12,Chicago,Telular Corp,4520,452010,45,45201020,D,USA,334220,3663,180,940,B,IL,TELULAR CORP,WRLS
29634, , ,10/31/12,Chicago,Telular Corp,4520,452010,45,45201020,D,USA,334220,3663,180,940,B,IL,TELULAR CORP,WRLS
29634, , ,11/30/12,Chicago,Telular Corp,4520,452010,45,45201020,D,USA,334220,3663,180,940,B,IL,TELULAR CORP,WRLS
29634, , ,12/31/12,Chicago,Telular Corp,4520,452010,45,45201020,D,USA,334220,3663,180,940,B,IL,TELULAR CORP,WRLS
29634, , ,1/31/13,Chicago,Telular Corp,4520,452010,45,45201020,D,USA,334220,3663,180,940,B,IL,TELULAR CORP,WRLS
29634, , ,2/28/13,Chicago,Telular Corp,4520,452010,45,45201020,D,USA,334220,3663,180,940,B,IL,TELULAR CORP,WRLS
29634, , ,3/31/13,Chicago,Telular Corp,4520,452010,45,45201020,D,USA,334220,3663,180,940,B,IL,TELULAR CORP,WRLS
29634, , ,4/30/13,Chicago,Telular Corp,4520,452010,45,45201020,D,USA,334220,3663,180,940,B,IL,TELULAR CORP,WRLS
29634, , ,5/31/13,Chicago,Telular Corp,4520,452010,45,45201020,D,USA,334220,3663,180,940,B,IL,TELULAR CORP,WRLS
29634, , ,6/30/13,Chicago,Telular Corp,4520,452010,45,45201020,D,USA,334220,3663,180,940,B,IL,TELULAR CORP,WRLS
29698, , ,1/31/10,Elk Grove Village,SigmaTron International Inc,4520,452030,45,45203020,D,USA,334412,3672,220,925,B-,IL,SIGMATRON INTERNATIONAL INC,SGMA
29698, , ,2/28/10,Elk Grove Village,SigmaTron International Inc,4520,452030,45,45203020,D,USA,334412,3672,220,925,B-,IL,SIGMATRON INTERNATIONAL INC,SGMA
29698, , ,3/31/10,Elk Grove Village,SigmaTron International Inc,4520,452030,45,45203020,D,USA,334412,3672,220,925,B-,IL,SIGMATRON INTERNATIONAL INC,SGMA
29698, , ,4/30/10,Elk Grove Village,SigmaTron International Inc,4520,452030,45,45203020,D,USA,334412,3672,220,925,B-,IL,SIGMATRON INTERNATIONAL INC,SGMA
29698, , ,5/31/10,Elk Grove Village,SigmaTron International Inc,4520,452030,45,45203020,D,USA,334412,3672,220,925,B-,IL,SIGMATRON INTERNATIONAL INC,SGMA
29698, , ,6/30/10,Elk Grove Village,SigmaTron International Inc,4520,452030,45,45203020,D,USA,334412,3672,220,925,B-,IL,SIGMATRON INTERNATIONAL INC,SGMA
29698, , ,7/31/10,Elk Grove Village,SigmaTron International Inc,4520,452030,45,45203020,D,USA,334412,3672,220,925,B-,IL,SIGMATRON INTERNATIONAL INC,SGMA
29698, , ,8/31/10,Elk Grove Village,SigmaTron International Inc,4520,452030,45,45203020,D,USA,334412,3672,220,925,B-,IL,SIGMATRON INTERNATIONAL INC,SGMA
29698, , ,9/30/10,Elk Grove Village,SigmaTron International Inc,4520,452030,45,45203020,D,USA,334412,3672,220,925,B-,IL,SIGMATRON INTERNATIONAL INC,SGMA
29698, , ,10/31/10,Elk Grove Village,SigmaTron International Inc,4520,452030,45,45203020,D,USA,334412,3672,220,925,B-,IL,SIGMATRON INTERNATIONAL INC,SGMA
29698, , ,11/30/10,Elk Grove Village,SigmaTron International Inc,4520,452030,45,45203020,D,USA,334412,3672,220,925,B-,IL,SIGMATRON INTERNATIONAL INC,SGMA
29698, , ,12/31/10,Elk Grove Village,SigmaTron International Inc,4520,452030,45,45203020,D,USA,334412,3672,220,925,B-,IL,SIGMATRON INTERNATIONAL INC,SGMA
29698, , ,1/31/11,Elk Grove Village,SigmaTron International Inc,4520,452030,45,45203020,D,USA,334412,3672,220,925,B-,IL,SIGMATRON INTERNATIONAL INC,SGMA
29698, , ,2/28/11,Elk Grove Village,SigmaTron International Inc,4520,452030,45,45203020,D,USA,334412,3672,220,925,B-,IL,SIGMATRON INTERNATIONAL INC,SGMA
29698, , ,3/31/11,Elk Grove Village,SigmaTron International Inc,4520,452030,45,45203020,D,USA,334412,3672,220,925,B-,IL,SIGMATRON INTERNATIONAL INC,SGMA
29698, , ,4/30/11,Elk Grove Village,SigmaTron International Inc,4520,452030,45,45203020,D,USA,334412,3672,220,925,B-,IL,SIGMATRON INTERNATIONAL INC,SGMA
29698, , ,5/31/11,Elk Grove Village,SigmaTron International Inc,4520,452030,45,45203020,D,USA,334412,3672,220,925,B-,IL,SIGMATRON INTERNATIONAL INC,SGMA
29698, , ,6/30/11,Elk Grove Village,SigmaTron International Inc,4520,452030,45,45203020,D,USA,334412,3672,220,925,B-,IL,SIGMATRON INTERNATIONAL INC,SGMA
29698, , ,7/31/11,Elk Grove Village,SigmaTron International Inc,4520,452030,45,45203020,D,USA,334412,3672,220,925,B-,IL,SIGMATRON INTERNATIONAL INC,SGMA
29698, , ,8/31/11,Elk Grove Village,SigmaTron International Inc,4520,452030,45,45203020,D,USA,334412,3672,220,925,B-,IL,SIGMATRON INTERNATIONAL INC,SGMA
29698, , ,9/30/11,Elk Grove Village,SigmaTron International Inc,4520,452030,45,45203020,D,USA,334412,3672,220,925,B-,IL,SIGMATRON INTERNATIONAL INC,SGMA
29698, , ,10/31/11,Elk Grove Village,SigmaTron International Inc,4520,452030,45,45203020,D,USA,334412,3672,220,925,B-,IL,SIGMATRON INTERNATIONAL INC,SGMA
29698, , ,11/30/11,Elk Grove Village,SigmaTron International Inc,4520,452030,45,45203020,D,USA,334412,3672,220,925,B-,IL,SIGMATRON INTERNATIONAL INC,SGMA
29698, , ,12/31/11,Elk Grove Village,SigmaTron International Inc,4520,452030,45,45203020,D,USA,334412,3672,220,925,B-,IL,SIGMATRON INTERNATIONAL INC,SGMA
29698, , ,1/31/12,Elk Grove Village,SigmaTron International Inc,4520,452030,45,45203020,D,USA,334412,3672,220,925,B-,IL,SIGMATRON INTERNATIONAL INC,SGMA
29698, , ,2/29/12,Elk Grove Village,SigmaTron International Inc,4520,452030,45,45203020,D,USA,334412,3672,220,925,B-,IL,SIGMATRON INTERNATIONAL INC,SGMA
29698, , ,3/31/12,Elk Grove Village,SigmaTron International Inc,4520,452030,45,45203020,D,USA,334412,3672,220,925,B-,IL,SIGMATRON INTERNATIONAL INC,SGMA
29698, , ,4/30/12,Elk Grove Village,SigmaTron International Inc,4520,452030,45,45203020,D,USA,334412,3672,220,925,B-,IL,SIGMATRON INTERNATIONAL INC,SGMA
29698, , ,5/31/12,Elk Grove Village,SigmaTron International Inc,4520,452030,45,45203020,D,USA,334412,3672,220,925,B-,IL,SIGMATRON INTERNATIONAL INC,SGMA
29698, , ,6/30/12,Elk Grove Village,SigmaTron International Inc,4520,452030,45,45203020,D,USA,334412,3672,220,925,B-,IL,SIGMATRON INTERNATIONAL INC,SGMA
29698, , ,7/31/12,Elk Grove Village,SigmaTron International Inc,4520,452030,45,45203020,D,USA,334412,3672,220,925,B-,IL,SIGMATRON INTERNATIONAL INC,SGMA
29698, , ,8/31/12,Elk Grove Village,SigmaTron International Inc,4520,452030,45,45203020,D,USA,334412,3672,220,925,B-,IL,SIGMATRON INTERNATIONAL INC,SGMA
29698, , ,9/30/12,Elk Grove Village,SigmaTron International Inc,4520,452030,45,45203020,D,USA,334412,3672,220,925,B-,IL,SIGMATRON INTERNATIONAL INC,SGMA
29698, , ,10/31/12,Elk Grove Village,SigmaTron International Inc,4520,452030,45,45203020,D,USA,334412,3672,220,925,B-,IL,SIGMATRON INTERNATIONAL INC,SGMA
29698, , ,11/30/12,Elk Grove Village,SigmaTron International Inc,4520,452030,45,45203020,D,USA,334412,3672,220,925,B-,IL,SIGMATRON INTERNATIONAL INC,SGMA
29698, , ,12/31/12,Elk Grove Village,SigmaTron International Inc,4520,452030,45,45203020,D,USA,334412,3672,220,925,B-,IL,SIGMATRON INTERNATIONAL INC,SGMA
29698, , ,1/31/13,Elk Grove Village,SigmaTron International Inc,4520,452030,45,45203020,D,USA,334412,3672,220,925,B-,IL,SIGMATRON INTERNATIONAL INC,SGMA
29698, , ,2/28/13,Elk Grove Village,SigmaTron International Inc,4520,452030,45,45203020,D,USA,334412,3672,220,925,B-,IL,SIGMATRON INTERNATIONAL INC,SGMA
29698, , ,3/31/13,Elk Grove Village,SigmaTron International Inc,4520,452030,45,45203020,D,USA,334412,3672,220,925,B-,IL,SIGMATRON INTERNATIONAL INC,SGMA
29698, , ,4/30/13,Elk Grove Village,SigmaTron International Inc,4520,452030,45,45203020,D,USA,334412,3672,220,925,B-,IL,SIGMATRON INTERNATIONAL INC,SGMA
29698, , ,5/31/13,Elk Grove Village,SigmaTron International Inc,4520,452030,45,45203020,D,USA,334412,3672,220,925,B-,IL,SIGMATRON INTERNATIONAL INC,SGMA
29698, , ,6/30/13,Elk Grove Village,SigmaTron International Inc,4520,452030,45,45203020,D,USA,334412,3672,220,925,B-,IL,SIGMATRON INTERNATIONAL INC,SGMA
29698, , ,7/31/13,Elk Grove Village,SigmaTron International Inc,4520,452030,45,45203020,D,USA,334412,3672,220,925,B-,IL,SIGMATRON INTERNATIONAL INC,SGMA
29698, , ,8/31/13,Elk Grove Village,SigmaTron International Inc,4520,452030,45,45203020,D,USA,334412,3672,220,925,B-,IL,SIGMATRON INTERNATIONAL INC,SGMA
29698, , ,9/30/13,Elk Grove Village,SigmaTron International Inc,4520,452030,45,45203020,D,USA,334412,3672,220,925,B-,IL,SIGMATRON INTERNATIONAL INC,SGMA
29698, , ,10/31/13,Elk Grove Village,SigmaTron International Inc,4520,452030,45,45203020,D,USA,334412,3672,220,925,B-,IL,SIGMATRON INTERNATIONAL INC,SGMA
29705, , ,1/31/10,Brookings,Daktronics Inc,4520,452030,45,45203010,D,USA,339950,3990,355,925,B,SD,DAKTRONICS INC,DAKT
29705, , ,2/28/10,Brookings,Daktronics Inc,4520,452030,45,45203010,D,USA,339950,3990,355,925,B,SD,DAKTRONICS INC,DAKT
29705, , ,3/31/10,Brookings,Daktronics Inc,4520,452030,45,45203010,D,USA,339950,3990,355,925,B,SD,DAKTRONICS INC,DAKT
29705, , ,4/30/10,Brookings,Daktronics Inc,4520,452030,45,45203010,D,USA,339950,3990,355,925,B,SD,DAKTRONICS INC,DAKT
29705, , ,5/31/10,Brookings,Daktronics Inc,4520,452030,45,45203010,D,USA,339950,3990,355,925,B,SD,DAKTRONICS INC,DAKT
29705, , ,6/30/10,Brookings,Daktronics Inc,4520,452030,45,45203010,D,USA,339950,3990,355,925,B,SD,DAKTRONICS INC,DAKT
29705, , ,7/31/10,Brookings,Daktronics Inc,4520,452030,45,45203010,D,USA,339950,3990,355,925,B,SD,DAKTRONICS INC,DAKT
29705, , ,8/31/10,Brookings,Daktronics Inc,4520,452030,45,45203010,D,USA,339950,3990,355,925,B,SD,DAKTRONICS INC,DAKT
29705, , ,9/30/10,Brookings,Daktronics Inc,4520,452030,45,45203010,D,USA,339950,3990,355,925,B,SD,DAKTRONICS INC,DAKT
29705, , ,10/31/10,Brookings,Daktronics Inc,4520,452030,45,45203010,D,USA,339950,3990,355,925,B,SD,DAKTRONICS INC,DAKT
29705, , ,11/30/10,Brookings,Daktronics Inc,4520,452030,45,45203010,D,USA,339950,3990,355,925,B,SD,DAKTRONICS INC,DAKT
29705, , ,12/31/10,Brookings,Daktronics Inc,4520,452030,45,45203010,D,USA,339950,3990,355,925,B,SD,DAKTRONICS INC,DAKT
29705, , ,1/31/11,Brookings,Daktronics Inc,4520,452030,45,45203010,D,USA,339950,3990,355,925,B,SD,DAKTRONICS INC,DAKT
29705, , ,2/28/11,Brookings,Daktronics Inc,4520,452030,45,45203010,D,USA,339950,3990,355,925,B,SD,DAKTRONICS INC,DAKT
29705, , ,3/31/11,Brookings,Daktronics Inc,4520,452030,45,45203010,D,USA,339950,3990,355,925,B,SD,DAKTRONICS INC,DAKT
29705, , ,4/30/11,Brookings,Daktronics Inc,4520,452030,45,45203010,D,USA,339950,3990,355,925,B,SD,DAKTRONICS INC,DAKT
29705, , ,5/31/11,Brookings,Daktronics Inc,4520,452030,45,45203010,D,USA,339950,3990,355,925,B,SD,DAKTRONICS INC,DAKT
29705, , ,6/30/11,Brookings,Daktronics Inc,4520,452030,45,45203010,D,USA,339950,3990,355,925,B,SD,DAKTRONICS INC,DAKT
29705, , ,7/31/11,Brookings,Daktronics Inc,4520,452030,45,45203010,D,USA,339950,3990,355,925,B,SD,DAKTRONICS INC,DAKT
29705, , ,8/31/11,Brookings,Daktronics Inc,4520,452030,45,45203010,D,USA,339950,3990,355,925,B,SD,DAKTRONICS INC,DAKT
29705, , ,9/30/11,Brookings,Daktronics Inc,4520,452030,45,45203010,D,USA,339950,3990,355,925,B,SD,DAKTRONICS INC,DAKT
29705, , ,10/31/11,Brookings,Daktronics Inc,4520,452030,45,45203010,D,USA,339950,3990,355,925,B,SD,DAKTRONICS INC,DAKT
29705, , ,11/30/11,Brookings,Daktronics Inc,4520,452030,45,45203010,D,USA,339950,3990,355,925,B,SD,DAKTRONICS INC,DAKT
29705, , ,12/31/11,Brookings,Daktronics Inc,4520,452030,45,45203010,D,USA,339950,3990,355,925,B,SD,DAKTRONICS INC,DAKT
29705, , ,1/31/12,Brookings,Daktronics Inc,4520,452030,45,45203010,D,USA,339950,3990,355,925,B,SD,DAKTRONICS INC,DAKT
29705, , ,2/29/12,Brookings,Daktronics Inc,4520,452030,45,45203010,D,USA,339950,3990,355,925,B,SD,DAKTRONICS INC,DAKT
29705, , ,3/31/12,Brookings,Daktronics Inc,4520,452030,45,45203010,D,USA,339950,3990,355,925,B,SD,DAKTRONICS INC,DAKT
29705, , ,4/30/12,Brookings,Daktronics Inc,4520,452030,45,45203010,D,USA,339950,3990,355,925,B,SD,DAKTRONICS INC,DAKT
29705, , ,5/31/12,Brookings,Daktronics Inc,4520,452030,45,45203010,D,USA,339950,3990,355,925,B,SD,DAKTRONICS INC,DAKT
29705, , ,6/30/12,Brookings,Daktronics Inc,4520,452030,45,45203010,D,USA,339950,3990,355,925,B,SD,DAKTRONICS INC,DAKT
29705, , ,7/31/12,Brookings,Daktronics Inc,4520,452030,45,45203010,D,USA,339950,3990,355,925,B,SD,DAKTRONICS INC,DAKT
29705, , ,8/31/12,Brookings,Daktronics Inc,4520,452030,45,45203010,D,USA,339950,3990,355,925,B,SD,DAKTRONICS INC,DAKT
29705, , ,9/30/12,Brookings,Daktronics Inc,4520,452030,45,45203010,D,USA,339950,3990,355,925,B,SD,DAKTRONICS INC,DAKT
29705, , ,10/31/12,Brookings,Daktronics Inc,4520,452030,45,45203010,D,USA,339950,3990,355,925,B,SD,DAKTRONICS INC,DAKT
29705, , ,11/30/12,Brookings,Daktronics Inc,4520,452030,45,45203010,D,USA,339950,3990,355,925,B,SD,DAKTRONICS INC,DAKT
29705, , ,12/31/12,Brookings,Daktronics Inc,4520,452030,45,45203010,D,USA,339950,3990,355,925,B,SD,DAKTRONICS INC,DAKT
29705, , ,1/31/13,Brookings,Daktronics Inc,4520,452030,45,45203010,D,USA,339950,3990,355,925,B,SD,DAKTRONICS INC,DAKT
29705, , ,2/28/13,Brookings,Daktronics Inc,4520,452030,45,45203010,D,USA,339950,3990,355,925,B,SD,DAKTRONICS INC,DAKT
29705, , ,3/31/13,Brookings,Daktronics Inc,4520,452030,45,45203010,D,USA,339950,3990,355,925,B,SD,DAKTRONICS INC,DAKT
29705, , ,4/30/13,Brookings,Daktronics Inc,4520,452030,45,45203010,D,USA,339950,3990,355,925,B,SD,DAKTRONICS INC,DAKT
29705, , ,5/31/13,Brookings,Daktronics Inc,4520,452030,45,45203010,D,USA,339950,3990,355,925,B,SD,DAKTRONICS INC,DAKT
29705, , ,6/30/13,Brookings,Daktronics Inc,4520,452030,45,45203010,D,USA,339950,3990,355,925,B,SD,DAKTRONICS INC,DAKT
29705, , ,7/31/13,Brookings,Daktronics Inc,4520,452030,45,45203010,D,USA,339950,3990,355,925,B,SD,DAKTRONICS INC,DAKT
29705, , ,8/31/13,Brookings,Daktronics Inc,4520,452030,45,45203010,D,USA,339950,3990,355,925,B,SD,DAKTRONICS INC,DAKT
29705, , ,9/30/13,Brookings,Daktronics Inc,4520,452030,45,45203010,D,USA,339950,3990,355,925,B,SD,DAKTRONICS INC,DAKT
29705, , ,10/31/13,Brookings,Daktronics Inc,4520,452030,45,45203010,D,USA,339950,3990,355,925,B,SD,DAKTRONICS INC,DAKT
29763, , ,1/31/10,Sunnyvale,OneWorld Systems Inc,4520,452020,45,45202020,D,USA,334210,3661,180,940, ,CA,ONEWORLD SYSTEMS INC,OWLD
29763, , ,2/28/10,Sunnyvale,OneWorld Systems Inc,4520,452020,45,45202020,D,USA,334210,3661,180,940, ,CA,ONEWORLD SYSTEMS INC,OWLD
29763, , ,3/31/10,Sunnyvale,OneWorld Systems Inc,4520,452020,45,45202020,D,USA,334210,3661,180,940, ,CA,ONEWORLD SYSTEMS INC,OWLD
29763, , ,4/30/10,Sunnyvale,OneWorld Systems Inc,4520,452020,45,45202020,D,USA,334210,3661,180,940, ,CA,ONEWORLD SYSTEMS INC,OWLD
29763, , ,5/31/10,Sunnyvale,OneWorld Systems Inc,4520,452020,45,45202020,D,USA,334210,3661,180,940, ,CA,ONEWORLD SYSTEMS INC,OWLD
29763, , ,6/30/10,Sunnyvale,OneWorld Systems Inc,4520,452020,45,45202020,D,USA,334210,3661,180,940, ,CA,ONEWORLD SYSTEMS INC,OWLD
29763, , ,7/31/10,Sunnyvale,OneWorld Systems Inc,4520,452020,45,45202020,D,USA,334210,3661,180,940, ,CA,ONEWORLD SYSTEMS INC,OWLD
29763, , ,8/31/10,Sunnyvale,OneWorld Systems Inc,4520,452020,45,45202020,D,USA,334210,3661,180,940, ,CA,ONEWORLD SYSTEMS INC,OWLD
29763, , ,9/30/10,Sunnyvale,OneWorld Systems Inc,4520,452020,45,45202020,D,USA,334210,3661,180,940, ,CA,ONEWORLD SYSTEMS INC,OWLD
29763, , ,10/31/10,Sunnyvale,OneWorld Systems Inc,4520,452020,45,45202020,D,USA,334210,3661,180,940, ,CA,ONEWORLD SYSTEMS INC,OWLD
29763, , ,11/30/10,Sunnyvale,OneWorld Systems Inc,4520,452020,45,45202020,D,USA,334210,3661,180,940, ,CA,ONEWORLD SYSTEMS INC,OWLD
29763, , ,12/31/10,Sunnyvale,OneWorld Systems Inc,4520,452020,45,45202020,D,USA,334210,3661,180,940, ,CA,ONEWORLD SYSTEMS INC,OWLD
29763, , ,1/31/11,Sunnyvale,OneWorld Systems Inc,4520,452020,45,45202020,D,USA,334210,3661,180,940, ,CA,ONEWORLD SYSTEMS INC,OWLD
29763, , ,2/28/11,Sunnyvale,OneWorld Systems Inc,4520,452020,45,45202020,D,USA,334210,3661,180,940, ,CA,ONEWORLD SYSTEMS INC,OWLD
29763, , ,3/31/11,Sunnyvale,OneWorld Systems Inc,4520,452020,45,45202020,D,USA,334210,3661,180,940, ,CA,ONEWORLD SYSTEMS INC,OWLD
29763, , ,4/30/11,Sunnyvale,OneWorld Systems Inc,4520,452020,45,45202020,D,USA,334210,3661,180,940, ,CA,ONEWORLD SYSTEMS INC,OWLD
29763, , ,5/31/11,Sunnyvale,OneWorld Systems Inc,4520,452020,45,45202020,D,USA,334210,3661,180,940, ,CA,ONEWORLD SYSTEMS INC,OWLD
29763, , ,6/30/11,Sunnyvale,OneWorld Systems Inc,4520,452020,45,45202020,D,USA,334210,3661,180,940, ,CA,ONEWORLD SYSTEMS INC,OWLD
29763, , ,7/31/11,Sunnyvale,OneWorld Systems Inc,4520,452020,45,45202020,D,USA,334210,3661,180,940, ,CA,ONEWORLD SYSTEMS INC,OWLD
29763, , ,8/31/11,Sunnyvale,OneWorld Systems Inc,4520,452020,45,45202020,D,USA,334210,3661,180,940, ,CA,ONEWORLD SYSTEMS INC,OWLD
29772, , ,1/31/10,San Antonio,Video River Networks Inc,4520,452010,45,45201020,D,USA,334290,3669,175,976,C,TX,VIDEO RIVER NETWORKS INC,NIHK
29772, , ,2/28/10,San Antonio,Video River Networks Inc,4520,452010,45,45201020,D,USA,334290,3669,175,976,C,TX,VIDEO RIVER NETWORKS INC,NIHK
29772, , ,3/31/10,San Antonio,Video River Networks Inc,4520,452010,45,45201020,D,USA,334290,3669,175,976,C,TX,VIDEO RIVER NETWORKS INC,NIHK
29772, , ,4/30/10,San Antonio,Video River Networks Inc,4520,452010,45,45201020,D,USA,334290,3669,175,976,C,TX,VIDEO RIVER NETWORKS INC,NIHK
29772, , ,5/31/10,San Antonio,Video River Networks Inc,4520,452010,45,45201020,D,USA,334290,3669,175,976,C,TX,VIDEO RIVER NETWORKS INC,NIHK
29772, , ,6/30/10,San Antonio,Video River Networks Inc,4520,452010,45,45201020,D,USA,334290,3669,175,976,C,TX,VIDEO RIVER NETWORKS INC,NIHK
29772, , ,7/31/10,San Antonio,Video River Networks Inc,4520,452010,45,45201020,D,USA,334290,3669,175,976,C,TX,VIDEO RIVER NETWORKS INC,NIHK
29772, , ,8/31/10,San Antonio,Video River Networks Inc,4520,452010,45,45201020,D,USA,334290,3669,175,976,C,TX,VIDEO RIVER NETWORKS INC,NIHK
29772, , ,9/30/10,San Antonio,Video River Networks Inc,4520,452010,45,45201020,D,USA,334290,3669,175,976,C,TX,VIDEO RIVER NETWORKS INC,NIHK
29772, , ,10/31/10,San Antonio,Video River Networks Inc,4520,452010,45,45201020,D,USA,334290,3669,175,976,C,TX,VIDEO RIVER NETWORKS INC,NIHK
29772, , ,11/30/10,San Antonio,Video River Networks Inc,4520,452010,45,45201020,D,USA,334290,3669,175,976,C,TX,VIDEO RIVER NETWORKS INC,NIHK
29772, , ,12/31/10,San Antonio,Video River Networks Inc,4520,452010,45,45201020,D,USA,334290,3669,175,976,C,TX,VIDEO RIVER NETWORKS INC,NIHK
29772, , ,1/31/11,San Antonio,Video River Networks Inc,4520,452010,45,45201020,D,USA,334290,3669,175,976,C,TX,VIDEO RIVER NETWORKS INC,NIHK
29772, , ,2/28/11,San Antonio,Video River Networks Inc,4520,452010,45,45201020,D,USA,334290,3669,175,976,C,TX,VIDEO RIVER NETWORKS INC,NIHK
29772, , ,3/31/11,San Antonio,Video River Networks Inc,4520,452010,45,45201020,D,USA,334290,3669,175,976,C,TX,VIDEO RIVER NETWORKS INC,NIHK
29772, , ,4/30/11,San Antonio,Video River Networks Inc,4520,452010,45,45201020,D,USA,334290,3669,175,976,C,TX,VIDEO RIVER NETWORKS INC,NIHK
29772, , ,5/31/11,San Antonio,Video River Networks Inc,4520,452010,45,45201020,D,USA,334290,3669,175,976,C,TX,VIDEO RIVER NETWORKS INC,NIHK
29772, , ,6/30/11,San Antonio,Video River Networks Inc,4520,452010,45,45201020,D,USA,334290,3669,175,976,C,TX,VIDEO RIVER NETWORKS INC,NIHK
29772, , ,7/31/11,San Antonio,Video River Networks Inc,4520,452010,45,45201020,D,USA,334290,3669,175,976,C,TX,VIDEO RIVER NETWORKS INC,NIHK
29772, , ,8/31/11,San Antonio,Video River Networks Inc,4520,452010,45,45201020,D,USA,334290,3669,175,976,C,TX,VIDEO RIVER NETWORKS INC,NIHK
29772, , ,9/30/11,San Antonio,Video River Networks Inc,4520,452010,45,45201020,D,USA,334290,3669,175,976,C,TX,VIDEO RIVER NETWORKS INC,NIHK
29772, , ,10/31/11,San Antonio,Video River Networks Inc,4520,452010,45,45201020,D,USA,334290,3669,175,976,C,TX,VIDEO RIVER NETWORKS INC,NIHK
29772, , ,11/30/11,San Antonio,Video River Networks Inc,4520,452010,45,45201020,D,USA,334290,3669,175,976,C,TX,VIDEO RIVER NETWORKS INC,NIHK
29772, , ,12/31/11,San Antonio,Video River Networks Inc,4520,452010,45,45201020,D,USA,334290,3669,175,976,C,TX,VIDEO RIVER NETWORKS INC,NIHK
29772, , ,1/31/12,San Antonio,Video River Networks Inc,4520,452010,45,45201020,D,USA,334290,3669,175,976,C,TX,VIDEO RIVER NETWORKS INC,NIHK
29772, , ,2/29/12,San Antonio,Video River Networks Inc,4520,452010,45,45201020,D,USA,334290,3669,175,976,C,TX,VIDEO RIVER NETWORKS INC,NIHK
29772, , ,3/31/12,San Antonio,Video River Networks Inc,4520,452010,45,45201020,D,USA,334290,3669,175,976,C,TX,VIDEO RIVER NETWORKS INC,NIHK
29772, , ,4/30/12,San Antonio,Video River Networks Inc,4520,452010,45,45201020,D,USA,334290,3669,175,976,C,TX,VIDEO RIVER NETWORKS INC,NIHK
29772, , ,5/31/12,San Antonio,Video River Networks Inc,4520,452010,45,45201020,D,USA,334290,3669,175,976,C,TX,VIDEO RIVER NETWORKS INC,NIHK
29772, , ,6/30/12,San Antonio,Video River Networks Inc,4520,452010,45,45201020,D,USA,334290,3669,175,976,C,TX,VIDEO RIVER NETWORKS INC,NIHK
29772, , ,7/31/12,San Antonio,Video River Networks Inc,4520,452010,45,45201020,D,USA,334290,3669,175,976,C,TX,VIDEO RIVER NETWORKS INC,NIHK
29772, , ,8/31/12,San Antonio,Video River Networks Inc,4520,452010,45,45201020,D,USA,334290,3669,175,976,C,TX,VIDEO RIVER NETWORKS INC,NIHK
29772, , ,9/30/12,San Antonio,Video River Networks Inc,4520,452010,45,45201020,D,USA,334290,3669,175,976,C,TX,VIDEO RIVER NETWORKS INC,NIHK
29772, , ,10/31/12,San Antonio,Video River Networks Inc,4520,452010,45,45201020,D,USA,334290,3669,175,976,C,TX,VIDEO RIVER NETWORKS INC,NIHK
29772, , ,11/30/12,San Antonio,Video River Networks Inc,4520,452010,45,45201020,D,USA,334290,3669,175,976,C,TX,VIDEO RIVER NETWORKS INC,NIHK
29772, , ,12/31/12,San Antonio,Video River Networks Inc,4520,452010,45,45201020,D,USA,334290,3669,175,976,C,TX,VIDEO RIVER NETWORKS INC,NIHK
29772, , ,1/31/13,San Antonio,Video River Networks Inc,4520,452010,45,45201020,D,USA,334290,3669,175,976,C,TX,VIDEO RIVER NETWORKS INC,NIHK
29772, , ,2/28/13,San Antonio,Video River Networks Inc,4520,452010,45,45201020,D,USA,334290,3669,175,976,C,TX,VIDEO RIVER NETWORKS INC,NIHK
29772, , ,3/31/13,San Antonio,Video River Networks Inc,4520,452010,45,45201020,D,USA,334290,3669,175,976,C,TX,VIDEO RIVER NETWORKS INC,NIHK
29772, , ,4/30/13,San Antonio,Video River Networks Inc,4520,452010,45,45201020,D,USA,334290,3669,175,976,C,TX,VIDEO RIVER NETWORKS INC,NIHK
29772, , ,5/31/13,San Antonio,Video River Networks Inc,4520,452010,45,45201020,D,USA,334290,3669,175,976,C,TX,VIDEO RIVER NETWORKS INC,NIHK
29772, , ,6/30/13,San Antonio,Video River Networks Inc,4520,452010,45,45201020,D,USA,334290,3669,175,976,C,TX,VIDEO RIVER NETWORKS INC,NIHK
29772, , ,7/31/13,San Antonio,Video River Networks Inc,4520,452010,45,45201020,D,USA,334290,3669,175,976,C,TX,VIDEO RIVER NETWORKS INC,NIHK
29772, , ,8/31/13,San Antonio,Video River Networks Inc,4520,452010,45,45201020,D,USA,334290,3669,175,976,C,TX,VIDEO RIVER NETWORKS INC,NIHK
29772, , ,9/30/13,San Antonio,Video River Networks Inc,4520,452010,45,45201020,D,USA,334290,3669,175,976,C,TX,VIDEO RIVER NETWORKS INC,NIHK
29772, , ,10/31/13,San Antonio,Video River Networks Inc,4520,452010,45,45201020,D,USA,334290,3669,175,976,C,TX,VIDEO RIVER NETWORKS INC,NIHK
29791, , ,1/31/10,Aliso Viejo,QLogic Corp,4520,452020,45,45202030,D,USA,334413,3674,235,940,B+,CA,QLOGIC CORP,QLGC
29791, , ,2/28/10,Aliso Viejo,QLogic Corp,4520,452020,45,45202030,D,USA,334413,3674,235,940,B+,CA,QLOGIC CORP,QLGC
29791, , ,3/31/10,Aliso Viejo,QLogic Corp,4520,452020,45,45202030,D,USA,334413,3674,235,940,B+,CA,QLOGIC CORP,QLGC
29791, , ,4/30/10,Aliso Viejo,QLogic Corp,4520,452020,45,45202030,D,USA,334413,3674,235,940,B+,CA,QLOGIC CORP,QLGC
29791, , ,5/31/10,Aliso Viejo,QLogic Corp,4520,452020,45,45202030,D,USA,334413,3674,235,940,B+,CA,QLOGIC CORP,QLGC
29791, , ,6/30/10,Aliso Viejo,QLogic Corp,4520,452020,45,45202030,D,USA,334413,3674,235,940,B+,CA,QLOGIC CORP,QLGC
29791, , ,7/31/10,Aliso Viejo,QLogic Corp,4520,452020,45,45202030,D,USA,334413,3674,235,940,B+,CA,QLOGIC CORP,QLGC
29791, , ,8/31/10,Aliso Viejo,QLogic Corp,4520,452020,45,45202030,D,USA,334413,3674,235,940,B+,CA,QLOGIC CORP,QLGC
29791, , ,9/30/10,Aliso Viejo,QLogic Corp,4520,452020,45,45202030,D,USA,334413,3674,235,940,B+,CA,QLOGIC CORP,QLGC
29791, , ,10/31/10,Aliso Viejo,QLogic Corp,4520,452020,45,45202030,D,USA,334413,3674,235,940,B+,CA,QLOGIC CORP,QLGC
29791, , ,11/30/10,Aliso Viejo,QLogic Corp,4520,452020,45,45202030,D,USA,334413,3674,235,940,B+,CA,QLOGIC CORP,QLGC
29791, , ,12/31/10,Aliso Viejo,QLogic Corp,4520,452020,45,45202030,D,USA,334413,3674,235,940,B+,CA,QLOGIC CORP,QLGC
29791, , ,1/31/11,Aliso Viejo,QLogic Corp,4520,452020,45,45202030,D,USA,334413,3674,235,940,B+,CA,QLOGIC CORP,QLGC
29791, , ,2/28/11,Aliso Viejo,QLogic Corp,4520,452020,45,45202030,D,USA,334413,3674,235,940,B+,CA,QLOGIC CORP,QLGC
29791, , ,3/31/11,Aliso Viejo,QLogic Corp,4520,452020,45,45202030,D,USA,334413,3674,235,940,B+,CA,QLOGIC CORP,QLGC
29791, , ,4/30/11,Aliso Viejo,QLogic Corp,4520,452020,45,45202030,D,USA,334413,3674,235,940,B+,CA,QLOGIC CORP,QLGC
29791, , ,5/31/11,Aliso Viejo,QLogic Corp,4520,452020,45,45202030,D,USA,334413,3674,235,940,B+,CA,QLOGIC CORP,QLGC
29791, , ,6/30/11,Aliso Viejo,QLogic Corp,4520,452020,45,45202030,D,USA,334413,3674,235,940,B+,CA,QLOGIC CORP,QLGC
29791, , ,7/31/11,Aliso Viejo,QLogic Corp,4520,452020,45,45202030,D,USA,334413,3674,235,940,B+,CA,QLOGIC CORP,QLGC
29791, , ,8/31/11,Aliso Viejo,QLogic Corp,4520,452020,45,45202030,D,USA,334413,3674,235,940,B+,CA,QLOGIC CORP,QLGC
29791, , ,9/30/11,Aliso Viejo,QLogic Corp,4520,452020,45,45202030,D,USA,334413,3674,235,940,B+,CA,QLOGIC CORP,QLGC
29791, , ,10/31/11,Aliso Viejo,QLogic Corp,4520,452020,45,45202030,D,USA,334413,3674,235,940,B+,CA,QLOGIC CORP,QLGC
29791, , ,11/30/11,Aliso Viejo,QLogic Corp,4520,452020,45,45202030,D,USA,334413,3674,235,940,B+,CA,QLOGIC CORP,QLGC
29791, , ,12/31/11,Aliso Viejo,QLogic Corp,4520,452020,45,45202030,D,USA,334413,3674,235,940,B+,CA,QLOGIC CORP,QLGC
29791, , ,1/31/12,Aliso Viejo,QLogic Corp,4520,452020,45,45202030,D,USA,334413,3674,235,940,B+,CA,QLOGIC CORP,QLGC
29791, , ,2/29/12,Aliso Viejo,QLogic Corp,4520,452020,45,45202030,D,USA,334413,3674,235,940,B+,CA,QLOGIC CORP,QLGC
29791, , ,3/31/12,Aliso Viejo,QLogic Corp,4520,452020,45,45202030,D,USA,334413,3674,235,940,B+,CA,QLOGIC CORP,QLGC
29791, , ,4/30/12,Aliso Viejo,QLogic Corp,4520,452020,45,45202030,D,USA,334413,3674,235,940,B+,CA,QLOGIC CORP,QLGC
29791, , ,5/31/12,Aliso Viejo,QLogic Corp,4520,452020,45,45202030,D,USA,334413,3674,235,940,B+,CA,QLOGIC CORP,QLGC
29791, , ,6/30/12,Aliso Viejo,QLogic Corp,4520,452020,45,45202030,D,USA,334413,3674,235,940,B+,CA,QLOGIC CORP,QLGC
29791, , ,7/31/12,Aliso Viejo,QLogic Corp,4520,452020,45,45202030,D,USA,334413,3674,235,940,B+,CA,QLOGIC CORP,QLGC
29791, , ,8/31/12,Aliso Viejo,QLogic Corp,4520,452020,45,45202030,D,USA,334413,3674,235,940,B+,CA,QLOGIC CORP,QLGC
29791, , ,9/30/12,Aliso Viejo,QLogic Corp,4520,452020,45,45202030,D,USA,334413,3674,235,940,B+,CA,QLOGIC CORP,QLGC
29791, , ,10/31/12,Aliso Viejo,QLogic Corp,4520,452020,45,45202030,D,USA,334413,3674,235,940,B+,CA,QLOGIC CORP,QLGC
29791, , ,11/30/12,Aliso Viejo,QLogic Corp,4520,452020,45,45202030,D,USA,334413,3674,235,940,B+,CA,QLOGIC CORP,QLGC
29791, , ,12/31/12,Aliso Viejo,QLogic Corp,4520,452020,45,45202030,D,USA,334413,3674,235,940,B+,CA,QLOGIC CORP,QLGC
29791, , ,1/31/13,Aliso Viejo,QLogic Corp,4520,452020,45,45202030,D,USA,334413,3674,235,940,B+,CA,QLOGIC CORP,QLGC
29791, , ,2/28/13,Aliso Viejo,QLogic Corp,4520,452020,45,45202030,D,USA,334413,3674,235,940,B+,CA,QLOGIC CORP,QLGC
29791, , ,3/31/13,Aliso Viejo,QLogic Corp,4520,452020,45,45202030,D,USA,334413,3674,235,940,B+,CA,QLOGIC CORP,QLGC
29791, , ,4/30/13,Aliso Viejo,QLogic Corp,4520,452020,45,45202030,D,USA,334413,3674,235,940,B+,CA,QLOGIC CORP,QLGC
29791, , ,5/31/13,Aliso Viejo,QLogic Corp,4520,452020,45,45202030,D,USA,334413,3674,235,940,B+,CA,QLOGIC CORP,QLGC
29791, , ,6/30/13,Aliso Viejo,QLogic Corp,4520,452020,45,45202030,D,USA,334413,3674,235,940,B+,CA,QLOGIC CORP,QLGC
29791, , ,7/31/13,Aliso Viejo,QLogic Corp,4520,452020,45,45202030,D,USA,334413,3674,235,940,B+,CA,QLOGIC CORP,QLGC
29791, , ,8/31/13,Aliso Viejo,QLogic Corp,4520,452020,45,45202030,D,USA,334413,3674,235,940,B+,CA,QLOGIC CORP,QLGC
29791, , ,9/30/13,Aliso Viejo,QLogic Corp,4520,452020,45,45202030,D,USA,334413,3674,235,940,B+,CA,QLOGIC CORP,QLGC
29791, , ,10/31/13,Aliso Viejo,QLogic Corp,4520,452020,45,45202030,D,USA,334413,3674,235,940,B+,CA,QLOGIC CORP,QLGC
29910, , ,1/31/10,Greenville,ScanSource Inc,4520,452030,45,45203030,D,USA,423430,5045,190,940,B+,SC,SCANSOURCE INC,SCSC
29910, , ,2/28/10,Greenville,ScanSource Inc,4520,452030,45,45203030,D,USA,423430,5045,190,940,B+,SC,SCANSOURCE INC,SCSC
29910, , ,3/31/10,Greenville,ScanSource Inc,4520,452030,45,45203030,D,USA,423430,5045,190,940,B+,SC,SCANSOURCE INC,SCSC
29910, , ,4/30/10,Greenville,ScanSource Inc,4520,452030,45,45203030,D,USA,423430,5045,190,940,B+,SC,SCANSOURCE INC,SCSC
29910, , ,5/31/10,Greenville,ScanSource Inc,4520,452030,45,45203030,D,USA,423430,5045,190,940,B+,SC,SCANSOURCE INC,SCSC
29910, , ,6/30/10,Greenville,ScanSource Inc,4520,452030,45,45203030,D,USA,423430,5045,190,940,B+,SC,SCANSOURCE INC,SCSC
29910, , ,7/31/10,Greenville,ScanSource Inc,4520,452030,45,45203030,D,USA,423430,5045,190,940,B+,SC,SCANSOURCE INC,SCSC
29910, , ,8/31/10,Greenville,ScanSource Inc,4520,452030,45,45203030,D,USA,423430,5045,190,940,B+,SC,SCANSOURCE INC,SCSC
29910, , ,9/30/10,Greenville,ScanSource Inc,4520,452030,45,45203030,D,USA,423430,5045,190,940,B+,SC,SCANSOURCE INC,SCSC
29910, , ,10/31/10,Greenville,ScanSource Inc,4520,452030,45,45203030,D,USA,423430,5045,190,940,B+,SC,SCANSOURCE INC,SCSC
29910, , ,11/30/10,Greenville,ScanSource Inc,4520,452030,45,45203030,D,USA,423430,5045,190,940,B+,SC,SCANSOURCE INC,SCSC
29910, , ,12/31/10,Greenville,ScanSource Inc,4520,452030,45,45203030,D,USA,423430,5045,190,940,B+,SC,SCANSOURCE INC,SCSC
29910, , ,1/31/11,Greenville,ScanSource Inc,4520,452030,45,45203030,D,USA,423430,5045,190,940,B+,SC,SCANSOURCE INC,SCSC
29910, , ,2/28/11,Greenville,ScanSource Inc,4520,452030,45,45203030,D,USA,423430,5045,190,940,B+,SC,SCANSOURCE INC,SCSC
29910, , ,3/31/11,Greenville,ScanSource Inc,4520,452030,45,45203030,D,USA,423430,5045,190,940,B+,SC,SCANSOURCE INC,SCSC
29910, , ,4/30/11,Greenville,ScanSource Inc,4520,452030,45,45203030,D,USA,423430,5045,190,940,B+,SC,SCANSOURCE INC,SCSC
29910, , ,5/31/11,Greenville,ScanSource Inc,4520,452030,45,45203030,D,USA,423430,5045,190,940,B+,SC,SCANSOURCE INC,SCSC
29910, , ,6/30/11,Greenville,ScanSource Inc,4520,452030,45,45203030,D,USA,423430,5045,190,940,B+,SC,SCANSOURCE INC,SCSC
29910, , ,7/31/11,Greenville,ScanSource Inc,4520,452030,45,45203030,D,USA,423430,5045,190,940,B+,SC,SCANSOURCE INC,SCSC
29910, , ,8/31/11,Greenville,ScanSource Inc,4520,452030,45,45203030,D,USA,423430,5045,190,940,B+,SC,SCANSOURCE INC,SCSC
29910, , ,9/30/11,Greenville,ScanSource Inc,4520,452030,45,45203030,D,USA,423430,5045,190,940,B+,SC,SCANSOURCE INC,SCSC
29910, , ,10/31/11,Greenville,ScanSource Inc,4520,452030,45,45203030,D,USA,423430,5045,190,940,B+,SC,SCANSOURCE INC,SCSC
29910, , ,11/30/11,Greenville,ScanSource Inc,4520,452030,45,45203030,D,USA,423430,5045,190,940,B+,SC,SCANSOURCE INC,SCSC
29910, , ,12/31/11,Greenville,ScanSource Inc,4520,452030,45,45203030,D,USA,423430,5045,190,940,B+,SC,SCANSOURCE INC,SCSC
29910, , ,1/31/12,Greenville,ScanSource Inc,4520,452030,45,45203030,D,USA,423430,5045,190,940,B+,SC,SCANSOURCE INC,SCSC
29910, , ,2/29/12,Greenville,ScanSource Inc,4520,452030,45,45203030,D,USA,423430,5045,190,940,B+,SC,SCANSOURCE INC,SCSC
29910, , ,3/31/12,Greenville,ScanSource Inc,4520,452030,45,45203030,D,USA,423430,5045,190,940,B+,SC,SCANSOURCE INC,SCSC
29910, , ,4/30/12,Greenville,ScanSource Inc,4520,452030,45,45203030,D,USA,423430,5045,190,940,B+,SC,SCANSOURCE INC,SCSC
29910, , ,5/31/12,Greenville,ScanSource Inc,4520,452030,45,45203030,D,USA,423430,5045,190,940,B+,SC,SCANSOURCE INC,SCSC
29910, , ,6/30/12,Greenville,ScanSource Inc,4520,452030,45,45203030,D,USA,423430,5045,190,940,B+,SC,SCANSOURCE INC,SCSC
29910, , ,7/31/12,Greenville,ScanSource Inc,4520,452030,45,45203030,D,USA,423430,5045,190,940,B+,SC,SCANSOURCE INC,SCSC
29910, , ,8/31/12,Greenville,ScanSource Inc,4520,452030,45,45203030,D,USA,423430,5045,190,940,B+,SC,SCANSOURCE INC,SCSC
29910, , ,9/30/12,Greenville,ScanSource Inc,4520,452030,45,45203030,D,USA,423430,5045,190,940,B+,SC,SCANSOURCE INC,SCSC
29910, , ,10/31/12,Greenville,ScanSource Inc,4520,452030,45,45203030,D,USA,423430,5045,190,940,B+,SC,SCANSOURCE INC,SCSC
29910, , ,11/30/12,Greenville,ScanSource Inc,4520,452030,45,45203030,D,USA,423430,5045,190,940,B+,SC,SCANSOURCE INC,SCSC
29910, , ,12/31/12,Greenville,ScanSource Inc,4520,452030,45,45203030,D,USA,423430,5045,190,940,B+,SC,SCANSOURCE INC,SCSC
29910, , ,1/31/13,Greenville,ScanSource Inc,4520,452030,45,45203030,D,USA,423430,5045,190,940,B+,SC,SCANSOURCE INC,SCSC
29910, , ,2/28/13,Greenville,ScanSource Inc,4520,452030,45,45203030,D,USA,423430,5045,190,940,B+,SC,SCANSOURCE INC,SCSC
29910, , ,3/31/13,Greenville,ScanSource Inc,4520,452030,45,45203030,D,USA,423430,5045,190,940,B+,SC,SCANSOURCE INC,SCSC
29910, , ,4/30/13,Greenville,ScanSource Inc,4520,452030,45,45203030,D,USA,423430,5045,190,940,B+,SC,SCANSOURCE INC,SCSC
29910, , ,5/31/13,Greenville,ScanSource Inc,4520,452030,45,45203030,D,USA,423430,5045,190,940,B+,SC,SCANSOURCE INC,SCSC
29910, , ,6/30/13,Greenville,ScanSource Inc,4520,452030,45,45203030,D,USA,423430,5045,190,940,B+,SC,SCANSOURCE INC,SCSC
29910, , ,7/31/13,Greenville,ScanSource Inc,4520,452030,45,45203030,D,USA,423430,5045,190,940,B+,SC,SCANSOURCE INC,SCSC
29910, , ,8/31/13,Greenville,ScanSource Inc,4520,452030,45,45203030,D,USA,423430,5045,190,940,B+,SC,SCANSOURCE INC,SCSC
29910, , ,9/30/13,Greenville,ScanSource Inc,4520,452030,45,45203030,D,USA,423430,5045,190,940,B+,SC,SCANSOURCE INC,SCSC
29910, , ,10/31/13,Greenville,ScanSource Inc,4520,452030,45,45203030,D,USA,423430,5045,190,940,B+,SC,SCANSOURCE INC,SCSC
30006, , ,1/31/10,Indianapolis,Brightpoint Inc,4520,452030,45,45203030,D,USA,423690,5065,180,940,B,IN,BRIGHTPOINT INC,CELL
30006, , ,2/28/10,Indianapolis,Brightpoint Inc,4520,452030,45,45203030,D,USA,423690,5065,180,940,B,IN,BRIGHTPOINT INC,CELL
30006, , ,3/31/10,Indianapolis,Brightpoint Inc,4520,452030,45,45203030,D,USA,423690,5065,180,940,B,IN,BRIGHTPOINT INC,CELL
30006, , ,4/30/10,Indianapolis,Brightpoint Inc,4520,452030,45,45203030,D,USA,423690,5065,180,940,B,IN,BRIGHTPOINT INC,CELL
30006, , ,5/31/10,Indianapolis,Brightpoint Inc,4520,452030,45,45203030,D,USA,423690,5065,180,940,B,IN,BRIGHTPOINT INC,CELL
30006, , ,6/30/10,Indianapolis,Brightpoint Inc,4520,452030,45,45203030,D,USA,423690,5065,180,940,B,IN,BRIGHTPOINT INC,CELL
30006, , ,7/31/10,Indianapolis,Brightpoint Inc,4520,452030,45,45203030,D,USA,423690,5065,180,940,B,IN,BRIGHTPOINT INC,CELL
30006, , ,8/31/10,Indianapolis,Brightpoint Inc,4520,452030,45,45203030,D,USA,423690,5065,180,940,B,IN,BRIGHTPOINT INC,CELL
30006, , ,9/30/10,Indianapolis,Brightpoint Inc,4520,452030,45,45203030,D,USA,423690,5065,180,940,B,IN,BRIGHTPOINT INC,CELL
30006, , ,10/31/10,Indianapolis,Brightpoint Inc,4520,452030,45,45203030,D,USA,423690,5065,180,940,B,IN,BRIGHTPOINT INC,CELL
30006, , ,11/30/10,Indianapolis,Brightpoint Inc,4520,452030,45,45203030,D,USA,423690,5065,180,940,B,IN,BRIGHTPOINT INC,CELL
30006, , ,12/31/10,Indianapolis,Brightpoint Inc,4520,452030,45,45203030,D,USA,423690,5065,180,940,B,IN,BRIGHTPOINT INC,CELL
30006, , ,1/31/11,Indianapolis,Brightpoint Inc,4520,452030,45,45203030,D,USA,423690,5065,180,940,B,IN,BRIGHTPOINT INC,CELL
30006, , ,2/28/11,Indianapolis,Brightpoint Inc,4520,452030,45,45203030,D,USA,423690,5065,180,940,B,IN,BRIGHTPOINT INC,CELL
30006, , ,3/31/11,Indianapolis,Brightpoint Inc,4520,452030,45,45203030,D,USA,423690,5065,180,940,B,IN,BRIGHTPOINT INC,CELL
30006, , ,4/30/11,Indianapolis,Brightpoint Inc,4520,452030,45,45203030,D,USA,423690,5065,180,940,B,IN,BRIGHTPOINT INC,CELL
30006, , ,5/31/11,Indianapolis,Brightpoint Inc,4520,452030,45,45203030,D,USA,423690,5065,180,940,B,IN,BRIGHTPOINT INC,CELL
30006, , ,6/30/11,Indianapolis,Brightpoint Inc,4520,452030,45,45203030,D,USA,423690,5065,180,940,B,IN,BRIGHTPOINT INC,CELL
30006, , ,7/31/11,Indianapolis,Brightpoint Inc,4520,452030,45,45203030,D,USA,423690,5065,180,940,B,IN,BRIGHTPOINT INC,CELL
30006, , ,8/31/11,Indianapolis,Brightpoint Inc,4520,452030,45,45203030,D,USA,423690,5065,180,940,B,IN,BRIGHTPOINT INC,CELL
30006, , ,9/30/11,Indianapolis,Brightpoint Inc,4520,452030,45,45203030,D,USA,423690,5065,180,940,B,IN,BRIGHTPOINT INC,CELL
30006, , ,10/31/11,Indianapolis,Brightpoint Inc,4520,452030,45,45203030,D,USA,423690,5065,180,940,B,IN,BRIGHTPOINT INC,CELL
30006, , ,11/30/11,Indianapolis,Brightpoint Inc,4520,452030,45,45203030,D,USA,423690,5065,180,940,B,IN,BRIGHTPOINT INC,CELL
30006, , ,12/31/11,Indianapolis,Brightpoint Inc,4520,452030,45,45203030,D,USA,423690,5065,180,940,B,IN,BRIGHTPOINT INC,CELL
30006, , ,1/31/12,Indianapolis,Brightpoint Inc,4520,452030,45,45203030,D,USA,423690,5065,180,940,B,IN,BRIGHTPOINT INC,CELL
30006, , ,2/29/12,Indianapolis,Brightpoint Inc,4520,452030,45,45203030,D,USA,423690,5065,180,940,B,IN,BRIGHTPOINT INC,CELL
30006, , ,3/31/12,Indianapolis,Brightpoint Inc,4520,452030,45,45203030,D,USA,423690,5065,180,940,B,IN,BRIGHTPOINT INC,CELL
30006, , ,4/30/12,Indianapolis,Brightpoint Inc,4520,452030,45,45203030,D,USA,423690,5065,180,940,B,IN,BRIGHTPOINT INC,CELL
30006, , ,5/31/12,Indianapolis,Brightpoint Inc,4520,452030,45,45203030,D,USA,423690,5065,180,940,B,IN,BRIGHTPOINT INC,CELL
30006, , ,6/30/12,Indianapolis,Brightpoint Inc,4520,452030,45,45203030,D,USA,423690,5065,180,940,B,IN,BRIGHTPOINT INC,CELL
30006, , ,7/31/12,Indianapolis,Brightpoint Inc,4520,452030,45,45203030,D,USA,423690,5065,180,940,B,IN,BRIGHTPOINT INC,CELL
30006, , ,8/31/12,Indianapolis,Brightpoint Inc,4520,452030,45,45203030,D,USA,423690,5065,180,940,B,IN,BRIGHTPOINT INC,CELL
30006, , ,9/30/12,Indianapolis,Brightpoint Inc,4520,452030,45,45203030,D,USA,423690,5065,180,940,B,IN,BRIGHTPOINT INC,CELL
30006, , ,10/31/12,Indianapolis,Brightpoint Inc,4520,452030,45,45203030,D,USA,423690,5065,180,940,B,IN,BRIGHTPOINT INC,CELL
30009, , ,1/31/10,Tustin,MTI Technology Corp,4520,452020,45,45202020,D,USA,334112,3572,188,940,D,CA,MTI TECHNOLOGY CORP,MTICQ
30009, , ,2/28/10,Tustin,MTI Technology Corp,4520,452020,45,45202020,D,USA,334112,3572,188,940,D,CA,MTI TECHNOLOGY CORP,MTICQ
30009, , ,3/31/10,Tustin,MTI Technology Corp,4520,452020,45,45202020,D,USA,334112,3572,188,940,D,CA,MTI TECHNOLOGY CORP,MTICQ
30009, , ,4/30/10,Tustin,MTI Technology Corp,4520,452020,45,45202020,D,USA,334112,3572,188,940,D,CA,MTI TECHNOLOGY CORP,MTICQ
30009, , ,5/31/10,Tustin,MTI Technology Corp,4520,452020,45,45202020,D,USA,334112,3572,188,940,D,CA,MTI TECHNOLOGY CORP,MTICQ
30009, , ,6/30/10,Tustin,MTI Technology Corp,4520,452020,45,45202020,D,USA,334112,3572,188,940,D,CA,MTI TECHNOLOGY CORP,MTICQ
30009, , ,7/31/10,Tustin,MTI Technology Corp,4520,452020,45,45202020,D,USA,334112,3572,188,940,D,CA,MTI TECHNOLOGY CORP,MTICQ
30009, , ,8/31/10,Tustin,MTI Technology Corp,4520,452020,45,45202020,D,USA,334112,3572,188,940,D,CA,MTI TECHNOLOGY CORP,MTICQ
30009, , ,9/30/10,Tustin,MTI Technology Corp,4520,452020,45,45202020,D,USA,334112,3572,188,940,D,CA,MTI TECHNOLOGY CORP,MTICQ
30009, , ,10/31/10,Tustin,MTI Technology Corp,4520,452020,45,45202020,D,USA,334112,3572,188,940,D,CA,MTI TECHNOLOGY CORP,MTICQ
30009, , ,11/30/10,Tustin,MTI Technology Corp,4520,452020,45,45202020,D,USA,334112,3572,188,940,D,CA,MTI TECHNOLOGY CORP,MTICQ
30009, , ,12/31/10,Tustin,MTI Technology Corp,4520,452020,45,45202020,D,USA,334112,3572,188,940,D,CA,MTI TECHNOLOGY CORP,MTICQ
30009, , ,1/31/11,Tustin,MTI Technology Corp,4520,452020,45,45202020,D,USA,334112,3572,188,940,D,CA,MTI TECHNOLOGY CORP,MTICQ
30009, , ,2/28/11,Tustin,MTI Technology Corp,4520,452020,45,45202020,D,USA,334112,3572,188,940,D,CA,MTI TECHNOLOGY CORP,MTICQ
30009, , ,3/31/11,Tustin,MTI Technology Corp,4520,452020,45,45202020,D,USA,334112,3572,188,940,D,CA,MTI TECHNOLOGY CORP,MTICQ
30009, , ,4/30/11,Tustin,MTI Technology Corp,4520,452020,45,45202020,D,USA,334112,3572,188,940,D,CA,MTI TECHNOLOGY CORP,MTICQ
30009, , ,5/31/11,Tustin,MTI Technology Corp,4520,452020,45,45202020,D,USA,334112,3572,188,940,D,CA,MTI TECHNOLOGY CORP,MTICQ
30009, , ,6/30/11,Tustin,MTI Technology Corp,4520,452020,45,45202020,D,USA,334112,3572,188,940,D,CA,MTI TECHNOLOGY CORP,MTICQ
30009, , ,7/31/11,Tustin,MTI Technology Corp,4520,452020,45,45202020,D,USA,334112,3572,188,940,D,CA,MTI TECHNOLOGY CORP,MTICQ
30009, , ,8/31/11,Tustin,MTI Technology Corp,4520,452020,45,45202020,D,USA,334112,3572,188,940,D,CA,MTI TECHNOLOGY CORP,MTICQ
30029, , ,1/31/10,Atlanta,Numerex Corp.,4520,452010,45,45201020,D,USA,334290,3669,180,940,B,GA,NUMEREX CORP  -CL A,NMRX
30029, , ,2/28/10,Atlanta,Numerex Corp.,4520,452010,45,45201020,D,USA,334290,3669,180,940,B,GA,NUMEREX CORP  -CL A,NMRX
30029, , ,3/31/10,Atlanta,Numerex Corp.,4520,452010,45,45201020,D,USA,334290,3669,180,940,B,GA,NUMEREX CORP  -CL A,NMRX
30029, , ,4/30/10,Atlanta,Numerex Corp.,4520,452010,45,45201020,D,USA,334290,3669,180,940,B,GA,NUMEREX CORP  -CL A,NMRX
30029, , ,5/31/10,Atlanta,Numerex Corp.,4520,452010,45,45201020,D,USA,334290,3669,180,940,B,GA,NUMEREX CORP  -CL A,NMRX
30029, , ,6/30/10,Atlanta,Numerex Corp.,4520,452010,45,45201020,D,USA,334290,3669,180,940,B,GA,NUMEREX CORP  -CL A,NMRX
30029, , ,7/31/10,Atlanta,Numerex Corp.,4520,452010,45,45201020,D,USA,334290,3669,180,940,B,GA,NUMEREX CORP  -CL A,NMRX
30029, , ,8/31/10,Atlanta,Numerex Corp.,4520,452010,45,45201020,D,USA,334290,3669,180,940,B,GA,NUMEREX CORP  -CL A,NMRX
30029, , ,9/30/10,Atlanta,Numerex Corp.,4520,452010,45,45201020,D,USA,334290,3669,180,940,B,GA,NUMEREX CORP  -CL A,NMRX
30029, , ,10/31/10,Atlanta,Numerex Corp.,4520,452010,45,45201020,D,USA,334290,3669,180,940,B,GA,NUMEREX CORP  -CL A,NMRX
30029, , ,11/30/10,Atlanta,Numerex Corp.,4520,452010,45,45201020,D,USA,334290,3669,180,940,B,GA,NUMEREX CORP  -CL A,NMRX
30029, , ,12/31/10,Atlanta,Numerex Corp.,4520,452010,45,45201020,D,USA,334290,3669,180,940,B,GA,NUMEREX CORP  -CL A,NMRX
30029, , ,1/31/11,Atlanta,Numerex Corp.,4520,452010,45,45201020,D,USA,334290,3669,180,940,B,GA,NUMEREX CORP  -CL A,NMRX
30029, , ,2/28/11,Atlanta,Numerex Corp.,4520,452010,45,45201020,D,USA,334290,3669,180,940,B,GA,NUMEREX CORP  -CL A,NMRX
30029, , ,3/31/11,Atlanta,Numerex Corp.,4520,452010,45,45201020,D,USA,334290,3669,180,940,B,GA,NUMEREX CORP  -CL A,NMRX
30029, , ,4/30/11,Atlanta,Numerex Corp.,4520,452010,45,45201020,D,USA,334290,3669,180,940,B,GA,NUMEREX CORP  -CL A,NMRX
30029, , ,5/31/11,Atlanta,Numerex Corp.,4520,452010,45,45201020,D,USA,334290,3669,180,940,B,GA,NUMEREX CORP  -CL A,NMRX
30029, , ,6/30/11,Atlanta,Numerex Corp.,4520,452010,45,45201020,D,USA,334290,3669,180,940,B,GA,NUMEREX CORP  -CL A,NMRX
30029, , ,7/31/11,Atlanta,Numerex Corp.,4520,452010,45,45201020,D,USA,334290,3669,180,940,B,GA,NUMEREX CORP  -CL A,NMRX
30029, , ,8/31/11,Atlanta,Numerex Corp.,4520,452010,45,45201020,D,USA,334290,3669,180,940,B,GA,NUMEREX CORP  -CL A,NMRX
30029, , ,9/30/11,Atlanta,Numerex Corp.,4520,452010,45,45201020,D,USA,334290,3669,180,940,B,GA,NUMEREX CORP  -CL A,NMRX
30029, , ,10/31/11,Atlanta,Numerex Corp.,4520,452010,45,45201020,D,USA,334290,3669,180,940,B,GA,NUMEREX CORP  -CL A,NMRX
30029, , ,11/30/11,Atlanta,Numerex Corp.,4520,452010,45,45201020,D,USA,334290,3669,180,940,B,GA,NUMEREX CORP  -CL A,NMRX
30029, , ,12/31/11,Atlanta,Numerex Corp.,4520,452010,45,45201020,D,USA,334290,3669,180,940,B,GA,NUMEREX CORP  -CL A,NMRX
30029, , ,1/31/12,Atlanta,Numerex Corp.,4520,452010,45,45201020,D,USA,334290,3669,180,940,B,GA,NUMEREX CORP  -CL A,NMRX
30029, , ,2/29/12,Atlanta,Numerex Corp.,4520,452010,45,45201020,D,USA,334290,3669,180,940,B,GA,NUMEREX CORP  -CL A,NMRX
30029, , ,3/31/12,Atlanta,Numerex Corp.,4520,452010,45,45201020,D,USA,334290,3669,180,940,B,GA,NUMEREX CORP  -CL A,NMRX
30029, , ,4/30/12,Atlanta,Numerex Corp.,4520,452010,45,45201020,D,USA,334290,3669,180,940,B,GA,NUMEREX CORP  -CL A,NMRX
30029, , ,5/31/12,Atlanta,Numerex Corp.,4520,452010,45,45201020,D,USA,334290,3669,180,940,B,GA,NUMEREX CORP  -CL A,NMRX
30029, , ,6/30/12,Atlanta,Numerex Corp.,4520,452010,45,45201020,D,USA,334290,3669,180,940,B,GA,NUMEREX CORP  -CL A,NMRX
30029, , ,7/31/12,Atlanta,Numerex Corp.,4520,452010,45,45201020,D,USA,334290,3669,180,940,B,GA,NUMEREX CORP  -CL A,NMRX
30029, , ,8/31/12,Atlanta,Numerex Corp.,4520,452010,45,45201020,D,USA,334290,3669,180,940,B,GA,NUMEREX CORP  -CL A,NMRX
30029, , ,9/30/12,Atlanta,Numerex Corp.,4520,452010,45,45201020,D,USA,334290,3669,180,940,B,GA,NUMEREX CORP  -CL A,NMRX
30029, , ,10/31/12,Atlanta,Numerex Corp.,4520,452010,45,45201020,D,USA,334290,3669,180,940,B,GA,NUMEREX CORP  -CL A,NMRX
30029, , ,11/30/12,Atlanta,Numerex Corp.,4520,452010,45,45201020,D,USA,334290,3669,180,940,B,GA,NUMEREX CORP  -CL A,NMRX
30029, , ,12/31/12,Atlanta,Numerex Corp.,4520,452010,45,45201020,D,USA,334290,3669,180,940,B,GA,NUMEREX CORP  -CL A,NMRX
30029, , ,1/31/13,Atlanta,Numerex Corp.,4520,452010,45,45201020,D,USA,334290,3669,180,940,B,GA,NUMEREX CORP  -CL A,NMRX
30029, , ,2/28/13,Atlanta,Numerex Corp.,4520,452010,45,45201020,D,USA,334290,3669,180,940,B,GA,NUMEREX CORP  -CL A,NMRX
30029, , ,3/31/13,Atlanta,Numerex Corp.,4520,452010,45,45201020,D,USA,334290,3669,180,940,B,GA,NUMEREX CORP  -CL A,NMRX
30029, , ,4/30/13,Atlanta,Numerex Corp.,4520,452010,45,45201020,D,USA,334290,3669,180,940,B,GA,NUMEREX CORP  -CL A,NMRX
30029, , ,5/31/13,Atlanta,Numerex Corp.,4520,452010,45,45201020,D,USA,334290,3669,180,940,B,GA,NUMEREX CORP  -CL A,NMRX
30029, , ,6/30/13,Atlanta,Numerex Corp.,4520,452010,45,45201020,D,USA,334290,3669,180,940,B,GA,NUMEREX CORP  -CL A,NMRX
30029, , ,7/31/13,Atlanta,Numerex Corp.,4520,452010,45,45201020,D,USA,334290,3669,180,940,B,GA,NUMEREX CORP  -CL A,NMRX
30029, , ,8/31/13,Atlanta,Numerex Corp.,4520,452010,45,45201020,D,USA,334290,3669,180,940,B,GA,NUMEREX CORP  -CL A,NMRX
30029, , ,9/30/13,Atlanta,Numerex Corp.,4520,452010,45,45201020,D,USA,334290,3669,180,940,B,GA,NUMEREX CORP  -CL A,NMRX
30029, , ,10/31/13,Atlanta,Numerex Corp.,4520,452010,45,45201020,D,USA,334290,3669,180,940,B,GA,NUMEREX CORP  -CL A,NMRX
30030, , ,1/31/10,Kfar Sava,Silicom Ltd,4520,452010,45,45201020,B,ISR,3342,3576,190,940, , ,SILICOM LTD,SILC
30030, , ,2/28/10,Kfar Sava,Silicom Ltd,4520,452010,45,45201020,B,ISR,3342,3576,190,940, , ,SILICOM LTD,SILC
30030, , ,3/31/10,Kfar Sava,Silicom Ltd,4520,452010,45,45201020,B,ISR,3342,3576,190,940, , ,SILICOM LTD,SILC
30030, , ,4/30/10,Kfar Sava,Silicom Ltd,4520,452010,45,45201020,B,ISR,3342,3576,190,940, , ,SILICOM LTD,SILC
30030, , ,5/31/10,Kfar Sava,Silicom Ltd,4520,452010,45,45201020,B,ISR,3342,3576,190,940, , ,SILICOM LTD,SILC
30030, , ,6/30/10,Kfar Sava,Silicom Ltd,4520,452010,45,45201020,B,ISR,3342,3576,190,940, , ,SILICOM LTD,SILC
30030, , ,7/31/10,Kfar Sava,Silicom Ltd,4520,452010,45,45201020,B,ISR,3342,3576,190,940, , ,SILICOM LTD,SILC
30030, , ,8/31/10,Kfar Sava,Silicom Ltd,4520,452010,45,45201020,B,ISR,3342,3576,190,940, , ,SILICOM LTD,SILC
30030, , ,9/30/10,Kfar Sava,Silicom Ltd,4520,452010,45,45201020,B,ISR,3342,3576,190,940, , ,SILICOM LTD,SILC
30030, , ,10/31/10,Kfar Sava,Silicom Ltd,4520,452010,45,45201020,B,ISR,3342,3576,190,940, , ,SILICOM LTD,SILC
30030, , ,11/30/10,Kfar Sava,Silicom Ltd,4520,452010,45,45201020,B,ISR,3342,3576,190,940, , ,SILICOM LTD,SILC
30030, , ,12/31/10,Kfar Sava,Silicom Ltd,4520,452010,45,45201020,B,ISR,3342,3576,190,940, , ,SILICOM LTD,SILC
30030, , ,1/31/11,Kfar Sava,Silicom Ltd,4520,452010,45,45201020,B,ISR,3342,3576,190,940, , ,SILICOM LTD,SILC
30030, , ,2/28/11,Kfar Sava,Silicom Ltd,4520,452010,45,45201020,B,ISR,3342,3576,190,940, , ,SILICOM LTD,SILC
30030, , ,3/31/11,Kfar Sava,Silicom Ltd,4520,452010,45,45201020,B,ISR,3342,3576,190,940, , ,SILICOM LTD,SILC
30030, , ,4/30/11,Kfar Sava,Silicom Ltd,4520,452010,45,45201020,B,ISR,3342,3576,190,940, , ,SILICOM LTD,SILC
30030, , ,5/31/11,Kfar Sava,Silicom Ltd,4520,452010,45,45201020,B,ISR,3342,3576,190,940, , ,SILICOM LTD,SILC
30030, , ,6/30/11,Kfar Sava,Silicom Ltd,4520,452010,45,45201020,B,ISR,3342,3576,190,940, , ,SILICOM LTD,SILC
30030, , ,7/31/11,Kfar Sava,Silicom Ltd,4520,452010,45,45201020,B,ISR,3342,3576,190,940, , ,SILICOM LTD,SILC
30030, , ,8/31/11,Kfar Sava,Silicom Ltd,4520,452010,45,45201020,B,ISR,3342,3576,190,940, , ,SILICOM LTD,SILC
30030, , ,9/30/11,Kfar Sava,Silicom Ltd,4520,452010,45,45201020,B,ISR,3342,3576,190,940, , ,SILICOM LTD,SILC
30030, , ,10/31/11,Kfar Sava,Silicom Ltd,4520,452010,45,45201020,B,ISR,3342,3576,190,940, , ,SILICOM LTD,SILC
30030, , ,11/30/11,Kfar Sava,Silicom Ltd,4520,452010,45,45201020,B,ISR,3342,3576,190,940, , ,SILICOM LTD,SILC
30030, , ,12/31/11,Kfar Sava,Silicom Ltd,4520,452010,45,45201020,B,ISR,3342,3576,190,940, , ,SILICOM LTD,SILC
30030, , ,1/31/12,Kfar Sava,Silicom Ltd,4520,452010,45,45201020,B,ISR,3342,3576,190,940, , ,SILICOM LTD,SILC
30030, , ,2/29/12,Kfar Sava,Silicom Ltd,4520,452010,45,45201020,B,ISR,3342,3576,190,940, , ,SILICOM LTD,SILC
30030, , ,3/31/12,Kfar Sava,Silicom Ltd,4520,452010,45,45201020,B,ISR,3342,3576,190,940, , ,SILICOM LTD,SILC
30030, , ,4/30/12,Kfar Sava,Silicom Ltd,4520,452010,45,45201020,B,ISR,3342,3576,190,940, , ,SILICOM LTD,SILC
30030, , ,5/31/12,Kfar Sava,Silicom Ltd,4520,452010,45,45201020,B,ISR,3342,3576,190,940, , ,SILICOM LTD,SILC
30030, , ,6/30/12,Kfar Sava,Silicom Ltd,4520,452010,45,45201020,B,ISR,3342,3576,190,940, , ,SILICOM LTD,SILC
30030, , ,7/31/12,Kfar Sava,Silicom Ltd,4520,452010,45,45201020,B,ISR,3342,3576,190,940, , ,SILICOM LTD,SILC
30030, , ,8/31/12,Kfar Sava,Silicom Ltd,4520,452010,45,45201020,B,ISR,3342,3576,190,940, , ,SILICOM LTD,SILC
30030, , ,9/30/12,Kfar Sava,Silicom Ltd,4520,452010,45,45201020,B,ISR,3342,3576,190,940, , ,SILICOM LTD,SILC
30030, , ,10/31/12,Kfar Sava,Silicom Ltd,4520,452010,45,45201020,B,ISR,3342,3576,190,940, , ,SILICOM LTD,SILC
30030, , ,11/30/12,Kfar Sava,Silicom Ltd,4520,452010,45,45201020,B,ISR,3342,3576,190,940, , ,SILICOM LTD,SILC
30030, , ,12/31/12,Kfar Sava,Silicom Ltd,4520,452010,45,45201020,B,ISR,3342,3576,190,940, , ,SILICOM LTD,SILC
30030, , ,1/31/13,Kfar Sava,Silicom Ltd,4520,452010,45,45201020,B,ISR,3342,3576,190,940, , ,SILICOM LTD,SILC
30030, , ,2/28/13,Kfar Sava,Silicom Ltd,4520,452010,45,45201020,B,ISR,3342,3576,190,940, , ,SILICOM LTD,SILC
30030, , ,3/31/13,Kfar Sava,Silicom Ltd,4520,452010,45,45201020,B,ISR,3342,3576,190,940, , ,SILICOM LTD,SILC
30030, , ,4/30/13,Kfar Sava,Silicom Ltd,4520,452010,45,45201020,B,ISR,3342,3576,190,940, , ,SILICOM LTD,SILC
30030, , ,5/31/13,Kfar Sava,Silicom Ltd,4520,452010,45,45201020,B,ISR,3342,3576,190,940, , ,SILICOM LTD,SILC
30030, , ,6/30/13,Kfar Sava,Silicom Ltd,4520,452010,45,45201020,B,ISR,3342,3576,190,940, , ,SILICOM LTD,SILC
30030, , ,7/31/13,Kfar Sava,Silicom Ltd,4520,452010,45,45201020,B,ISR,3342,3576,190,940, , ,SILICOM LTD,SILC
30030, , ,8/31/13,Kfar Sava,Silicom Ltd,4520,452010,45,45201020,B,ISR,3342,3576,190,940, , ,SILICOM LTD,SILC
30030, , ,9/30/13,Kfar Sava,Silicom Ltd,4520,452010,45,45201020,B,ISR,3342,3576,190,940, , ,SILICOM LTD,SILC
30030, , ,10/31/13,Kfar Sava,Silicom Ltd,4520,452010,45,45201020,B,ISR,3342,3576,190,940, , ,SILICOM LTD,SILC
30101, , ,1/31/10,San Diego,Meltronix Inc,4520,452050,45,45205020,D,USA,334413,3674,235,940, ,CA,MELTRONIX INC,MTNX
30101, , ,2/28/10,San Diego,Meltronix Inc,4520,452050,45,45205020,D,USA,334413,3674,235,940, ,CA,MELTRONIX INC,MTNX
30101, , ,3/31/10,San Diego,Meltronix Inc,4520,452050,45,45205020,D,USA,334413,3674,235,940, ,CA,MELTRONIX INC,MTNX
30101, , ,4/30/10,San Diego,Meltronix Inc,4520,452050,45,45205020,D,USA,334413,3674,235,940, ,CA,MELTRONIX INC,MTNX
30101, , ,5/31/10,San Diego,Meltronix Inc,4520,452050,45,45205020,D,USA,334413,3674,235,940, ,CA,MELTRONIX INC,MTNX
30101, , ,7/31/10,San Diego,Meltronix Inc,4520,452050,45,45205020,D,USA,334413,3674,235,940, ,CA,MELTRONIX INC,MTNX
30101, , ,9/30/10,San Diego,Meltronix Inc,4520,452050,45,45205020,D,USA,334413,3674,235,940, ,CA,MELTRONIX INC,MTNX
30101, , ,11/30/10,San Diego,Meltronix Inc,4520,452050,45,45205020,D,USA,334413,3674,235,940, ,CA,MELTRONIX INC,MTNX
30101, , ,12/31/10,San Diego,Meltronix Inc,4520,452050,45,45205020,D,USA,334413,3674,235,940, ,CA,MELTRONIX INC,MTNX
30101, , ,2/28/11,San Diego,Meltronix Inc,4520,452050,45,45205020,D,USA,334413,3674,235,940, ,CA,MELTRONIX INC,MTNX
30101, , ,5/31/11,San Diego,Meltronix Inc,4520,452050,45,45205020,D,USA,334413,3674,235,940, ,CA,MELTRONIX INC,MTNX
30101, , ,6/30/11,San Diego,Meltronix Inc,4520,452050,45,45205020,D,USA,334413,3674,235,940, ,CA,MELTRONIX INC,MTNX
30101, , ,12/31/11,San Diego,Meltronix Inc,4520,452050,45,45205020,D,USA,334413,3674,235,940, ,CA,MELTRONIX INC,MTNX
30101, , ,1/31/12,San Diego,Meltronix Inc,4520,452050,45,45205020,D,USA,334413,3674,235,940, ,CA,MELTRONIX INC,MTNX
30101, , ,2/29/12,San Diego,Meltronix Inc,4520,452050,45,45205020,D,USA,334413,3674,235,940, ,CA,MELTRONIX INC,MTNX
30101, , ,3/31/12,San Diego,Meltronix Inc,4520,452050,45,45205020,D,USA,334413,3674,235,940, ,CA,MELTRONIX INC,MTNX
30101, , ,4/30/12,San Diego,Meltronix Inc,4520,452050,45,45205020,D,USA,334413,3674,235,940, ,CA,MELTRONIX INC,MTNX
30101, , ,5/31/12,San Diego,Meltronix Inc,4520,452050,45,45205020,D,USA,334413,3674,235,940, ,CA,MELTRONIX INC,MTNX
30101, , ,6/30/12,San Diego,Meltronix Inc,4520,452050,45,45205020,D,USA,334413,3674,235,940, ,CA,MELTRONIX INC,MTNX
30101, , ,8/31/12,San Diego,Meltronix Inc,4520,452050,45,45205020,D,USA,334413,3674,235,940, ,CA,MELTRONIX INC,MTNX
30101, , ,9/30/12,San Diego,Meltronix Inc,4520,452050,45,45205020,D,USA,334413,3674,235,940, ,CA,MELTRONIX INC,MTNX
30101, , ,10/31/12,San Diego,Meltronix Inc,4520,452050,45,45205020,D,USA,334413,3674,235,940, ,CA,MELTRONIX INC,MTNX
30101, , ,11/30/12,San Diego,Meltronix Inc,4520,452050,45,45205020,D,USA,334413,3674,235,940, ,CA,MELTRONIX INC,MTNX
30101, , ,12/31/12,San Diego,Meltronix Inc,4520,452050,45,45205020,D,USA,334413,3674,235,940, ,CA,MELTRONIX INC,MTNX
30101, , ,7/31/13,San Diego,Meltronix Inc,4520,452050,45,45205020,D,USA,334413,3674,235,940, ,CA,MELTRONIX INC,MTNX
30101, , ,8/31/13,San Diego,Meltronix Inc,4520,452050,45,45205020,D,USA,334413,3674,235,940, ,CA,MELTRONIX INC,MTNX
30170,BB+, ,1/31/10,Singapore,Flextronics International Ltd,4520,452030,45,45203020,D,SGP,334412,3672,220,925, , ,FLEXTRONICS INTERNATIONAL,FLEX
30170,BB+, ,2/28/10,Singapore,Flextronics International Ltd,4520,452030,45,45203020,D,SGP,334412,3672,220,925, , ,FLEXTRONICS INTERNATIONAL,FLEX
30170,BB+, ,3/31/10,Singapore,Flextronics International Ltd,4520,452030,45,45203020,D,SGP,334412,3672,220,925, , ,FLEXTRONICS INTERNATIONAL,FLEX
30170,BB+, ,4/30/10,Singapore,Flextronics International Ltd,4520,452030,45,45203020,D,SGP,334412,3672,220,925, , ,FLEXTRONICS INTERNATIONAL,FLEX
30170,BB+, ,5/31/10,Singapore,Flextronics International Ltd,4520,452030,45,45203020,D,SGP,334412,3672,220,925, , ,FLEXTRONICS INTERNATIONAL,FLEX
30170,BB+, ,6/30/10,Singapore,Flextronics International Ltd,4520,452030,45,45203020,D,SGP,334412,3672,220,925, , ,FLEXTRONICS INTERNATIONAL,FLEX
30170,BB+, ,7/31/10,Singapore,Flextronics International Ltd,4520,452030,45,45203020,D,SGP,334412,3672,220,925, , ,FLEXTRONICS INTERNATIONAL,FLEX
30170,BB+, ,8/31/10,Singapore,Flextronics International Ltd,4520,452030,45,45203020,D,SGP,334412,3672,220,925, , ,FLEXTRONICS INTERNATIONAL,FLEX
30170,BB+, ,9/30/10,Singapore,Flextronics International Ltd,4520,452030,45,45203020,D,SGP,334412,3672,220,925, , ,FLEXTRONICS INTERNATIONAL,FLEX
30170,BB+, ,10/31/10,Singapore,Flextronics International Ltd,4520,452030,45,45203020,D,SGP,334412,3672,220,925, , ,FLEXTRONICS INTERNATIONAL,FLEX
30170,BB+, ,11/30/10,Singapore,Flextronics International Ltd,4520,452030,45,45203020,D,SGP,334412,3672,220,925, , ,FLEXTRONICS INTERNATIONAL,FLEX
30170,BB+, ,12/31/10,Singapore,Flextronics International Ltd,4520,452030,45,45203020,D,SGP,334412,3672,220,925, , ,FLEXTRONICS INTERNATIONAL,FLEX
30170,BB+, ,1/31/11,Singapore,Flextronics International Ltd,4520,452030,45,45203020,D,SGP,334412,3672,220,925, , ,FLEXTRONICS INTERNATIONAL,FLEX
30170,BB+, ,2/28/11,Singapore,Flextronics International Ltd,4520,452030,45,45203020,D,SGP,334412,3672,220,925, , ,FLEXTRONICS INTERNATIONAL,FLEX
30170,BB+, ,3/31/11,Singapore,Flextronics International Ltd,4520,452030,45,45203020,D,SGP,334412,3672,220,925, , ,FLEXTRONICS INTERNATIONAL,FLEX
30170,BB+, ,4/30/11,Singapore,Flextronics International Ltd,4520,452030,45,45203020,D,SGP,334412,3672,220,925, , ,FLEXTRONICS INTERNATIONAL,FLEX
30170,BB+, ,5/31/11,Singapore,Flextronics International Ltd,4520,452030,45,45203020,D,SGP,334412,3672,220,925, , ,FLEXTRONICS INTERNATIONAL,FLEX
30170,BB+, ,6/30/11,Singapore,Flextronics International Ltd,4520,452030,45,45203020,D,SGP,334412,3672,220,925, , ,FLEXTRONICS INTERNATIONAL,FLEX
30170,BB+, ,7/31/11,Singapore,Flextronics International Ltd,4520,452030,45,45203020,D,SGP,334412,3672,220,925, , ,FLEXTRONICS INTERNATIONAL,FLEX
30170,BB+, ,8/31/11,Singapore,Flextronics International Ltd,4520,452030,45,45203020,D,SGP,334412,3672,220,925, , ,FLEXTRONICS INTERNATIONAL,FLEX
30170,BB+, ,9/30/11,Singapore,Flextronics International Ltd,4520,452030,45,45203020,D,SGP,334412,3672,220,925, , ,FLEXTRONICS INTERNATIONAL,FLEX
30170,BB+, ,10/31/11,Singapore,Flextronics International Ltd,4520,452030,45,45203020,D,SGP,334412,3672,220,925, , ,FLEXTRONICS INTERNATIONAL,FLEX
30170,BB+, ,11/30/11,Singapore,Flextronics International Ltd,4520,452030,45,45203020,D,SGP,334412,3672,220,925, , ,FLEXTRONICS INTERNATIONAL,FLEX
30170,BB+, ,12/31/11,Singapore,Flextronics International Ltd,4520,452030,45,45203020,D,SGP,334412,3672,220,925, , ,FLEXTRONICS INTERNATIONAL,FLEX
30170,BB+, ,1/31/12,Singapore,Flextronics International Ltd,4520,452030,45,45203020,D,SGP,334412,3672,220,925, , ,FLEXTRONICS INTERNATIONAL,FLEX
30170,BB+, ,2/29/12,Singapore,Flextronics International Ltd,4520,452030,45,45203020,D,SGP,334412,3672,220,925, , ,FLEXTRONICS INTERNATIONAL,FLEX
30170,BB+, ,3/31/12,Singapore,Flextronics International Ltd,4520,452030,45,45203020,D,SGP,334412,3672,220,925, , ,FLEXTRONICS INTERNATIONAL,FLEX
30170,BB+, ,4/30/12,Singapore,Flextronics International Ltd,4520,452030,45,45203020,D,SGP,334412,3672,220,925, , ,FLEXTRONICS INTERNATIONAL,FLEX
30170,BB+, ,5/31/12,Singapore,Flextronics International Ltd,4520,452030,45,45203020,D,SGP,334412,3672,220,925, , ,FLEXTRONICS INTERNATIONAL,FLEX
30170,BB+, ,6/30/12,Singapore,Flextronics International Ltd,4520,452030,45,45203020,D,SGP,334412,3672,220,925, , ,FLEXTRONICS INTERNATIONAL,FLEX
30170,BB+, ,7/31/12,Singapore,Flextronics International Ltd,4520,452030,45,45203020,D,SGP,334412,3672,220,925, , ,FLEXTRONICS INTERNATIONAL,FLEX
30170,BB+, ,8/31/12,Singapore,Flextronics International Ltd,4520,452030,45,45203020,D,SGP,334412,3672,220,925, , ,FLEXTRONICS INTERNATIONAL,FLEX
30170,BB+, ,9/30/12,Singapore,Flextronics International Ltd,4520,452030,45,45203020,D,SGP,334412,3672,220,925, , ,FLEXTRONICS INTERNATIONAL,FLEX
30170,BB+, ,10/31/12,Singapore,Flextronics International Ltd,4520,452030,45,45203020,D,SGP,334412,3672,220,925, , ,FLEXTRONICS INTERNATIONAL,FLEX
30170,BB+, ,11/30/12,Singapore,Flextronics International Ltd,4520,452030,45,45203020,D,SGP,334412,3672,220,925, , ,FLEXTRONICS INTERNATIONAL,FLEX
30170,BB+, ,12/31/12,Singapore,Flextronics International Ltd,4520,452030,45,45203020,D,SGP,334412,3672,220,925, , ,FLEXTRONICS INTERNATIONAL,FLEX
30170,BB+, ,1/31/13,Singapore,Flextronics International Ltd,4520,452030,45,45203020,D,SGP,334412,3672,220,925, , ,FLEXTRONICS INTERNATIONAL,FLEX
30170,BB+, ,2/28/13,Singapore,Flextronics International Ltd,4520,452030,45,45203020,D,SGP,334412,3672,220,925, , ,FLEXTRONICS INTERNATIONAL,FLEX
30170,BB+, ,3/31/13,Singapore,Flextronics International Ltd,4520,452030,45,45203020,D,SGP,334412,3672,220,925, , ,FLEXTRONICS INTERNATIONAL,FLEX
30170,BB+, ,4/30/13,Singapore,Flextronics International Ltd,4520,452030,45,45203020,D,SGP,334412,3672,220,925, , ,FLEXTRONICS INTERNATIONAL,FLEX
30170,BB+, ,5/31/13,Singapore,Flextronics International Ltd,4520,452030,45,45203020,D,SGP,334412,3672,220,925, , ,FLEXTRONICS INTERNATIONAL,FLEX
30170,BB+, ,6/30/13,Singapore,Flextronics International Ltd,4520,452030,45,45203020,D,SGP,334412,3672,220,925, , ,FLEXTRONICS INTERNATIONAL,FLEX
30170,BB+, ,7/31/13,Singapore,Flextronics International Ltd,4520,452030,45,45203020,D,SGP,334412,3672,220,925, , ,FLEXTRONICS INTERNATIONAL,FLEX
30170,BB+, ,8/31/13,Singapore,Flextronics International Ltd,4520,452030,45,45203020,D,SGP,334412,3672,220,925, , ,FLEXTRONICS INTERNATIONAL,FLEX
30170,BB+, ,9/30/13,Singapore,Flextronics International Ltd,4520,452030,45,45203020,D,SGP,334412,3672,220,925, , ,FLEXTRONICS INTERNATIONAL,FLEX
30170,BB+, ,10/31/13,Singapore,Flextronics International Ltd,4520,452030,45,45203020,D,SGP,334412,3672,220,925, , ,FLEXTRONICS INTERNATIONAL,FLEX
30170,BB+, ,11/30/13,Singapore,Flextronics International Ltd,4520,452030,45,45203020,D,SGP,334412,3672,220,925, , ,FLEXTRONICS INTERNATIONAL,FLEX
30170,BB+, ,12/31/13,Singapore,Flextronics International Ltd,4520,452030,45,45203020,D,SGP,334412,3672,220,925, , ,FLEXTRONICS INTERNATIONAL,FLEX
30170,BB+, ,1/31/14,Singapore,Flextronics International Ltd,4520,452030,45,45203020,D,SGP,334412,3672,220,925, , ,FLEXTRONICS INTERNATIONAL,FLEX
30170,BB+, ,2/28/14,Singapore,Flextronics International Ltd,4520,452030,45,45203020,D,SGP,334412,3672,220,925, , ,FLEXTRONICS INTERNATIONAL,FLEX
30170,BB+, ,3/31/14,Singapore,Flextronics International Ltd,4520,452030,45,45203020,D,SGP,334412,3672,220,925, , ,FLEXTRONICS INTERNATIONAL,FLEX
30170,BB+, ,4/30/14,Singapore,Flextronics International Ltd,4520,452030,45,45203020,D,SGP,334412,3672,220,925, , ,FLEXTRONICS INTERNATIONAL,FLEX
30170,BB+, ,5/31/14,Singapore,Flextronics International Ltd,4520,452030,45,45203020,D,SGP,334412,3672,220,925, , ,FLEXTRONICS INTERNATIONAL,FLEX
30170,BB+, ,6/30/14,Singapore,Flextronics International Ltd,4520,452030,45,45203020,D,SGP,334412,3672,220,925, , ,FLEXTRONICS INTERNATIONAL,FLEX
30209, , ,1/31/10,Salem,Prophotonix Ltd,4520,452030,45,45203020,B,USA,334413,3674,230,940,C,NH,PROPHOTONIX LTD,STKR
30209, , ,2/28/10,Salem,Prophotonix Ltd,4520,452030,45,45203020,B,USA,334413,3674,230,940,C,NH,PROPHOTONIX LTD,STKR
30209, , ,3/31/10,Salem,Prophotonix Ltd,4520,452030,45,45203020,B,USA,334413,3674,230,940,C,NH,PROPHOTONIX LTD,STKR
30209, , ,4/30/10,Salem,Prophotonix Ltd,4520,452030,45,45203020,B,USA,334413,3674,230,940,C,NH,PROPHOTONIX LTD,STKR
30209, , ,5/31/10,Salem,Prophotonix Ltd,4520,452030,45,45203020,B,USA,334413,3674,230,940,C,NH,PROPHOTONIX LTD,STKR
30209, , ,6/30/10,Salem,Prophotonix Ltd,4520,452030,45,45203020,B,USA,334413,3674,230,940,C,NH,PROPHOTONIX LTD,STKR
30209, , ,7/31/10,Salem,Prophotonix Ltd,4520,452030,45,45203020,B,USA,334413,3674,230,940,C,NH,PROPHOTONIX LTD,STKR
30209, , ,8/31/10,Salem,Prophotonix Ltd,4520,452030,45,45203020,B,USA,334413,3674,230,940,C,NH,PROPHOTONIX LTD,STKR
30209, , ,9/30/10,Salem,Prophotonix Ltd,4520,452030,45,45203020,B,USA,334413,3674,230,940,C,NH,PROPHOTONIX LTD,STKR
30209, , ,10/31/10,Salem,Prophotonix Ltd,4520,452030,45,45203020,B,USA,334413,3674,230,940,C,NH,PROPHOTONIX LTD,STKR
30209, , ,11/30/10,Salem,Prophotonix Ltd,4520,452030,45,45203020,B,USA,334413,3674,230,940,C,NH,PROPHOTONIX LTD,STKR
30209, , ,12/31/10,Salem,Prophotonix Ltd,4520,452030,45,45203020,B,USA,334413,3674,230,940,C,NH,PROPHOTONIX LTD,STKR
30209, , ,1/31/11,Salem,Prophotonix Ltd,4520,452030,45,45203020,B,USA,334413,3674,230,940,C,NH,PROPHOTONIX LTD,STKR
30209, , ,2/28/11,Salem,Prophotonix Ltd,4520,452030,45,45203020,B,USA,334413,3674,230,940,C,NH,PROPHOTONIX LTD,STKR
30209, , ,3/31/11,Salem,Prophotonix Ltd,4520,452030,45,45203020,B,USA,334413,3674,230,940,C,NH,PROPHOTONIX LTD,STKR
30209, , ,4/30/11,Salem,Prophotonix Ltd,4520,452030,45,45203020,B,USA,334413,3674,230,940,C,NH,PROPHOTONIX LTD,STKR
30209, , ,5/31/11,Salem,Prophotonix Ltd,4520,452030,45,45203020,B,USA,334413,3674,230,940,C,NH,PROPHOTONIX LTD,STKR
30209, , ,6/30/11,Salem,Prophotonix Ltd,4520,452030,45,45203020,B,USA,334413,3674,230,940,C,NH,PROPHOTONIX LTD,STKR
30209, , ,7/31/11,Salem,Prophotonix Ltd,4520,452030,45,45203020,B,USA,334413,3674,230,940,C,NH,PROPHOTONIX LTD,STKR
30209, , ,8/31/11,Salem,Prophotonix Ltd,4520,452030,45,45203020,B,USA,334413,3674,230,940,C,NH,PROPHOTONIX LTD,STKR
30209, , ,9/30/11,Salem,Prophotonix Ltd,4520,452030,45,45203020,B,USA,334413,3674,230,940,C,NH,PROPHOTONIX LTD,STKR
30209, , ,10/31/11,Salem,Prophotonix Ltd,4520,452030,45,45203020,B,USA,334413,3674,230,940,C,NH,PROPHOTONIX LTD,STKR
30209, , ,11/30/11,Salem,Prophotonix Ltd,4520,452030,45,45203020,B,USA,334413,3674,230,940,C,NH,PROPHOTONIX LTD,STKR
30209, , ,12/31/11,Salem,Prophotonix Ltd,4520,452030,45,45203020,B,USA,334413,3674,230,940,C,NH,PROPHOTONIX LTD,STKR
30209, , ,1/31/12,Salem,Prophotonix Ltd,4520,452030,45,45203020,B,USA,334413,3674,230,940,C,NH,PROPHOTONIX LTD,STKR
30209, , ,2/29/12,Salem,Prophotonix Ltd,4520,452030,45,45203020,B,USA,334413,3674,230,940,C,NH,PROPHOTONIX LTD,STKR
30209, , ,3/31/12,Salem,Prophotonix Ltd,4520,452030,45,45203020,B,USA,334413,3674,230,940,C,NH,PROPHOTONIX LTD,STKR
30209, , ,4/30/12,Salem,Prophotonix Ltd,4520,452030,45,45203020,B,USA,334413,3674,230,940,C,NH,PROPHOTONIX LTD,STKR
30209, , ,5/31/12,Salem,Prophotonix Ltd,4520,452030,45,45203020,B,USA,334413,3674,230,940,C,NH,PROPHOTONIX LTD,STKR
30209, , ,6/30/12,Salem,Prophotonix Ltd,4520,452030,45,45203020,B,USA,334413,3674,230,940,C,NH,PROPHOTONIX LTD,STKR
30209, , ,7/31/12,Salem,Prophotonix Ltd,4520,452030,45,45203020,B,USA,334413,3674,230,940,C,NH,PROPHOTONIX LTD,STKR
30209, , ,8/31/12,Salem,Prophotonix Ltd,4520,452030,45,45203020,B,USA,334413,3674,230,940,C,NH,PROPHOTONIX LTD,STKR
30209, , ,9/30/12,Salem,Prophotonix Ltd,4520,452030,45,45203020,B,USA,334413,3674,230,940,C,NH,PROPHOTONIX LTD,STKR
30209, , ,10/31/12,Salem,Prophotonix Ltd,4520,452030,45,45203020,B,USA,334413,3674,230,940,C,NH,PROPHOTONIX LTD,STKR
30209, , ,11/30/12,Salem,Prophotonix Ltd,4520,452030,45,45203020,B,USA,334413,3674,230,940,C,NH,PROPHOTONIX LTD,STKR
30209, , ,12/31/12,Salem,Prophotonix Ltd,4520,452030,45,45203020,B,USA,334413,3674,230,940,C,NH,PROPHOTONIX LTD,STKR
30209, , ,1/31/13,Salem,Prophotonix Ltd,4520,452030,45,45203020,B,USA,334413,3674,230,940,C,NH,PROPHOTONIX LTD,STKR
30209, , ,2/28/13,Salem,Prophotonix Ltd,4520,452030,45,45203020,B,USA,334413,3674,230,940,C,NH,PROPHOTONIX LTD,STKR
30209, , ,3/31/13,Salem,Prophotonix Ltd,4520,452030,45,45203020,B,USA,334413,3674,230,940,C,NH,PROPHOTONIX LTD,STKR
30209, , ,4/30/13,Salem,Prophotonix Ltd,4520,452030,45,45203020,B,USA,334413,3674,230,940,C,NH,PROPHOTONIX LTD,STKR
30209, , ,5/31/13,Salem,Prophotonix Ltd,4520,452030,45,45203020,B,USA,334413,3674,230,940,C,NH,PROPHOTONIX LTD,STKR
30209, , ,6/30/13,Salem,Prophotonix Ltd,4520,452030,45,45203020,B,USA,334413,3674,230,940,C,NH,PROPHOTONIX LTD,STKR
30209, , ,7/31/13,Salem,Prophotonix Ltd,4520,452030,45,45203020,B,USA,334413,3674,230,940,C,NH,PROPHOTONIX LTD,STKR
30209, , ,8/31/13,Salem,Prophotonix Ltd,4520,452030,45,45203020,B,USA,334413,3674,230,940,C,NH,PROPHOTONIX LTD,STKR
30209, , ,9/30/13,Salem,Prophotonix Ltd,4520,452030,45,45203020,B,USA,334413,3674,230,940,C,NH,PROPHOTONIX LTD,STKR
30209, , ,10/31/13,Salem,Prophotonix Ltd,4520,452030,45,45203020,B,USA,334413,3674,230,940,C,NH,PROPHOTONIX LTD,STKR
30228, , ,1/31/10,Markham,Cabletel Communications Corp.,4520,452030,45,45203030,D,CAN,423610,5063,222,940,C,ON,CABLETEL COMMUNICATIONS CORP,CCMTF
30228, , ,2/28/10,Markham,Cabletel Communications Corp.,4520,452030,45,45203030,D,CAN,423610,5063,222,940,C,ON,CABLETEL COMMUNICATIONS CORP,CCMTF
30228, , ,3/31/10,Markham,Cabletel Communications Corp.,4520,452030,45,45203030,D,CAN,423610,5063,222,940,C,ON,CABLETEL COMMUNICATIONS CORP,CCMTF
30228, , ,4/30/10,Markham,Cabletel Communications Corp.,4520,452030,45,45203030,D,CAN,423610,5063,222,940,C,ON,CABLETEL COMMUNICATIONS CORP,CCMTF
30228, , ,5/31/10,Markham,Cabletel Communications Corp.,4520,452030,45,45203030,D,CAN,423610,5063,222,940,C,ON,CABLETEL COMMUNICATIONS CORP,CCMTF
30228, , ,6/30/10,Markham,Cabletel Communications Corp.,4520,452030,45,45203030,D,CAN,423610,5063,222,940,C,ON,CABLETEL COMMUNICATIONS CORP,CCMTF
30228, , ,7/31/10,Markham,Cabletel Communications Corp.,4520,452030,45,45203030,D,CAN,423610,5063,222,940,C,ON,CABLETEL COMMUNICATIONS CORP,CCMTF
30228, , ,8/31/10,Markham,Cabletel Communications Corp.,4520,452030,45,45203030,D,CAN,423610,5063,222,940,C,ON,CABLETEL COMMUNICATIONS CORP,CCMTF
30228, , ,9/30/10,Markham,Cabletel Communications Corp.,4520,452030,45,45203030,D,CAN,423610,5063,222,940,C,ON,CABLETEL COMMUNICATIONS CORP,CCMTF
30228, , ,10/31/10,Markham,Cabletel Communications Corp.,4520,452030,45,45203030,D,CAN,423610,5063,222,940,C,ON,CABLETEL COMMUNICATIONS CORP,CCMTF
30228, , ,11/30/10,Markham,Cabletel Communications Corp.,4520,452030,45,45203030,D,CAN,423610,5063,222,940,C,ON,CABLETEL COMMUNICATIONS CORP,CCMTF
30228, , ,12/31/10,Markham,Cabletel Communications Corp.,4520,452030,45,45203030,D,CAN,423610,5063,222,940,C,ON,CABLETEL COMMUNICATIONS CORP,CCMTF
30228, , ,1/31/11,Markham,Cabletel Communications Corp.,4520,452030,45,45203030,D,CAN,423610,5063,222,940,C,ON,CABLETEL COMMUNICATIONS CORP,CCMTF
30228, , ,1/31/12,Markham,Cabletel Communications Corp.,4520,452030,45,45203030,D,CAN,423610,5063,222,940,C,ON,CABLETEL COMMUNICATIONS CORP,CCMTF
30228, , ,2/29/12,Markham,Cabletel Communications Corp.,4520,452030,45,45203030,D,CAN,423610,5063,222,940,C,ON,CABLETEL COMMUNICATIONS CORP,CCMTF
30228, , ,3/31/12,Markham,Cabletel Communications Corp.,4520,452030,45,45203030,D,CAN,423610,5063,222,940,C,ON,CABLETEL COMMUNICATIONS CORP,CCMTF
30228, , ,4/30/12,Markham,Cabletel Communications Corp.,4520,452030,45,45203030,D,CAN,423610,5063,222,940,C,ON,CABLETEL COMMUNICATIONS CORP,CCMTF
30228, , ,5/31/12,Markham,Cabletel Communications Corp.,4520,452030,45,45203030,D,CAN,423610,5063,222,940,C,ON,CABLETEL COMMUNICATIONS CORP,CCMTF
30228, , ,6/30/12,Markham,Cabletel Communications Corp.,4520,452030,45,45203030,D,CAN,423610,5063,222,940,C,ON,CABLETEL COMMUNICATIONS CORP,CCMTF
30228, , ,7/31/12,Markham,Cabletel Communications Corp.,4520,452030,45,45203030,D,CAN,423610,5063,222,940,C,ON,CABLETEL COMMUNICATIONS CORP,CCMTF
30228, , ,8/31/12,Markham,Cabletel Communications Corp.,4520,452030,45,45203030,D,CAN,423610,5063,222,940,C,ON,CABLETEL COMMUNICATIONS CORP,CCMTF
30228, , ,9/30/12,Markham,Cabletel Communications Corp.,4520,452030,45,45203030,D,CAN,423610,5063,222,940,C,ON,CABLETEL COMMUNICATIONS CORP,CCMTF
30228, , ,10/31/12,Markham,Cabletel Communications Corp.,4520,452030,45,45203030,D,CAN,423610,5063,222,940,C,ON,CABLETEL COMMUNICATIONS CORP,CCMTF
30228, , ,11/30/12,Markham,Cabletel Communications Corp.,4520,452030,45,45203030,D,CAN,423610,5063,222,940,C,ON,CABLETEL COMMUNICATIONS CORP,CCMTF
30228, , ,12/31/12,Markham,Cabletel Communications Corp.,4520,452030,45,45203030,D,CAN,423610,5063,222,940,C,ON,CABLETEL COMMUNICATIONS CORP,CCMTF
30228, , ,1/31/13,Markham,Cabletel Communications Corp.,4520,452030,45,45203030,D,CAN,423610,5063,222,940,C,ON,CABLETEL COMMUNICATIONS CORP,CCMTF
30228, , ,2/28/13,Markham,Cabletel Communications Corp.,4520,452030,45,45203030,D,CAN,423610,5063,222,940,C,ON,CABLETEL COMMUNICATIONS CORP,CCMTF
30228, , ,3/31/13,Markham,Cabletel Communications Corp.,4520,452030,45,45203030,D,CAN,423610,5063,222,940,C,ON,CABLETEL COMMUNICATIONS CORP,CCMTF
30228, , ,4/30/13,Markham,Cabletel Communications Corp.,4520,452030,45,45203030,D,CAN,423610,5063,222,940,C,ON,CABLETEL COMMUNICATIONS CORP,CCMTF
30228, , ,5/31/13,Markham,Cabletel Communications Corp.,4520,452030,45,45203030,D,CAN,423610,5063,222,940,C,ON,CABLETEL COMMUNICATIONS CORP,CCMTF
30228, , ,6/30/13,Markham,Cabletel Communications Corp.,4520,452030,45,45203030,D,CAN,423610,5063,222,940,C,ON,CABLETEL COMMUNICATIONS CORP,CCMTF
30228, , ,7/31/13,Markham,Cabletel Communications Corp.,4520,452030,45,45203030,D,CAN,423610,5063,222,940,C,ON,CABLETEL COMMUNICATIONS CORP,CCMTF
30228, , ,8/31/13,Markham,Cabletel Communications Corp.,4520,452030,45,45203030,D,CAN,423610,5063,222,940,C,ON,CABLETEL COMMUNICATIONS CORP,CCMTF
30228, , ,9/30/13,Markham,Cabletel Communications Corp.,4520,452030,45,45203030,D,CAN,423610,5063,222,940,C,ON,CABLETEL COMMUNICATIONS CORP,CCMTF
30228, , ,10/31/13,Markham,Cabletel Communications Corp.,4520,452030,45,45203030,D,CAN,423610,5063,222,940,C,ON,CABLETEL COMMUNICATIONS CORP,CCMTF
30247, , ,1/31/10,Forest Grove,Merix Corp,4520,452030,45,45203020,D,USA,334412,3672,220,925,C,OR,MERIX CORP,MERX
30247, , ,2/28/10,Forest Grove,Merix Corp,4520,452030,45,45203020,D,USA,334412,3672,220,925,C,OR,MERIX CORP,MERX
30345, , ,1/31/10,New York,Skysat Communications Network Corp,4520,452010,45,45201020,D,USA,334220,3663,180,940, ,NY,SKYSAT COMM NETWORK  -CL A,SKATA
30345, , ,2/28/10,New York,Skysat Communications Network Corp,4520,452010,45,45201020,D,USA,334220,3663,180,940, ,NY,SKYSAT COMM NETWORK  -CL A,SKATA
30345, , ,3/31/10,New York,Skysat Communications Network Corp,4520,452010,45,45201020,D,USA,334220,3663,180,940, ,NY,SKYSAT COMM NETWORK  -CL A,SKATA
30345, , ,4/30/10,New York,Skysat Communications Network Corp,4520,452010,45,45201020,D,USA,334220,3663,180,940, ,NY,SKYSAT COMM NETWORK  -CL A,SKATA
30345, , ,5/31/10,New York,Skysat Communications Network Corp,4520,452010,45,45201020,D,USA,334220,3663,180,940, ,NY,SKYSAT COMM NETWORK  -CL A,SKATA
30345, , ,6/30/10,New York,Skysat Communications Network Corp,4520,452010,45,45201020,D,USA,334220,3663,180,940, ,NY,SKYSAT COMM NETWORK  -CL A,SKATA
30540, , ,1/31/10,Dallas,RF Monolithics Inc,4520,452030,45,45203015,D,USA,334220,3663,180,940,C,TX,RF MONOLITHICS INC,RFMI
30540, , ,2/28/10,Dallas,RF Monolithics Inc,4520,452030,45,45203015,D,USA,334220,3663,180,940,C,TX,RF MONOLITHICS INC,RFMI
30540, , ,3/31/10,Dallas,RF Monolithics Inc,4520,452030,45,45203015,D,USA,334220,3663,180,940,C,TX,RF MONOLITHICS INC,RFMI
30540, , ,4/30/10,Dallas,RF Monolithics Inc,4520,452030,45,45203015,D,USA,334220,3663,180,940,C,TX,RF MONOLITHICS INC,RFMI
30540, , ,5/31/10,Dallas,RF Monolithics Inc,4520,452030,45,45203015,D,USA,334220,3663,180,940,C,TX,RF MONOLITHICS INC,RFMI
30540, , ,6/30/10,Dallas,RF Monolithics Inc,4520,452030,45,45203015,D,USA,334220,3663,180,940,C,TX,RF MONOLITHICS INC,RFMI
30540, , ,7/31/10,Dallas,RF Monolithics Inc,4520,452030,45,45203015,D,USA,334220,3663,180,940,C,TX,RF MONOLITHICS INC,RFMI
30540, , ,8/31/10,Dallas,RF Monolithics Inc,4520,452030,45,45203015,D,USA,334220,3663,180,940,C,TX,RF MONOLITHICS INC,RFMI
30540, , ,9/30/10,Dallas,RF Monolithics Inc,4520,452030,45,45203015,D,USA,334220,3663,180,940,C,TX,RF MONOLITHICS INC,RFMI
30540, , ,10/31/10,Dallas,RF Monolithics Inc,4520,452030,45,45203015,D,USA,334220,3663,180,940,C,TX,RF MONOLITHICS INC,RFMI
30540, , ,11/30/10,Dallas,RF Monolithics Inc,4520,452030,45,45203015,D,USA,334220,3663,180,940,C,TX,RF MONOLITHICS INC,RFMI
30540, , ,12/31/10,Dallas,RF Monolithics Inc,4520,452030,45,45203015,D,USA,334220,3663,180,940,C,TX,RF MONOLITHICS INC,RFMI
30540, , ,1/31/11,Dallas,RF Monolithics Inc,4520,452030,45,45203015,D,USA,334220,3663,180,940,C,TX,RF MONOLITHICS INC,RFMI
30540, , ,2/28/11,Dallas,RF Monolithics Inc,4520,452030,45,45203015,D,USA,334220,3663,180,940,C,TX,RF MONOLITHICS INC,RFMI
30540, , ,3/31/11,Dallas,RF Monolithics Inc,4520,452030,45,45203015,D,USA,334220,3663,180,940,C,TX,RF MONOLITHICS INC,RFMI
30540, , ,4/30/11,Dallas,RF Monolithics Inc,4520,452030,45,45203015,D,USA,334220,3663,180,940,C,TX,RF MONOLITHICS INC,RFMI
30540, , ,5/31/11,Dallas,RF Monolithics Inc,4520,452030,45,45203015,D,USA,334220,3663,180,940,C,TX,RF MONOLITHICS INC,RFMI
30540, , ,6/30/11,Dallas,RF Monolithics Inc,4520,452030,45,45203015,D,USA,334220,3663,180,940,C,TX,RF MONOLITHICS INC,RFMI
30540, , ,7/31/11,Dallas,RF Monolithics Inc,4520,452030,45,45203015,D,USA,334220,3663,180,940,C,TX,RF MONOLITHICS INC,RFMI
30540, , ,8/31/11,Dallas,RF Monolithics Inc,4520,452030,45,45203015,D,USA,334220,3663,180,940,C,TX,RF MONOLITHICS INC,RFMI
30540, , ,9/30/11,Dallas,RF Monolithics Inc,4520,452030,45,45203015,D,USA,334220,3663,180,940,C,TX,RF MONOLITHICS INC,RFMI
30540, , ,10/31/11,Dallas,RF Monolithics Inc,4520,452030,45,45203015,D,USA,334220,3663,180,940,C,TX,RF MONOLITHICS INC,RFMI
30540, , ,11/30/11,Dallas,RF Monolithics Inc,4520,452030,45,45203015,D,USA,334220,3663,180,940,C,TX,RF MONOLITHICS INC,RFMI
30540, , ,12/31/11,Dallas,RF Monolithics Inc,4520,452030,45,45203015,D,USA,334220,3663,180,940,C,TX,RF MONOLITHICS INC,RFMI
30540, , ,1/31/12,Dallas,RF Monolithics Inc,4520,452030,45,45203015,D,USA,334220,3663,180,940,C,TX,RF MONOLITHICS INC,RFMI
30540, , ,2/29/12,Dallas,RF Monolithics Inc,4520,452030,45,45203015,D,USA,334220,3663,180,940,C,TX,RF MONOLITHICS INC,RFMI
30540, , ,3/31/12,Dallas,RF Monolithics Inc,4520,452030,45,45203015,D,USA,334220,3663,180,940,C,TX,RF MONOLITHICS INC,RFMI
30540, , ,4/30/12,Dallas,RF Monolithics Inc,4520,452030,45,45203015,D,USA,334220,3663,180,940,C,TX,RF MONOLITHICS INC,RFMI
30540, , ,5/31/12,Dallas,RF Monolithics Inc,4520,452030,45,45203015,D,USA,334220,3663,180,940,C,TX,RF MONOLITHICS INC,RFMI
30540, , ,6/30/12,Dallas,RF Monolithics Inc,4520,452030,45,45203015,D,USA,334220,3663,180,940,C,TX,RF MONOLITHICS INC,RFMI
30540, , ,7/31/12,Dallas,RF Monolithics Inc,4520,452030,45,45203015,D,USA,334220,3663,180,940,C,TX,RF MONOLITHICS INC,RFMI
30576, , ,1/31/10,Huntsville,ADTRAN Inc,4520,452010,45,45201020,D,USA,334210,3661,180,940,B+,AL,ADTRAN INC,ADTN
30576, , ,2/28/10,Huntsville,ADTRAN Inc,4520,452010,45,45201020,D,USA,334210,3661,180,940,B+,AL,ADTRAN INC,ADTN
30576, , ,3/31/10,Huntsville,ADTRAN Inc,4520,452010,45,45201020,D,USA,334210,3661,180,940,B+,AL,ADTRAN INC,ADTN
30576, , ,4/30/10,Huntsville,ADTRAN Inc,4520,452010,45,45201020,D,USA,334210,3661,180,940,B+,AL,ADTRAN INC,ADTN
30576, , ,5/31/10,Huntsville,ADTRAN Inc,4520,452010,45,45201020,D,USA,334210,3661,180,940,B+,AL,ADTRAN INC,ADTN
30576, , ,6/30/10,Huntsville,ADTRAN Inc,4520,452010,45,45201020,D,USA,334210,3661,180,940,B+,AL,ADTRAN INC,ADTN
30576, , ,7/31/10,Huntsville,ADTRAN Inc,4520,452010,45,45201020,D,USA,334210,3661,180,940,B+,AL,ADTRAN INC,ADTN
30576, , ,8/31/10,Huntsville,ADTRAN Inc,4520,452010,45,45201020,D,USA,334210,3661,180,940,B+,AL,ADTRAN INC,ADTN
30576, , ,9/30/10,Huntsville,ADTRAN Inc,4520,452010,45,45201020,D,USA,334210,3661,180,940,B+,AL,ADTRAN INC,ADTN
30576, , ,10/31/10,Huntsville,ADTRAN Inc,4520,452010,45,45201020,D,USA,334210,3661,180,940,B+,AL,ADTRAN INC,ADTN
30576, , ,11/30/10,Huntsville,ADTRAN Inc,4520,452010,45,45201020,D,USA,334210,3661,180,940,B+,AL,ADTRAN INC,ADTN
30576, , ,12/31/10,Huntsville,ADTRAN Inc,4520,452010,45,45201020,D,USA,334210,3661,180,940,B+,AL,ADTRAN INC,ADTN
30576, , ,1/31/11,Huntsville,ADTRAN Inc,4520,452010,45,45201020,D,USA,334210,3661,180,940,B+,AL,ADTRAN INC,ADTN
30576, , ,2/28/11,Huntsville,ADTRAN Inc,4520,452010,45,45201020,D,USA,334210,3661,180,940,B+,AL,ADTRAN INC,ADTN
30576, , ,3/31/11,Huntsville,ADTRAN Inc,4520,452010,45,45201020,D,USA,334210,3661,180,940,B+,AL,ADTRAN INC,ADTN
30576, , ,4/30/11,Huntsville,ADTRAN Inc,4520,452010,45,45201020,D,USA,334210,3661,180,940,B+,AL,ADTRAN INC,ADTN
30576, , ,5/31/11,Huntsville,ADTRAN Inc,4520,452010,45,45201020,D,USA,334210,3661,180,940,B+,AL,ADTRAN INC,ADTN
30576, , ,6/30/11,Huntsville,ADTRAN Inc,4520,452010,45,45201020,D,USA,334210,3661,180,940,B+,AL,ADTRAN INC,ADTN
30576, , ,7/31/11,Huntsville,ADTRAN Inc,4520,452010,45,45201020,D,USA,334210,3661,180,940,B+,AL,ADTRAN INC,ADTN
30576, , ,8/31/11,Huntsville,ADTRAN Inc,4520,452010,45,45201020,D,USA,334210,3661,180,940,B+,AL,ADTRAN INC,ADTN
30576, , ,9/30/11,Huntsville,ADTRAN Inc,4520,452010,45,45201020,D,USA,334210,3661,180,940,B+,AL,ADTRAN INC,ADTN
30576, , ,10/31/11,Huntsville,ADTRAN Inc,4520,452010,45,45201020,D,USA,334210,3661,180,940,B+,AL,ADTRAN INC,ADTN
30576, , ,11/30/11,Huntsville,ADTRAN Inc,4520,452010,45,45201020,D,USA,334210,3661,180,940,B+,AL,ADTRAN INC,ADTN
30576, , ,12/31/11,Huntsville,ADTRAN Inc,4520,452010,45,45201020,D,USA,334210,3661,180,940,B+,AL,ADTRAN INC,ADTN
30576, , ,1/31/12,Huntsville,ADTRAN Inc,4520,452010,45,45201020,D,USA,334210,3661,180,940,B+,AL,ADTRAN INC,ADTN
30576, , ,2/29/12,Huntsville,ADTRAN Inc,4520,452010,45,45201020,D,USA,334210,3661,180,940,B+,AL,ADTRAN INC,ADTN
30576, , ,3/31/12,Huntsville,ADTRAN Inc,4520,452010,45,45201020,D,USA,334210,3661,180,940,B+,AL,ADTRAN INC,ADTN
30576, , ,4/30/12,Huntsville,ADTRAN Inc,4520,452010,45,45201020,D,USA,334210,3661,180,940,B+,AL,ADTRAN INC,ADTN
30576, , ,5/31/12,Huntsville,ADTRAN Inc,4520,452010,45,45201020,D,USA,334210,3661,180,940,B+,AL,ADTRAN INC,ADTN
30576, , ,6/30/12,Huntsville,ADTRAN Inc,4520,452010,45,45201020,D,USA,334210,3661,180,940,B+,AL,ADTRAN INC,ADTN
30576, , ,7/31/12,Huntsville,ADTRAN Inc,4520,452010,45,45201020,D,USA,334210,3661,180,940,B+,AL,ADTRAN INC,ADTN
30576, , ,8/31/12,Huntsville,ADTRAN Inc,4520,452010,45,45201020,D,USA,334210,3661,180,940,B+,AL,ADTRAN INC,ADTN
30576, , ,9/30/12,Huntsville,ADTRAN Inc,4520,452010,45,45201020,D,USA,334210,3661,180,940,B+,AL,ADTRAN INC,ADTN
30576, , ,10/31/12,Huntsville,ADTRAN Inc,4520,452010,45,45201020,D,USA,334210,3661,180,940,B+,AL,ADTRAN INC,ADTN
30576, , ,11/30/12,Huntsville,ADTRAN Inc,4520,452010,45,45201020,D,USA,334210,3661,180,940,B+,AL,ADTRAN INC,ADTN
30576, , ,12/31/12,Huntsville,ADTRAN Inc,4520,452010,45,45201020,D,USA,334210,3661,180,940,B+,AL,ADTRAN INC,ADTN
30576, , ,1/31/13,Huntsville,ADTRAN Inc,4520,452010,45,45201020,D,USA,334210,3661,180,940,B+,AL,ADTRAN INC,ADTN
30576, , ,2/28/13,Huntsville,ADTRAN Inc,4520,452010,45,45201020,D,USA,334210,3661,180,940,B+,AL,ADTRAN INC,ADTN
30576, , ,3/31/13,Huntsville,ADTRAN Inc,4520,452010,45,45201020,D,USA,334210,3661,180,940,B+,AL,ADTRAN INC,ADTN
30576, , ,4/30/13,Huntsville,ADTRAN Inc,4520,452010,45,45201020,D,USA,334210,3661,180,940,B+,AL,ADTRAN INC,ADTN
30576, , ,5/31/13,Huntsville,ADTRAN Inc,4520,452010,45,45201020,D,USA,334210,3661,180,940,B+,AL,ADTRAN INC,ADTN
30576, , ,6/30/13,Huntsville,ADTRAN Inc,4520,452010,45,45201020,D,USA,334210,3661,180,940,B+,AL,ADTRAN INC,ADTN
30576, , ,7/31/13,Huntsville,ADTRAN Inc,4520,452010,45,45201020,D,USA,334210,3661,180,940,B+,AL,ADTRAN INC,ADTN
30576, , ,8/31/13,Huntsville,ADTRAN Inc,4520,452010,45,45201020,D,USA,334210,3661,180,940,B+,AL,ADTRAN INC,ADTN
30576, , ,9/30/13,Huntsville,ADTRAN Inc,4520,452010,45,45201020,D,USA,334210,3661,180,940,B+,AL,ADTRAN INC,ADTN
30576, , ,10/31/13,Huntsville,ADTRAN Inc,4520,452010,45,45201020,D,USA,334210,3661,180,940,B+,AL,ADTRAN INC,ADTN
30577, , ,1/31/10,Roswell,Telscape International Inc,4520,452010,45,45201020,D,USA,513390,4899,463,974, ,GA,TELSCAPE INTERNATIONAL INC,TSCPQ
30577, , ,2/28/10,Roswell,Telscape International Inc,4520,452010,45,45201020,D,USA,513390,4899,463,974, ,GA,TELSCAPE INTERNATIONAL INC,TSCPQ
30577, , ,3/31/10,Roswell,Telscape International Inc,4520,452010,45,45201020,D,USA,513390,4899,463,974, ,GA,TELSCAPE INTERNATIONAL INC,TSCPQ
30714, , ,1/31/10,Hunt Valley,TESSCO Technologies Inc,4520,452010,45,45201020,D,USA,423690,5065,222,940,B+,MD,TESSCO TECHNOLOGIES INC,TESS
30714, , ,2/28/10,Hunt Valley,TESSCO Technologies Inc,4520,452010,45,45201020,D,USA,423690,5065,222,940,B+,MD,TESSCO TECHNOLOGIES INC,TESS
30714, , ,3/31/10,Hunt Valley,TESSCO Technologies Inc,4520,452010,45,45201020,D,USA,423690,5065,222,940,B+,MD,TESSCO TECHNOLOGIES INC,TESS
30714, , ,4/30/10,Hunt Valley,TESSCO Technologies Inc,4520,452010,45,45201020,D,USA,423690,5065,222,940,B+,MD,TESSCO TECHNOLOGIES INC,TESS
30714, , ,5/31/10,Hunt Valley,TESSCO Technologies Inc,4520,452010,45,45201020,D,USA,423690,5065,222,940,B+,MD,TESSCO TECHNOLOGIES INC,TESS
30714, , ,6/30/10,Hunt Valley,TESSCO Technologies Inc,4520,452010,45,45201020,D,USA,423690,5065,222,940,B+,MD,TESSCO TECHNOLOGIES INC,TESS
30714, , ,7/31/10,Hunt Valley,TESSCO Technologies Inc,4520,452010,45,45201020,D,USA,423690,5065,222,940,B+,MD,TESSCO TECHNOLOGIES INC,TESS
30714, , ,8/31/10,Hunt Valley,TESSCO Technologies Inc,4520,452010,45,45201020,D,USA,423690,5065,222,940,B+,MD,TESSCO TECHNOLOGIES INC,TESS
30714, , ,9/30/10,Hunt Valley,TESSCO Technologies Inc,4520,452010,45,45201020,D,USA,423690,5065,222,940,B+,MD,TESSCO TECHNOLOGIES INC,TESS
30714, , ,10/31/10,Hunt Valley,TESSCO Technologies Inc,4520,452010,45,45201020,D,USA,423690,5065,222,940,B+,MD,TESSCO TECHNOLOGIES INC,TESS
30714, , ,11/30/10,Hunt Valley,TESSCO Technologies Inc,4520,452010,45,45201020,D,USA,423690,5065,222,940,B+,MD,TESSCO TECHNOLOGIES INC,TESS
30714, , ,12/31/10,Hunt Valley,TESSCO Technologies Inc,4520,452010,45,45201020,D,USA,423690,5065,222,940,B+,MD,TESSCO TECHNOLOGIES INC,TESS
30714, , ,1/31/11,Hunt Valley,TESSCO Technologies Inc,4520,452010,45,45201020,D,USA,423690,5065,222,940,B+,MD,TESSCO TECHNOLOGIES INC,TESS
30714, , ,2/28/11,Hunt Valley,TESSCO Technologies Inc,4520,452010,45,45201020,D,USA,423690,5065,222,940,B+,MD,TESSCO TECHNOLOGIES INC,TESS
30714, , ,3/31/11,Hunt Valley,TESSCO Technologies Inc,4520,452010,45,45201020,D,USA,423690,5065,222,940,B+,MD,TESSCO TECHNOLOGIES INC,TESS
30714, , ,4/30/11,Hunt Valley,TESSCO Technologies Inc,4520,452010,45,45201020,D,USA,423690,5065,222,940,B+,MD,TESSCO TECHNOLOGIES INC,TESS
30714, , ,5/31/11,Hunt Valley,TESSCO Technologies Inc,4520,452010,45,45201020,D,USA,423690,5065,222,940,B+,MD,TESSCO TECHNOLOGIES INC,TESS
30714, , ,6/30/11,Hunt Valley,TESSCO Technologies Inc,4520,452010,45,45201020,D,USA,423690,5065,222,940,B+,MD,TESSCO TECHNOLOGIES INC,TESS
30714, , ,7/31/11,Hunt Valley,TESSCO Technologies Inc,4520,452010,45,45201020,D,USA,423690,5065,222,940,B+,MD,TESSCO TECHNOLOGIES INC,TESS
30714, , ,8/31/11,Hunt Valley,TESSCO Technologies Inc,4520,452010,45,45201020,D,USA,423690,5065,222,940,B+,MD,TESSCO TECHNOLOGIES INC,TESS
30714, , ,9/30/11,Hunt Valley,TESSCO Technologies Inc,4520,452010,45,45201020,D,USA,423690,5065,222,940,B+,MD,TESSCO TECHNOLOGIES INC,TESS
30714, , ,10/31/11,Hunt Valley,TESSCO Technologies Inc,4520,452010,45,45201020,D,USA,423690,5065,222,940,B+,MD,TESSCO TECHNOLOGIES INC,TESS
30714, , ,11/30/11,Hunt Valley,TESSCO Technologies Inc,4520,452010,45,45201020,D,USA,423690,5065,222,940,B+,MD,TESSCO TECHNOLOGIES INC,TESS
30714, , ,12/31/11,Hunt Valley,TESSCO Technologies Inc,4520,452010,45,45201020,D,USA,423690,5065,222,940,B+,MD,TESSCO TECHNOLOGIES INC,TESS
30714, , ,1/31/12,Hunt Valley,TESSCO Technologies Inc,4520,452010,45,45201020,D,USA,423690,5065,222,940,B+,MD,TESSCO TECHNOLOGIES INC,TESS
30714, , ,2/29/12,Hunt Valley,TESSCO Technologies Inc,4520,452010,45,45201020,D,USA,423690,5065,222,940,B+,MD,TESSCO TECHNOLOGIES INC,TESS
30714, , ,3/31/12,Hunt Valley,TESSCO Technologies Inc,4520,452010,45,45201020,D,USA,423690,5065,222,940,B+,MD,TESSCO TECHNOLOGIES INC,TESS
30714, , ,4/30/12,Hunt Valley,TESSCO Technologies Inc,4520,452010,45,45201020,D,USA,423690,5065,222,940,B+,MD,TESSCO TECHNOLOGIES INC,TESS
30714, , ,5/31/12,Hunt Valley,TESSCO Technologies Inc,4520,452010,45,45201020,D,USA,423690,5065,222,940,B+,MD,TESSCO TECHNOLOGIES INC,TESS
30714, , ,6/30/12,Hunt Valley,TESSCO Technologies Inc,4520,452010,45,45201020,D,USA,423690,5065,222,940,B+,MD,TESSCO TECHNOLOGIES INC,TESS
30714, , ,7/31/12,Hunt Valley,TESSCO Technologies Inc,4520,452010,45,45201020,D,USA,423690,5065,222,940,B+,MD,TESSCO TECHNOLOGIES INC,TESS
30714, , ,8/31/12,Hunt Valley,TESSCO Technologies Inc,4520,452010,45,45201020,D,USA,423690,5065,222,940,B+,MD,TESSCO TECHNOLOGIES INC,TESS
30714, , ,9/30/12,Hunt Valley,TESSCO Technologies Inc,4520,452010,45,45201020,D,USA,423690,5065,222,940,B+,MD,TESSCO TECHNOLOGIES INC,TESS
30714, , ,10/31/12,Hunt Valley,TESSCO Technologies Inc,4520,452010,45,45201020,D,USA,423690,5065,222,940,B+,MD,TESSCO TECHNOLOGIES INC,TESS
30714, , ,11/30/12,Hunt Valley,TESSCO Technologies Inc,4520,452010,45,45201020,D,USA,423690,5065,222,940,B+,MD,TESSCO TECHNOLOGIES INC,TESS
30714, , ,12/31/12,Hunt Valley,TESSCO Technologies Inc,4520,452010,45,45201020,D,USA,423690,5065,222,940,B+,MD,TESSCO TECHNOLOGIES INC,TESS
30714, , ,1/31/13,Hunt Valley,TESSCO Technologies Inc,4520,452010,45,45201020,D,USA,423690,5065,222,940,B+,MD,TESSCO TECHNOLOGIES INC,TESS
30714, , ,2/28/13,Hunt Valley,TESSCO Technologies Inc,4520,452010,45,45201020,D,USA,423690,5065,222,940,B+,MD,TESSCO TECHNOLOGIES INC,TESS
30714, , ,3/31/13,Hunt Valley,TESSCO Technologies Inc,4520,452010,45,45201020,D,USA,423690,5065,222,940,B+,MD,TESSCO TECHNOLOGIES INC,TESS
30714, , ,4/30/13,Hunt Valley,TESSCO Technologies Inc,4520,452010,45,45201020,D,USA,423690,5065,222,940,B+,MD,TESSCO TECHNOLOGIES INC,TESS
30714, , ,5/31/13,Hunt Valley,TESSCO Technologies Inc,4520,452010,45,45201020,D,USA,423690,5065,222,940,B+,MD,TESSCO TECHNOLOGIES INC,TESS
30714, , ,6/30/13,Hunt Valley,TESSCO Technologies Inc,4520,452010,45,45201020,D,USA,423690,5065,222,940,B+,MD,TESSCO TECHNOLOGIES INC,TESS
30714, , ,7/31/13,Hunt Valley,TESSCO Technologies Inc,4520,452010,45,45201020,D,USA,423690,5065,222,940,B+,MD,TESSCO TECHNOLOGIES INC,TESS
30714, , ,8/31/13,Hunt Valley,TESSCO Technologies Inc,4520,452010,45,45201020,D,USA,423690,5065,222,940,B+,MD,TESSCO TECHNOLOGIES INC,TESS
30714, , ,9/30/13,Hunt Valley,TESSCO Technologies Inc,4520,452010,45,45201020,D,USA,423690,5065,222,940,B+,MD,TESSCO TECHNOLOGIES INC,TESS
30714, , ,10/31/13,Hunt Valley,TESSCO Technologies Inc,4520,452010,45,45201020,D,USA,423690,5065,222,940,B+,MD,TESSCO TECHNOLOGIES INC,TESS
30719, , ,1/31/10,San Jose,Nuko Information Systems Inc,4520,452010,45,45201020,D,USA,334220,3663,180,940, ,CA,NUKO INFORMATION SYSTEMS INC,NUKO
30719, , ,2/28/10,San Jose,Nuko Information Systems Inc,4520,452010,45,45201020,D,USA,334220,3663,180,940, ,CA,NUKO INFORMATION SYSTEMS INC,NUKO
30719, , ,3/31/10,San Jose,Nuko Information Systems Inc,4520,452010,45,45201020,D,USA,334220,3663,180,940, ,CA,NUKO INFORMATION SYSTEMS INC,NUKO
30719, , ,4/30/10,San Jose,Nuko Information Systems Inc,4520,452010,45,45201020,D,USA,334220,3663,180,940, ,CA,NUKO INFORMATION SYSTEMS INC,NUKO
30719, , ,5/31/10,San Jose,Nuko Information Systems Inc,4520,452010,45,45201020,D,USA,334220,3663,180,940, ,CA,NUKO INFORMATION SYSTEMS INC,NUKO
30719, , ,6/30/10,San Jose,Nuko Information Systems Inc,4520,452010,45,45201020,D,USA,334220,3663,180,940, ,CA,NUKO INFORMATION SYSTEMS INC,NUKO
30719, , ,7/31/10,San Jose,Nuko Information Systems Inc,4520,452010,45,45201020,D,USA,334220,3663,180,940, ,CA,NUKO INFORMATION SYSTEMS INC,NUKO
30719, , ,8/31/10,San Jose,Nuko Information Systems Inc,4520,452010,45,45201020,D,USA,334220,3663,180,940, ,CA,NUKO INFORMATION SYSTEMS INC,NUKO
30719, , ,9/30/10,San Jose,Nuko Information Systems Inc,4520,452010,45,45201020,D,USA,334220,3663,180,940, ,CA,NUKO INFORMATION SYSTEMS INC,NUKO
30719, , ,10/31/10,San Jose,Nuko Information Systems Inc,4520,452010,45,45201020,D,USA,334220,3663,180,940, ,CA,NUKO INFORMATION SYSTEMS INC,NUKO
30719, , ,11/30/10,San Jose,Nuko Information Systems Inc,4520,452010,45,45201020,D,USA,334220,3663,180,940, ,CA,NUKO INFORMATION SYSTEMS INC,NUKO
30719, , ,12/31/10,San Jose,Nuko Information Systems Inc,4520,452010,45,45201020,D,USA,334220,3663,180,940, ,CA,NUKO INFORMATION SYSTEMS INC,NUKO
30719, , ,1/31/11,San Jose,Nuko Information Systems Inc,4520,452010,45,45201020,D,USA,334220,3663,180,940, ,CA,NUKO INFORMATION SYSTEMS INC,NUKO
30719, , ,2/28/11,San Jose,Nuko Information Systems Inc,4520,452010,45,45201020,D,USA,334220,3663,180,940, ,CA,NUKO INFORMATION SYSTEMS INC,NUKO
30719, , ,3/31/11,San Jose,Nuko Information Systems Inc,4520,452010,45,45201020,D,USA,334220,3663,180,940, ,CA,NUKO INFORMATION SYSTEMS INC,NUKO
30719, , ,4/30/11,San Jose,Nuko Information Systems Inc,4520,452010,45,45201020,D,USA,334220,3663,180,940, ,CA,NUKO INFORMATION SYSTEMS INC,NUKO
30719, , ,5/31/11,San Jose,Nuko Information Systems Inc,4520,452010,45,45201020,D,USA,334220,3663,180,940, ,CA,NUKO INFORMATION SYSTEMS INC,NUKO
30719, , ,6/30/11,San Jose,Nuko Information Systems Inc,4520,452010,45,45201020,D,USA,334220,3663,180,940, ,CA,NUKO INFORMATION SYSTEMS INC,NUKO
30719, , ,7/31/11,San Jose,Nuko Information Systems Inc,4520,452010,45,45201020,D,USA,334220,3663,180,940, ,CA,NUKO INFORMATION SYSTEMS INC,NUKO
30719, , ,8/31/11,San Jose,Nuko Information Systems Inc,4520,452010,45,45201020,D,USA,334220,3663,180,940, ,CA,NUKO INFORMATION SYSTEMS INC,NUKO
30719, , ,9/30/11,San Jose,Nuko Information Systems Inc,4520,452010,45,45201020,D,USA,334220,3663,180,940, ,CA,NUKO INFORMATION SYSTEMS INC,NUKO
30719, , ,10/31/11,San Jose,Nuko Information Systems Inc,4520,452010,45,45201020,D,USA,334220,3663,180,940, ,CA,NUKO INFORMATION SYSTEMS INC,NUKO
30719, , ,11/30/11,San Jose,Nuko Information Systems Inc,4520,452010,45,45201020,D,USA,334220,3663,180,940, ,CA,NUKO INFORMATION SYSTEMS INC,NUKO
30719, , ,12/31/11,San Jose,Nuko Information Systems Inc,4520,452010,45,45201020,D,USA,334220,3663,180,940, ,CA,NUKO INFORMATION SYSTEMS INC,NUKO
30719, , ,1/31/12,San Jose,Nuko Information Systems Inc,4520,452010,45,45201020,D,USA,334220,3663,180,940, ,CA,NUKO INFORMATION SYSTEMS INC,NUKO
30719, , ,2/29/12,San Jose,Nuko Information Systems Inc,4520,452010,45,45201020,D,USA,334220,3663,180,940, ,CA,NUKO INFORMATION SYSTEMS INC,NUKO
30719, , ,3/31/12,San Jose,Nuko Information Systems Inc,4520,452010,45,45201020,D,USA,334220,3663,180,940, ,CA,NUKO INFORMATION SYSTEMS INC,NUKO
30719, , ,4/30/12,San Jose,Nuko Information Systems Inc,4520,452010,45,45201020,D,USA,334220,3663,180,940, ,CA,NUKO INFORMATION SYSTEMS INC,NUKO
30719, , ,5/31/12,San Jose,Nuko Information Systems Inc,4520,452010,45,45201020,D,USA,334220,3663,180,940, ,CA,NUKO INFORMATION SYSTEMS INC,NUKO
30719, , ,7/31/12,San Jose,Nuko Information Systems Inc,4520,452010,45,45201020,D,USA,334220,3663,180,940, ,CA,NUKO INFORMATION SYSTEMS INC,NUKO
30719, , ,10/31/12,San Jose,Nuko Information Systems Inc,4520,452010,45,45201020,D,USA,334220,3663,180,940, ,CA,NUKO INFORMATION SYSTEMS INC,NUKO
30847, , ,1/31/10,Eden Prairie,Stratasys Ltd,4520,452020,45,45202030,D,USA,334118,3577,188,940,B+,MN,STRATASYS LTD,SSYS
30847, , ,2/28/10,Eden Prairie,Stratasys Ltd,4520,452020,45,45202030,D,USA,334118,3577,188,940,B+,MN,STRATASYS LTD,SSYS
30847, , ,3/31/10,Eden Prairie,Stratasys Ltd,4520,452020,45,45202030,D,USA,334118,3577,188,940,B+,MN,STRATASYS LTD,SSYS
30847, , ,4/30/10,Eden Prairie,Stratasys Ltd,4520,452020,45,45202030,D,USA,334118,3577,188,940,B+,MN,STRATASYS LTD,SSYS
30847, , ,5/31/10,Eden Prairie,Stratasys Ltd,4520,452020,45,45202030,D,USA,334118,3577,188,940,B+,MN,STRATASYS LTD,SSYS
30847, , ,6/30/10,Eden Prairie,Stratasys Ltd,4520,452020,45,45202030,D,USA,334118,3577,188,940,B+,MN,STRATASYS LTD,SSYS
30847, , ,7/31/10,Eden Prairie,Stratasys Ltd,4520,452020,45,45202030,D,USA,334118,3577,188,940,B+,MN,STRATASYS LTD,SSYS
30847, , ,8/31/10,Eden Prairie,Stratasys Ltd,4520,452020,45,45202030,D,USA,334118,3577,188,940,B+,MN,STRATASYS LTD,SSYS
30847, , ,9/30/10,Eden Prairie,Stratasys Ltd,4520,452020,45,45202030,D,USA,334118,3577,188,940,B+,MN,STRATASYS LTD,SSYS
30847, , ,10/31/10,Eden Prairie,Stratasys Ltd,4520,452020,45,45202030,D,USA,334118,3577,188,940,B+,MN,STRATASYS LTD,SSYS
30847, , ,11/30/10,Eden Prairie,Stratasys Ltd,4520,452020,45,45202030,D,USA,334118,3577,188,940,B+,MN,STRATASYS LTD,SSYS
30847, , ,12/31/10,Eden Prairie,Stratasys Ltd,4520,452020,45,45202030,D,USA,334118,3577,188,940,B+,MN,STRATASYS LTD,SSYS
30847, , ,1/31/11,Eden Prairie,Stratasys Ltd,4520,452020,45,45202030,D,USA,334118,3577,188,940,B+,MN,STRATASYS LTD,SSYS
30847, , ,2/28/11,Eden Prairie,Stratasys Ltd,4520,452020,45,45202030,D,USA,334118,3577,188,940,B+,MN,STRATASYS LTD,SSYS
30847, , ,3/31/11,Eden Prairie,Stratasys Ltd,4520,452020,45,45202030,D,USA,334118,3577,188,940,B+,MN,STRATASYS LTD,SSYS
30847, , ,4/30/11,Eden Prairie,Stratasys Ltd,4520,452020,45,45202030,D,USA,334118,3577,188,940,B+,MN,STRATASYS LTD,SSYS
30847, , ,5/31/11,Eden Prairie,Stratasys Ltd,4520,452020,45,45202030,D,USA,334118,3577,188,940,B+,MN,STRATASYS LTD,SSYS
30847, , ,6/30/11,Eden Prairie,Stratasys Ltd,4520,452020,45,45202030,D,USA,334118,3577,188,940,B+,MN,STRATASYS LTD,SSYS
30847, , ,7/31/11,Eden Prairie,Stratasys Ltd,4520,452020,45,45202030,D,USA,334118,3577,188,940,B+,MN,STRATASYS LTD,SSYS
30847, , ,8/31/11,Eden Prairie,Stratasys Ltd,4520,452020,45,45202030,D,USA,334118,3577,188,940,B+,MN,STRATASYS LTD,SSYS
30847, , ,9/30/11,Eden Prairie,Stratasys Ltd,4520,452020,45,45202030,D,USA,334118,3577,188,940,B+,MN,STRATASYS LTD,SSYS
30847, , ,10/31/11,Eden Prairie,Stratasys Ltd,4520,452020,45,45202030,D,USA,334118,3577,188,940,B+,MN,STRATASYS LTD,SSYS
30847, , ,11/30/11,Eden Prairie,Stratasys Ltd,4520,452020,45,45202030,D,USA,334118,3577,188,940,B+,MN,STRATASYS LTD,SSYS
30847, , ,12/31/11,Eden Prairie,Stratasys Ltd,4520,452020,45,45202030,D,USA,334118,3577,188,940,B+,MN,STRATASYS LTD,SSYS
30847, , ,1/31/12,Eden Prairie,Stratasys Ltd,4520,452020,45,45202030,D,USA,334118,3577,188,940,B+,MN,STRATASYS LTD,SSYS
30847, , ,2/29/12,Eden Prairie,Stratasys Ltd,4520,452020,45,45202030,D,USA,334118,3577,188,940,B+,MN,STRATASYS LTD,SSYS
30847, , ,3/31/12,Eden Prairie,Stratasys Ltd,4520,452020,45,45202030,D,USA,334118,3577,188,940,B+,MN,STRATASYS LTD,SSYS
30847, , ,4/30/12,Eden Prairie,Stratasys Ltd,4520,452020,45,45202030,D,USA,334118,3577,188,940,B+,MN,STRATASYS LTD,SSYS
30847, , ,5/31/12,Eden Prairie,Stratasys Ltd,4520,452020,45,45202030,D,USA,334118,3577,188,940,B+,MN,STRATASYS LTD,SSYS
30847, , ,6/30/12,Eden Prairie,Stratasys Ltd,4520,452020,45,45202030,D,USA,334118,3577,188,940,B+,MN,STRATASYS LTD,SSYS
30847, , ,7/31/12,Eden Prairie,Stratasys Ltd,4520,452020,45,45202030,D,USA,334118,3577,188,940,B+,MN,STRATASYS LTD,SSYS
30847, , ,8/31/12,Eden Prairie,Stratasys Ltd,4520,452020,45,45202030,D,USA,334118,3577,188,940,B+,MN,STRATASYS LTD,SSYS
30847, , ,9/30/12,Eden Prairie,Stratasys Ltd,4520,452020,45,45202030,D,USA,334118,3577,188,940,B+,MN,STRATASYS LTD,SSYS
30847, , ,10/31/12,Eden Prairie,Stratasys Ltd,4520,452020,45,45202030,D,USA,334118,3577,188,940,B+,MN,STRATASYS LTD,SSYS
30847, , ,11/30/12,Eden Prairie,Stratasys Ltd,4520,452020,45,45202030,D,USA,334118,3577,188,940,B+,MN,STRATASYS LTD,SSYS
30847, , ,12/31/12,Eden Prairie,Stratasys Ltd,4520,452020,45,45202030,D,USA,334118,3577,188,940,B+,MN,STRATASYS LTD,SSYS
30847, , ,1/31/13,Eden Prairie,Stratasys Ltd,4520,452020,45,45202030,D,USA,334118,3577,188,940,B+,MN,STRATASYS LTD,SSYS
30847, , ,2/28/13,Eden Prairie,Stratasys Ltd,4520,452020,45,45202030,D,USA,334118,3577,188,940,B+,MN,STRATASYS LTD,SSYS
30847, , ,3/31/13,Eden Prairie,Stratasys Ltd,4520,452020,45,45202030,D,USA,334118,3577,188,940,B+,MN,STRATASYS LTD,SSYS
30847, , ,4/30/13,Eden Prairie,Stratasys Ltd,4520,452020,45,45202030,D,USA,334118,3577,188,940,B+,MN,STRATASYS LTD,SSYS
30847, , ,5/31/13,Eden Prairie,Stratasys Ltd,4520,452020,45,45202030,D,USA,334118,3577,188,940,B+,MN,STRATASYS LTD,SSYS
30847, , ,6/30/13,Eden Prairie,Stratasys Ltd,4520,452020,45,45202030,D,USA,334118,3577,188,940,B+,MN,STRATASYS LTD,SSYS
30847, , ,7/31/13,Eden Prairie,Stratasys Ltd,4520,452020,45,45202030,D,USA,334118,3577,188,940,B+,MN,STRATASYS LTD,SSYS
30847, , ,8/31/13,Eden Prairie,Stratasys Ltd,4520,452020,45,45202030,D,USA,334118,3577,188,940,B+,MN,STRATASYS LTD,SSYS
30847, , ,9/30/13,Eden Prairie,Stratasys Ltd,4520,452020,45,45202030,D,USA,334118,3577,188,940,B+,MN,STRATASYS LTD,SSYS
30847, , ,10/31/13,Eden Prairie,Stratasys Ltd,4520,452020,45,45202030,D,USA,334118,3577,188,940,B+,MN,STRATASYS LTD,SSYS
30939, , ,1/31/10,Dallas,DRI Corp,4520,452030,45,45203010,D,USA,334220,3663,180,940,D,TX,DRI CORP,TBUSQ
30939, , ,2/28/10,Dallas,DRI Corp,4520,452030,45,45203010,D,USA,334220,3663,180,940,D,TX,DRI CORP,TBUSQ
30939, , ,3/31/10,Dallas,DRI Corp,4520,452030,45,45203010,D,USA,334220,3663,180,940,D,TX,DRI CORP,TBUSQ
30939, , ,4/30/10,Dallas,DRI Corp,4520,452030,45,45203010,D,USA,334220,3663,180,940,D,TX,DRI CORP,TBUSQ
30939, , ,5/31/10,Dallas,DRI Corp,4520,452030,45,45203010,D,USA,334220,3663,180,940,D,TX,DRI CORP,TBUSQ
30939, , ,6/30/10,Dallas,DRI Corp,4520,452030,45,45203010,D,USA,334220,3663,180,940,D,TX,DRI CORP,TBUSQ
30939, , ,7/31/10,Dallas,DRI Corp,4520,452030,45,45203010,D,USA,334220,3663,180,940,D,TX,DRI CORP,TBUSQ
30939, , ,8/31/10,Dallas,DRI Corp,4520,452030,45,45203010,D,USA,334220,3663,180,940,D,TX,DRI CORP,TBUSQ
30939, , ,9/30/10,Dallas,DRI Corp,4520,452030,45,45203010,D,USA,334220,3663,180,940,D,TX,DRI CORP,TBUSQ
30939, , ,10/31/10,Dallas,DRI Corp,4520,452030,45,45203010,D,USA,334220,3663,180,940,D,TX,DRI CORP,TBUSQ
30939, , ,11/30/10,Dallas,DRI Corp,4520,452030,45,45203010,D,USA,334220,3663,180,940,D,TX,DRI CORP,TBUSQ
30939, , ,12/31/10,Dallas,DRI Corp,4520,452030,45,45203010,D,USA,334220,3663,180,940,D,TX,DRI CORP,TBUSQ
30939, , ,1/31/11,Dallas,DRI Corp,4520,452030,45,45203010,D,USA,334220,3663,180,940,D,TX,DRI CORP,TBUSQ
30939, , ,2/28/11,Dallas,DRI Corp,4520,452030,45,45203010,D,USA,334220,3663,180,940,D,TX,DRI CORP,TBUSQ
30939, , ,3/31/11,Dallas,DRI Corp,4520,452030,45,45203010,D,USA,334220,3663,180,940,D,TX,DRI CORP,TBUSQ
30939, , ,4/30/11,Dallas,DRI Corp,4520,452030,45,45203010,D,USA,334220,3663,180,940,D,TX,DRI CORP,TBUSQ
30939, , ,5/31/11,Dallas,DRI Corp,4520,452030,45,45203010,D,USA,334220,3663,180,940,D,TX,DRI CORP,TBUSQ
30939, , ,6/30/11,Dallas,DRI Corp,4520,452030,45,45203010,D,USA,334220,3663,180,940,D,TX,DRI CORP,TBUSQ
30939, , ,7/31/11,Dallas,DRI Corp,4520,452030,45,45203010,D,USA,334220,3663,180,940,D,TX,DRI CORP,TBUSQ
30939, , ,8/31/11,Dallas,DRI Corp,4520,452030,45,45203010,D,USA,334220,3663,180,940,D,TX,DRI CORP,TBUSQ
30939, , ,9/30/11,Dallas,DRI Corp,4520,452030,45,45203010,D,USA,334220,3663,180,940,D,TX,DRI CORP,TBUSQ
30939, , ,10/31/11,Dallas,DRI Corp,4520,452030,45,45203010,D,USA,334220,3663,180,940,D,TX,DRI CORP,TBUSQ
30939, , ,11/30/11,Dallas,DRI Corp,4520,452030,45,45203010,D,USA,334220,3663,180,940,D,TX,DRI CORP,TBUSQ
30939, , ,12/31/11,Dallas,DRI Corp,4520,452030,45,45203010,D,USA,334220,3663,180,940,D,TX,DRI CORP,TBUSQ
30939, , ,1/31/12,Dallas,DRI Corp,4520,452030,45,45203010,D,USA,334220,3663,180,940,D,TX,DRI CORP,TBUSQ
30939, , ,2/29/12,Dallas,DRI Corp,4520,452030,45,45203010,D,USA,334220,3663,180,940,D,TX,DRI CORP,TBUSQ
30939, , ,3/31/12,Dallas,DRI Corp,4520,452030,45,45203010,D,USA,334220,3663,180,940,D,TX,DRI CORP,TBUSQ
30939, , ,4/30/12,Dallas,DRI Corp,4520,452030,45,45203010,D,USA,334220,3663,180,940,D,TX,DRI CORP,TBUSQ
30939, , ,5/31/12,Dallas,DRI Corp,4520,452030,45,45203010,D,USA,334220,3663,180,940,D,TX,DRI CORP,TBUSQ
30939, , ,6/30/12,Dallas,DRI Corp,4520,452030,45,45203010,D,USA,334220,3663,180,940,D,TX,DRI CORP,TBUSQ
30939, , ,7/31/12,Dallas,DRI Corp,4520,452030,45,45203010,D,USA,334220,3663,180,940,D,TX,DRI CORP,TBUSQ
30939, , ,8/31/12,Dallas,DRI Corp,4520,452030,45,45203010,D,USA,334220,3663,180,940,D,TX,DRI CORP,TBUSQ
30939, , ,9/30/12,Dallas,DRI Corp,4520,452030,45,45203010,D,USA,334220,3663,180,940,D,TX,DRI CORP,TBUSQ
30939, , ,10/31/12,Dallas,DRI Corp,4520,452030,45,45203010,D,USA,334220,3663,180,940,D,TX,DRI CORP,TBUSQ
30939, , ,11/30/12,Dallas,DRI Corp,4520,452030,45,45203010,D,USA,334220,3663,180,940,D,TX,DRI CORP,TBUSQ
30939, , ,12/31/12,Dallas,DRI Corp,4520,452030,45,45203010,D,USA,334220,3663,180,940,D,TX,DRI CORP,TBUSQ
30939, , ,1/31/13,Dallas,DRI Corp,4520,452030,45,45203010,D,USA,334220,3663,180,940,D,TX,DRI CORP,TBUSQ
31193, , ,1/31/10,New London,Digital Angel Corp,4520,452010,45,45201020,D,USA,511210,7372,454,940,C,CT,DIGITAL ANGEL CORP-OLD2,DIGA.1
31193, , ,2/28/10,New London,Digital Angel Corp,4520,452010,45,45201020,D,USA,511210,7372,454,940,C,CT,DIGITAL ANGEL CORP-OLD2,DIGA.1
31193, , ,3/31/10,New London,Digital Angel Corp,4520,452010,45,45201020,D,USA,511210,7372,454,940,C,CT,DIGITAL ANGEL CORP-OLD2,DIGA.1
31193, , ,4/30/10,New London,Digital Angel Corp,4520,452010,45,45201020,D,USA,511210,7372,454,940,C,CT,DIGITAL ANGEL CORP-OLD2,DIGA.1
31193, , ,5/31/10,New London,Digital Angel Corp,4520,452010,45,45201020,D,USA,511210,7372,454,940,C,CT,DIGITAL ANGEL CORP-OLD2,DIGA.1
31193, , ,6/30/10,New London,Digital Angel Corp,4520,452010,45,45201020,D,USA,511210,7372,454,940,C,CT,DIGITAL ANGEL CORP-OLD2,DIGA.1
31193, , ,7/31/10,New London,Digital Angel Corp,4520,452010,45,45201020,D,USA,511210,7372,454,940,C,CT,DIGITAL ANGEL CORP-OLD2,DIGA.1
31193, , ,8/31/10,New London,Digital Angel Corp,4520,452010,45,45201020,D,USA,511210,7372,454,940,C,CT,DIGITAL ANGEL CORP-OLD2,DIGA.1
31193, , ,9/30/10,New London,Digital Angel Corp,4520,452010,45,45201020,D,USA,511210,7372,454,940,C,CT,DIGITAL ANGEL CORP-OLD2,DIGA.1
31193, , ,10/31/10,New London,Digital Angel Corp,4520,452010,45,45201020,D,USA,511210,7372,454,940,C,CT,DIGITAL ANGEL CORP-OLD2,DIGA.1
31193, , ,11/30/10,New London,Digital Angel Corp,4520,452010,45,45201020,D,USA,511210,7372,454,940,C,CT,DIGITAL ANGEL CORP-OLD2,DIGA.1
31193, , ,12/31/10,New London,Digital Angel Corp,4520,452010,45,45201020,D,USA,511210,7372,454,940,C,CT,DIGITAL ANGEL CORP-OLD2,DIGA.1
31193, , ,1/31/11,New London,Digital Angel Corp,4520,452010,45,45201020,D,USA,511210,7372,454,940,C,CT,DIGITAL ANGEL CORP-OLD2,DIGA.1
31193, , ,2/28/11,New London,Digital Angel Corp,4520,452010,45,45201020,D,USA,511210,7372,454,940,C,CT,DIGITAL ANGEL CORP-OLD2,DIGA.1
31193, , ,3/31/11,New London,Digital Angel Corp,4520,452010,45,45201020,D,USA,511210,7372,454,940,C,CT,DIGITAL ANGEL CORP-OLD2,DIGA.1
31193, , ,4/30/11,New London,Digital Angel Corp,4520,452010,45,45201020,D,USA,511210,7372,454,940,C,CT,DIGITAL ANGEL CORP-OLD2,DIGA.1
31193, , ,5/31/11,New London,Digital Angel Corp,4520,452010,45,45201020,D,USA,511210,7372,454,940,C,CT,DIGITAL ANGEL CORP-OLD2,DIGA.1
31193, , ,6/30/11,New London,Digital Angel Corp,4520,452010,45,45201020,D,USA,511210,7372,454,940,C,CT,DIGITAL ANGEL CORP-OLD2,DIGA.1
31193, , ,7/31/11,New London,Digital Angel Corp,4520,452010,45,45201020,D,USA,511210,7372,454,940,C,CT,DIGITAL ANGEL CORP-OLD2,DIGA.1
31193, , ,8/31/11,New London,Digital Angel Corp,4520,452010,45,45201020,D,USA,511210,7372,454,940,C,CT,DIGITAL ANGEL CORP-OLD2,DIGA.1
31193, , ,9/30/11,New London,Digital Angel Corp,4520,452010,45,45201020,D,USA,511210,7372,454,940,C,CT,DIGITAL ANGEL CORP-OLD2,DIGA.1
31193, , ,10/31/11,New London,Digital Angel Corp,4520,452010,45,45201020,D,USA,511210,7372,454,940,C,CT,DIGITAL ANGEL CORP-OLD2,DIGA.1
31193, , ,11/30/11,New London,Digital Angel Corp,4520,452010,45,45201020,D,USA,511210,7372,454,940,C,CT,DIGITAL ANGEL CORP-OLD2,DIGA.1
31193, , ,12/31/11,New London,Digital Angel Corp,4520,452010,45,45201020,D,USA,511210,7372,454,940,C,CT,DIGITAL ANGEL CORP-OLD2,DIGA.1
31193, , ,1/31/12,New London,Digital Angel Corp,4520,452010,45,45201020,D,USA,511210,7372,454,940,C,CT,DIGITAL ANGEL CORP-OLD2,DIGA.1
31193, , ,2/29/12,New London,Digital Angel Corp,4520,452010,45,45201020,D,USA,511210,7372,454,940,C,CT,DIGITAL ANGEL CORP-OLD2,DIGA.1
31193, , ,3/31/12,New London,Digital Angel Corp,4520,452010,45,45201020,D,USA,511210,7372,454,940,C,CT,DIGITAL ANGEL CORP-OLD2,DIGA.1
31193, , ,4/30/12,New London,Digital Angel Corp,4520,452010,45,45201020,D,USA,511210,7372,454,940,C,CT,DIGITAL ANGEL CORP-OLD2,DIGA.1
31193, , ,5/31/12,New London,Digital Angel Corp,4520,452010,45,45201020,D,USA,511210,7372,454,940,C,CT,DIGITAL ANGEL CORP-OLD2,DIGA.1
31193, , ,6/30/12,New London,Digital Angel Corp,4520,452010,45,45201020,D,USA,511210,7372,454,940,C,CT,DIGITAL ANGEL CORP-OLD2,DIGA.1
31193, , ,7/31/12,New London,Digital Angel Corp,4520,452010,45,45201020,D,USA,511210,7372,454,940,C,CT,DIGITAL ANGEL CORP-OLD2,DIGA.1
31193, , ,8/31/12,New London,Digital Angel Corp,4520,452010,45,45201020,D,USA,511210,7372,454,940,C,CT,DIGITAL ANGEL CORP-OLD2,DIGA.1
31193, , ,9/30/12,New London,Digital Angel Corp,4520,452010,45,45201020,D,USA,511210,7372,454,940,C,CT,DIGITAL ANGEL CORP-OLD2,DIGA.1
31193, , ,10/31/12,New London,Digital Angel Corp,4520,452010,45,45201020,D,USA,511210,7372,454,940,C,CT,DIGITAL ANGEL CORP-OLD2,DIGA.1
31193, , ,11/30/12,New London,Digital Angel Corp,4520,452010,45,45201020,D,USA,511210,7372,454,940,C,CT,DIGITAL ANGEL CORP-OLD2,DIGA.1
31193, , ,12/31/12,New London,Digital Angel Corp,4520,452010,45,45201020,D,USA,511210,7372,454,940,C,CT,DIGITAL ANGEL CORP-OLD2,DIGA.1
31193, , ,1/31/13,New London,Digital Angel Corp,4520,452010,45,45201020,D,USA,511210,7372,454,940,C,CT,DIGITAL ANGEL CORP-OLD2,DIGA.1
31193, , ,2/28/13,New London,Digital Angel Corp,4520,452010,45,45201020,D,USA,511210,7372,454,940,C,CT,DIGITAL ANGEL CORP-OLD2,DIGA.1
31193, , ,3/31/13,New London,Digital Angel Corp,4520,452010,45,45201020,D,USA,511210,7372,454,940,C,CT,DIGITAL ANGEL CORP-OLD2,DIGA.1
31193, , ,4/30/13,New London,Digital Angel Corp,4520,452010,45,45201020,D,USA,511210,7372,454,940,C,CT,DIGITAL ANGEL CORP-OLD2,DIGA.1
31193, , ,5/31/13,New London,Digital Angel Corp,4520,452010,45,45201020,D,USA,511210,7372,454,940,C,CT,DIGITAL ANGEL CORP-OLD2,DIGA.1
31193, , ,6/30/13,New London,Digital Angel Corp,4520,452010,45,45201020,D,USA,511210,7372,454,940,C,CT,DIGITAL ANGEL CORP-OLD2,DIGA.1
31193, , ,7/31/13,New London,Digital Angel Corp,4520,452010,45,45201020,D,USA,511210,7372,454,940,C,CT,DIGITAL ANGEL CORP-OLD2,DIGA.1
31285, , ,1/31/10,Ronkonkoma,Sentry Technology Corp,4520,452030,45,45203010,D,USA,334290,3669,180,940, ,NY,SENTRY TECHNOLOGY CORP,SKVY
31285, , ,2/28/10,Ronkonkoma,Sentry Technology Corp,4520,452030,45,45203010,D,USA,334290,3669,180,940, ,NY,SENTRY TECHNOLOGY CORP,SKVY
31285, , ,3/31/10,Ronkonkoma,Sentry Technology Corp,4520,452030,45,45203010,D,USA,334290,3669,180,940, ,NY,SENTRY TECHNOLOGY CORP,SKVY
31285, , ,4/30/10,Ronkonkoma,Sentry Technology Corp,4520,452030,45,45203010,D,USA,334290,3669,180,940, ,NY,SENTRY TECHNOLOGY CORP,SKVY
31285, , ,5/31/10,Ronkonkoma,Sentry Technology Corp,4520,452030,45,45203010,D,USA,334290,3669,180,940, ,NY,SENTRY TECHNOLOGY CORP,SKVY
31285, , ,6/30/10,Ronkonkoma,Sentry Technology Corp,4520,452030,45,45203010,D,USA,334290,3669,180,940, ,NY,SENTRY TECHNOLOGY CORP,SKVY
31285, , ,7/31/10,Ronkonkoma,Sentry Technology Corp,4520,452030,45,45203010,D,USA,334290,3669,180,940, ,NY,SENTRY TECHNOLOGY CORP,SKVY
31285, , ,8/31/10,Ronkonkoma,Sentry Technology Corp,4520,452030,45,45203010,D,USA,334290,3669,180,940, ,NY,SENTRY TECHNOLOGY CORP,SKVY
31285, , ,9/30/10,Ronkonkoma,Sentry Technology Corp,4520,452030,45,45203010,D,USA,334290,3669,180,940, ,NY,SENTRY TECHNOLOGY CORP,SKVY
31285, , ,10/31/10,Ronkonkoma,Sentry Technology Corp,4520,452030,45,45203010,D,USA,334290,3669,180,940, ,NY,SENTRY TECHNOLOGY CORP,SKVY
31285, , ,11/30/10,Ronkonkoma,Sentry Technology Corp,4520,452030,45,45203010,D,USA,334290,3669,180,940, ,NY,SENTRY TECHNOLOGY CORP,SKVY
31285, , ,12/31/10,Ronkonkoma,Sentry Technology Corp,4520,452030,45,45203010,D,USA,334290,3669,180,940, ,NY,SENTRY TECHNOLOGY CORP,SKVY
31285, , ,1/31/11,Ronkonkoma,Sentry Technology Corp,4520,452030,45,45203010,D,USA,334290,3669,180,940, ,NY,SENTRY TECHNOLOGY CORP,SKVY
31285, , ,2/28/11,Ronkonkoma,Sentry Technology Corp,4520,452030,45,45203010,D,USA,334290,3669,180,940, ,NY,SENTRY TECHNOLOGY CORP,SKVY
31285, , ,3/31/11,Ronkonkoma,Sentry Technology Corp,4520,452030,45,45203010,D,USA,334290,3669,180,940, ,NY,SENTRY TECHNOLOGY CORP,SKVY
31285, , ,4/30/11,Ronkonkoma,Sentry Technology Corp,4520,452030,45,45203010,D,USA,334290,3669,180,940, ,NY,SENTRY TECHNOLOGY CORP,SKVY
31285, , ,5/31/11,Ronkonkoma,Sentry Technology Corp,4520,452030,45,45203010,D,USA,334290,3669,180,940, ,NY,SENTRY TECHNOLOGY CORP,SKVY
31285, , ,6/30/11,Ronkonkoma,Sentry Technology Corp,4520,452030,45,45203010,D,USA,334290,3669,180,940, ,NY,SENTRY TECHNOLOGY CORP,SKVY
31285, , ,7/31/11,Ronkonkoma,Sentry Technology Corp,4520,452030,45,45203010,D,USA,334290,3669,180,940, ,NY,SENTRY TECHNOLOGY CORP,SKVY
31285, , ,8/31/11,Ronkonkoma,Sentry Technology Corp,4520,452030,45,45203010,D,USA,334290,3669,180,940, ,NY,SENTRY TECHNOLOGY CORP,SKVY
31285, , ,9/30/11,Ronkonkoma,Sentry Technology Corp,4520,452030,45,45203010,D,USA,334290,3669,180,940, ,NY,SENTRY TECHNOLOGY CORP,SKVY
31285, , ,10/31/11,Ronkonkoma,Sentry Technology Corp,4520,452030,45,45203010,D,USA,334290,3669,180,940, ,NY,SENTRY TECHNOLOGY CORP,SKVY
31285, , ,11/30/11,Ronkonkoma,Sentry Technology Corp,4520,452030,45,45203010,D,USA,334290,3669,180,940, ,NY,SENTRY TECHNOLOGY CORP,SKVY
31285, , ,12/31/11,Ronkonkoma,Sentry Technology Corp,4520,452030,45,45203010,D,USA,334290,3669,180,940, ,NY,SENTRY TECHNOLOGY CORP,SKVY
31285, , ,1/31/12,Ronkonkoma,Sentry Technology Corp,4520,452030,45,45203010,D,USA,334290,3669,180,940, ,NY,SENTRY TECHNOLOGY CORP,SKVY
31285, , ,2/29/12,Ronkonkoma,Sentry Technology Corp,4520,452030,45,45203010,D,USA,334290,3669,180,940, ,NY,SENTRY TECHNOLOGY CORP,SKVY
31285, , ,3/31/12,Ronkonkoma,Sentry Technology Corp,4520,452030,45,45203010,D,USA,334290,3669,180,940, ,NY,SENTRY TECHNOLOGY CORP,SKVY
31285, , ,4/30/12,Ronkonkoma,Sentry Technology Corp,4520,452030,45,45203010,D,USA,334290,3669,180,940, ,NY,SENTRY TECHNOLOGY CORP,SKVY
31285, , ,5/31/12,Ronkonkoma,Sentry Technology Corp,4520,452030,45,45203010,D,USA,334290,3669,180,940, ,NY,SENTRY TECHNOLOGY CORP,SKVY
31285, , ,6/30/12,Ronkonkoma,Sentry Technology Corp,4520,452030,45,45203010,D,USA,334290,3669,180,940, ,NY,SENTRY TECHNOLOGY CORP,SKVY
31285, , ,7/31/12,Ronkonkoma,Sentry Technology Corp,4520,452030,45,45203010,D,USA,334290,3669,180,940, ,NY,SENTRY TECHNOLOGY CORP,SKVY
31285, , ,8/31/12,Ronkonkoma,Sentry Technology Corp,4520,452030,45,45203010,D,USA,334290,3669,180,940, ,NY,SENTRY TECHNOLOGY CORP,SKVY
31285, , ,9/30/12,Ronkonkoma,Sentry Technology Corp,4520,452030,45,45203010,D,USA,334290,3669,180,940, ,NY,SENTRY TECHNOLOGY CORP,SKVY
31285, , ,10/31/12,Ronkonkoma,Sentry Technology Corp,4520,452030,45,45203010,D,USA,334290,3669,180,940, ,NY,SENTRY TECHNOLOGY CORP,SKVY
31285, , ,11/30/12,Ronkonkoma,Sentry Technology Corp,4520,452030,45,45203010,D,USA,334290,3669,180,940, ,NY,SENTRY TECHNOLOGY CORP,SKVY
31285, , ,12/31/12,Ronkonkoma,Sentry Technology Corp,4520,452030,45,45203010,D,USA,334290,3669,180,940, ,NY,SENTRY TECHNOLOGY CORP,SKVY
31285, , ,1/31/13,Ronkonkoma,Sentry Technology Corp,4520,452030,45,45203010,D,USA,334290,3669,180,940, ,NY,SENTRY TECHNOLOGY CORP,SKVY
31285, , ,2/28/13,Ronkonkoma,Sentry Technology Corp,4520,452030,45,45203010,D,USA,334290,3669,180,940, ,NY,SENTRY TECHNOLOGY CORP,SKVY
31285, , ,3/31/13,Ronkonkoma,Sentry Technology Corp,4520,452030,45,45203010,D,USA,334290,3669,180,940, ,NY,SENTRY TECHNOLOGY CORP,SKVY
31285, , ,4/30/13,Ronkonkoma,Sentry Technology Corp,4520,452030,45,45203010,D,USA,334290,3669,180,940, ,NY,SENTRY TECHNOLOGY CORP,SKVY
31285, , ,5/31/13,Ronkonkoma,Sentry Technology Corp,4520,452030,45,45203010,D,USA,334290,3669,180,940, ,NY,SENTRY TECHNOLOGY CORP,SKVY
31285, , ,6/30/13,Ronkonkoma,Sentry Technology Corp,4520,452030,45,45203010,D,USA,334290,3669,180,940, ,NY,SENTRY TECHNOLOGY CORP,SKVY
31285, , ,7/31/13,Ronkonkoma,Sentry Technology Corp,4520,452030,45,45203010,D,USA,334290,3669,180,940, ,NY,SENTRY TECHNOLOGY CORP,SKVY
31285, , ,8/31/13,Ronkonkoma,Sentry Technology Corp,4520,452030,45,45203010,D,USA,334290,3669,180,940, ,NY,SENTRY TECHNOLOGY CORP,SKVY
31285, , ,9/30/13,Ronkonkoma,Sentry Technology Corp,4520,452030,45,45203010,D,USA,334290,3669,180,940, ,NY,SENTRY TECHNOLOGY CORP,SKVY
31285, , ,10/31/13,Ronkonkoma,Sentry Technology Corp,4520,452030,45,45203010,D,USA,334290,3669,180,940, ,NY,SENTRY TECHNOLOGY CORP,SKVY
31453, , ,1/31/10,Tempe,Insight Enterprises Inc,4520,452030,45,45203030,D,USA,423430,5045,447,976,B,AZ,INSIGHT ENTERPRISES INC,NSIT
31453, , ,2/28/10,Tempe,Insight Enterprises Inc,4520,452030,45,45203030,D,USA,423430,5045,447,976,B,AZ,INSIGHT ENTERPRISES INC,NSIT
31453, , ,3/31/10,Tempe,Insight Enterprises Inc,4520,452030,45,45203030,D,USA,423430,5045,447,976,B,AZ,INSIGHT ENTERPRISES INC,NSIT
31453, , ,4/30/10,Tempe,Insight Enterprises Inc,4520,452030,45,45203030,D,USA,423430,5045,447,976,B,AZ,INSIGHT ENTERPRISES INC,NSIT
31453, , ,5/31/10,Tempe,Insight Enterprises Inc,4520,452030,45,45203030,D,USA,423430,5045,447,976,B,AZ,INSIGHT ENTERPRISES INC,NSIT
31453, , ,6/30/10,Tempe,Insight Enterprises Inc,4520,452030,45,45203030,D,USA,423430,5045,447,976,B,AZ,INSIGHT ENTERPRISES INC,NSIT
31453, , ,7/31/10,Tempe,Insight Enterprises Inc,4520,452030,45,45203030,D,USA,423430,5045,447,976,B,AZ,INSIGHT ENTERPRISES INC,NSIT
31453, , ,8/31/10,Tempe,Insight Enterprises Inc,4520,452030,45,45203030,D,USA,423430,5045,447,976,B,AZ,INSIGHT ENTERPRISES INC,NSIT
31453, , ,9/30/10,Tempe,Insight Enterprises Inc,4520,452030,45,45203030,D,USA,423430,5045,447,976,B,AZ,INSIGHT ENTERPRISES INC,NSIT
31453, , ,10/31/10,Tempe,Insight Enterprises Inc,4520,452030,45,45203030,D,USA,423430,5045,447,976,B,AZ,INSIGHT ENTERPRISES INC,NSIT
31453, , ,11/30/10,Tempe,Insight Enterprises Inc,4520,452030,45,45203030,D,USA,423430,5045,447,976,B,AZ,INSIGHT ENTERPRISES INC,NSIT
31453, , ,12/31/10,Tempe,Insight Enterprises Inc,4520,452030,45,45203030,D,USA,423430,5045,447,976,B,AZ,INSIGHT ENTERPRISES INC,NSIT
31453, , ,1/31/11,Tempe,Insight Enterprises Inc,4520,452030,45,45203030,D,USA,423430,5045,447,976,B,AZ,INSIGHT ENTERPRISES INC,NSIT
31453, , ,2/28/11,Tempe,Insight Enterprises Inc,4520,452030,45,45203030,D,USA,423430,5045,447,976,B,AZ,INSIGHT ENTERPRISES INC,NSIT
31453, , ,3/31/11,Tempe,Insight Enterprises Inc,4520,452030,45,45203030,D,USA,423430,5045,447,976,B,AZ,INSIGHT ENTERPRISES INC,NSIT
31453, , ,4/30/11,Tempe,Insight Enterprises Inc,4520,452030,45,45203030,D,USA,423430,5045,447,976,B,AZ,INSIGHT ENTERPRISES INC,NSIT
31453, , ,5/31/11,Tempe,Insight Enterprises Inc,4520,452030,45,45203030,D,USA,423430,5045,447,976,B,AZ,INSIGHT ENTERPRISES INC,NSIT
31453, , ,6/30/11,Tempe,Insight Enterprises Inc,4520,452030,45,45203030,D,USA,423430,5045,447,976,B,AZ,INSIGHT ENTERPRISES INC,NSIT
31453, , ,7/31/11,Tempe,Insight Enterprises Inc,4520,452030,45,45203030,D,USA,423430,5045,447,976,B,AZ,INSIGHT ENTERPRISES INC,NSIT
31453, , ,8/31/11,Tempe,Insight Enterprises Inc,4520,452030,45,45203030,D,USA,423430,5045,447,976,B,AZ,INSIGHT ENTERPRISES INC,NSIT
31453, , ,9/30/11,Tempe,Insight Enterprises Inc,4520,452030,45,45203030,D,USA,423430,5045,447,976,B,AZ,INSIGHT ENTERPRISES INC,NSIT
31453, , ,10/31/11,Tempe,Insight Enterprises Inc,4520,452030,45,45203030,D,USA,423430,5045,447,976,B,AZ,INSIGHT ENTERPRISES INC,NSIT
31453, , ,11/30/11,Tempe,Insight Enterprises Inc,4520,452030,45,45203030,D,USA,423430,5045,447,976,B,AZ,INSIGHT ENTERPRISES INC,NSIT
31453, , ,12/31/11,Tempe,Insight Enterprises Inc,4520,452030,45,45203030,D,USA,423430,5045,447,976,B,AZ,INSIGHT ENTERPRISES INC,NSIT
31453, , ,1/31/12,Tempe,Insight Enterprises Inc,4520,452030,45,45203030,D,USA,423430,5045,447,976,B,AZ,INSIGHT ENTERPRISES INC,NSIT
31453, , ,2/29/12,Tempe,Insight Enterprises Inc,4520,452030,45,45203030,D,USA,423430,5045,447,976,B,AZ,INSIGHT ENTERPRISES INC,NSIT
31453, , ,3/31/12,Tempe,Insight Enterprises Inc,4520,452030,45,45203030,D,USA,423430,5045,447,976,B,AZ,INSIGHT ENTERPRISES INC,NSIT
31453, , ,4/30/12,Tempe,Insight Enterprises Inc,4520,452030,45,45203030,D,USA,423430,5045,447,976,B,AZ,INSIGHT ENTERPRISES INC,NSIT
31453, , ,5/31/12,Tempe,Insight Enterprises Inc,4520,452030,45,45203030,D,USA,423430,5045,447,976,B,AZ,INSIGHT ENTERPRISES INC,NSIT
31453, , ,6/30/12,Tempe,Insight Enterprises Inc,4520,452030,45,45203030,D,USA,423430,5045,447,976,B,AZ,INSIGHT ENTERPRISES INC,NSIT
31453, , ,7/31/12,Tempe,Insight Enterprises Inc,4520,452030,45,45203030,D,USA,423430,5045,447,976,B,AZ,INSIGHT ENTERPRISES INC,NSIT
31453, , ,8/31/12,Tempe,Insight Enterprises Inc,4520,452030,45,45203030,D,USA,423430,5045,447,976,B,AZ,INSIGHT ENTERPRISES INC,NSIT
31453, , ,9/30/12,Tempe,Insight Enterprises Inc,4520,452030,45,45203030,D,USA,423430,5045,447,976,B,AZ,INSIGHT ENTERPRISES INC,NSIT
31453, , ,10/31/12,Tempe,Insight Enterprises Inc,4520,452030,45,45203030,D,USA,423430,5045,447,976,B,AZ,INSIGHT ENTERPRISES INC,NSIT
31453, , ,11/30/12,Tempe,Insight Enterprises Inc,4520,452030,45,45203030,D,USA,423430,5045,447,976,B,AZ,INSIGHT ENTERPRISES INC,NSIT
31453, , ,12/31/12,Tempe,Insight Enterprises Inc,4520,452030,45,45203030,D,USA,423430,5045,447,976,B,AZ,INSIGHT ENTERPRISES INC,NSIT
31453, , ,1/31/13,Tempe,Insight Enterprises Inc,4520,452030,45,45203030,D,USA,423430,5045,447,976,B,AZ,INSIGHT ENTERPRISES INC,NSIT
31453, , ,2/28/13,Tempe,Insight Enterprises Inc,4520,452030,45,45203030,D,USA,423430,5045,447,976,B,AZ,INSIGHT ENTERPRISES INC,NSIT
31453, , ,3/31/13,Tempe,Insight Enterprises Inc,4520,452030,45,45203030,D,USA,423430,5045,447,976,B,AZ,INSIGHT ENTERPRISES INC,NSIT
31453, , ,4/30/13,Tempe,Insight Enterprises Inc,4520,452030,45,45203030,D,USA,423430,5045,447,976,B,AZ,INSIGHT ENTERPRISES INC,NSIT
31453, , ,5/31/13,Tempe,Insight Enterprises Inc,4520,452030,45,45203030,D,USA,423430,5045,447,976,B,AZ,INSIGHT ENTERPRISES INC,NSIT
31453, , ,6/30/13,Tempe,Insight Enterprises Inc,4520,452030,45,45203030,D,USA,423430,5045,447,976,B,AZ,INSIGHT ENTERPRISES INC,NSIT
31453, , ,7/31/13,Tempe,Insight Enterprises Inc,4520,452030,45,45203030,D,USA,423430,5045,447,976,B,AZ,INSIGHT ENTERPRISES INC,NSIT
31453, , ,8/31/13,Tempe,Insight Enterprises Inc,4520,452030,45,45203030,D,USA,423430,5045,447,976,B,AZ,INSIGHT ENTERPRISES INC,NSIT
31453, , ,9/30/13,Tempe,Insight Enterprises Inc,4520,452030,45,45203030,D,USA,423430,5045,447,976,B,AZ,INSIGHT ENTERPRISES INC,NSIT
31453, , ,10/31/13,Tempe,Insight Enterprises Inc,4520,452030,45,45203030,D,USA,423430,5045,447,976,B,AZ,INSIGHT ENTERPRISES INC,NSIT
31455, , ,1/31/10,Cranbury,Ariel Corp,4520,452010,45,45201020,D,USA,334412,3672,220,925, ,NJ,ARIEL CORP,ADSP
31455, , ,2/28/10,Cranbury,Ariel Corp,4520,452010,45,45201020,D,USA,334412,3672,220,925, ,NJ,ARIEL CORP,ADSP
31499, , ,1/31/10,Vancouver,Advanced Voice Technologies,4520,452010,45,45201020,D,CAN,334210,3661,180,940, ,BC,ADVANCED VOICE TECHNOLOGIES,GGTS
31499, , ,2/28/10,Vancouver,Advanced Voice Technologies,4520,452010,45,45201020,D,CAN,334210,3661,180,940, ,BC,ADVANCED VOICE TECHNOLOGIES,GGTS
31499, , ,3/31/10,Vancouver,Advanced Voice Technologies,4520,452010,45,45201020,D,CAN,334210,3661,180,940, ,BC,ADVANCED VOICE TECHNOLOGIES,GGTS
31500, , ,1/31/10,Bohemia,Global Payment Technologies Inc,4520,452020,45,45202030,D,USA,334118,3578,370,925,C,NY,GLOBAL PAYMENT TECHNOLOGIES,GPTX
31500, , ,2/28/10,Bohemia,Global Payment Technologies Inc,4520,452020,45,45202030,D,USA,334118,3578,370,925,C,NY,GLOBAL PAYMENT TECHNOLOGIES,GPTX
31500, , ,3/31/10,Bohemia,Global Payment Technologies Inc,4520,452020,45,45202030,D,USA,334118,3578,370,925,C,NY,GLOBAL PAYMENT TECHNOLOGIES,GPTX
31500, , ,4/30/10,Bohemia,Global Payment Technologies Inc,4520,452020,45,45202030,D,USA,334118,3578,370,925,C,NY,GLOBAL PAYMENT TECHNOLOGIES,GPTX
31500, , ,5/31/10,Bohemia,Global Payment Technologies Inc,4520,452020,45,45202030,D,USA,334118,3578,370,925,C,NY,GLOBAL PAYMENT TECHNOLOGIES,GPTX
31500, , ,6/30/10,Bohemia,Global Payment Technologies Inc,4520,452020,45,45202030,D,USA,334118,3578,370,925,C,NY,GLOBAL PAYMENT TECHNOLOGIES,GPTX
31500, , ,7/31/10,Bohemia,Global Payment Technologies Inc,4520,452020,45,45202030,D,USA,334118,3578,370,925,C,NY,GLOBAL PAYMENT TECHNOLOGIES,GPTX
31500, , ,8/31/10,Bohemia,Global Payment Technologies Inc,4520,452020,45,45202030,D,USA,334118,3578,370,925,C,NY,GLOBAL PAYMENT TECHNOLOGIES,GPTX
31500, , ,9/30/10,Bohemia,Global Payment Technologies Inc,4520,452020,45,45202030,D,USA,334118,3578,370,925,C,NY,GLOBAL PAYMENT TECHNOLOGIES,GPTX
31500, , ,10/31/10,Bohemia,Global Payment Technologies Inc,4520,452020,45,45202030,D,USA,334118,3578,370,925,C,NY,GLOBAL PAYMENT TECHNOLOGIES,GPTX
31500, , ,11/30/10,Bohemia,Global Payment Technologies Inc,4520,452020,45,45202030,D,USA,334118,3578,370,925,C,NY,GLOBAL PAYMENT TECHNOLOGIES,GPTX
31500, , ,12/31/10,Bohemia,Global Payment Technologies Inc,4520,452020,45,45202030,D,USA,334118,3578,370,925,C,NY,GLOBAL PAYMENT TECHNOLOGIES,GPTX
31500, , ,1/31/11,Bohemia,Global Payment Technologies Inc,4520,452020,45,45202030,D,USA,334118,3578,370,925,C,NY,GLOBAL PAYMENT TECHNOLOGIES,GPTX
31500, , ,2/28/11,Bohemia,Global Payment Technologies Inc,4520,452020,45,45202030,D,USA,334118,3578,370,925,C,NY,GLOBAL PAYMENT TECHNOLOGIES,GPTX
31500, , ,3/31/11,Bohemia,Global Payment Technologies Inc,4520,452020,45,45202030,D,USA,334118,3578,370,925,C,NY,GLOBAL PAYMENT TECHNOLOGIES,GPTX
31500, , ,4/30/11,Bohemia,Global Payment Technologies Inc,4520,452020,45,45202030,D,USA,334118,3578,370,925,C,NY,GLOBAL PAYMENT TECHNOLOGIES,GPTX
31500, , ,5/31/11,Bohemia,Global Payment Technologies Inc,4520,452020,45,45202030,D,USA,334118,3578,370,925,C,NY,GLOBAL PAYMENT TECHNOLOGIES,GPTX
31500, , ,6/30/11,Bohemia,Global Payment Technologies Inc,4520,452020,45,45202030,D,USA,334118,3578,370,925,C,NY,GLOBAL PAYMENT TECHNOLOGIES,GPTX
31500, , ,7/31/11,Bohemia,Global Payment Technologies Inc,4520,452020,45,45202030,D,USA,334118,3578,370,925,C,NY,GLOBAL PAYMENT TECHNOLOGIES,GPTX
31500, , ,8/31/11,Bohemia,Global Payment Technologies Inc,4520,452020,45,45202030,D,USA,334118,3578,370,925,C,NY,GLOBAL PAYMENT TECHNOLOGIES,GPTX
31500, , ,9/30/11,Bohemia,Global Payment Technologies Inc,4520,452020,45,45202030,D,USA,334118,3578,370,925,C,NY,GLOBAL PAYMENT TECHNOLOGIES,GPTX
31500, , ,10/31/11,Bohemia,Global Payment Technologies Inc,4520,452020,45,45202030,D,USA,334118,3578,370,925,C,NY,GLOBAL PAYMENT TECHNOLOGIES,GPTX
31500, , ,11/30/11,Bohemia,Global Payment Technologies Inc,4520,452020,45,45202030,D,USA,334118,3578,370,925,C,NY,GLOBAL PAYMENT TECHNOLOGIES,GPTX
31500, , ,12/31/11,Bohemia,Global Payment Technologies Inc,4520,452020,45,45202030,D,USA,334118,3578,370,925,C,NY,GLOBAL PAYMENT TECHNOLOGIES,GPTX
31500, , ,1/31/12,Bohemia,Global Payment Technologies Inc,4520,452020,45,45202030,D,USA,334118,3578,370,925,C,NY,GLOBAL PAYMENT TECHNOLOGIES,GPTX
31500, , ,2/29/12,Bohemia,Global Payment Technologies Inc,4520,452020,45,45202030,D,USA,334118,3578,370,925,C,NY,GLOBAL PAYMENT TECHNOLOGIES,GPTX
31500, , ,3/31/12,Bohemia,Global Payment Technologies Inc,4520,452020,45,45202030,D,USA,334118,3578,370,925,C,NY,GLOBAL PAYMENT TECHNOLOGIES,GPTX
31500, , ,4/30/12,Bohemia,Global Payment Technologies Inc,4520,452020,45,45202030,D,USA,334118,3578,370,925,C,NY,GLOBAL PAYMENT TECHNOLOGIES,GPTX
31500, , ,5/31/12,Bohemia,Global Payment Technologies Inc,4520,452020,45,45202030,D,USA,334118,3578,370,925,C,NY,GLOBAL PAYMENT TECHNOLOGIES,GPTX
31500, , ,6/30/12,Bohemia,Global Payment Technologies Inc,4520,452020,45,45202030,D,USA,334118,3578,370,925,C,NY,GLOBAL PAYMENT TECHNOLOGIES,GPTX
31500, , ,7/31/12,Bohemia,Global Payment Technologies Inc,4520,452020,45,45202030,D,USA,334118,3578,370,925,C,NY,GLOBAL PAYMENT TECHNOLOGIES,GPTX
31500, , ,8/31/12,Bohemia,Global Payment Technologies Inc,4520,452020,45,45202030,D,USA,334118,3578,370,925,C,NY,GLOBAL PAYMENT TECHNOLOGIES,GPTX
31500, , ,9/30/12,Bohemia,Global Payment Technologies Inc,4520,452020,45,45202030,D,USA,334118,3578,370,925,C,NY,GLOBAL PAYMENT TECHNOLOGIES,GPTX
31500, , ,10/31/12,Bohemia,Global Payment Technologies Inc,4520,452020,45,45202030,D,USA,334118,3578,370,925,C,NY,GLOBAL PAYMENT TECHNOLOGIES,GPTX
31500, , ,11/30/12,Bohemia,Global Payment Technologies Inc,4520,452020,45,45202030,D,USA,334118,3578,370,925,C,NY,GLOBAL PAYMENT TECHNOLOGIES,GPTX
31500, , ,12/31/12,Bohemia,Global Payment Technologies Inc,4520,452020,45,45202030,D,USA,334118,3578,370,925,C,NY,GLOBAL PAYMENT TECHNOLOGIES,GPTX
31500, , ,1/31/13,Bohemia,Global Payment Technologies Inc,4520,452020,45,45202030,D,USA,334118,3578,370,925,C,NY,GLOBAL PAYMENT TECHNOLOGIES,GPTX
31500, , ,2/28/13,Bohemia,Global Payment Technologies Inc,4520,452020,45,45202030,D,USA,334118,3578,370,925,C,NY,GLOBAL PAYMENT TECHNOLOGIES,GPTX
31500, , ,3/31/13,Bohemia,Global Payment Technologies Inc,4520,452020,45,45202030,D,USA,334118,3578,370,925,C,NY,GLOBAL PAYMENT TECHNOLOGIES,GPTX
31500, , ,4/30/13,Bohemia,Global Payment Technologies Inc,4520,452020,45,45202030,D,USA,334118,3578,370,925,C,NY,GLOBAL PAYMENT TECHNOLOGIES,GPTX
31500, , ,5/31/13,Bohemia,Global Payment Technologies Inc,4520,452020,45,45202030,D,USA,334118,3578,370,925,C,NY,GLOBAL PAYMENT TECHNOLOGIES,GPTX
31500, , ,6/30/13,Bohemia,Global Payment Technologies Inc,4520,452020,45,45202030,D,USA,334118,3578,370,925,C,NY,GLOBAL PAYMENT TECHNOLOGIES,GPTX
31500, , ,7/31/13,Bohemia,Global Payment Technologies Inc,4520,452020,45,45202030,D,USA,334118,3578,370,925,C,NY,GLOBAL PAYMENT TECHNOLOGIES,GPTX
31500, , ,8/31/13,Bohemia,Global Payment Technologies Inc,4520,452020,45,45202030,D,USA,334118,3578,370,925,C,NY,GLOBAL PAYMENT TECHNOLOGIES,GPTX
31500, , ,9/30/13,Bohemia,Global Payment Technologies Inc,4520,452020,45,45202030,D,USA,334118,3578,370,925,C,NY,GLOBAL PAYMENT TECHNOLOGIES,GPTX
31500, , ,10/31/13,Bohemia,Global Payment Technologies Inc,4520,452020,45,45202030,D,USA,334118,3578,370,925,C,NY,GLOBAL PAYMENT TECHNOLOGIES,GPTX
31591, , ,1/31/10,Nashua,Storage Computer Corp,4520,452020,45,45202020,D,USA,334112,3572,188,940,C,NH,STORAGE COMPUTER CORP,SOSO
31591, , ,2/28/10,Nashua,Storage Computer Corp,4520,452020,45,45202020,D,USA,334112,3572,188,940,C,NH,STORAGE COMPUTER CORP,SOSO
31591, , ,3/31/10,Nashua,Storage Computer Corp,4520,452020,45,45202020,D,USA,334112,3572,188,940,C,NH,STORAGE COMPUTER CORP,SOSO
31591, , ,4/30/10,Nashua,Storage Computer Corp,4520,452020,45,45202020,D,USA,334112,3572,188,940,C,NH,STORAGE COMPUTER CORP,SOSO
31591, , ,5/31/10,Nashua,Storage Computer Corp,4520,452020,45,45202020,D,USA,334112,3572,188,940,C,NH,STORAGE COMPUTER CORP,SOSO
31591, , ,6/30/10,Nashua,Storage Computer Corp,4520,452020,45,45202020,D,USA,334112,3572,188,940,C,NH,STORAGE COMPUTER CORP,SOSO
31591, , ,7/31/10,Nashua,Storage Computer Corp,4520,452020,45,45202020,D,USA,334112,3572,188,940,C,NH,STORAGE COMPUTER CORP,SOSO
31591, , ,8/31/10,Nashua,Storage Computer Corp,4520,452020,45,45202020,D,USA,334112,3572,188,940,C,NH,STORAGE COMPUTER CORP,SOSO
31591, , ,9/30/10,Nashua,Storage Computer Corp,4520,452020,45,45202020,D,USA,334112,3572,188,940,C,NH,STORAGE COMPUTER CORP,SOSO
31591, , ,10/31/10,Nashua,Storage Computer Corp,4520,452020,45,45202020,D,USA,334112,3572,188,940,C,NH,STORAGE COMPUTER CORP,SOSO
31591, , ,11/30/10,Nashua,Storage Computer Corp,4520,452020,45,45202020,D,USA,334112,3572,188,940,C,NH,STORAGE COMPUTER CORP,SOSO
31591, , ,12/31/10,Nashua,Storage Computer Corp,4520,452020,45,45202020,D,USA,334112,3572,188,940,C,NH,STORAGE COMPUTER CORP,SOSO
31591, , ,1/31/11,Nashua,Storage Computer Corp,4520,452020,45,45202020,D,USA,334112,3572,188,940,C,NH,STORAGE COMPUTER CORP,SOSO
31591, , ,2/28/11,Nashua,Storage Computer Corp,4520,452020,45,45202020,D,USA,334112,3572,188,940,C,NH,STORAGE COMPUTER CORP,SOSO
31591, , ,3/31/11,Nashua,Storage Computer Corp,4520,452020,45,45202020,D,USA,334112,3572,188,940,C,NH,STORAGE COMPUTER CORP,SOSO
31591, , ,4/30/11,Nashua,Storage Computer Corp,4520,452020,45,45202020,D,USA,334112,3572,188,940,C,NH,STORAGE COMPUTER CORP,SOSO
31591, , ,5/31/11,Nashua,Storage Computer Corp,4520,452020,45,45202020,D,USA,334112,3572,188,940,C,NH,STORAGE COMPUTER CORP,SOSO
31591, , ,6/30/11,Nashua,Storage Computer Corp,4520,452020,45,45202020,D,USA,334112,3572,188,940,C,NH,STORAGE COMPUTER CORP,SOSO
31591, , ,7/31/11,Nashua,Storage Computer Corp,4520,452020,45,45202020,D,USA,334112,3572,188,940,C,NH,STORAGE COMPUTER CORP,SOSO
31591, , ,8/31/11,Nashua,Storage Computer Corp,4520,452020,45,45202020,D,USA,334112,3572,188,940,C,NH,STORAGE COMPUTER CORP,SOSO
31591, , ,9/30/11,Nashua,Storage Computer Corp,4520,452020,45,45202020,D,USA,334112,3572,188,940,C,NH,STORAGE COMPUTER CORP,SOSO
31591, , ,10/31/11,Nashua,Storage Computer Corp,4520,452020,45,45202020,D,USA,334112,3572,188,940,C,NH,STORAGE COMPUTER CORP,SOSO
31591, , ,11/30/11,Nashua,Storage Computer Corp,4520,452020,45,45202020,D,USA,334112,3572,188,940,C,NH,STORAGE COMPUTER CORP,SOSO
31591, , ,12/31/11,Nashua,Storage Computer Corp,4520,452020,45,45202020,D,USA,334112,3572,188,940,C,NH,STORAGE COMPUTER CORP,SOSO
31591, , ,1/31/12,Nashua,Storage Computer Corp,4520,452020,45,45202020,D,USA,334112,3572,188,940,C,NH,STORAGE COMPUTER CORP,SOSO
31591, , ,2/29/12,Nashua,Storage Computer Corp,4520,452020,45,45202020,D,USA,334112,3572,188,940,C,NH,STORAGE COMPUTER CORP,SOSO
31591, , ,3/31/12,Nashua,Storage Computer Corp,4520,452020,45,45202020,D,USA,334112,3572,188,940,C,NH,STORAGE COMPUTER CORP,SOSO
31591, , ,4/30/12,Nashua,Storage Computer Corp,4520,452020,45,45202020,D,USA,334112,3572,188,940,C,NH,STORAGE COMPUTER CORP,SOSO
31591, , ,5/31/12,Nashua,Storage Computer Corp,4520,452020,45,45202020,D,USA,334112,3572,188,940,C,NH,STORAGE COMPUTER CORP,SOSO
31591, , ,6/30/12,Nashua,Storage Computer Corp,4520,452020,45,45202020,D,USA,334112,3572,188,940,C,NH,STORAGE COMPUTER CORP,SOSO
31607, , ,1/31/10,Austin,National Instruments Corp,4520,452030,45,45203010,D,USA,511210,7372,190,940,B,TX,NATIONAL INSTRUMENTS CORP,NATI
31607, , ,2/28/10,Austin,National Instruments Corp,4520,452030,45,45203010,D,USA,511210,7372,190,940,B,TX,NATIONAL INSTRUMENTS CORP,NATI
31607, , ,3/31/10,Austin,National Instruments Corp,4520,452030,45,45203010,D,USA,511210,7372,190,940,B,TX,NATIONAL INSTRUMENTS CORP,NATI
31607, , ,4/30/10,Austin,National Instruments Corp,4520,452030,45,45203010,D,USA,511210,7372,190,940,B,TX,NATIONAL INSTRUMENTS CORP,NATI
31607, , ,5/31/10,Austin,National Instruments Corp,4520,452030,45,45203010,D,USA,511210,7372,190,940,B,TX,NATIONAL INSTRUMENTS CORP,NATI
31607, , ,6/30/10,Austin,National Instruments Corp,4520,452030,45,45203010,D,USA,511210,7372,190,940,B,TX,NATIONAL INSTRUMENTS CORP,NATI
31607, , ,7/31/10,Austin,National Instruments Corp,4520,452030,45,45203010,D,USA,511210,7372,190,940,B,TX,NATIONAL INSTRUMENTS CORP,NATI
31607, , ,8/31/10,Austin,National Instruments Corp,4520,452030,45,45203010,D,USA,511210,7372,190,940,B,TX,NATIONAL INSTRUMENTS CORP,NATI
31607, , ,9/30/10,Austin,National Instruments Corp,4520,452030,45,45203010,D,USA,511210,7372,190,940,B,TX,NATIONAL INSTRUMENTS CORP,NATI
31607, , ,10/31/10,Austin,National Instruments Corp,4520,452030,45,45203010,D,USA,511210,7372,190,940,B,TX,NATIONAL INSTRUMENTS CORP,NATI
31607, , ,11/30/10,Austin,National Instruments Corp,4520,452030,45,45203010,D,USA,511210,7372,190,940,B,TX,NATIONAL INSTRUMENTS CORP,NATI
31607, , ,12/31/10,Austin,National Instruments Corp,4520,452030,45,45203010,D,USA,511210,7372,190,940,B,TX,NATIONAL INSTRUMENTS CORP,NATI
31607, , ,1/31/11,Austin,National Instruments Corp,4520,452030,45,45203010,D,USA,511210,7372,190,940,B,TX,NATIONAL INSTRUMENTS CORP,NATI
31607, , ,2/28/11,Austin,National Instruments Corp,4520,452030,45,45203010,D,USA,511210,7372,190,940,B,TX,NATIONAL INSTRUMENTS CORP,NATI
31607, , ,3/31/11,Austin,National Instruments Corp,4520,452030,45,45203010,D,USA,511210,7372,190,940,B,TX,NATIONAL INSTRUMENTS CORP,NATI
31607, , ,4/30/11,Austin,National Instruments Corp,4520,452030,45,45203010,D,USA,511210,7372,190,940,B,TX,NATIONAL INSTRUMENTS CORP,NATI
31607, , ,5/31/11,Austin,National Instruments Corp,4520,452030,45,45203010,D,USA,511210,7372,190,940,B,TX,NATIONAL INSTRUMENTS CORP,NATI
31607, , ,6/30/11,Austin,National Instruments Corp,4520,452030,45,45203010,D,USA,511210,7372,190,940,B,TX,NATIONAL INSTRUMENTS CORP,NATI
31607, , ,7/31/11,Austin,National Instruments Corp,4520,452030,45,45203010,D,USA,511210,7372,190,940,B,TX,NATIONAL INSTRUMENTS CORP,NATI
31607, , ,8/31/11,Austin,National Instruments Corp,4520,452030,45,45203010,D,USA,511210,7372,190,940,B,TX,NATIONAL INSTRUMENTS CORP,NATI
31607, , ,9/30/11,Austin,National Instruments Corp,4520,452030,45,45203010,D,USA,511210,7372,190,940,B,TX,NATIONAL INSTRUMENTS CORP,NATI
31607, , ,10/31/11,Austin,National Instruments Corp,4520,452030,45,45203010,D,USA,511210,7372,190,940,B,TX,NATIONAL INSTRUMENTS CORP,NATI
31607, , ,11/30/11,Austin,National Instruments Corp,4520,452030,45,45203010,D,USA,511210,7372,190,940,B,TX,NATIONAL INSTRUMENTS CORP,NATI
31607, , ,12/31/11,Austin,National Instruments Corp,4520,452030,45,45203010,D,USA,511210,7372,190,940,B,TX,NATIONAL INSTRUMENTS CORP,NATI
31607, , ,1/31/12,Austin,National Instruments Corp,4520,452030,45,45203010,D,USA,511210,7372,190,940,B,TX,NATIONAL INSTRUMENTS CORP,NATI
31607, , ,2/29/12,Austin,National Instruments Corp,4520,452030,45,45203010,D,USA,511210,7372,190,940,B,TX,NATIONAL INSTRUMENTS CORP,NATI
31607, , ,3/31/12,Austin,National Instruments Corp,4520,452030,45,45203010,D,USA,511210,7372,190,940,B,TX,NATIONAL INSTRUMENTS CORP,NATI
31607, , ,4/30/12,Austin,National Instruments Corp,4520,452030,45,45203010,D,USA,511210,7372,190,940,B,TX,NATIONAL INSTRUMENTS CORP,NATI
31607, , ,5/31/12,Austin,National Instruments Corp,4520,452030,45,45203010,D,USA,511210,7372,190,940,B,TX,NATIONAL INSTRUMENTS CORP,NATI
31607, , ,6/30/12,Austin,National Instruments Corp,4520,452030,45,45203010,D,USA,511210,7372,190,940,B,TX,NATIONAL INSTRUMENTS CORP,NATI
31607, , ,7/31/12,Austin,National Instruments Corp,4520,452030,45,45203010,D,USA,511210,7372,190,940,B,TX,NATIONAL INSTRUMENTS CORP,NATI
31607, , ,8/31/12,Austin,National Instruments Corp,4520,452030,45,45203010,D,USA,511210,7372,190,940,B,TX,NATIONAL INSTRUMENTS CORP,NATI
31607, , ,9/30/12,Austin,National Instruments Corp,4520,452030,45,45203010,D,USA,511210,7372,190,940,B,TX,NATIONAL INSTRUMENTS CORP,NATI
31607, , ,10/31/12,Austin,National Instruments Corp,4520,452030,45,45203010,D,USA,511210,7372,190,940,B,TX,NATIONAL INSTRUMENTS CORP,NATI
31607, , ,11/30/12,Austin,National Instruments Corp,4520,452030,45,45203010,D,USA,511210,7372,190,940,B,TX,NATIONAL INSTRUMENTS CORP,NATI
31607, , ,12/31/12,Austin,National Instruments Corp,4520,452030,45,45203010,D,USA,511210,7372,190,940,B,TX,NATIONAL INSTRUMENTS CORP,NATI
31607, , ,1/31/13,Austin,National Instruments Corp,4520,452030,45,45203010,D,USA,511210,7372,190,940,B,TX,NATIONAL INSTRUMENTS CORP,NATI
31607, , ,2/28/13,Austin,National Instruments Corp,4520,452030,45,45203010,D,USA,511210,7372,190,940,B,TX,NATIONAL INSTRUMENTS CORP,NATI
31607, , ,3/31/13,Austin,National Instruments Corp,4520,452030,45,45203010,D,USA,511210,7372,190,940,B,TX,NATIONAL INSTRUMENTS CORP,NATI
31607, , ,4/30/13,Austin,National Instruments Corp,4520,452030,45,45203010,D,USA,511210,7372,190,940,B,TX,NATIONAL INSTRUMENTS CORP,NATI
31607, , ,5/31/13,Austin,National Instruments Corp,4520,452030,45,45203010,D,USA,511210,7372,190,940,B,TX,NATIONAL INSTRUMENTS CORP,NATI
31607, , ,6/30/13,Austin,National Instruments Corp,4520,452030,45,45203010,D,USA,511210,7372,190,940,B,TX,NATIONAL INSTRUMENTS CORP,NATI
31607, , ,7/31/13,Austin,National Instruments Corp,4520,452030,45,45203010,D,USA,511210,7372,190,940,B,TX,NATIONAL INSTRUMENTS CORP,NATI
31607, , ,8/31/13,Austin,National Instruments Corp,4520,452030,45,45203010,D,USA,511210,7372,190,940,B,TX,NATIONAL INSTRUMENTS CORP,NATI
31607, , ,9/30/13,Austin,National Instruments Corp,4520,452030,45,45203010,D,USA,511210,7372,190,940,B,TX,NATIONAL INSTRUMENTS CORP,NATI
31607, , ,10/31/13,Austin,National Instruments Corp,4520,452030,45,45203010,D,USA,511210,7372,190,940,B,TX,NATIONAL INSTRUMENTS CORP,NATI
31674, , ,1/31/10,El Segundo,PCM Inc,4520,452030,45,45203030,D,USA,454111,5961,447,976,B,CA,PCM INC,PCMI
31674, , ,2/28/10,El Segundo,PCM Inc,4520,452030,45,45203030,D,USA,454111,5961,447,976,B,CA,PCM INC,PCMI
31674, , ,3/31/10,El Segundo,PCM Inc,4520,452030,45,45203030,D,USA,454111,5961,447,976,B,CA,PCM INC,PCMI
31674, , ,4/30/10,El Segundo,PCM Inc,4520,452030,45,45203030,D,USA,454111,5961,447,976,B,CA,PCM INC,PCMI
31674, , ,5/31/10,El Segundo,PCM Inc,4520,452030,45,45203030,D,USA,454111,5961,447,976,B,CA,PCM INC,PCMI
31674, , ,6/30/10,El Segundo,PCM Inc,4520,452030,45,45203030,D,USA,454111,5961,447,976,B,CA,PCM INC,PCMI
31674, , ,7/31/10,El Segundo,PCM Inc,4520,452030,45,45203030,D,USA,454111,5961,447,976,B,CA,PCM INC,PCMI
31674, , ,8/31/10,El Segundo,PCM Inc,4520,452030,45,45203030,D,USA,454111,5961,447,976,B,CA,PCM INC,PCMI
31674, , ,9/30/10,El Segundo,PCM Inc,4520,452030,45,45203030,D,USA,454111,5961,447,976,B,CA,PCM INC,PCMI
31674, , ,10/31/10,El Segundo,PCM Inc,4520,452030,45,45203030,D,USA,454111,5961,447,976,B,CA,PCM INC,PCMI
31674, , ,11/30/10,El Segundo,PCM Inc,4520,452030,45,45203030,D,USA,454111,5961,447,976,B,CA,PCM INC,PCMI
31674, , ,12/31/10,El Segundo,PCM Inc,4520,452030,45,45203030,D,USA,454111,5961,447,976,B,CA,PCM INC,PCMI
31674, , ,1/31/11,El Segundo,PCM Inc,4520,452030,45,45203030,D,USA,454111,5961,447,976,B,CA,PCM INC,PCMI
31674, , ,2/28/11,El Segundo,PCM Inc,4520,452030,45,45203030,D,USA,454111,5961,447,976,B,CA,PCM INC,PCMI
31674, , ,3/31/11,El Segundo,PCM Inc,4520,452030,45,45203030,D,USA,454111,5961,447,976,B,CA,PCM INC,PCMI
31674, , ,4/30/11,El Segundo,PCM Inc,4520,452030,45,45203030,D,USA,454111,5961,447,976,B,CA,PCM INC,PCMI
31674, , ,5/31/11,El Segundo,PCM Inc,4520,452030,45,45203030,D,USA,454111,5961,447,976,B,CA,PCM INC,PCMI
31674, , ,6/30/11,El Segundo,PCM Inc,4520,452030,45,45203030,D,USA,454111,5961,447,976,B,CA,PCM INC,PCMI
31674, , ,7/31/11,El Segundo,PCM Inc,4520,452030,45,45203030,D,USA,454111,5961,447,976,B,CA,PCM INC,PCMI
31674, , ,8/31/11,El Segundo,PCM Inc,4520,452030,45,45203030,D,USA,454111,5961,447,976,B,CA,PCM INC,PCMI
31674, , ,9/30/11,El Segundo,PCM Inc,4520,452030,45,45203030,D,USA,454111,5961,447,976,B,CA,PCM INC,PCMI
31674, , ,10/31/11,El Segundo,PCM Inc,4520,452030,45,45203030,D,USA,454111,5961,447,976,B,CA,PCM INC,PCMI
31674, , ,11/30/11,El Segundo,PCM Inc,4520,452030,45,45203030,D,USA,454111,5961,447,976,B,CA,PCM INC,PCMI
31674, , ,12/31/11,El Segundo,PCM Inc,4520,452030,45,45203030,D,USA,454111,5961,447,976,B,CA,PCM INC,PCMI
31674, , ,1/31/12,El Segundo,PCM Inc,4520,452030,45,45203030,D,USA,454111,5961,447,976,B,CA,PCM INC,PCMI
31674, , ,2/29/12,El Segundo,PCM Inc,4520,452030,45,45203030,D,USA,454111,5961,447,976,B,CA,PCM INC,PCMI
31674, , ,3/31/12,El Segundo,PCM Inc,4520,452030,45,45203030,D,USA,454111,5961,447,976,B,CA,PCM INC,PCMI
31674, , ,4/30/12,El Segundo,PCM Inc,4520,452030,45,45203030,D,USA,454111,5961,447,976,B,CA,PCM INC,PCMI
31674, , ,5/31/12,El Segundo,PCM Inc,4520,452030,45,45203030,D,USA,454111,5961,447,976,B,CA,PCM INC,PCMI
31674, , ,6/30/12,El Segundo,PCM Inc,4520,452030,45,45203030,D,USA,454111,5961,447,976,B,CA,PCM INC,PCMI
31674, , ,7/31/12,El Segundo,PCM Inc,4520,452030,45,45203030,D,USA,454111,5961,447,976,B,CA,PCM INC,PCMI
31674, , ,8/31/12,El Segundo,PCM Inc,4520,452030,45,45203030,D,USA,454111,5961,447,976,B,CA,PCM INC,PCMI
31674, , ,9/30/12,El Segundo,PCM Inc,4520,452030,45,45203030,D,USA,454111,5961,447,976,B,CA,PCM INC,PCMI
31674, , ,10/31/12,El Segundo,PCM Inc,4520,452030,45,45203030,D,USA,454111,5961,447,976,B,CA,PCM INC,PCMI
31674, , ,11/30/12,El Segundo,PCM Inc,4520,452030,45,45203030,D,USA,454111,5961,447,976,B,CA,PCM INC,PCMI
31674, , ,12/31/12,El Segundo,PCM Inc,4520,452030,45,45203030,D,USA,454111,5961,447,976,B,CA,PCM INC,PCMI
31674, , ,1/31/13,El Segundo,PCM Inc,4520,452030,45,45203030,D,USA,454111,5961,447,976,B,CA,PCM INC,PCMI
31674, , ,2/28/13,El Segundo,PCM Inc,4520,452030,45,45203030,D,USA,454111,5961,447,976,B,CA,PCM INC,PCMI
31674, , ,3/31/13,El Segundo,PCM Inc,4520,452030,45,45203030,D,USA,454111,5961,447,976,B,CA,PCM INC,PCMI
31674, , ,4/30/13,El Segundo,PCM Inc,4520,452030,45,45203030,D,USA,454111,5961,447,976,B,CA,PCM INC,PCMI
31674, , ,5/31/13,El Segundo,PCM Inc,4520,452030,45,45203030,D,USA,454111,5961,447,976,B,CA,PCM INC,PCMI
31674, , ,6/30/13,El Segundo,PCM Inc,4520,452030,45,45203030,D,USA,454111,5961,447,976,B,CA,PCM INC,PCMI
31674, , ,7/31/13,El Segundo,PCM Inc,4520,452030,45,45203030,D,USA,454111,5961,447,976,B,CA,PCM INC,PCMI
31674, , ,8/31/13,El Segundo,PCM Inc,4520,452030,45,45203030,D,USA,454111,5961,447,976,B,CA,PCM INC,PCMI
31674, , ,9/30/13,El Segundo,PCM Inc,4520,452030,45,45203030,D,USA,454111,5961,447,976,B,CA,PCM INC,PCMI
31674, , ,10/31/13,El Segundo,PCM Inc,4520,452030,45,45203030,D,USA,454111,5961,447,976,B,CA,PCM INC,PCMI
31738, , ,1/31/10,Valencia,Taitron Components Inc,4520,452030,45,45203030,D,USA,423690,5065,222,940,C,CA,TAITRON COMPONENTS  -CL A,TAIT
31738, , ,2/28/10,Valencia,Taitron Components Inc,4520,452030,45,45203030,D,USA,423690,5065,222,940,C,CA,TAITRON COMPONENTS  -CL A,TAIT
31738, , ,3/31/10,Valencia,Taitron Components Inc,4520,452030,45,45203030,D,USA,423690,5065,222,940,C,CA,TAITRON COMPONENTS  -CL A,TAIT
31738, , ,4/30/10,Valencia,Taitron Components Inc,4520,452030,45,45203030,D,USA,423690,5065,222,940,C,CA,TAITRON COMPONENTS  -CL A,TAIT
31738, , ,5/31/10,Valencia,Taitron Components Inc,4520,452030,45,45203030,D,USA,423690,5065,222,940,C,CA,TAITRON COMPONENTS  -CL A,TAIT
31738, , ,6/30/10,Valencia,Taitron Components Inc,4520,452030,45,45203030,D,USA,423690,5065,222,940,C,CA,TAITRON COMPONENTS  -CL A,TAIT
31738, , ,7/31/10,Valencia,Taitron Components Inc,4520,452030,45,45203030,D,USA,423690,5065,222,940,C,CA,TAITRON COMPONENTS  -CL A,TAIT
31738, , ,8/31/10,Valencia,Taitron Components Inc,4520,452030,45,45203030,D,USA,423690,5065,222,940,C,CA,TAITRON COMPONENTS  -CL A,TAIT
31738, , ,9/30/10,Valencia,Taitron Components Inc,4520,452030,45,45203030,D,USA,423690,5065,222,940,C,CA,TAITRON COMPONENTS  -CL A,TAIT
31738, , ,10/31/10,Valencia,Taitron Components Inc,4520,452030,45,45203030,D,USA,423690,5065,222,940,C,CA,TAITRON COMPONENTS  -CL A,TAIT
31738, , ,11/30/10,Valencia,Taitron Components Inc,4520,452030,45,45203030,D,USA,423690,5065,222,940,C,CA,TAITRON COMPONENTS  -CL A,TAIT
31738, , ,12/31/10,Valencia,Taitron Components Inc,4520,452030,45,45203030,D,USA,423690,5065,222,940,C,CA,TAITRON COMPONENTS  -CL A,TAIT
31738, , ,1/31/11,Valencia,Taitron Components Inc,4520,452030,45,45203030,D,USA,423690,5065,222,940,C,CA,TAITRON COMPONENTS  -CL A,TAIT
31738, , ,2/28/11,Valencia,Taitron Components Inc,4520,452030,45,45203030,D,USA,423690,5065,222,940,C,CA,TAITRON COMPONENTS  -CL A,TAIT
31738, , ,3/31/11,Valencia,Taitron Components Inc,4520,452030,45,45203030,D,USA,423690,5065,222,940,C,CA,TAITRON COMPONENTS  -CL A,TAIT
31738, , ,4/30/11,Valencia,Taitron Components Inc,4520,452030,45,45203030,D,USA,423690,5065,222,940,C,CA,TAITRON COMPONENTS  -CL A,TAIT
31738, , ,5/31/11,Valencia,Taitron Components Inc,4520,452030,45,45203030,D,USA,423690,5065,222,940,C,CA,TAITRON COMPONENTS  -CL A,TAIT
31738, , ,6/30/11,Valencia,Taitron Components Inc,4520,452030,45,45203030,D,USA,423690,5065,222,940,C,CA,TAITRON COMPONENTS  -CL A,TAIT
31738, , ,7/31/11,Valencia,Taitron Components Inc,4520,452030,45,45203030,D,USA,423690,5065,222,940,C,CA,TAITRON COMPONENTS  -CL A,TAIT
31738, , ,8/31/11,Valencia,Taitron Components Inc,4520,452030,45,45203030,D,USA,423690,5065,222,940,C,CA,TAITRON COMPONENTS  -CL A,TAIT
31738, , ,9/30/11,Valencia,Taitron Components Inc,4520,452030,45,45203030,D,USA,423690,5065,222,940,C,CA,TAITRON COMPONENTS  -CL A,TAIT
31738, , ,10/31/11,Valencia,Taitron Components Inc,4520,452030,45,45203030,D,USA,423690,5065,222,940,C,CA,TAITRON COMPONENTS  -CL A,TAIT
31738, , ,11/30/11,Valencia,Taitron Components Inc,4520,452030,45,45203030,D,USA,423690,5065,222,940,C,CA,TAITRON COMPONENTS  -CL A,TAIT
31738, , ,12/31/11,Valencia,Taitron Components Inc,4520,452030,45,45203030,D,USA,423690,5065,222,940,C,CA,TAITRON COMPONENTS  -CL A,TAIT
31738, , ,1/31/12,Valencia,Taitron Components Inc,4520,452030,45,45203030,D,USA,423690,5065,222,940,C,CA,TAITRON COMPONENTS  -CL A,TAIT
31738, , ,2/29/12,Valencia,Taitron Components Inc,4520,452030,45,45203030,D,USA,423690,5065,222,940,C,CA,TAITRON COMPONENTS  -CL A,TAIT
31738, , ,3/31/12,Valencia,Taitron Components Inc,4520,452030,45,45203030,D,USA,423690,5065,222,940,C,CA,TAITRON COMPONENTS  -CL A,TAIT
31738, , ,4/30/12,Valencia,Taitron Components Inc,4520,452030,45,45203030,D,USA,423690,5065,222,940,C,CA,TAITRON COMPONENTS  -CL A,TAIT
31738, , ,5/31/12,Valencia,Taitron Components Inc,4520,452030,45,45203030,D,USA,423690,5065,222,940,C,CA,TAITRON COMPONENTS  -CL A,TAIT
31738, , ,6/30/12,Valencia,Taitron Components Inc,4520,452030,45,45203030,D,USA,423690,5065,222,940,C,CA,TAITRON COMPONENTS  -CL A,TAIT
31738, , ,7/31/12,Valencia,Taitron Components Inc,4520,452030,45,45203030,D,USA,423690,5065,222,940,C,CA,TAITRON COMPONENTS  -CL A,TAIT
31738, , ,8/31/12,Valencia,Taitron Components Inc,4520,452030,45,45203030,D,USA,423690,5065,222,940,C,CA,TAITRON COMPONENTS  -CL A,TAIT
31738, , ,9/30/12,Valencia,Taitron Components Inc,4520,452030,45,45203030,D,USA,423690,5065,222,940,C,CA,TAITRON COMPONENTS  -CL A,TAIT
31738, , ,10/31/12,Valencia,Taitron Components Inc,4520,452030,45,45203030,D,USA,423690,5065,222,940,C,CA,TAITRON COMPONENTS  -CL A,TAIT
31738, , ,11/30/12,Valencia,Taitron Components Inc,4520,452030,45,45203030,D,USA,423690,5065,222,940,C,CA,TAITRON COMPONENTS  -CL A,TAIT
31738, , ,12/31/12,Valencia,Taitron Components Inc,4520,452030,45,45203030,D,USA,423690,5065,222,940,C,CA,TAITRON COMPONENTS  -CL A,TAIT
31738, , ,1/31/13,Valencia,Taitron Components Inc,4520,452030,45,45203030,D,USA,423690,5065,222,940,C,CA,TAITRON COMPONENTS  -CL A,TAIT
31738, , ,2/28/13,Valencia,Taitron Components Inc,4520,452030,45,45203030,D,USA,423690,5065,222,940,C,CA,TAITRON COMPONENTS  -CL A,TAIT
31738, , ,3/31/13,Valencia,Taitron Components Inc,4520,452030,45,45203030,D,USA,423690,5065,222,940,C,CA,TAITRON COMPONENTS  -CL A,TAIT
31738, , ,4/30/13,Valencia,Taitron Components Inc,4520,452030,45,45203030,D,USA,423690,5065,222,940,C,CA,TAITRON COMPONENTS  -CL A,TAIT
31738, , ,5/31/13,Valencia,Taitron Components Inc,4520,452030,45,45203030,D,USA,423690,5065,222,940,C,CA,TAITRON COMPONENTS  -CL A,TAIT
31738, , ,6/30/13,Valencia,Taitron Components Inc,4520,452030,45,45203030,D,USA,423690,5065,222,940,C,CA,TAITRON COMPONENTS  -CL A,TAIT
31738, , ,7/31/13,Valencia,Taitron Components Inc,4520,452030,45,45203030,D,USA,423690,5065,222,940,C,CA,TAITRON COMPONENTS  -CL A,TAIT
31738, , ,8/31/13,Valencia,Taitron Components Inc,4520,452030,45,45203030,D,USA,423690,5065,222,940,C,CA,TAITRON COMPONENTS  -CL A,TAIT
31738, , ,9/30/13,Valencia,Taitron Components Inc,4520,452030,45,45203030,D,USA,423690,5065,222,940,C,CA,TAITRON COMPONENTS  -CL A,TAIT
31738, , ,10/31/13,Valencia,Taitron Components Inc,4520,452030,45,45203030,D,USA,423690,5065,222,940,C,CA,TAITRON COMPONENTS  -CL A,TAIT
31748, , ,1/31/10,Hauppauge,Hauppauge Digital Inc,4520,452020,45,45202030,D,USA,334118,3577,188,940,C,NY,HAUPPAUGE DIGITAL INC,HAUP
31748, , ,2/28/10,Hauppauge,Hauppauge Digital Inc,4520,452020,45,45202030,D,USA,334118,3577,188,940,C,NY,HAUPPAUGE DIGITAL INC,HAUP
31748, , ,3/31/10,Hauppauge,Hauppauge Digital Inc,4520,452020,45,45202030,D,USA,334118,3577,188,940,C,NY,HAUPPAUGE DIGITAL INC,HAUP
31748, , ,4/30/10,Hauppauge,Hauppauge Digital Inc,4520,452020,45,45202030,D,USA,334118,3577,188,940,C,NY,HAUPPAUGE DIGITAL INC,HAUP
31748, , ,5/31/10,Hauppauge,Hauppauge Digital Inc,4520,452020,45,45202030,D,USA,334118,3577,188,940,C,NY,HAUPPAUGE DIGITAL INC,HAUP
31748, , ,6/30/10,Hauppauge,Hauppauge Digital Inc,4520,452020,45,45202030,D,USA,334118,3577,188,940,C,NY,HAUPPAUGE DIGITAL INC,HAUP
31748, , ,7/31/10,Hauppauge,Hauppauge Digital Inc,4520,452020,45,45202030,D,USA,334118,3577,188,940,C,NY,HAUPPAUGE DIGITAL INC,HAUP
31748, , ,8/31/10,Hauppauge,Hauppauge Digital Inc,4520,452020,45,45202030,D,USA,334118,3577,188,940,C,NY,HAUPPAUGE DIGITAL INC,HAUP
31748, , ,9/30/10,Hauppauge,Hauppauge Digital Inc,4520,452020,45,45202030,D,USA,334118,3577,188,940,C,NY,HAUPPAUGE DIGITAL INC,HAUP
31748, , ,10/31/10,Hauppauge,Hauppauge Digital Inc,4520,452020,45,45202030,D,USA,334118,3577,188,940,C,NY,HAUPPAUGE DIGITAL INC,HAUP
31748, , ,11/30/10,Hauppauge,Hauppauge Digital Inc,4520,452020,45,45202030,D,USA,334118,3577,188,940,C,NY,HAUPPAUGE DIGITAL INC,HAUP
31748, , ,12/31/10,Hauppauge,Hauppauge Digital Inc,4520,452020,45,45202030,D,USA,334118,3577,188,940,C,NY,HAUPPAUGE DIGITAL INC,HAUP
31748, , ,1/31/11,Hauppauge,Hauppauge Digital Inc,4520,452020,45,45202030,D,USA,334118,3577,188,940,C,NY,HAUPPAUGE DIGITAL INC,HAUP
31748, , ,2/28/11,Hauppauge,Hauppauge Digital Inc,4520,452020,45,45202030,D,USA,334118,3577,188,940,C,NY,HAUPPAUGE DIGITAL INC,HAUP
31748, , ,3/31/11,Hauppauge,Hauppauge Digital Inc,4520,452020,45,45202030,D,USA,334118,3577,188,940,C,NY,HAUPPAUGE DIGITAL INC,HAUP
31748, , ,4/30/11,Hauppauge,Hauppauge Digital Inc,4520,452020,45,45202030,D,USA,334118,3577,188,940,C,NY,HAUPPAUGE DIGITAL INC,HAUP
31748, , ,5/31/11,Hauppauge,Hauppauge Digital Inc,4520,452020,45,45202030,D,USA,334118,3577,188,940,C,NY,HAUPPAUGE DIGITAL INC,HAUP
31748, , ,6/30/11,Hauppauge,Hauppauge Digital Inc,4520,452020,45,45202030,D,USA,334118,3577,188,940,C,NY,HAUPPAUGE DIGITAL INC,HAUP
31748, , ,7/31/11,Hauppauge,Hauppauge Digital Inc,4520,452020,45,45202030,D,USA,334118,3577,188,940,C,NY,HAUPPAUGE DIGITAL INC,HAUP
31748, , ,8/31/11,Hauppauge,Hauppauge Digital Inc,4520,452020,45,45202030,D,USA,334118,3577,188,940,C,NY,HAUPPAUGE DIGITAL INC,HAUP
31748, , ,9/30/11,Hauppauge,Hauppauge Digital Inc,4520,452020,45,45202030,D,USA,334118,3577,188,940,C,NY,HAUPPAUGE DIGITAL INC,HAUP
31748, , ,10/31/11,Hauppauge,Hauppauge Digital Inc,4520,452020,45,45202030,D,USA,334118,3577,188,940,C,NY,HAUPPAUGE DIGITAL INC,HAUP
31748, , ,11/30/11,Hauppauge,Hauppauge Digital Inc,4520,452020,45,45202030,D,USA,334118,3577,188,940,C,NY,HAUPPAUGE DIGITAL INC,HAUP
31748, , ,12/31/11,Hauppauge,Hauppauge Digital Inc,4520,452020,45,45202030,D,USA,334118,3577,188,940,C,NY,HAUPPAUGE DIGITAL INC,HAUP
31748, , ,1/31/12,Hauppauge,Hauppauge Digital Inc,4520,452020,45,45202030,D,USA,334118,3577,188,940,C,NY,HAUPPAUGE DIGITAL INC,HAUP
31748, , ,2/29/12,Hauppauge,Hauppauge Digital Inc,4520,452020,45,45202030,D,USA,334118,3577,188,940,C,NY,HAUPPAUGE DIGITAL INC,HAUP
31748, , ,3/31/12,Hauppauge,Hauppauge Digital Inc,4520,452020,45,45202030,D,USA,334118,3577,188,940,C,NY,HAUPPAUGE DIGITAL INC,HAUP
31748, , ,4/30/12,Hauppauge,Hauppauge Digital Inc,4520,452020,45,45202030,D,USA,334118,3577,188,940,C,NY,HAUPPAUGE DIGITAL INC,HAUP
31748, , ,5/31/12,Hauppauge,Hauppauge Digital Inc,4520,452020,45,45202030,D,USA,334118,3577,188,940,C,NY,HAUPPAUGE DIGITAL INC,HAUP
31748, , ,6/30/12,Hauppauge,Hauppauge Digital Inc,4520,452020,45,45202030,D,USA,334118,3577,188,940,C,NY,HAUPPAUGE DIGITAL INC,HAUP
31748, , ,7/31/12,Hauppauge,Hauppauge Digital Inc,4520,452020,45,45202030,D,USA,334118,3577,188,940,C,NY,HAUPPAUGE DIGITAL INC,HAUP
31748, , ,8/31/12,Hauppauge,Hauppauge Digital Inc,4520,452020,45,45202030,D,USA,334118,3577,188,940,C,NY,HAUPPAUGE DIGITAL INC,HAUP
31748, , ,9/30/12,Hauppauge,Hauppauge Digital Inc,4520,452020,45,45202030,D,USA,334118,3577,188,940,C,NY,HAUPPAUGE DIGITAL INC,HAUP
31748, , ,10/31/12,Hauppauge,Hauppauge Digital Inc,4520,452020,45,45202030,D,USA,334118,3577,188,940,C,NY,HAUPPAUGE DIGITAL INC,HAUP
31748, , ,11/30/12,Hauppauge,Hauppauge Digital Inc,4520,452020,45,45202030,D,USA,334118,3577,188,940,C,NY,HAUPPAUGE DIGITAL INC,HAUP
31748, , ,12/31/12,Hauppauge,Hauppauge Digital Inc,4520,452020,45,45202030,D,USA,334118,3577,188,940,C,NY,HAUPPAUGE DIGITAL INC,HAUP
31748, , ,1/31/13,Hauppauge,Hauppauge Digital Inc,4520,452020,45,45202030,D,USA,334118,3577,188,940,C,NY,HAUPPAUGE DIGITAL INC,HAUP
31748, , ,2/28/13,Hauppauge,Hauppauge Digital Inc,4520,452020,45,45202030,D,USA,334118,3577,188,940,C,NY,HAUPPAUGE DIGITAL INC,HAUP
31748, , ,3/31/13,Hauppauge,Hauppauge Digital Inc,4520,452020,45,45202030,D,USA,334118,3577,188,940,C,NY,HAUPPAUGE DIGITAL INC,HAUP
31748, , ,4/30/13,Hauppauge,Hauppauge Digital Inc,4520,452020,45,45202030,D,USA,334118,3577,188,940,C,NY,HAUPPAUGE DIGITAL INC,HAUP
31748, , ,5/31/13,Hauppauge,Hauppauge Digital Inc,4520,452020,45,45202030,D,USA,334118,3577,188,940,C,NY,HAUPPAUGE DIGITAL INC,HAUP
31748, , ,6/30/13,Hauppauge,Hauppauge Digital Inc,4520,452020,45,45202030,D,USA,334118,3577,188,940,C,NY,HAUPPAUGE DIGITAL INC,HAUP
31748, , ,7/31/13,Hauppauge,Hauppauge Digital Inc,4520,452020,45,45202030,D,USA,334118,3577,188,940,C,NY,HAUPPAUGE DIGITAL INC,HAUP
31748, , ,8/31/13,Hauppauge,Hauppauge Digital Inc,4520,452020,45,45202030,D,USA,334118,3577,188,940,C,NY,HAUPPAUGE DIGITAL INC,HAUP
31748, , ,9/30/13,Hauppauge,Hauppauge Digital Inc,4520,452020,45,45202030,D,USA,334118,3577,188,940,C,NY,HAUPPAUGE DIGITAL INC,HAUP
31748, , ,10/31/13,Hauppauge,Hauppauge Digital Inc,4520,452020,45,45202030,D,USA,334118,3577,188,940,C,NY,HAUPPAUGE DIGITAL INC,HAUP
31754, , ,1/31/10,Minneapolis,Spectre Gaming Inc,4520,452030,45,45203010,D,USA,339999,3990,175,976,C,MN,SPECTRE GAMING INC,SGMG
31754, , ,2/28/10,Minneapolis,Spectre Gaming Inc,4520,452030,45,45203010,D,USA,339999,3990,175,976,C,MN,SPECTRE GAMING INC,SGMG
31754, , ,3/31/10,Minneapolis,Spectre Gaming Inc,4520,452030,45,45203010,D,USA,339999,3990,175,976,C,MN,SPECTRE GAMING INC,SGMG
31754, , ,4/30/10,Minneapolis,Spectre Gaming Inc,4520,452030,45,45203010,D,USA,339999,3990,175,976,C,MN,SPECTRE GAMING INC,SGMG
31754, , ,5/31/10,Minneapolis,Spectre Gaming Inc,4520,452030,45,45203010,D,USA,339999,3990,175,976,C,MN,SPECTRE GAMING INC,SGMG
31754, , ,6/30/10,Minneapolis,Spectre Gaming Inc,4520,452030,45,45203010,D,USA,339999,3990,175,976,C,MN,SPECTRE GAMING INC,SGMG
31754, , ,7/31/10,Minneapolis,Spectre Gaming Inc,4520,452030,45,45203010,D,USA,339999,3990,175,976,C,MN,SPECTRE GAMING INC,SGMG
31754, , ,8/31/10,Minneapolis,Spectre Gaming Inc,4520,452030,45,45203010,D,USA,339999,3990,175,976,C,MN,SPECTRE GAMING INC,SGMG
31754, , ,9/30/10,Minneapolis,Spectre Gaming Inc,4520,452030,45,45203010,D,USA,339999,3990,175,976,C,MN,SPECTRE GAMING INC,SGMG
31754, , ,10/31/10,Minneapolis,Spectre Gaming Inc,4520,452030,45,45203010,D,USA,339999,3990,175,976,C,MN,SPECTRE GAMING INC,SGMG
31754, , ,11/30/10,Minneapolis,Spectre Gaming Inc,4520,452030,45,45203010,D,USA,339999,3990,175,976,C,MN,SPECTRE GAMING INC,SGMG
31754, , ,12/31/10,Minneapolis,Spectre Gaming Inc,4520,452030,45,45203010,D,USA,339999,3990,175,976,C,MN,SPECTRE GAMING INC,SGMG
31754, , ,1/31/11,Minneapolis,Spectre Gaming Inc,4520,452030,45,45203010,D,USA,339999,3990,175,976,C,MN,SPECTRE GAMING INC,SGMG
31754, , ,2/28/11,Minneapolis,Spectre Gaming Inc,4520,452030,45,45203010,D,USA,339999,3990,175,976,C,MN,SPECTRE GAMING INC,SGMG
31754, , ,3/31/11,Minneapolis,Spectre Gaming Inc,4520,452030,45,45203010,D,USA,339999,3990,175,976,C,MN,SPECTRE GAMING INC,SGMG
31754, , ,4/30/11,Minneapolis,Spectre Gaming Inc,4520,452030,45,45203010,D,USA,339999,3990,175,976,C,MN,SPECTRE GAMING INC,SGMG
31754, , ,5/31/11,Minneapolis,Spectre Gaming Inc,4520,452030,45,45203010,D,USA,339999,3990,175,976,C,MN,SPECTRE GAMING INC,SGMG
31754, , ,6/30/11,Minneapolis,Spectre Gaming Inc,4520,452030,45,45203010,D,USA,339999,3990,175,976,C,MN,SPECTRE GAMING INC,SGMG
31754, , ,7/31/11,Minneapolis,Spectre Gaming Inc,4520,452030,45,45203010,D,USA,339999,3990,175,976,C,MN,SPECTRE GAMING INC,SGMG
31754, , ,8/31/11,Minneapolis,Spectre Gaming Inc,4520,452030,45,45203010,D,USA,339999,3990,175,976,C,MN,SPECTRE GAMING INC,SGMG
31754, , ,9/30/11,Minneapolis,Spectre Gaming Inc,4520,452030,45,45203010,D,USA,339999,3990,175,976,C,MN,SPECTRE GAMING INC,SGMG
31754, , ,10/31/11,Minneapolis,Spectre Gaming Inc,4520,452030,45,45203010,D,USA,339999,3990,175,976,C,MN,SPECTRE GAMING INC,SGMG
31754, , ,11/30/11,Minneapolis,Spectre Gaming Inc,4520,452030,45,45203010,D,USA,339999,3990,175,976,C,MN,SPECTRE GAMING INC,SGMG
31754, , ,12/31/11,Minneapolis,Spectre Gaming Inc,4520,452030,45,45203010,D,USA,339999,3990,175,976,C,MN,SPECTRE GAMING INC,SGMG
31754, , ,1/31/12,Minneapolis,Spectre Gaming Inc,4520,452030,45,45203010,D,USA,339999,3990,175,976,C,MN,SPECTRE GAMING INC,SGMG
31754, , ,2/29/12,Minneapolis,Spectre Gaming Inc,4520,452030,45,45203010,D,USA,339999,3990,175,976,C,MN,SPECTRE GAMING INC,SGMG
31754, , ,3/31/12,Minneapolis,Spectre Gaming Inc,4520,452030,45,45203010,D,USA,339999,3990,175,976,C,MN,SPECTRE GAMING INC,SGMG
31754, , ,4/30/12,Minneapolis,Spectre Gaming Inc,4520,452030,45,45203010,D,USA,339999,3990,175,976,C,MN,SPECTRE GAMING INC,SGMG
31754, , ,5/31/12,Minneapolis,Spectre Gaming Inc,4520,452030,45,45203010,D,USA,339999,3990,175,976,C,MN,SPECTRE GAMING INC,SGMG
31754, , ,6/30/12,Minneapolis,Spectre Gaming Inc,4520,452030,45,45203010,D,USA,339999,3990,175,976,C,MN,SPECTRE GAMING INC,SGMG
31754, , ,7/31/12,Minneapolis,Spectre Gaming Inc,4520,452030,45,45203010,D,USA,339999,3990,175,976,C,MN,SPECTRE GAMING INC,SGMG
31754, , ,8/31/12,Minneapolis,Spectre Gaming Inc,4520,452030,45,45203010,D,USA,339999,3990,175,976,C,MN,SPECTRE GAMING INC,SGMG
31754, , ,9/30/12,Minneapolis,Spectre Gaming Inc,4520,452030,45,45203010,D,USA,339999,3990,175,976,C,MN,SPECTRE GAMING INC,SGMG
31754, , ,10/31/12,Minneapolis,Spectre Gaming Inc,4520,452030,45,45203010,D,USA,339999,3990,175,976,C,MN,SPECTRE GAMING INC,SGMG
31754, , ,11/30/12,Minneapolis,Spectre Gaming Inc,4520,452030,45,45203010,D,USA,339999,3990,175,976,C,MN,SPECTRE GAMING INC,SGMG
31754, , ,12/31/12,Minneapolis,Spectre Gaming Inc,4520,452030,45,45203010,D,USA,339999,3990,175,976,C,MN,SPECTRE GAMING INC,SGMG
31754, , ,1/31/13,Minneapolis,Spectre Gaming Inc,4520,452030,45,45203010,D,USA,339999,3990,175,976,C,MN,SPECTRE GAMING INC,SGMG
31754, , ,2/28/13,Minneapolis,Spectre Gaming Inc,4520,452030,45,45203010,D,USA,339999,3990,175,976,C,MN,SPECTRE GAMING INC,SGMG
31754, , ,3/31/13,Minneapolis,Spectre Gaming Inc,4520,452030,45,45203010,D,USA,339999,3990,175,976,C,MN,SPECTRE GAMING INC,SGMG
31754, , ,4/30/13,Minneapolis,Spectre Gaming Inc,4520,452030,45,45203010,D,USA,339999,3990,175,976,C,MN,SPECTRE GAMING INC,SGMG
31754, , ,5/31/13,Minneapolis,Spectre Gaming Inc,4520,452030,45,45203010,D,USA,339999,3990,175,976,C,MN,SPECTRE GAMING INC,SGMG
31754, , ,6/30/13,Minneapolis,Spectre Gaming Inc,4520,452030,45,45203010,D,USA,339999,3990,175,976,C,MN,SPECTRE GAMING INC,SGMG
31754, , ,7/31/13,Minneapolis,Spectre Gaming Inc,4520,452030,45,45203010,D,USA,339999,3990,175,976,C,MN,SPECTRE GAMING INC,SGMG
31754, , ,8/31/13,Minneapolis,Spectre Gaming Inc,4520,452030,45,45203010,D,USA,339999,3990,175,976,C,MN,SPECTRE GAMING INC,SGMG
31754, , ,9/30/13,Minneapolis,Spectre Gaming Inc,4520,452030,45,45203010,D,USA,339999,3990,175,976,C,MN,SPECTRE GAMING INC,SGMG
31754, , ,10/31/13,Minneapolis,Spectre Gaming Inc,4520,452030,45,45203010,D,USA,339999,3990,175,976,C,MN,SPECTRE GAMING INC,SGMG
31775, , ,1/31/10,St. Paul,Image Sensing Systems Inc,4520,452030,45,45203010,D,USA,533110,6794,175,976,C,MN,IMAGE SENSING SYSTEMS INC,ISNS
31775, , ,2/28/10,St. Paul,Image Sensing Systems Inc,4520,452030,45,45203010,D,USA,533110,6794,175,976,C,MN,IMAGE SENSING SYSTEMS INC,ISNS
31775, , ,3/31/10,St. Paul,Image Sensing Systems Inc,4520,452030,45,45203010,D,USA,533110,6794,175,976,C,MN,IMAGE SENSING SYSTEMS INC,ISNS
31775, , ,4/30/10,St. Paul,Image Sensing Systems Inc,4520,452030,45,45203010,D,USA,533110,6794,175,976,C,MN,IMAGE SENSING SYSTEMS INC,ISNS
31775, , ,5/31/10,St. Paul,Image Sensing Systems Inc,4520,452030,45,45203010,D,USA,533110,6794,175,976,C,MN,IMAGE SENSING SYSTEMS INC,ISNS
31775, , ,6/30/10,St. Paul,Image Sensing Systems Inc,4520,452030,45,45203010,D,USA,533110,6794,175,976,C,MN,IMAGE SENSING SYSTEMS INC,ISNS
31775, , ,7/31/10,St. Paul,Image Sensing Systems Inc,4520,452030,45,45203010,D,USA,533110,6794,175,976,C,MN,IMAGE SENSING SYSTEMS INC,ISNS
31775, , ,8/31/10,St. Paul,Image Sensing Systems Inc,4520,452030,45,45203010,D,USA,533110,6794,175,976,C,MN,IMAGE SENSING SYSTEMS INC,ISNS
31775, , ,9/30/10,St. Paul,Image Sensing Systems Inc,4520,452030,45,45203010,D,USA,533110,6794,175,976,C,MN,IMAGE SENSING SYSTEMS INC,ISNS
31775, , ,10/31/10,St. Paul,Image Sensing Systems Inc,4520,452030,45,45203010,D,USA,533110,6794,175,976,C,MN,IMAGE SENSING SYSTEMS INC,ISNS
31775, , ,11/30/10,St. Paul,Image Sensing Systems Inc,4520,452030,45,45203010,D,USA,533110,6794,175,976,C,MN,IMAGE SENSING SYSTEMS INC,ISNS
31775, , ,12/31/10,St. Paul,Image Sensing Systems Inc,4520,452030,45,45203010,D,USA,533110,6794,175,976,C,MN,IMAGE SENSING SYSTEMS INC,ISNS
31775, , ,1/31/11,St. Paul,Image Sensing Systems Inc,4520,452030,45,45203010,D,USA,533110,6794,175,976,C,MN,IMAGE SENSING SYSTEMS INC,ISNS
31775, , ,2/28/11,St. Paul,Image Sensing Systems Inc,4520,452030,45,45203010,D,USA,533110,6794,175,976,C,MN,IMAGE SENSING SYSTEMS INC,ISNS
31775, , ,3/31/11,St. Paul,Image Sensing Systems Inc,4520,452030,45,45203010,D,USA,533110,6794,175,976,C,MN,IMAGE SENSING SYSTEMS INC,ISNS
31775, , ,4/30/11,St. Paul,Image Sensing Systems Inc,4520,452030,45,45203010,D,USA,533110,6794,175,976,C,MN,IMAGE SENSING SYSTEMS INC,ISNS
31775, , ,5/31/11,St. Paul,Image Sensing Systems Inc,4520,452030,45,45203010,D,USA,533110,6794,175,976,C,MN,IMAGE SENSING SYSTEMS INC,ISNS
31775, , ,6/30/11,St. Paul,Image Sensing Systems Inc,4520,452030,45,45203010,D,USA,533110,6794,175,976,C,MN,IMAGE SENSING SYSTEMS INC,ISNS
31775, , ,7/31/11,St. Paul,Image Sensing Systems Inc,4520,452030,45,45203010,D,USA,533110,6794,175,976,C,MN,IMAGE SENSING SYSTEMS INC,ISNS
31775, , ,8/31/11,St. Paul,Image Sensing Systems Inc,4520,452030,45,45203010,D,USA,533110,6794,175,976,C,MN,IMAGE SENSING SYSTEMS INC,ISNS
31775, , ,9/30/11,St. Paul,Image Sensing Systems Inc,4520,452030,45,45203010,D,USA,533110,6794,175,976,C,MN,IMAGE SENSING SYSTEMS INC,ISNS
31775, , ,10/31/11,St. Paul,Image Sensing Systems Inc,4520,452030,45,45203010,D,USA,533110,6794,175,976,C,MN,IMAGE SENSING SYSTEMS INC,ISNS
31775, , ,11/30/11,St. Paul,Image Sensing Systems Inc,4520,452030,45,45203010,D,USA,533110,6794,175,976,C,MN,IMAGE SENSING SYSTEMS INC,ISNS
31775, , ,12/31/11,St. Paul,Image Sensing Systems Inc,4520,452030,45,45203010,D,USA,533110,6794,175,976,C,MN,IMAGE SENSING SYSTEMS INC,ISNS
31775, , ,1/31/12,St. Paul,Image Sensing Systems Inc,4520,452030,45,45203010,D,USA,533110,6794,175,976,C,MN,IMAGE SENSING SYSTEMS INC,ISNS
31775, , ,2/29/12,St. Paul,Image Sensing Systems Inc,4520,452030,45,45203010,D,USA,533110,6794,175,976,C,MN,IMAGE SENSING SYSTEMS INC,ISNS
31775, , ,3/31/12,St. Paul,Image Sensing Systems Inc,4520,452030,45,45203010,D,USA,533110,6794,175,976,C,MN,IMAGE SENSING SYSTEMS INC,ISNS
31775, , ,4/30/12,St. Paul,Image Sensing Systems Inc,4520,452030,45,45203010,D,USA,533110,6794,175,976,C,MN,IMAGE SENSING SYSTEMS INC,ISNS
31775, , ,5/31/12,St. Paul,Image Sensing Systems Inc,4520,452030,45,45203010,D,USA,533110,6794,175,976,C,MN,IMAGE SENSING SYSTEMS INC,ISNS
31775, , ,6/30/12,St. Paul,Image Sensing Systems Inc,4520,452030,45,45203010,D,USA,533110,6794,175,976,C,MN,IMAGE SENSING SYSTEMS INC,ISNS
31775, , ,7/31/12,St. Paul,Image Sensing Systems Inc,4520,452030,45,45203010,D,USA,533110,6794,175,976,C,MN,IMAGE SENSING SYSTEMS INC,ISNS
31775, , ,8/31/12,St. Paul,Image Sensing Systems Inc,4520,452030,45,45203010,D,USA,533110,6794,175,976,C,MN,IMAGE SENSING SYSTEMS INC,ISNS
31775, , ,9/30/12,St. Paul,Image Sensing Systems Inc,4520,452030,45,45203010,D,USA,533110,6794,175,976,C,MN,IMAGE SENSING SYSTEMS INC,ISNS
31775, , ,10/31/12,St. Paul,Image Sensing Systems Inc,4520,452030,45,45203010,D,USA,533110,6794,175,976,C,MN,IMAGE SENSING SYSTEMS INC,ISNS
31775, , ,11/30/12,St. Paul,Image Sensing Systems Inc,4520,452030,45,45203010,D,USA,533110,6794,175,976,C,MN,IMAGE SENSING SYSTEMS INC,ISNS
31775, , ,12/31/12,St. Paul,Image Sensing Systems Inc,4520,452030,45,45203010,D,USA,533110,6794,175,976,C,MN,IMAGE SENSING SYSTEMS INC,ISNS
31775, , ,1/31/13,St. Paul,Image Sensing Systems Inc,4520,452030,45,45203010,D,USA,533110,6794,175,976,C,MN,IMAGE SENSING SYSTEMS INC,ISNS
31775, , ,2/28/13,St. Paul,Image Sensing Systems Inc,4520,452030,45,45203010,D,USA,533110,6794,175,976,C,MN,IMAGE SENSING SYSTEMS INC,ISNS
31775, , ,3/31/13,St. Paul,Image Sensing Systems Inc,4520,452030,45,45203010,D,USA,533110,6794,175,976,C,MN,IMAGE SENSING SYSTEMS INC,ISNS
31775, , ,4/30/13,St. Paul,Image Sensing Systems Inc,4520,452030,45,45203010,D,USA,533110,6794,175,976,C,MN,IMAGE SENSING SYSTEMS INC,ISNS
31775, , ,5/31/13,St. Paul,Image Sensing Systems Inc,4520,452030,45,45203010,D,USA,533110,6794,175,976,C,MN,IMAGE SENSING SYSTEMS INC,ISNS
31775, , ,6/30/13,St. Paul,Image Sensing Systems Inc,4520,452030,45,45203010,D,USA,533110,6794,175,976,C,MN,IMAGE SENSING SYSTEMS INC,ISNS
31775, , ,7/31/13,St. Paul,Image Sensing Systems Inc,4520,452030,45,45203010,D,USA,533110,6794,175,976,C,MN,IMAGE SENSING SYSTEMS INC,ISNS
31775, , ,8/31/13,St. Paul,Image Sensing Systems Inc,4520,452030,45,45203010,D,USA,533110,6794,175,976,C,MN,IMAGE SENSING SYSTEMS INC,ISNS
31775, , ,9/30/13,St. Paul,Image Sensing Systems Inc,4520,452030,45,45203010,D,USA,533110,6794,175,976,C,MN,IMAGE SENSING SYSTEMS INC,ISNS
31775, , ,10/31/13,St. Paul,Image Sensing Systems Inc,4520,452030,45,45203010,D,USA,533110,6794,175,976,C,MN,IMAGE SENSING SYSTEMS INC,ISNS
31790, , ,1/31/10,Philadelphia,Network Connection Inc,4520,452010,45,45201020,D,USA,334119,3576,190,940,D,PA,NETWORK CONNECTION INC,TNCXQ
31790, , ,2/28/10,Philadelphia,Network Connection Inc,4520,452010,45,45201020,D,USA,334119,3576,190,940,D,PA,NETWORK CONNECTION INC,TNCXQ
31790, , ,3/31/10,Philadelphia,Network Connection Inc,4520,452010,45,45201020,D,USA,334119,3576,190,940,D,PA,NETWORK CONNECTION INC,TNCXQ
31790, , ,4/30/10,Philadelphia,Network Connection Inc,4520,452010,45,45201020,D,USA,334119,3576,190,940,D,PA,NETWORK CONNECTION INC,TNCXQ
31790, , ,5/31/10,Philadelphia,Network Connection Inc,4520,452010,45,45201020,D,USA,334119,3576,190,940,D,PA,NETWORK CONNECTION INC,TNCXQ
31790, , ,6/30/10,Philadelphia,Network Connection Inc,4520,452010,45,45201020,D,USA,334119,3576,190,940,D,PA,NETWORK CONNECTION INC,TNCXQ
31790, , ,7/31/10,Philadelphia,Network Connection Inc,4520,452010,45,45201020,D,USA,334119,3576,190,940,D,PA,NETWORK CONNECTION INC,TNCXQ
31790, , ,8/31/10,Philadelphia,Network Connection Inc,4520,452010,45,45201020,D,USA,334119,3576,190,940,D,PA,NETWORK CONNECTION INC,TNCXQ
31790, , ,9/30/10,Philadelphia,Network Connection Inc,4520,452010,45,45201020,D,USA,334119,3576,190,940,D,PA,NETWORK CONNECTION INC,TNCXQ
31790, , ,10/31/10,Philadelphia,Network Connection Inc,4520,452010,45,45201020,D,USA,334119,3576,190,940,D,PA,NETWORK CONNECTION INC,TNCXQ
31790, , ,11/30/10,Philadelphia,Network Connection Inc,4520,452010,45,45201020,D,USA,334119,3576,190,940,D,PA,NETWORK CONNECTION INC,TNCXQ
31790, , ,12/31/10,Philadelphia,Network Connection Inc,4520,452010,45,45201020,D,USA,334119,3576,190,940,D,PA,NETWORK CONNECTION INC,TNCXQ
31790, , ,1/31/11,Philadelphia,Network Connection Inc,4520,452010,45,45201020,D,USA,334119,3576,190,940,D,PA,NETWORK CONNECTION INC,TNCXQ
31790, , ,2/28/11,Philadelphia,Network Connection Inc,4520,452010,45,45201020,D,USA,334119,3576,190,940,D,PA,NETWORK CONNECTION INC,TNCXQ
31790, , ,3/31/11,Philadelphia,Network Connection Inc,4520,452010,45,45201020,D,USA,334119,3576,190,940,D,PA,NETWORK CONNECTION INC,TNCXQ
31843, , ,1/31/10,San Jose,Harmonic Inc,4520,452010,45,45201020,D,USA,334220,3663,180,940,B,CA,HARMONIC INC,HLIT
31843, , ,2/28/10,San Jose,Harmonic Inc,4520,452010,45,45201020,D,USA,334220,3663,180,940,B,CA,HARMONIC INC,HLIT
31843, , ,3/31/10,San Jose,Harmonic Inc,4520,452010,45,45201020,D,USA,334220,3663,180,940,B,CA,HARMONIC INC,HLIT
31843, , ,4/30/10,San Jose,Harmonic Inc,4520,452010,45,45201020,D,USA,334220,3663,180,940,B,CA,HARMONIC INC,HLIT
31843, , ,5/31/10,San Jose,Harmonic Inc,4520,452010,45,45201020,D,USA,334220,3663,180,940,B,CA,HARMONIC INC,HLIT
31843, , ,6/30/10,San Jose,Harmonic Inc,4520,452010,45,45201020,D,USA,334220,3663,180,940,B,CA,HARMONIC INC,HLIT
31843, , ,7/31/10,San Jose,Harmonic Inc,4520,452010,45,45201020,D,USA,334220,3663,180,940,B,CA,HARMONIC INC,HLIT
31843, , ,8/31/10,San Jose,Harmonic Inc,4520,452010,45,45201020,D,USA,334220,3663,180,940,B,CA,HARMONIC INC,HLIT
31843, , ,9/30/10,San Jose,Harmonic Inc,4520,452010,45,45201020,D,USA,334220,3663,180,940,B,CA,HARMONIC INC,HLIT
31843, , ,10/31/10,San Jose,Harmonic Inc,4520,452010,45,45201020,D,USA,334220,3663,180,940,B,CA,HARMONIC INC,HLIT
31843, , ,11/30/10,San Jose,Harmonic Inc,4520,452010,45,45201020,D,USA,334220,3663,180,940,B,CA,HARMONIC INC,HLIT
31843, , ,12/31/10,San Jose,Harmonic Inc,4520,452010,45,45201020,D,USA,334220,3663,180,940,B,CA,HARMONIC INC,HLIT
31843, , ,1/31/11,San Jose,Harmonic Inc,4520,452010,45,45201020,D,USA,334220,3663,180,940,B,CA,HARMONIC INC,HLIT
31843, , ,2/28/11,San Jose,Harmonic Inc,4520,452010,45,45201020,D,USA,334220,3663,180,940,B,CA,HARMONIC INC,HLIT
31843, , ,3/31/11,San Jose,Harmonic Inc,4520,452010,45,45201020,D,USA,334220,3663,180,940,B,CA,HARMONIC INC,HLIT
31843, , ,4/30/11,San Jose,Harmonic Inc,4520,452010,45,45201020,D,USA,334220,3663,180,940,B,CA,HARMONIC INC,HLIT
31843, , ,5/31/11,San Jose,Harmonic Inc,4520,452010,45,45201020,D,USA,334220,3663,180,940,B,CA,HARMONIC INC,HLIT
31843, , ,6/30/11,San Jose,Harmonic Inc,4520,452010,45,45201020,D,USA,334220,3663,180,940,B,CA,HARMONIC INC,HLIT
31843, , ,7/31/11,San Jose,Harmonic Inc,4520,452010,45,45201020,D,USA,334220,3663,180,940,B,CA,HARMONIC INC,HLIT
31843, , ,8/31/11,San Jose,Harmonic Inc,4520,452010,45,45201020,D,USA,334220,3663,180,940,B,CA,HARMONIC INC,HLIT
31843, , ,9/30/11,San Jose,Harmonic Inc,4520,452010,45,45201020,D,USA,334220,3663,180,940,B,CA,HARMONIC INC,HLIT
31843, , ,10/31/11,San Jose,Harmonic Inc,4520,452010,45,45201020,D,USA,334220,3663,180,940,B,CA,HARMONIC INC,HLIT
31843, , ,11/30/11,San Jose,Harmonic Inc,4520,452010,45,45201020,D,USA,334220,3663,180,940,B,CA,HARMONIC INC,HLIT
31843, , ,12/31/11,San Jose,Harmonic Inc,4520,452010,45,45201020,D,USA,334220,3663,180,940,B,CA,HARMONIC INC,HLIT
31843, , ,1/31/12,San Jose,Harmonic Inc,4520,452010,45,45201020,D,USA,334220,3663,180,940,B,CA,HARMONIC INC,HLIT
31843, , ,2/29/12,San Jose,Harmonic Inc,4520,452010,45,45201020,D,USA,334220,3663,180,940,B,CA,HARMONIC INC,HLIT
31843, , ,3/31/12,San Jose,Harmonic Inc,4520,452010,45,45201020,D,USA,334220,3663,180,940,B,CA,HARMONIC INC,HLIT
31843, , ,4/30/12,San Jose,Harmonic Inc,4520,452010,45,45201020,D,USA,334220,3663,180,940,B,CA,HARMONIC INC,HLIT
31843, , ,5/31/12,San Jose,Harmonic Inc,4520,452010,45,45201020,D,USA,334220,3663,180,940,B,CA,HARMONIC INC,HLIT
31843, , ,6/30/12,San Jose,Harmonic Inc,4520,452010,45,45201020,D,USA,334220,3663,180,940,B,CA,HARMONIC INC,HLIT
31843, , ,7/31/12,San Jose,Harmonic Inc,4520,452010,45,45201020,D,USA,334220,3663,180,940,B,CA,HARMONIC INC,HLIT
31843, , ,8/31/12,San Jose,Harmonic Inc,4520,452010,45,45201020,D,USA,334220,3663,180,940,B,CA,HARMONIC INC,HLIT
31843, , ,9/30/12,San Jose,Harmonic Inc,4520,452010,45,45201020,D,USA,334220,3663,180,940,B,CA,HARMONIC INC,HLIT
31843, , ,10/31/12,San Jose,Harmonic Inc,4520,452010,45,45201020,D,USA,334220,3663,180,940,B,CA,HARMONIC INC,HLIT
31843, , ,11/30/12,San Jose,Harmonic Inc,4520,452010,45,45201020,D,USA,334220,3663,180,940,B,CA,HARMONIC INC,HLIT
31843, , ,12/31/12,San Jose,Harmonic Inc,4520,452010,45,45201020,D,USA,334220,3663,180,940,B,CA,HARMONIC INC,HLIT
31843, , ,1/31/13,San Jose,Harmonic Inc,4520,452010,45,45201020,D,USA,334220,3663,180,940,B,CA,HARMONIC INC,HLIT
31843, , ,2/28/13,San Jose,Harmonic Inc,4520,452010,45,45201020,D,USA,334220,3663,180,940,B,CA,HARMONIC INC,HLIT
31843, , ,3/31/13,San Jose,Harmonic Inc,4520,452010,45,45201020,D,USA,334220,3663,180,940,B,CA,HARMONIC INC,HLIT
31843, , ,4/30/13,San Jose,Harmonic Inc,4520,452010,45,45201020,D,USA,334220,3663,180,940,B,CA,HARMONIC INC,HLIT
31843, , ,5/31/13,San Jose,Harmonic Inc,4520,452010,45,45201020,D,USA,334220,3663,180,940,B,CA,HARMONIC INC,HLIT
31843, , ,6/30/13,San Jose,Harmonic Inc,4520,452010,45,45201020,D,USA,334220,3663,180,940,B,CA,HARMONIC INC,HLIT
31843, , ,7/31/13,San Jose,Harmonic Inc,4520,452010,45,45201020,D,USA,334220,3663,180,940,B,CA,HARMONIC INC,HLIT
31843, , ,8/31/13,San Jose,Harmonic Inc,4520,452010,45,45201020,D,USA,334220,3663,180,940,B,CA,HARMONIC INC,HLIT
31843, , ,9/30/13,San Jose,Harmonic Inc,4520,452010,45,45201020,D,USA,334220,3663,180,940,B,CA,HARMONIC INC,HLIT
31843, , ,10/31/13,San Jose,Harmonic Inc,4520,452010,45,45201020,D,USA,334220,3663,180,940,B,CA,HARMONIC INC,HLIT
31854, , ,1/31/10,Nashua,Ezenia Inc,4520,452010,45,45201020,D,USA,334118,3576,190,940,D,NH,EZENIA INC,EZENQ
31854, , ,2/28/10,Nashua,Ezenia Inc,4520,452010,45,45201020,D,USA,334118,3576,190,940,D,NH,EZENIA INC,EZENQ
31854, , ,3/31/10,Nashua,Ezenia Inc,4520,452010,45,45201020,D,USA,334118,3576,190,940,D,NH,EZENIA INC,EZENQ
31854, , ,4/30/10,Nashua,Ezenia Inc,4520,452010,45,45201020,D,USA,334118,3576,190,940,D,NH,EZENIA INC,EZENQ
31854, , ,5/31/10,Nashua,Ezenia Inc,4520,452010,45,45201020,D,USA,334118,3576,190,940,D,NH,EZENIA INC,EZENQ
31854, , ,6/30/10,Nashua,Ezenia Inc,4520,452010,45,45201020,D,USA,334118,3576,190,940,D,NH,EZENIA INC,EZENQ
31854, , ,7/31/10,Nashua,Ezenia Inc,4520,452010,45,45201020,D,USA,334118,3576,190,940,D,NH,EZENIA INC,EZENQ
31854, , ,8/31/10,Nashua,Ezenia Inc,4520,452010,45,45201020,D,USA,334118,3576,190,940,D,NH,EZENIA INC,EZENQ
31854, , ,9/30/10,Nashua,Ezenia Inc,4520,452010,45,45201020,D,USA,334118,3576,190,940,D,NH,EZENIA INC,EZENQ
31854, , ,10/31/10,Nashua,Ezenia Inc,4520,452010,45,45201020,D,USA,334118,3576,190,940,D,NH,EZENIA INC,EZENQ
31854, , ,11/30/10,Nashua,Ezenia Inc,4520,452010,45,45201020,D,USA,334118,3576,190,940,D,NH,EZENIA INC,EZENQ
31854, , ,12/31/10,Nashua,Ezenia Inc,4520,452010,45,45201020,D,USA,334118,3576,190,940,D,NH,EZENIA INC,EZENQ
31854, , ,1/31/11,Nashua,Ezenia Inc,4520,452010,45,45201020,D,USA,334118,3576,190,940,D,NH,EZENIA INC,EZENQ
31854, , ,2/28/11,Nashua,Ezenia Inc,4520,452010,45,45201020,D,USA,334118,3576,190,940,D,NH,EZENIA INC,EZENQ
31854, , ,3/31/11,Nashua,Ezenia Inc,4520,452010,45,45201020,D,USA,334118,3576,190,940,D,NH,EZENIA INC,EZENQ
31854, , ,4/30/11,Nashua,Ezenia Inc,4520,452010,45,45201020,D,USA,334118,3576,190,940,D,NH,EZENIA INC,EZENQ
31854, , ,5/31/11,Nashua,Ezenia Inc,4520,452010,45,45201020,D,USA,334118,3576,190,940,D,NH,EZENIA INC,EZENQ
31854, , ,6/30/11,Nashua,Ezenia Inc,4520,452010,45,45201020,D,USA,334118,3576,190,940,D,NH,EZENIA INC,EZENQ
31854, , ,7/31/11,Nashua,Ezenia Inc,4520,452010,45,45201020,D,USA,334118,3576,190,940,D,NH,EZENIA INC,EZENQ
31854, , ,8/31/11,Nashua,Ezenia Inc,4520,452010,45,45201020,D,USA,334118,3576,190,940,D,NH,EZENIA INC,EZENQ
31854, , ,9/30/11,Nashua,Ezenia Inc,4520,452010,45,45201020,D,USA,334118,3576,190,940,D,NH,EZENIA INC,EZENQ
31854, , ,10/31/11,Nashua,Ezenia Inc,4520,452010,45,45201020,D,USA,334118,3576,190,940,D,NH,EZENIA INC,EZENQ
31854, , ,11/30/11,Nashua,Ezenia Inc,4520,452010,45,45201020,D,USA,334118,3576,190,940,D,NH,EZENIA INC,EZENQ
31854, , ,12/31/11,Nashua,Ezenia Inc,4520,452010,45,45201020,D,USA,334118,3576,190,940,D,NH,EZENIA INC,EZENQ
31854, , ,1/31/12,Nashua,Ezenia Inc,4520,452010,45,45201020,D,USA,334118,3576,190,940,D,NH,EZENIA INC,EZENQ
31854, , ,2/29/12,Nashua,Ezenia Inc,4520,452010,45,45201020,D,USA,334118,3576,190,940,D,NH,EZENIA INC,EZENQ
31854, , ,3/31/12,Nashua,Ezenia Inc,4520,452010,45,45201020,D,USA,334118,3576,190,940,D,NH,EZENIA INC,EZENQ
31854, , ,4/30/12,Nashua,Ezenia Inc,4520,452010,45,45201020,D,USA,334118,3576,190,940,D,NH,EZENIA INC,EZENQ
31854, , ,5/31/12,Nashua,Ezenia Inc,4520,452010,45,45201020,D,USA,334118,3576,190,940,D,NH,EZENIA INC,EZENQ
31854, , ,6/30/12,Nashua,Ezenia Inc,4520,452010,45,45201020,D,USA,334118,3576,190,940,D,NH,EZENIA INC,EZENQ
31854, , ,7/31/12,Nashua,Ezenia Inc,4520,452010,45,45201020,D,USA,334118,3576,190,940,D,NH,EZENIA INC,EZENQ
31854, , ,8/31/12,Nashua,Ezenia Inc,4520,452010,45,45201020,D,USA,334118,3576,190,940,D,NH,EZENIA INC,EZENQ
31854, , ,9/30/12,Nashua,Ezenia Inc,4520,452010,45,45201020,D,USA,334118,3576,190,940,D,NH,EZENIA INC,EZENQ
31854, , ,10/31/12,Nashua,Ezenia Inc,4520,452010,45,45201020,D,USA,334118,3576,190,940,D,NH,EZENIA INC,EZENQ
31854, , ,11/30/12,Nashua,Ezenia Inc,4520,452010,45,45201020,D,USA,334118,3576,190,940,D,NH,EZENIA INC,EZENQ
31854, , ,12/31/12,Nashua,Ezenia Inc,4520,452010,45,45201020,D,USA,334118,3576,190,940,D,NH,EZENIA INC,EZENQ
31854, , ,1/31/13,Nashua,Ezenia Inc,4520,452010,45,45201020,D,USA,334118,3576,190,940,D,NH,EZENIA INC,EZENQ
31854, , ,2/28/13,Nashua,Ezenia Inc,4520,452010,45,45201020,D,USA,334118,3576,190,940,D,NH,EZENIA INC,EZENQ
31854, , ,3/31/13,Nashua,Ezenia Inc,4520,452010,45,45201020,D,USA,334118,3576,190,940,D,NH,EZENIA INC,EZENQ
31854, , ,4/30/13,Nashua,Ezenia Inc,4520,452010,45,45201020,D,USA,334118,3576,190,940,D,NH,EZENIA INC,EZENQ
31854, , ,5/31/13,Nashua,Ezenia Inc,4520,452010,45,45201020,D,USA,334118,3576,190,940,D,NH,EZENIA INC,EZENQ
31854, , ,6/30/13,Nashua,Ezenia Inc,4520,452010,45,45201020,D,USA,334118,3576,190,940,D,NH,EZENIA INC,EZENQ
31854, , ,7/31/13,Nashua,Ezenia Inc,4520,452010,45,45201020,D,USA,334118,3576,190,940,D,NH,EZENIA INC,EZENQ
31854, , ,8/31/13,Nashua,Ezenia Inc,4520,452010,45,45201020,D,USA,334118,3576,190,940,D,NH,EZENIA INC,EZENQ
31854, , ,9/30/13,Nashua,Ezenia Inc,4520,452010,45,45201020,D,USA,334118,3576,190,940,D,NH,EZENIA INC,EZENQ
31854, , ,10/31/13,Nashua,Ezenia Inc,4520,452010,45,45201020,D,USA,334118,3576,190,940,D,NH,EZENIA INC,EZENQ
31881, , ,1/31/10,Hillsboro,FEI Co.,4520,452030,45,45203010,D,USA,334516,3826,230,940,B,OR,FEI CO,FEIC
31881, , ,2/28/10,Hillsboro,FEI Co.,4520,452030,45,45203010,D,USA,334516,3826,230,940,B,OR,FEI CO,FEIC
31881, , ,3/31/10,Hillsboro,FEI Co.,4520,452030,45,45203010,D,USA,334516,3826,230,940,B,OR,FEI CO,FEIC
31881, , ,4/30/10,Hillsboro,FEI Co.,4520,452030,45,45203010,D,USA,334516,3826,230,940,B,OR,FEI CO,FEIC
31881, , ,5/31/10,Hillsboro,FEI Co.,4520,452030,45,45203010,D,USA,334516,3826,230,940,B,OR,FEI CO,FEIC
31881, , ,6/30/10,Hillsboro,FEI Co.,4520,452030,45,45203010,D,USA,334516,3826,230,940,B,OR,FEI CO,FEIC
31881, , ,7/31/10,Hillsboro,FEI Co.,4520,452030,45,45203010,D,USA,334516,3826,230,940,B,OR,FEI CO,FEIC
31881, , ,8/31/10,Hillsboro,FEI Co.,4520,452030,45,45203010,D,USA,334516,3826,230,940,B,OR,FEI CO,FEIC
31881, , ,9/30/10,Hillsboro,FEI Co.,4520,452030,45,45203010,D,USA,334516,3826,230,940,B,OR,FEI CO,FEIC
31881, , ,10/31/10,Hillsboro,FEI Co.,4520,452030,45,45203010,D,USA,334516,3826,230,940,B,OR,FEI CO,FEIC
31881, , ,11/30/10,Hillsboro,FEI Co.,4520,452030,45,45203010,D,USA,334516,3826,230,940,B,OR,FEI CO,FEIC
31881, , ,12/31/10,Hillsboro,FEI Co.,4520,452030,45,45203010,D,USA,334516,3826,230,940,B,OR,FEI CO,FEIC
31881, , ,1/31/11,Hillsboro,FEI Co.,4520,452030,45,45203010,D,USA,334516,3826,230,940,B,OR,FEI CO,FEIC
31881, , ,2/28/11,Hillsboro,FEI Co.,4520,452030,45,45203010,D,USA,334516,3826,230,940,B,OR,FEI CO,FEIC
31881, , ,3/31/11,Hillsboro,FEI Co.,4520,452030,45,45203010,D,USA,334516,3826,230,940,B,OR,FEI CO,FEIC
31881, , ,4/30/11,Hillsboro,FEI Co.,4520,452030,45,45203010,D,USA,334516,3826,230,940,B,OR,FEI CO,FEIC
31881, , ,5/31/11,Hillsboro,FEI Co.,4520,452030,45,45203010,D,USA,334516,3826,230,940,B,OR,FEI CO,FEIC
31881, , ,6/30/11,Hillsboro,FEI Co.,4520,452030,45,45203010,D,USA,334516,3826,230,940,B,OR,FEI CO,FEIC
31881, , ,7/31/11,Hillsboro,FEI Co.,4520,452030,45,45203010,D,USA,334516,3826,230,940,B,OR,FEI CO,FEIC
31881, , ,8/31/11,Hillsboro,FEI Co.,4520,452030,45,45203010,D,USA,334516,3826,230,940,B,OR,FEI CO,FEIC
31881, , ,9/30/11,Hillsboro,FEI Co.,4520,452030,45,45203010,D,USA,334516,3826,230,940,B,OR,FEI CO,FEIC
31881, , ,10/31/11,Hillsboro,FEI Co.,4520,452030,45,45203010,D,USA,334516,3826,230,940,B,OR,FEI CO,FEIC
31881, , ,11/30/11,Hillsboro,FEI Co.,4520,452030,45,45203010,D,USA,334516,3826,230,940,B,OR,FEI CO,FEIC
31881, , ,12/31/11,Hillsboro,FEI Co.,4520,452030,45,45203010,D,USA,334516,3826,230,940,B,OR,FEI CO,FEIC
31881, , ,1/31/12,Hillsboro,FEI Co.,4520,452030,45,45203010,D,USA,334516,3826,230,940,B,OR,FEI CO,FEIC
31881, , ,2/29/12,Hillsboro,FEI Co.,4520,452030,45,45203010,D,USA,334516,3826,230,940,B,OR,FEI CO,FEIC
31881, , ,3/31/12,Hillsboro,FEI Co.,4520,452030,45,45203010,D,USA,334516,3826,230,940,B,OR,FEI CO,FEIC
31881, , ,4/30/12,Hillsboro,FEI Co.,4520,452030,45,45203010,D,USA,334516,3826,230,940,B,OR,FEI CO,FEIC
31881, , ,5/31/12,Hillsboro,FEI Co.,4520,452030,45,45203010,D,USA,334516,3826,230,940,B,OR,FEI CO,FEIC
31881, , ,6/30/12,Hillsboro,FEI Co.,4520,452030,45,45203010,D,USA,334516,3826,230,940,B,OR,FEI CO,FEIC
31881, , ,7/31/12,Hillsboro,FEI Co.,4520,452030,45,45203010,D,USA,334516,3826,230,940,B,OR,FEI CO,FEIC
31881, , ,8/31/12,Hillsboro,FEI Co.,4520,452030,45,45203010,D,USA,334516,3826,230,940,B,OR,FEI CO,FEIC
31881, , ,9/30/12,Hillsboro,FEI Co.,4520,452030,45,45203010,D,USA,334516,3826,230,940,B,OR,FEI CO,FEIC
31881, , ,10/31/12,Hillsboro,FEI Co.,4520,452030,45,45203010,D,USA,334516,3826,230,940,B,OR,FEI CO,FEIC
31881, , ,11/30/12,Hillsboro,FEI Co.,4520,452030,45,45203010,D,USA,334516,3826,230,940,B,OR,FEI CO,FEIC
31881, , ,12/31/12,Hillsboro,FEI Co.,4520,452030,45,45203010,D,USA,334516,3826,230,940,B,OR,FEI CO,FEIC
31881, , ,1/31/13,Hillsboro,FEI Co.,4520,452030,45,45203010,D,USA,334516,3826,230,940,B,OR,FEI CO,FEIC
31881, , ,2/28/13,Hillsboro,FEI Co.,4520,452030,45,45203010,D,USA,334516,3826,230,940,B,OR,FEI CO,FEIC
31881, , ,3/31/13,Hillsboro,FEI Co.,4520,452030,45,45203010,D,USA,334516,3826,230,940,B,OR,FEI CO,FEIC
31881, , ,4/30/13,Hillsboro,FEI Co.,4520,452030,45,45203010,D,USA,334516,3826,230,940,B,OR,FEI CO,FEIC
31881, , ,5/31/13,Hillsboro,FEI Co.,4520,452030,45,45203010,D,USA,334516,3826,230,940,B,OR,FEI CO,FEIC
31881, , ,6/30/13,Hillsboro,FEI Co.,4520,452030,45,45203010,D,USA,334516,3826,230,940,B,OR,FEI CO,FEIC
31881, , ,7/31/13,Hillsboro,FEI Co.,4520,452030,45,45203010,D,USA,334516,3826,230,940,B,OR,FEI CO,FEIC
31881, , ,8/31/13,Hillsboro,FEI Co.,4520,452030,45,45203010,D,USA,334516,3826,230,940,B,OR,FEI CO,FEIC
31881, , ,9/30/13,Hillsboro,FEI Co.,4520,452030,45,45203010,D,USA,334516,3826,230,940,B,OR,FEI CO,FEIC
31881, , ,10/31/13,Hillsboro,FEI Co.,4520,452030,45,45203010,D,USA,334516,3826,230,940,B,OR,FEI CO,FEIC
60801, , ,1/31/10,Newark,Socket Mobile Inc,4520,452020,45,45202030,D,USA,334220,3663,180,940,C,CA,SOCKET MOBILE INC,SCKT
60801, , ,2/28/10,Newark,Socket Mobile Inc,4520,452020,45,45202030,D,USA,334220,3663,180,940,C,CA,SOCKET MOBILE INC,SCKT
60801, , ,3/31/10,Newark,Socket Mobile Inc,4520,452020,45,45202030,D,USA,334220,3663,180,940,C,CA,SOCKET MOBILE INC,SCKT
60801, , ,4/30/10,Newark,Socket Mobile Inc,4520,452020,45,45202030,D,USA,334220,3663,180,940,C,CA,SOCKET MOBILE INC,SCKT
60801, , ,5/31/10,Newark,Socket Mobile Inc,4520,452020,45,45202030,D,USA,334220,3663,180,940,C,CA,SOCKET MOBILE INC,SCKT
60801, , ,6/30/10,Newark,Socket Mobile Inc,4520,452020,45,45202030,D,USA,334220,3663,180,940,C,CA,SOCKET MOBILE INC,SCKT
60801, , ,7/31/10,Newark,Socket Mobile Inc,4520,452020,45,45202030,D,USA,334220,3663,180,940,C,CA,SOCKET MOBILE INC,SCKT
60801, , ,8/31/10,Newark,Socket Mobile Inc,4520,452020,45,45202030,D,USA,334220,3663,180,940,C,CA,SOCKET MOBILE INC,SCKT
60801, , ,9/30/10,Newark,Socket Mobile Inc,4520,452020,45,45202030,D,USA,334220,3663,180,940,C,CA,SOCKET MOBILE INC,SCKT
60801, , ,10/31/10,Newark,Socket Mobile Inc,4520,452020,45,45202030,D,USA,334220,3663,180,940,C,CA,SOCKET MOBILE INC,SCKT
60801, , ,11/30/10,Newark,Socket Mobile Inc,4520,452020,45,45202030,D,USA,334220,3663,180,940,C,CA,SOCKET MOBILE INC,SCKT
60801, , ,12/31/10,Newark,Socket Mobile Inc,4520,452020,45,45202030,D,USA,334220,3663,180,940,C,CA,SOCKET MOBILE INC,SCKT
60801, , ,1/31/11,Newark,Socket Mobile Inc,4520,452020,45,45202030,D,USA,334220,3663,180,940,C,CA,SOCKET MOBILE INC,SCKT
60801, , ,2/28/11,Newark,Socket Mobile Inc,4520,452020,45,45202030,D,USA,334220,3663,180,940,C,CA,SOCKET MOBILE INC,SCKT
60801, , ,3/31/11,Newark,Socket Mobile Inc,4520,452020,45,45202030,D,USA,334220,3663,180,940,C,CA,SOCKET MOBILE INC,SCKT
60801, , ,4/30/11,Newark,Socket Mobile Inc,4520,452020,45,45202030,D,USA,334220,3663,180,940,C,CA,SOCKET MOBILE INC,SCKT
60801, , ,5/31/11,Newark,Socket Mobile Inc,4520,452020,45,45202030,D,USA,334220,3663,180,940,C,CA,SOCKET MOBILE INC,SCKT
60801, , ,6/30/11,Newark,Socket Mobile Inc,4520,452020,45,45202030,D,USA,334220,3663,180,940,C,CA,SOCKET MOBILE INC,SCKT
60801, , ,7/31/11,Newark,Socket Mobile Inc,4520,452020,45,45202030,D,USA,334220,3663,180,940,C,CA,SOCKET MOBILE INC,SCKT
60801, , ,8/31/11,Newark,Socket Mobile Inc,4520,452020,45,45202030,D,USA,334220,3663,180,940,C,CA,SOCKET MOBILE INC,SCKT
60801, , ,9/30/11,Newark,Socket Mobile Inc,4520,452020,45,45202030,D,USA,334220,3663,180,940,C,CA,SOCKET MOBILE INC,SCKT
60801, , ,10/31/11,Newark,Socket Mobile Inc,4520,452020,45,45202030,D,USA,334220,3663,180,940,C,CA,SOCKET MOBILE INC,SCKT
60801, , ,11/30/11,Newark,Socket Mobile Inc,4520,452020,45,45202030,D,USA,334220,3663,180,940,C,CA,SOCKET MOBILE INC,SCKT
60801, , ,12/31/11,Newark,Socket Mobile Inc,4520,452020,45,45202030,D,USA,334220,3663,180,940,C,CA,SOCKET MOBILE INC,SCKT
60801, , ,1/31/12,Newark,Socket Mobile Inc,4520,452020,45,45202030,D,USA,334220,3663,180,940,C,CA,SOCKET MOBILE INC,SCKT
60801, , ,2/29/12,Newark,Socket Mobile Inc,4520,452020,45,45202030,D,USA,334220,3663,180,940,C,CA,SOCKET MOBILE INC,SCKT
60801, , ,3/31/12,Newark,Socket Mobile Inc,4520,452020,45,45202030,D,USA,334220,3663,180,940,C,CA,SOCKET MOBILE INC,SCKT
60801, , ,4/30/12,Newark,Socket Mobile Inc,4520,452020,45,45202030,D,USA,334220,3663,180,940,C,CA,SOCKET MOBILE INC,SCKT
60801, , ,5/31/12,Newark,Socket Mobile Inc,4520,452020,45,45202030,D,USA,334220,3663,180,940,C,CA,SOCKET MOBILE INC,SCKT
60801, , ,6/30/12,Newark,Socket Mobile Inc,4520,452020,45,45202030,D,USA,334220,3663,180,940,C,CA,SOCKET MOBILE INC,SCKT
60801, , ,7/31/12,Newark,Socket Mobile Inc,4520,452020,45,45202030,D,USA,334220,3663,180,940,C,CA,SOCKET MOBILE INC,SCKT
60801, , ,8/31/12,Newark,Socket Mobile Inc,4520,452020,45,45202030,D,USA,334220,3663,180,940,C,CA,SOCKET MOBILE INC,SCKT
60801, , ,9/30/12,Newark,Socket Mobile Inc,4520,452020,45,45202030,D,USA,334220,3663,180,940,C,CA,SOCKET MOBILE INC,SCKT
60801, , ,10/31/12,Newark,Socket Mobile Inc,4520,452020,45,45202030,D,USA,334220,3663,180,940,C,CA,SOCKET MOBILE INC,SCKT
60801, , ,11/30/12,Newark,Socket Mobile Inc,4520,452020,45,45202030,D,USA,334220,3663,180,940,C,CA,SOCKET MOBILE INC,SCKT
60801, , ,12/31/12,Newark,Socket Mobile Inc,4520,452020,45,45202030,D,USA,334220,3663,180,940,C,CA,SOCKET MOBILE INC,SCKT
60801, , ,1/31/13,Newark,Socket Mobile Inc,4520,452020,45,45202030,D,USA,334220,3663,180,940,C,CA,SOCKET MOBILE INC,SCKT
60801, , ,2/28/13,Newark,Socket Mobile Inc,4520,452020,45,45202030,D,USA,334220,3663,180,940,C,CA,SOCKET MOBILE INC,SCKT
60801, , ,3/31/13,Newark,Socket Mobile Inc,4520,452020,45,45202030,D,USA,334220,3663,180,940,C,CA,SOCKET MOBILE INC,SCKT
60801, , ,4/30/13,Newark,Socket Mobile Inc,4520,452020,45,45202030,D,USA,334220,3663,180,940,C,CA,SOCKET MOBILE INC,SCKT
60801, , ,5/31/13,Newark,Socket Mobile Inc,4520,452020,45,45202030,D,USA,334220,3663,180,940,C,CA,SOCKET MOBILE INC,SCKT
60801, , ,6/30/13,Newark,Socket Mobile Inc,4520,452020,45,45202030,D,USA,334220,3663,180,940,C,CA,SOCKET MOBILE INC,SCKT
60801, , ,7/31/13,Newark,Socket Mobile Inc,4520,452020,45,45202030,D,USA,334220,3663,180,940,C,CA,SOCKET MOBILE INC,SCKT
60801, , ,8/31/13,Newark,Socket Mobile Inc,4520,452020,45,45202030,D,USA,334220,3663,180,940,C,CA,SOCKET MOBILE INC,SCKT
60801, , ,9/30/13,Newark,Socket Mobile Inc,4520,452020,45,45202030,D,USA,334220,3663,180,940,C,CA,SOCKET MOBILE INC,SCKT
60801, , ,10/31/13,Newark,Socket Mobile Inc,4520,452020,45,45202030,D,USA,334220,3663,180,940,C,CA,SOCKET MOBILE INC,SCKT
61028, , ,1/31/10,Shrewsbury,Wayside Technology Group,4520,452030,45,45203030,D,USA,423430,5045,190,940,B+,NJ,WAYSIDE TECHNOLOGY GROUP INC,WSTG
61028, , ,2/28/10,Shrewsbury,Wayside Technology Group,4520,452030,45,45203030,D,USA,423430,5045,190,940,B+,NJ,WAYSIDE TECHNOLOGY GROUP INC,WSTG
61028, , ,3/31/10,Shrewsbury,Wayside Technology Group,4520,452030,45,45203030,D,USA,423430,5045,190,940,B+,NJ,WAYSIDE TECHNOLOGY GROUP INC,WSTG
61028, , ,4/30/10,Shrewsbury,Wayside Technology Group,4520,452030,45,45203030,D,USA,423430,5045,190,940,B+,NJ,WAYSIDE TECHNOLOGY GROUP INC,WSTG
61028, , ,5/31/10,Shrewsbury,Wayside Technology Group,4520,452030,45,45203030,D,USA,423430,5045,190,940,B+,NJ,WAYSIDE TECHNOLOGY GROUP INC,WSTG
61028, , ,6/30/10,Shrewsbury,Wayside Technology Group,4520,452030,45,45203030,D,USA,423430,5045,190,940,B+,NJ,WAYSIDE TECHNOLOGY GROUP INC,WSTG
61028, , ,7/31/10,Shrewsbury,Wayside Technology Group,4520,452030,45,45203030,D,USA,423430,5045,190,940,B+,NJ,WAYSIDE TECHNOLOGY GROUP INC,WSTG
61028, , ,8/31/10,Shrewsbury,Wayside Technology Group,4520,452030,45,45203030,D,USA,423430,5045,190,940,B+,NJ,WAYSIDE TECHNOLOGY GROUP INC,WSTG
61028, , ,9/30/10,Shrewsbury,Wayside Technology Group,4520,452030,45,45203030,D,USA,423430,5045,190,940,B+,NJ,WAYSIDE TECHNOLOGY GROUP INC,WSTG
61028, , ,10/31/10,Shrewsbury,Wayside Technology Group,4520,452030,45,45203030,D,USA,423430,5045,190,940,B+,NJ,WAYSIDE TECHNOLOGY GROUP INC,WSTG
61028, , ,11/30/10,Shrewsbury,Wayside Technology Group,4520,452030,45,45203030,D,USA,423430,5045,190,940,B+,NJ,WAYSIDE TECHNOLOGY GROUP INC,WSTG
61028, , ,12/31/10,Shrewsbury,Wayside Technology Group,4520,452030,45,45203030,D,USA,423430,5045,190,940,B+,NJ,WAYSIDE TECHNOLOGY GROUP INC,WSTG
61028, , ,1/31/11,Shrewsbury,Wayside Technology Group,4520,452030,45,45203030,D,USA,423430,5045,190,940,B+,NJ,WAYSIDE TECHNOLOGY GROUP INC,WSTG
61028, , ,2/28/11,Shrewsbury,Wayside Technology Group,4520,452030,45,45203030,D,USA,423430,5045,190,940,B+,NJ,WAYSIDE TECHNOLOGY GROUP INC,WSTG
61028, , ,3/31/11,Shrewsbury,Wayside Technology Group,4520,452030,45,45203030,D,USA,423430,5045,190,940,B+,NJ,WAYSIDE TECHNOLOGY GROUP INC,WSTG
61028, , ,4/30/11,Shrewsbury,Wayside Technology Group,4520,452030,45,45203030,D,USA,423430,5045,190,940,B+,NJ,WAYSIDE TECHNOLOGY GROUP INC,WSTG
61028, , ,5/31/11,Shrewsbury,Wayside Technology Group,4520,452030,45,45203030,D,USA,423430,5045,190,940,B+,NJ,WAYSIDE TECHNOLOGY GROUP INC,WSTG
61028, , ,6/30/11,Shrewsbury,Wayside Technology Group,4520,452030,45,45203030,D,USA,423430,5045,190,940,B+,NJ,WAYSIDE TECHNOLOGY GROUP INC,WSTG
61028, , ,7/31/11,Shrewsbury,Wayside Technology Group,4520,452030,45,45203030,D,USA,423430,5045,190,940,B+,NJ,WAYSIDE TECHNOLOGY GROUP INC,WSTG
61028, , ,8/31/11,Shrewsbury,Wayside Technology Group,4520,452030,45,45203030,D,USA,423430,5045,190,940,B+,NJ,WAYSIDE TECHNOLOGY GROUP INC,WSTG
61028, , ,9/30/11,Shrewsbury,Wayside Technology Group,4520,452030,45,45203030,D,USA,423430,5045,190,940,B+,NJ,WAYSIDE TECHNOLOGY GROUP INC,WSTG
61028, , ,10/31/11,Shrewsbury,Wayside Technology Group,4520,452030,45,45203030,D,USA,423430,5045,190,940,B+,NJ,WAYSIDE TECHNOLOGY GROUP INC,WSTG
61028, , ,11/30/11,Shrewsbury,Wayside Technology Group,4520,452030,45,45203030,D,USA,423430,5045,190,940,B+,NJ,WAYSIDE TECHNOLOGY GROUP INC,WSTG
61028, , ,12/31/11,Shrewsbury,Wayside Technology Group,4520,452030,45,45203030,D,USA,423430,5045,190,940,B+,NJ,WAYSIDE TECHNOLOGY GROUP INC,WSTG
61028, , ,1/31/12,Shrewsbury,Wayside Technology Group,4520,452030,45,45203030,D,USA,423430,5045,190,940,B+,NJ,WAYSIDE TECHNOLOGY GROUP INC,WSTG
61028, , ,2/29/12,Shrewsbury,Wayside Technology Group,4520,452030,45,45203030,D,USA,423430,5045,190,940,B+,NJ,WAYSIDE TECHNOLOGY GROUP INC,WSTG
61028, , ,3/31/12,Shrewsbury,Wayside Technology Group,4520,452030,45,45203030,D,USA,423430,5045,190,940,B+,NJ,WAYSIDE TECHNOLOGY GROUP INC,WSTG
61028, , ,4/30/12,Shrewsbury,Wayside Technology Group,4520,452030,45,45203030,D,USA,423430,5045,190,940,B+,NJ,WAYSIDE TECHNOLOGY GROUP INC,WSTG
61028, , ,5/31/12,Shrewsbury,Wayside Technology Group,4520,452030,45,45203030,D,USA,423430,5045,190,940,B+,NJ,WAYSIDE TECHNOLOGY GROUP INC,WSTG
61028, , ,6/30/12,Shrewsbury,Wayside Technology Group,4520,452030,45,45203030,D,USA,423430,5045,190,940,B+,NJ,WAYSIDE TECHNOLOGY GROUP INC,WSTG
61028, , ,7/31/12,Shrewsbury,Wayside Technology Group,4520,452030,45,45203030,D,USA,423430,5045,190,940,B+,NJ,WAYSIDE TECHNOLOGY GROUP INC,WSTG
61028, , ,8/31/12,Shrewsbury,Wayside Technology Group,4520,452030,45,45203030,D,USA,423430,5045,190,940,B+,NJ,WAYSIDE TECHNOLOGY GROUP INC,WSTG
61028, , ,9/30/12,Shrewsbury,Wayside Technology Group,4520,452030,45,45203030,D,USA,423430,5045,190,940,B+,NJ,WAYSIDE TECHNOLOGY GROUP INC,WSTG
61028, , ,10/31/12,Shrewsbury,Wayside Technology Group,4520,452030,45,45203030,D,USA,423430,5045,190,940,B+,NJ,WAYSIDE TECHNOLOGY GROUP INC,WSTG
61028, , ,11/30/12,Shrewsbury,Wayside Technology Group,4520,452030,45,45203030,D,USA,423430,5045,190,940,B+,NJ,WAYSIDE TECHNOLOGY GROUP INC,WSTG
61028, , ,12/31/12,Shrewsbury,Wayside Technology Group,4520,452030,45,45203030,D,USA,423430,5045,190,940,B+,NJ,WAYSIDE TECHNOLOGY GROUP INC,WSTG
61028, , ,1/31/13,Shrewsbury,Wayside Technology Group,4520,452030,45,45203030,D,USA,423430,5045,190,940,B+,NJ,WAYSIDE TECHNOLOGY GROUP INC,WSTG
61028, , ,2/28/13,Shrewsbury,Wayside Technology Group,4520,452030,45,45203030,D,USA,423430,5045,190,940,B+,NJ,WAYSIDE TECHNOLOGY GROUP INC,WSTG
61028, , ,3/31/13,Shrewsbury,Wayside Technology Group,4520,452030,45,45203030,D,USA,423430,5045,190,940,B+,NJ,WAYSIDE TECHNOLOGY GROUP INC,WSTG
61028, , ,4/30/13,Shrewsbury,Wayside Technology Group,4520,452030,45,45203030,D,USA,423430,5045,190,940,B+,NJ,WAYSIDE TECHNOLOGY GROUP INC,WSTG
61028, , ,5/31/13,Shrewsbury,Wayside Technology Group,4520,452030,45,45203030,D,USA,423430,5045,190,940,B+,NJ,WAYSIDE TECHNOLOGY GROUP INC,WSTG
61028, , ,6/30/13,Shrewsbury,Wayside Technology Group,4520,452030,45,45203030,D,USA,423430,5045,190,940,B+,NJ,WAYSIDE TECHNOLOGY GROUP INC,WSTG
61028, , ,7/31/13,Shrewsbury,Wayside Technology Group,4520,452030,45,45203030,D,USA,423430,5045,190,940,B+,NJ,WAYSIDE TECHNOLOGY GROUP INC,WSTG
61028, , ,8/31/13,Shrewsbury,Wayside Technology Group,4520,452030,45,45203030,D,USA,423430,5045,190,940,B+,NJ,WAYSIDE TECHNOLOGY GROUP INC,WSTG
61028, , ,9/30/13,Shrewsbury,Wayside Technology Group,4520,452030,45,45203030,D,USA,423430,5045,190,940,B+,NJ,WAYSIDE TECHNOLOGY GROUP INC,WSTG
61028, , ,10/31/13,Shrewsbury,Wayside Technology Group,4520,452030,45,45203030,D,USA,423430,5045,190,940,B+,NJ,WAYSIDE TECHNOLOGY GROUP INC,WSTG
61030, , ,1/31/10,Macao,Deswell Industries Inc,4520,452030,45,45203020,D,CHN,326199,3089,325,978, , ,DESWELL INDUSTRIES INC,DSWL
61030, , ,2/28/10,Macao,Deswell Industries Inc,4520,452030,45,45203020,D,CHN,326199,3089,325,978, , ,DESWELL INDUSTRIES INC,DSWL
61030, , ,3/31/10,Macao,Deswell Industries Inc,4520,452030,45,45203020,D,CHN,326199,3089,325,978, , ,DESWELL INDUSTRIES INC,DSWL
61030, , ,4/30/10,Macao,Deswell Industries Inc,4520,452030,45,45203020,D,CHN,326199,3089,325,978, , ,DESWELL INDUSTRIES INC,DSWL
61030, , ,5/31/10,Macao,Deswell Industries Inc,4520,452030,45,45203020,D,CHN,326199,3089,325,978, , ,DESWELL INDUSTRIES INC,DSWL
61030, , ,6/30/10,Macao,Deswell Industries Inc,4520,452030,45,45203020,D,CHN,326199,3089,325,978, , ,DESWELL INDUSTRIES INC,DSWL
61030, , ,7/31/10,Macao,Deswell Industries Inc,4520,452030,45,45203020,D,CHN,326199,3089,325,978, , ,DESWELL INDUSTRIES INC,DSWL
61030, , ,8/31/10,Macao,Deswell Industries Inc,4520,452030,45,45203020,D,CHN,326199,3089,325,978, , ,DESWELL INDUSTRIES INC,DSWL
61030, , ,9/30/10,Macao,Deswell Industries Inc,4520,452030,45,45203020,D,CHN,326199,3089,325,978, , ,DESWELL INDUSTRIES INC,DSWL
61030, , ,10/31/10,Macao,Deswell Industries Inc,4520,452030,45,45203020,D,CHN,326199,3089,325,978, , ,DESWELL INDUSTRIES INC,DSWL
61030, , ,11/30/10,Macao,Deswell Industries Inc,4520,452030,45,45203020,D,CHN,326199,3089,325,978, , ,DESWELL INDUSTRIES INC,DSWL
61030, , ,12/31/10,Macao,Deswell Industries Inc,4520,452030,45,45203020,D,CHN,326199,3089,325,978, , ,DESWELL INDUSTRIES INC,DSWL
61030, , ,1/31/11,Macao,Deswell Industries Inc,4520,452030,45,45203020,D,CHN,326199,3089,325,978, , ,DESWELL INDUSTRIES INC,DSWL
61030, , ,2/28/11,Macao,Deswell Industries Inc,4520,452030,45,45203020,D,CHN,326199,3089,325,978, , ,DESWELL INDUSTRIES INC,DSWL
61030, , ,3/31/11,Macao,Deswell Industries Inc,4520,452030,45,45203020,D,CHN,326199,3089,325,978, , ,DESWELL INDUSTRIES INC,DSWL
61030, , ,4/30/11,Macao,Deswell Industries Inc,4520,452030,45,45203020,D,CHN,326199,3089,325,978, , ,DESWELL INDUSTRIES INC,DSWL
61030, , ,5/31/11,Macao,Deswell Industries Inc,4520,452030,45,45203020,D,CHN,326199,3089,325,978, , ,DESWELL INDUSTRIES INC,DSWL
61030, , ,6/30/11,Macao,Deswell Industries Inc,4520,452030,45,45203020,D,CHN,326199,3089,325,978, , ,DESWELL INDUSTRIES INC,DSWL
61030, , ,7/31/11,Macao,Deswell Industries Inc,4520,452030,45,45203020,D,CHN,326199,3089,325,978, , ,DESWELL INDUSTRIES INC,DSWL
61030, , ,8/31/11,Macao,Deswell Industries Inc,4520,452030,45,45203020,D,CHN,326199,3089,325,978, , ,DESWELL INDUSTRIES INC,DSWL
61030, , ,9/30/11,Macao,Deswell Industries Inc,4520,452030,45,45203020,D,CHN,326199,3089,325,978, , ,DESWELL INDUSTRIES INC,DSWL
61030, , ,10/31/11,Macao,Deswell Industries Inc,4520,452030,45,45203020,D,CHN,326199,3089,325,978, , ,DESWELL INDUSTRIES INC,DSWL
61030, , ,11/30/11,Macao,Deswell Industries Inc,4520,452030,45,45203020,D,CHN,326199,3089,325,978, , ,DESWELL INDUSTRIES INC,DSWL
61030, , ,12/31/11,Macao,Deswell Industries Inc,4520,452030,45,45203020,D,CHN,326199,3089,325,978, , ,DESWELL INDUSTRIES INC,DSWL
61030, , ,1/31/12,Macao,Deswell Industries Inc,4520,452030,45,45203020,D,CHN,326199,3089,325,978, , ,DESWELL INDUSTRIES INC,DSWL
61030, , ,2/29/12,Macao,Deswell Industries Inc,4520,452030,45,45203020,D,CHN,326199,3089,325,978, , ,DESWELL INDUSTRIES INC,DSWL
61030, , ,3/31/12,Macao,Deswell Industries Inc,4520,452030,45,45203020,D,CHN,326199,3089,325,978, , ,DESWELL INDUSTRIES INC,DSWL
61030, , ,4/30/12,Macao,Deswell Industries Inc,4520,452030,45,45203020,D,CHN,326199,3089,325,978, , ,DESWELL INDUSTRIES INC,DSWL
61030, , ,5/31/12,Macao,Deswell Industries Inc,4520,452030,45,45203020,D,CHN,326199,3089,325,978, , ,DESWELL INDUSTRIES INC,DSWL
61030, , ,6/30/12,Macao,Deswell Industries Inc,4520,452030,45,45203020,D,CHN,326199,3089,325,978, , ,DESWELL INDUSTRIES INC,DSWL
61030, , ,7/31/12,Macao,Deswell Industries Inc,4520,452030,45,45203020,D,CHN,326199,3089,325,978, , ,DESWELL INDUSTRIES INC,DSWL
61030, , ,8/31/12,Macao,Deswell Industries Inc,4520,452030,45,45203020,D,CHN,326199,3089,325,978, , ,DESWELL INDUSTRIES INC,DSWL
61030, , ,9/30/12,Macao,Deswell Industries Inc,4520,452030,45,45203020,D,CHN,326199,3089,325,978, , ,DESWELL INDUSTRIES INC,DSWL
61030, , ,10/31/12,Macao,Deswell Industries Inc,4520,452030,45,45203020,D,CHN,326199,3089,325,978, , ,DESWELL INDUSTRIES INC,DSWL
61030, , ,11/30/12,Macao,Deswell Industries Inc,4520,452030,45,45203020,D,CHN,326199,3089,325,978, , ,DESWELL INDUSTRIES INC,DSWL
61030, , ,12/31/12,Macao,Deswell Industries Inc,4520,452030,45,45203020,D,CHN,326199,3089,325,978, , ,DESWELL INDUSTRIES INC,DSWL
61030, , ,1/31/13,Macao,Deswell Industries Inc,4520,452030,45,45203020,D,CHN,326199,3089,325,978, , ,DESWELL INDUSTRIES INC,DSWL
61030, , ,2/28/13,Macao,Deswell Industries Inc,4520,452030,45,45203020,D,CHN,326199,3089,325,978, , ,DESWELL INDUSTRIES INC,DSWL
61030, , ,3/31/13,Macao,Deswell Industries Inc,4520,452030,45,45203020,D,CHN,326199,3089,325,978, , ,DESWELL INDUSTRIES INC,DSWL
61030, , ,4/30/13,Macao,Deswell Industries Inc,4520,452030,45,45203020,D,CHN,326199,3089,325,978, , ,DESWELL INDUSTRIES INC,DSWL
61030, , ,5/31/13,Macao,Deswell Industries Inc,4520,452030,45,45203020,D,CHN,326199,3089,325,978, , ,DESWELL INDUSTRIES INC,DSWL
61030, , ,6/30/13,Macao,Deswell Industries Inc,4520,452030,45,45203020,D,CHN,326199,3089,325,978, , ,DESWELL INDUSTRIES INC,DSWL
61030, , ,7/31/13,Macao,Deswell Industries Inc,4520,452030,45,45203020,D,CHN,326199,3089,325,978, , ,DESWELL INDUSTRIES INC,DSWL
61030, , ,8/31/13,Macao,Deswell Industries Inc,4520,452030,45,45203020,D,CHN,326199,3089,325,978, , ,DESWELL INDUSTRIES INC,DSWL
61030, , ,9/30/13,Macao,Deswell Industries Inc,4520,452030,45,45203020,D,CHN,326199,3089,325,978, , ,DESWELL INDUSTRIES INC,DSWL
61030, , ,10/31/13,Macao,Deswell Industries Inc,4520,452030,45,45203020,D,CHN,326199,3089,325,978, , ,DESWELL INDUSTRIES INC,DSWL
61065, , ,1/31/10,Dallas,Viseon Inc,4520,452010,45,45201020,D,USA,334210,3661,180,940,C,TX,VISEON INC,VSNI
61065, , ,2/28/10,Dallas,Viseon Inc,4520,452010,45,45201020,D,USA,334210,3661,180,940,C,TX,VISEON INC,VSNI
61065, , ,3/31/10,Dallas,Viseon Inc,4520,452010,45,45201020,D,USA,334210,3661,180,940,C,TX,VISEON INC,VSNI
61065, , ,4/30/10,Dallas,Viseon Inc,4520,452010,45,45201020,D,USA,334210,3661,180,940,C,TX,VISEON INC,VSNI
61065, , ,5/31/10,Dallas,Viseon Inc,4520,452010,45,45201020,D,USA,334210,3661,180,940,C,TX,VISEON INC,VSNI
61065, , ,6/30/10,Dallas,Viseon Inc,4520,452010,45,45201020,D,USA,334210,3661,180,940,C,TX,VISEON INC,VSNI
61065, , ,7/31/10,Dallas,Viseon Inc,4520,452010,45,45201020,D,USA,334210,3661,180,940,C,TX,VISEON INC,VSNI
61065, , ,8/31/10,Dallas,Viseon Inc,4520,452010,45,45201020,D,USA,334210,3661,180,940,C,TX,VISEON INC,VSNI
61065, , ,9/30/10,Dallas,Viseon Inc,4520,452010,45,45201020,D,USA,334210,3661,180,940,C,TX,VISEON INC,VSNI
61065, , ,10/31/10,Dallas,Viseon Inc,4520,452010,45,45201020,D,USA,334210,3661,180,940,C,TX,VISEON INC,VSNI
61065, , ,11/30/10,Dallas,Viseon Inc,4520,452010,45,45201020,D,USA,334210,3661,180,940,C,TX,VISEON INC,VSNI
61065, , ,12/31/10,Dallas,Viseon Inc,4520,452010,45,45201020,D,USA,334210,3661,180,940,C,TX,VISEON INC,VSNI
61065, , ,1/31/11,Dallas,Viseon Inc,4520,452010,45,45201020,D,USA,334210,3661,180,940,C,TX,VISEON INC,VSNI
61065, , ,2/28/11,Dallas,Viseon Inc,4520,452010,45,45201020,D,USA,334210,3661,180,940,C,TX,VISEON INC,VSNI
61065, , ,3/31/11,Dallas,Viseon Inc,4520,452010,45,45201020,D,USA,334210,3661,180,940,C,TX,VISEON INC,VSNI
61065, , ,4/30/11,Dallas,Viseon Inc,4520,452010,45,45201020,D,USA,334210,3661,180,940,C,TX,VISEON INC,VSNI
61065, , ,5/31/11,Dallas,Viseon Inc,4520,452010,45,45201020,D,USA,334210,3661,180,940,C,TX,VISEON INC,VSNI
61065, , ,6/30/11,Dallas,Viseon Inc,4520,452010,45,45201020,D,USA,334210,3661,180,940,C,TX,VISEON INC,VSNI
61065, , ,7/31/11,Dallas,Viseon Inc,4520,452010,45,45201020,D,USA,334210,3661,180,940,C,TX,VISEON INC,VSNI
61065, , ,8/31/11,Dallas,Viseon Inc,4520,452010,45,45201020,D,USA,334210,3661,180,940,C,TX,VISEON INC,VSNI
61065, , ,9/30/11,Dallas,Viseon Inc,4520,452010,45,45201020,D,USA,334210,3661,180,940,C,TX,VISEON INC,VSNI
61065, , ,10/31/11,Dallas,Viseon Inc,4520,452010,45,45201020,D,USA,334210,3661,180,940,C,TX,VISEON INC,VSNI
61065, , ,11/30/11,Dallas,Viseon Inc,4520,452010,45,45201020,D,USA,334210,3661,180,940,C,TX,VISEON INC,VSNI
61065, , ,12/31/11,Dallas,Viseon Inc,4520,452010,45,45201020,D,USA,334210,3661,180,940,C,TX,VISEON INC,VSNI
61065, , ,1/31/12,Dallas,Viseon Inc,4520,452010,45,45201020,D,USA,334210,3661,180,940,C,TX,VISEON INC,VSNI
61065, , ,2/29/12,Dallas,Viseon Inc,4520,452010,45,45201020,D,USA,334210,3661,180,940,C,TX,VISEON INC,VSNI
61065, , ,3/31/12,Dallas,Viseon Inc,4520,452010,45,45201020,D,USA,334210,3661,180,940,C,TX,VISEON INC,VSNI
61065, , ,4/30/12,Dallas,Viseon Inc,4520,452010,45,45201020,D,USA,334210,3661,180,940,C,TX,VISEON INC,VSNI
61065, , ,5/31/12,Dallas,Viseon Inc,4520,452010,45,45201020,D,USA,334210,3661,180,940,C,TX,VISEON INC,VSNI
61164, , ,1/31/10,Louisville,Videolan Technologies Inc,4520,452020,45,45202020,D,USA,334119,3577,188,940, ,KY,VIDEOLAN TECHNOLOGIES INC,VLNT
61164, , ,2/28/10,Louisville,Videolan Technologies Inc,4520,452020,45,45202020,D,USA,334119,3577,188,940, ,KY,VIDEOLAN TECHNOLOGIES INC,VLNT
61164, , ,3/31/10,Louisville,Videolan Technologies Inc,4520,452020,45,45202020,D,USA,334119,3577,188,940, ,KY,VIDEOLAN TECHNOLOGIES INC,VLNT
61164, , ,4/30/10,Louisville,Videolan Technologies Inc,4520,452020,45,45202020,D,USA,334119,3577,188,940, ,KY,VIDEOLAN TECHNOLOGIES INC,VLNT
61164, , ,5/31/10,Louisville,Videolan Technologies Inc,4520,452020,45,45202020,D,USA,334119,3577,188,940, ,KY,VIDEOLAN TECHNOLOGIES INC,VLNT
61164, , ,6/30/10,Louisville,Videolan Technologies Inc,4520,452020,45,45202020,D,USA,334119,3577,188,940, ,KY,VIDEOLAN TECHNOLOGIES INC,VLNT
61226, , ,1/31/10,Charlton,Fibercore Inc,4520,452010,45,45201020,D,USA,335921,3357,360,970,D,MA,FIBERCORE INC,FBCE
61226, , ,2/28/10,Charlton,Fibercore Inc,4520,452010,45,45201020,D,USA,335921,3357,360,970,D,MA,FIBERCORE INC,FBCE
61226, , ,3/31/10,Charlton,Fibercore Inc,4520,452010,45,45201020,D,USA,335921,3357,360,970,D,MA,FIBERCORE INC,FBCE
61226, , ,4/30/10,Charlton,Fibercore Inc,4520,452010,45,45201020,D,USA,335921,3357,360,970,D,MA,FIBERCORE INC,FBCE
61226, , ,5/31/10,Charlton,Fibercore Inc,4520,452010,45,45201020,D,USA,335921,3357,360,970,D,MA,FIBERCORE INC,FBCE
61226, , ,6/30/10,Charlton,Fibercore Inc,4520,452010,45,45201020,D,USA,335921,3357,360,970,D,MA,FIBERCORE INC,FBCE
61226, , ,7/31/10,Charlton,Fibercore Inc,4520,452010,45,45201020,D,USA,335921,3357,360,970,D,MA,FIBERCORE INC,FBCE
61226, , ,8/31/10,Charlton,Fibercore Inc,4520,452010,45,45201020,D,USA,335921,3357,360,970,D,MA,FIBERCORE INC,FBCE
61226, , ,9/30/10,Charlton,Fibercore Inc,4520,452010,45,45201020,D,USA,335921,3357,360,970,D,MA,FIBERCORE INC,FBCE
61226, , ,10/31/10,Charlton,Fibercore Inc,4520,452010,45,45201020,D,USA,335921,3357,360,970,D,MA,FIBERCORE INC,FBCE
61226, , ,11/30/10,Charlton,Fibercore Inc,4520,452010,45,45201020,D,USA,335921,3357,360,970,D,MA,FIBERCORE INC,FBCE
61226, , ,12/31/10,Charlton,Fibercore Inc,4520,452010,45,45201020,D,USA,335921,3357,360,970,D,MA,FIBERCORE INC,FBCE
61226, , ,1/31/11,Charlton,Fibercore Inc,4520,452010,45,45201020,D,USA,335921,3357,360,970,D,MA,FIBERCORE INC,FBCE
61226, , ,2/28/11,Charlton,Fibercore Inc,4520,452010,45,45201020,D,USA,335921,3357,360,970,D,MA,FIBERCORE INC,FBCE
61226, , ,3/31/11,Charlton,Fibercore Inc,4520,452010,45,45201020,D,USA,335921,3357,360,970,D,MA,FIBERCORE INC,FBCE
61226, , ,4/30/11,Charlton,Fibercore Inc,4520,452010,45,45201020,D,USA,335921,3357,360,970,D,MA,FIBERCORE INC,FBCE
61226, , ,5/31/11,Charlton,Fibercore Inc,4520,452010,45,45201020,D,USA,335921,3357,360,970,D,MA,FIBERCORE INC,FBCE
61226, , ,6/30/11,Charlton,Fibercore Inc,4520,452010,45,45201020,D,USA,335921,3357,360,970,D,MA,FIBERCORE INC,FBCE
61226, , ,7/31/11,Charlton,Fibercore Inc,4520,452010,45,45201020,D,USA,335921,3357,360,970,D,MA,FIBERCORE INC,FBCE
61226, , ,8/31/11,Charlton,Fibercore Inc,4520,452010,45,45201020,D,USA,335921,3357,360,970,D,MA,FIBERCORE INC,FBCE
61226, , ,9/30/11,Charlton,Fibercore Inc,4520,452010,45,45201020,D,USA,335921,3357,360,970,D,MA,FIBERCORE INC,FBCE
61226, , ,10/31/11,Charlton,Fibercore Inc,4520,452010,45,45201020,D,USA,335921,3357,360,970,D,MA,FIBERCORE INC,FBCE
61226, , ,11/30/11,Charlton,Fibercore Inc,4520,452010,45,45201020,D,USA,335921,3357,360,970,D,MA,FIBERCORE INC,FBCE
61226, , ,12/31/11,Charlton,Fibercore Inc,4520,452010,45,45201020,D,USA,335921,3357,360,970,D,MA,FIBERCORE INC,FBCE
61226, , ,1/31/12,Charlton,Fibercore Inc,4520,452010,45,45201020,D,USA,335921,3357,360,970,D,MA,FIBERCORE INC,FBCE
61226, , ,2/29/12,Charlton,Fibercore Inc,4520,452010,45,45201020,D,USA,335921,3357,360,970,D,MA,FIBERCORE INC,FBCE
61226, , ,3/31/12,Charlton,Fibercore Inc,4520,452010,45,45201020,D,USA,335921,3357,360,970,D,MA,FIBERCORE INC,FBCE
61226, , ,4/30/12,Charlton,Fibercore Inc,4520,452010,45,45201020,D,USA,335921,3357,360,970,D,MA,FIBERCORE INC,FBCE
61226, , ,5/31/12,Charlton,Fibercore Inc,4520,452010,45,45201020,D,USA,335921,3357,360,970,D,MA,FIBERCORE INC,FBCE
61226, , ,6/30/12,Charlton,Fibercore Inc,4520,452010,45,45201020,D,USA,335921,3357,360,970,D,MA,FIBERCORE INC,FBCE
61226, , ,7/31/12,Charlton,Fibercore Inc,4520,452010,45,45201020,D,USA,335921,3357,360,970,D,MA,FIBERCORE INC,FBCE
61226, , ,8/31/12,Charlton,Fibercore Inc,4520,452010,45,45201020,D,USA,335921,3357,360,970,D,MA,FIBERCORE INC,FBCE
61226, , ,9/30/12,Charlton,Fibercore Inc,4520,452010,45,45201020,D,USA,335921,3357,360,970,D,MA,FIBERCORE INC,FBCE
61226, , ,10/31/12,Charlton,Fibercore Inc,4520,452010,45,45201020,D,USA,335921,3357,360,970,D,MA,FIBERCORE INC,FBCE
61226, , ,11/30/12,Charlton,Fibercore Inc,4520,452010,45,45201020,D,USA,335921,3357,360,970,D,MA,FIBERCORE INC,FBCE
61226, , ,12/31/12,Charlton,Fibercore Inc,4520,452010,45,45201020,D,USA,335921,3357,360,970,D,MA,FIBERCORE INC,FBCE
61226, , ,1/31/13,Charlton,Fibercore Inc,4520,452010,45,45201020,D,USA,335921,3357,360,970,D,MA,FIBERCORE INC,FBCE
61226, , ,2/28/13,Charlton,Fibercore Inc,4520,452010,45,45201020,D,USA,335921,3357,360,970,D,MA,FIBERCORE INC,FBCE
61226, , ,3/31/13,Charlton,Fibercore Inc,4520,452010,45,45201020,D,USA,335921,3357,360,970,D,MA,FIBERCORE INC,FBCE
61226, , ,4/30/13,Charlton,Fibercore Inc,4520,452010,45,45201020,D,USA,335921,3357,360,970,D,MA,FIBERCORE INC,FBCE
61226, , ,5/31/13,Charlton,Fibercore Inc,4520,452010,45,45201020,D,USA,335921,3357,360,970,D,MA,FIBERCORE INC,FBCE
61226, , ,6/30/13,Charlton,Fibercore Inc,4520,452010,45,45201020,D,USA,335921,3357,360,970,D,MA,FIBERCORE INC,FBCE
61226, , ,7/31/13,Charlton,Fibercore Inc,4520,452010,45,45201020,D,USA,335921,3357,360,970,D,MA,FIBERCORE INC,FBCE
61226, , ,8/31/13,Charlton,Fibercore Inc,4520,452010,45,45201020,D,USA,335921,3357,360,970,D,MA,FIBERCORE INC,FBCE
61226, , ,9/30/13,Charlton,Fibercore Inc,4520,452010,45,45201020,D,USA,335921,3357,360,970,D,MA,FIBERCORE INC,FBCE
61226, , ,10/31/13,Charlton,Fibercore Inc,4520,452010,45,45201020,D,USA,335921,3357,360,970,D,MA,FIBERCORE INC,FBCE
61350, , ,1/31/10,Seattle,Cray Inc,4520,452020,45,45202030,D,USA,334111,3571,190,940,B-,WA,CRAY INC,CRAY
61350, , ,2/28/10,Seattle,Cray Inc,4520,452020,45,45202030,D,USA,334111,3571,190,940,B-,WA,CRAY INC,CRAY
61350, , ,3/31/10,Seattle,Cray Inc,4520,452020,45,45202030,D,USA,334111,3571,190,940,B-,WA,CRAY INC,CRAY
61350, , ,4/30/10,Seattle,Cray Inc,4520,452020,45,45202030,D,USA,334111,3571,190,940,B-,WA,CRAY INC,CRAY
61350, , ,5/31/10,Seattle,Cray Inc,4520,452020,45,45202030,D,USA,334111,3571,190,940,B-,WA,CRAY INC,CRAY
61350, , ,6/30/10,Seattle,Cray Inc,4520,452020,45,45202030,D,USA,334111,3571,190,940,B-,WA,CRAY INC,CRAY
61350, , ,7/31/10,Seattle,Cray Inc,4520,452020,45,45202030,D,USA,334111,3571,190,940,B-,WA,CRAY INC,CRAY
61350, , ,8/31/10,Seattle,Cray Inc,4520,452020,45,45202030,D,USA,334111,3571,190,940,B-,WA,CRAY INC,CRAY
61350, , ,9/30/10,Seattle,Cray Inc,4520,452020,45,45202030,D,USA,334111,3571,190,940,B-,WA,CRAY INC,CRAY
61350, , ,10/31/10,Seattle,Cray Inc,4520,452020,45,45202030,D,USA,334111,3571,190,940,B-,WA,CRAY INC,CRAY
61350, , ,11/30/10,Seattle,Cray Inc,4520,452020,45,45202030,D,USA,334111,3571,190,940,B-,WA,CRAY INC,CRAY
61350, , ,12/31/10,Seattle,Cray Inc,4520,452020,45,45202030,D,USA,334111,3571,190,940,B-,WA,CRAY INC,CRAY
61350, , ,1/31/11,Seattle,Cray Inc,4520,452020,45,45202030,D,USA,334111,3571,190,940,B-,WA,CRAY INC,CRAY
61350, , ,2/28/11,Seattle,Cray Inc,4520,452020,45,45202030,D,USA,334111,3571,190,940,B-,WA,CRAY INC,CRAY
61350, , ,3/31/11,Seattle,Cray Inc,4520,452020,45,45202030,D,USA,334111,3571,190,940,B-,WA,CRAY INC,CRAY
61350, , ,4/30/11,Seattle,Cray Inc,4520,452020,45,45202030,D,USA,334111,3571,190,940,B-,WA,CRAY INC,CRAY
61350, , ,5/31/11,Seattle,Cray Inc,4520,452020,45,45202030,D,USA,334111,3571,190,940,B-,WA,CRAY INC,CRAY
61350, , ,6/30/11,Seattle,Cray Inc,4520,452020,45,45202030,D,USA,334111,3571,190,940,B-,WA,CRAY INC,CRAY
61350, , ,7/31/11,Seattle,Cray Inc,4520,452020,45,45202030,D,USA,334111,3571,190,940,B-,WA,CRAY INC,CRAY
61350, , ,8/31/11,Seattle,Cray Inc,4520,452020,45,45202030,D,USA,334111,3571,190,940,B-,WA,CRAY INC,CRAY
61350, , ,9/30/11,Seattle,Cray Inc,4520,452020,45,45202030,D,USA,334111,3571,190,940,B-,WA,CRAY INC,CRAY
61350, , ,10/31/11,Seattle,Cray Inc,4520,452020,45,45202030,D,USA,334111,3571,190,940,B-,WA,CRAY INC,CRAY
61350, , ,11/30/11,Seattle,Cray Inc,4520,452020,45,45202030,D,USA,334111,3571,190,940,B-,WA,CRAY INC,CRAY
61350, , ,12/31/11,Seattle,Cray Inc,4520,452020,45,45202030,D,USA,334111,3571,190,940,B-,WA,CRAY INC,CRAY
61350, , ,1/31/12,Seattle,Cray Inc,4520,452020,45,45202030,D,USA,334111,3571,190,940,B-,WA,CRAY INC,CRAY
61350, , ,2/29/12,Seattle,Cray Inc,4520,452020,45,45202030,D,USA,334111,3571,190,940,B-,WA,CRAY INC,CRAY
61350, , ,3/31/12,Seattle,Cray Inc,4520,452020,45,45202030,D,USA,334111,3571,190,940,B-,WA,CRAY INC,CRAY
61350, , ,4/30/12,Seattle,Cray Inc,4520,452020,45,45202030,D,USA,334111,3571,190,940,B-,WA,CRAY INC,CRAY
61350, , ,5/31/12,Seattle,Cray Inc,4520,452020,45,45202030,D,USA,334111,3571,190,940,B-,WA,CRAY INC,CRAY
61350, , ,6/30/12,Seattle,Cray Inc,4520,452020,45,45202030,D,USA,334111,3571,190,940,B-,WA,CRAY INC,CRAY
61350, , ,7/31/12,Seattle,Cray Inc,4520,452020,45,45202030,D,USA,334111,3571,190,940,B-,WA,CRAY INC,CRAY
61350, , ,8/31/12,Seattle,Cray Inc,4520,452020,45,45202030,D,USA,334111,3571,190,940,B-,WA,CRAY INC,CRAY
61350, , ,9/30/12,Seattle,Cray Inc,4520,452020,45,45202030,D,USA,334111,3571,190,940,B-,WA,CRAY INC,CRAY
61350, , ,10/31/12,Seattle,Cray Inc,4520,452020,45,45202030,D,USA,334111,3571,190,940,B-,WA,CRAY INC,CRAY
61350, , ,11/30/12,Seattle,Cray Inc,4520,452020,45,45202030,D,USA,334111,3571,190,940,B-,WA,CRAY INC,CRAY
61350, , ,12/31/12,Seattle,Cray Inc,4520,452020,45,45202030,D,USA,334111,3571,190,940,B-,WA,CRAY INC,CRAY
61350, , ,1/31/13,Seattle,Cray Inc,4520,452020,45,45202030,D,USA,334111,3571,190,940,B-,WA,CRAY INC,CRAY
61350, , ,2/28/13,Seattle,Cray Inc,4520,452020,45,45202030,D,USA,334111,3571,190,940,B-,WA,CRAY INC,CRAY
61350, , ,3/31/13,Seattle,Cray Inc,4520,452020,45,45202030,D,USA,334111,3571,190,940,B-,WA,CRAY INC,CRAY
61350, , ,4/30/13,Seattle,Cray Inc,4520,452020,45,45202030,D,USA,334111,3571,190,940,B-,WA,CRAY INC,CRAY
61350, , ,5/31/13,Seattle,Cray Inc,4520,452020,45,45202030,D,USA,334111,3571,190,940,B-,WA,CRAY INC,CRAY
61350, , ,6/30/13,Seattle,Cray Inc,4520,452020,45,45202030,D,USA,334111,3571,190,940,B-,WA,CRAY INC,CRAY
61350, , ,7/31/13,Seattle,Cray Inc,4520,452020,45,45202030,D,USA,334111,3571,190,940,B-,WA,CRAY INC,CRAY
61350, , ,8/31/13,Seattle,Cray Inc,4520,452020,45,45202030,D,USA,334111,3571,190,940,B-,WA,CRAY INC,CRAY
61350, , ,9/30/13,Seattle,Cray Inc,4520,452020,45,45202030,D,USA,334111,3571,190,940,B-,WA,CRAY INC,CRAY
61350, , ,10/31/13,Seattle,Cray Inc,4520,452020,45,45202030,D,USA,334111,3571,190,940,B-,WA,CRAY INC,CRAY
61356, , ,1/31/10,Bedford,GSI Group Inc,4520,452030,45,45203010,D,USA,335999,3690,247,940,D,MA,GSI GROUP INC,GSIG
61356, , ,2/28/10,Bedford,GSI Group Inc,4520,452030,45,45203010,D,USA,335999,3690,247,940,D,MA,GSI GROUP INC,GSIG
61356, , ,3/31/10,Bedford,GSI Group Inc,4520,452030,45,45203010,D,USA,335999,3690,247,940,D,MA,GSI GROUP INC,GSIG
61356, , ,4/30/10,Bedford,GSI Group Inc,4520,452030,45,45203010,D,USA,335999,3690,247,940,D,MA,GSI GROUP INC,GSIG
61356, , ,5/31/10,Bedford,GSI Group Inc,4520,452030,45,45203010,D,USA,335999,3690,247,940,D,MA,GSI GROUP INC,GSIG
61356, , ,6/30/10,Bedford,GSI Group Inc,4520,452030,45,45203010,D,USA,335999,3690,247,940,D,MA,GSI GROUP INC,GSIG
61356, , ,7/31/10,Bedford,GSI Group Inc,4520,452030,45,45203010,D,USA,335999,3690,247,940,D,MA,GSI GROUP INC,GSIG
61356, , ,8/31/10,Bedford,GSI Group Inc,4520,452030,45,45203010,D,USA,335999,3690,247,940,D,MA,GSI GROUP INC,GSIG
61356, , ,9/30/10,Bedford,GSI Group Inc,4520,452030,45,45203010,D,USA,335999,3690,247,940,D,MA,GSI GROUP INC,GSIG
61356, , ,10/31/10,Bedford,GSI Group Inc,4520,452030,45,45203010,D,USA,335999,3690,247,940,D,MA,GSI GROUP INC,GSIG
61356, , ,11/30/10,Bedford,GSI Group Inc,4520,452030,45,45203010,D,USA,335999,3690,247,940,D,MA,GSI GROUP INC,GSIG
61356, , ,12/31/10,Bedford,GSI Group Inc,4520,452030,45,45203010,D,USA,335999,3690,247,940,D,MA,GSI GROUP INC,GSIG
61356, , ,1/31/11,Bedford,GSI Group Inc,4520,452030,45,45203010,D,USA,335999,3690,247,940,D,MA,GSI GROUP INC,GSIG
61356, , ,2/28/11,Bedford,GSI Group Inc,4520,452030,45,45203010,D,USA,335999,3690,247,940,D,MA,GSI GROUP INC,GSIG
61356, , ,3/31/11,Bedford,GSI Group Inc,4520,452030,45,45203010,D,USA,335999,3690,247,940,D,MA,GSI GROUP INC,GSIG
61356, , ,4/30/11,Bedford,GSI Group Inc,4520,452030,45,45203010,D,USA,335999,3690,247,940,D,MA,GSI GROUP INC,GSIG
61356, , ,5/31/11,Bedford,GSI Group Inc,4520,452030,45,45203010,D,USA,335999,3690,247,940,D,MA,GSI GROUP INC,GSIG
61356, , ,6/30/11,Bedford,GSI Group Inc,4520,452030,45,45203010,D,USA,335999,3690,247,940,D,MA,GSI GROUP INC,GSIG
61356, , ,7/31/11,Bedford,GSI Group Inc,4520,452030,45,45203010,D,USA,335999,3690,247,940,D,MA,GSI GROUP INC,GSIG
61356, , ,8/31/11,Bedford,GSI Group Inc,4520,452030,45,45203010,D,USA,335999,3690,247,940,D,MA,GSI GROUP INC,GSIG
61356, , ,9/30/11,Bedford,GSI Group Inc,4520,452030,45,45203010,D,USA,335999,3690,247,940,D,MA,GSI GROUP INC,GSIG
61356, , ,10/31/11,Bedford,GSI Group Inc,4520,452030,45,45203010,D,USA,335999,3690,247,940,D,MA,GSI GROUP INC,GSIG
61356, , ,11/30/11,Bedford,GSI Group Inc,4520,452030,45,45203010,D,USA,335999,3690,247,940,D,MA,GSI GROUP INC,GSIG
61356, , ,12/31/11,Bedford,GSI Group Inc,4520,452030,45,45203010,D,USA,335999,3690,247,940,D,MA,GSI GROUP INC,GSIG
61356, , ,1/31/12,Bedford,GSI Group Inc,4520,452030,45,45203010,D,USA,335999,3690,247,940,D,MA,GSI GROUP INC,GSIG
61356, , ,2/29/12,Bedford,GSI Group Inc,4520,452030,45,45203010,D,USA,335999,3690,247,940,D,MA,GSI GROUP INC,GSIG
61356, , ,3/31/12,Bedford,GSI Group Inc,4520,452030,45,45203010,D,USA,335999,3690,247,940,D,MA,GSI GROUP INC,GSIG
61356, , ,4/30/12,Bedford,GSI Group Inc,4520,452030,45,45203010,D,USA,335999,3690,247,940,D,MA,GSI GROUP INC,GSIG
61356, , ,5/31/12,Bedford,GSI Group Inc,4520,452030,45,45203010,D,USA,335999,3690,247,940,D,MA,GSI GROUP INC,GSIG
61356, , ,6/30/12,Bedford,GSI Group Inc,4520,452030,45,45203010,D,USA,335999,3690,247,940,D,MA,GSI GROUP INC,GSIG
61356, , ,7/31/12,Bedford,GSI Group Inc,4520,452030,45,45203010,D,USA,335999,3690,247,940,D,MA,GSI GROUP INC,GSIG
61356, , ,8/31/12,Bedford,GSI Group Inc,4520,452030,45,45203010,D,USA,335999,3690,247,940,D,MA,GSI GROUP INC,GSIG
61356, , ,9/30/12,Bedford,GSI Group Inc,4520,452030,45,45203010,D,USA,335999,3690,247,940,D,MA,GSI GROUP INC,GSIG
61356, , ,10/31/12,Bedford,GSI Group Inc,4520,452030,45,45203010,D,USA,335999,3690,247,940,D,MA,GSI GROUP INC,GSIG
61356, , ,11/30/12,Bedford,GSI Group Inc,4520,452030,45,45203010,D,USA,335999,3690,247,940,D,MA,GSI GROUP INC,GSIG
61356, , ,12/31/12,Bedford,GSI Group Inc,4520,452030,45,45203010,D,USA,335999,3690,247,940,D,MA,GSI GROUP INC,GSIG
61356, , ,1/31/13,Bedford,GSI Group Inc,4520,452030,45,45203010,D,USA,335999,3690,247,940,D,MA,GSI GROUP INC,GSIG
61356, , ,2/28/13,Bedford,GSI Group Inc,4520,452030,45,45203010,D,USA,335999,3690,247,940,D,MA,GSI GROUP INC,GSIG
61356, , ,3/31/13,Bedford,GSI Group Inc,4520,452030,45,45203010,D,USA,335999,3690,247,940,D,MA,GSI GROUP INC,GSIG
61356, , ,4/30/13,Bedford,GSI Group Inc,4520,452030,45,45203010,D,USA,335999,3690,247,940,D,MA,GSI GROUP INC,GSIG
61356, , ,5/31/13,Bedford,GSI Group Inc,4520,452030,45,45203010,D,USA,335999,3690,247,940,D,MA,GSI GROUP INC,GSIG
61356, , ,6/30/13,Bedford,GSI Group Inc,4520,452030,45,45203010,D,USA,335999,3690,247,940,D,MA,GSI GROUP INC,GSIG
61356, , ,7/31/13,Bedford,GSI Group Inc,4520,452030,45,45203010,D,USA,335999,3690,247,940,D,MA,GSI GROUP INC,GSIG
61356, , ,8/31/13,Bedford,GSI Group Inc,4520,452030,45,45203010,D,USA,335999,3690,247,940,D,MA,GSI GROUP INC,GSIG
61356, , ,9/30/13,Bedford,GSI Group Inc,4520,452030,45,45203010,D,USA,335999,3690,247,940,D,MA,GSI GROUP INC,GSIG
61356, , ,10/31/13,Bedford,GSI Group Inc,4520,452030,45,45203010,D,USA,335999,3690,247,940,D,MA,GSI GROUP INC,GSIG
61392, , ,1/31/10,Ramsey,Bogen Communications International Inc,4520,452010,45,45201020,D,USA,334210,3661,180,940,B,NJ,BOGEN COMMUNICATIONS INTL,BOGN
61392, , ,2/28/10,Ramsey,Bogen Communications International Inc,4520,452010,45,45201020,D,USA,334210,3661,180,940,B,NJ,BOGEN COMMUNICATIONS INTL,BOGN
61392, , ,3/31/10,Ramsey,Bogen Communications International Inc,4520,452010,45,45201020,D,USA,334210,3661,180,940,B,NJ,BOGEN COMMUNICATIONS INTL,BOGN
61392, , ,4/30/10,Ramsey,Bogen Communications International Inc,4520,452010,45,45201020,D,USA,334210,3661,180,940,B,NJ,BOGEN COMMUNICATIONS INTL,BOGN
61392, , ,5/31/10,Ramsey,Bogen Communications International Inc,4520,452010,45,45201020,D,USA,334210,3661,180,940,B,NJ,BOGEN COMMUNICATIONS INTL,BOGN
61392, , ,6/30/10,Ramsey,Bogen Communications International Inc,4520,452010,45,45201020,D,USA,334210,3661,180,940,B,NJ,BOGEN COMMUNICATIONS INTL,BOGN
61392, , ,7/31/10,Ramsey,Bogen Communications International Inc,4520,452010,45,45201020,D,USA,334210,3661,180,940,B,NJ,BOGEN COMMUNICATIONS INTL,BOGN
61392, , ,8/31/10,Ramsey,Bogen Communications International Inc,4520,452010,45,45201020,D,USA,334210,3661,180,940,B,NJ,BOGEN COMMUNICATIONS INTL,BOGN
61392, , ,9/30/10,Ramsey,Bogen Communications International Inc,4520,452010,45,45201020,D,USA,334210,3661,180,940,B,NJ,BOGEN COMMUNICATIONS INTL,BOGN
61392, , ,10/31/10,Ramsey,Bogen Communications International Inc,4520,452010,45,45201020,D,USA,334210,3661,180,940,B,NJ,BOGEN COMMUNICATIONS INTL,BOGN
61392, , ,11/30/10,Ramsey,Bogen Communications International Inc,4520,452010,45,45201020,D,USA,334210,3661,180,940,B,NJ,BOGEN COMMUNICATIONS INTL,BOGN
61392, , ,12/31/10,Ramsey,Bogen Communications International Inc,4520,452010,45,45201020,D,USA,334210,3661,180,940,B,NJ,BOGEN COMMUNICATIONS INTL,BOGN
61392, , ,1/31/11,Ramsey,Bogen Communications International Inc,4520,452010,45,45201020,D,USA,334210,3661,180,940,B,NJ,BOGEN COMMUNICATIONS INTL,BOGN
61392, , ,2/28/11,Ramsey,Bogen Communications International Inc,4520,452010,45,45201020,D,USA,334210,3661,180,940,B,NJ,BOGEN COMMUNICATIONS INTL,BOGN
61392, , ,3/31/11,Ramsey,Bogen Communications International Inc,4520,452010,45,45201020,D,USA,334210,3661,180,940,B,NJ,BOGEN COMMUNICATIONS INTL,BOGN
61392, , ,4/30/11,Ramsey,Bogen Communications International Inc,4520,452010,45,45201020,D,USA,334210,3661,180,940,B,NJ,BOGEN COMMUNICATIONS INTL,BOGN
61392, , ,5/31/11,Ramsey,Bogen Communications International Inc,4520,452010,45,45201020,D,USA,334210,3661,180,940,B,NJ,BOGEN COMMUNICATIONS INTL,BOGN
61392, , ,6/30/11,Ramsey,Bogen Communications International Inc,4520,452010,45,45201020,D,USA,334210,3661,180,940,B,NJ,BOGEN COMMUNICATIONS INTL,BOGN
61392, , ,7/31/11,Ramsey,Bogen Communications International Inc,4520,452010,45,45201020,D,USA,334210,3661,180,940,B,NJ,BOGEN COMMUNICATIONS INTL,BOGN
61392, , ,8/31/11,Ramsey,Bogen Communications International Inc,4520,452010,45,45201020,D,USA,334210,3661,180,940,B,NJ,BOGEN COMMUNICATIONS INTL,BOGN
61392, , ,9/30/11,Ramsey,Bogen Communications International Inc,4520,452010,45,45201020,D,USA,334210,3661,180,940,B,NJ,BOGEN COMMUNICATIONS INTL,BOGN
61392, , ,10/31/11,Ramsey,Bogen Communications International Inc,4520,452010,45,45201020,D,USA,334210,3661,180,940,B,NJ,BOGEN COMMUNICATIONS INTL,BOGN
61392, , ,11/30/11,Ramsey,Bogen Communications International Inc,4520,452010,45,45201020,D,USA,334210,3661,180,940,B,NJ,BOGEN COMMUNICATIONS INTL,BOGN
61392, , ,12/31/11,Ramsey,Bogen Communications International Inc,4520,452010,45,45201020,D,USA,334210,3661,180,940,B,NJ,BOGEN COMMUNICATIONS INTL,BOGN
61392, , ,1/31/12,Ramsey,Bogen Communications International Inc,4520,452010,45,45201020,D,USA,334210,3661,180,940,B,NJ,BOGEN COMMUNICATIONS INTL,BOGN
61392, , ,2/29/12,Ramsey,Bogen Communications International Inc,4520,452010,45,45201020,D,USA,334210,3661,180,940,B,NJ,BOGEN COMMUNICATIONS INTL,BOGN
61392, , ,3/31/12,Ramsey,Bogen Communications International Inc,4520,452010,45,45201020,D,USA,334210,3661,180,940,B,NJ,BOGEN COMMUNICATIONS INTL,BOGN
61392, , ,4/30/12,Ramsey,Bogen Communications International Inc,4520,452010,45,45201020,D,USA,334210,3661,180,940,B,NJ,BOGEN COMMUNICATIONS INTL,BOGN
61392, , ,5/31/12,Ramsey,Bogen Communications International Inc,4520,452010,45,45201020,D,USA,334210,3661,180,940,B,NJ,BOGEN COMMUNICATIONS INTL,BOGN
61392, , ,6/30/12,Ramsey,Bogen Communications International Inc,4520,452010,45,45201020,D,USA,334210,3661,180,940,B,NJ,BOGEN COMMUNICATIONS INTL,BOGN
61392, , ,7/31/12,Ramsey,Bogen Communications International Inc,4520,452010,45,45201020,D,USA,334210,3661,180,940,B,NJ,BOGEN COMMUNICATIONS INTL,BOGN
61392, , ,8/31/12,Ramsey,Bogen Communications International Inc,4520,452010,45,45201020,D,USA,334210,3661,180,940,B,NJ,BOGEN COMMUNICATIONS INTL,BOGN
61392, , ,9/30/12,Ramsey,Bogen Communications International Inc,4520,452010,45,45201020,D,USA,334210,3661,180,940,B,NJ,BOGEN COMMUNICATIONS INTL,BOGN
61392, , ,10/31/12,Ramsey,Bogen Communications International Inc,4520,452010,45,45201020,D,USA,334210,3661,180,940,B,NJ,BOGEN COMMUNICATIONS INTL,BOGN
61392, , ,11/30/12,Ramsey,Bogen Communications International Inc,4520,452010,45,45201020,D,USA,334210,3661,180,940,B,NJ,BOGEN COMMUNICATIONS INTL,BOGN
61392, , ,12/31/12,Ramsey,Bogen Communications International Inc,4520,452010,45,45201020,D,USA,334210,3661,180,940,B,NJ,BOGEN COMMUNICATIONS INTL,BOGN
61392, , ,1/31/13,Ramsey,Bogen Communications International Inc,4520,452010,45,45201020,D,USA,334210,3661,180,940,B,NJ,BOGEN COMMUNICATIONS INTL,BOGN
61392, , ,2/28/13,Ramsey,Bogen Communications International Inc,4520,452010,45,45201020,D,USA,334210,3661,180,940,B,NJ,BOGEN COMMUNICATIONS INTL,BOGN
61392, , ,3/31/13,Ramsey,Bogen Communications International Inc,4520,452010,45,45201020,D,USA,334210,3661,180,940,B,NJ,BOGEN COMMUNICATIONS INTL,BOGN
61392, , ,4/30/13,Ramsey,Bogen Communications International Inc,4520,452010,45,45201020,D,USA,334210,3661,180,940,B,NJ,BOGEN COMMUNICATIONS INTL,BOGN
61392, , ,5/31/13,Ramsey,Bogen Communications International Inc,4520,452010,45,45201020,D,USA,334210,3661,180,940,B,NJ,BOGEN COMMUNICATIONS INTL,BOGN
61392, , ,6/30/13,Ramsey,Bogen Communications International Inc,4520,452010,45,45201020,D,USA,334210,3661,180,940,B,NJ,BOGEN COMMUNICATIONS INTL,BOGN
61392, , ,7/31/13,Ramsey,Bogen Communications International Inc,4520,452010,45,45201020,D,USA,334210,3661,180,940,B,NJ,BOGEN COMMUNICATIONS INTL,BOGN
61392, , ,8/31/13,Ramsey,Bogen Communications International Inc,4520,452010,45,45201020,D,USA,334210,3661,180,940,B,NJ,BOGEN COMMUNICATIONS INTL,BOGN
61392, , ,9/30/13,Ramsey,Bogen Communications International Inc,4520,452010,45,45201020,D,USA,334210,3661,180,940,B,NJ,BOGEN COMMUNICATIONS INTL,BOGN
61392, , ,10/31/13,Ramsey,Bogen Communications International Inc,4520,452010,45,45201020,D,USA,334210,3661,180,940,B,NJ,BOGEN COMMUNICATIONS INTL,BOGN
61398, , ,1/31/10,Chestnut Ridge,LeCroy Corp,4520,452030,45,45203010,D,USA,334515,3825,230,940,C,NY,LECROY CORP,LCRY
61398, , ,2/28/10,Chestnut Ridge,LeCroy Corp,4520,452030,45,45203010,D,USA,334515,3825,230,940,C,NY,LECROY CORP,LCRY
61398, , ,3/31/10,Chestnut Ridge,LeCroy Corp,4520,452030,45,45203010,D,USA,334515,3825,230,940,C,NY,LECROY CORP,LCRY
61398, , ,4/30/10,Chestnut Ridge,LeCroy Corp,4520,452030,45,45203010,D,USA,334515,3825,230,940,C,NY,LECROY CORP,LCRY
61398, , ,5/31/10,Chestnut Ridge,LeCroy Corp,4520,452030,45,45203010,D,USA,334515,3825,230,940,C,NY,LECROY CORP,LCRY
61398, , ,6/30/10,Chestnut Ridge,LeCroy Corp,4520,452030,45,45203010,D,USA,334515,3825,230,940,C,NY,LECROY CORP,LCRY
61398, , ,7/31/10,Chestnut Ridge,LeCroy Corp,4520,452030,45,45203010,D,USA,334515,3825,230,940,C,NY,LECROY CORP,LCRY
61398, , ,8/31/10,Chestnut Ridge,LeCroy Corp,4520,452030,45,45203010,D,USA,334515,3825,230,940,C,NY,LECROY CORP,LCRY
61398, , ,9/30/10,Chestnut Ridge,LeCroy Corp,4520,452030,45,45203010,D,USA,334515,3825,230,940,C,NY,LECROY CORP,LCRY
61398, , ,10/31/10,Chestnut Ridge,LeCroy Corp,4520,452030,45,45203010,D,USA,334515,3825,230,940,C,NY,LECROY CORP,LCRY
61398, , ,11/30/10,Chestnut Ridge,LeCroy Corp,4520,452030,45,45203010,D,USA,334515,3825,230,940,C,NY,LECROY CORP,LCRY
61398, , ,12/31/10,Chestnut Ridge,LeCroy Corp,4520,452030,45,45203010,D,USA,334515,3825,230,940,C,NY,LECROY CORP,LCRY
61398, , ,1/31/11,Chestnut Ridge,LeCroy Corp,4520,452030,45,45203010,D,USA,334515,3825,230,940,C,NY,LECROY CORP,LCRY
61398, , ,2/28/11,Chestnut Ridge,LeCroy Corp,4520,452030,45,45203010,D,USA,334515,3825,230,940,C,NY,LECROY CORP,LCRY
61398, , ,3/31/11,Chestnut Ridge,LeCroy Corp,4520,452030,45,45203010,D,USA,334515,3825,230,940,C,NY,LECROY CORP,LCRY
61398, , ,4/30/11,Chestnut Ridge,LeCroy Corp,4520,452030,45,45203010,D,USA,334515,3825,230,940,C,NY,LECROY CORP,LCRY
61398, , ,5/31/11,Chestnut Ridge,LeCroy Corp,4520,452030,45,45203010,D,USA,334515,3825,230,940,C,NY,LECROY CORP,LCRY
61398, , ,6/30/11,Chestnut Ridge,LeCroy Corp,4520,452030,45,45203010,D,USA,334515,3825,230,940,C,NY,LECROY CORP,LCRY
61398, , ,7/31/11,Chestnut Ridge,LeCroy Corp,4520,452030,45,45203010,D,USA,334515,3825,230,940,C,NY,LECROY CORP,LCRY
61398, , ,8/31/11,Chestnut Ridge,LeCroy Corp,4520,452030,45,45203010,D,USA,334515,3825,230,940,C,NY,LECROY CORP,LCRY
61398, , ,9/30/11,Chestnut Ridge,LeCroy Corp,4520,452030,45,45203010,D,USA,334515,3825,230,940,C,NY,LECROY CORP,LCRY
61398, , ,10/31/11,Chestnut Ridge,LeCroy Corp,4520,452030,45,45203010,D,USA,334515,3825,230,940,C,NY,LECROY CORP,LCRY
61398, , ,11/30/11,Chestnut Ridge,LeCroy Corp,4520,452030,45,45203010,D,USA,334515,3825,230,940,C,NY,LECROY CORP,LCRY
61398, , ,12/31/11,Chestnut Ridge,LeCroy Corp,4520,452030,45,45203010,D,USA,334515,3825,230,940,C,NY,LECROY CORP,LCRY
61398, , ,1/31/12,Chestnut Ridge,LeCroy Corp,4520,452030,45,45203010,D,USA,334515,3825,230,940,C,NY,LECROY CORP,LCRY
61398, , ,2/29/12,Chestnut Ridge,LeCroy Corp,4520,452030,45,45203010,D,USA,334515,3825,230,940,C,NY,LECROY CORP,LCRY
61398, , ,3/31/12,Chestnut Ridge,LeCroy Corp,4520,452030,45,45203010,D,USA,334515,3825,230,940,C,NY,LECROY CORP,LCRY
61398, , ,4/30/12,Chestnut Ridge,LeCroy Corp,4520,452030,45,45203010,D,USA,334515,3825,230,940,C,NY,LECROY CORP,LCRY
61398, , ,5/31/12,Chestnut Ridge,LeCroy Corp,4520,452030,45,45203010,D,USA,334515,3825,230,940,C,NY,LECROY CORP,LCRY
61398, , ,6/30/12,Chestnut Ridge,LeCroy Corp,4520,452030,45,45203010,D,USA,334515,3825,230,940,C,NY,LECROY CORP,LCRY
61398, , ,7/31/12,Chestnut Ridge,LeCroy Corp,4520,452030,45,45203010,D,USA,334515,3825,230,940,C,NY,LECROY CORP,LCRY
61398, , ,8/31/12,Chestnut Ridge,LeCroy Corp,4520,452030,45,45203010,D,USA,334515,3825,230,940,C,NY,LECROY CORP,LCRY
61439, , ,1/31/10,Hillsboro,RadiSys Corp,4520,452030,45,45203020,D,USA,334118,3577,185,940,C,OR,RADISYS CORP,RSYS
61439, , ,2/28/10,Hillsboro,RadiSys Corp,4520,452030,45,45203020,D,USA,334118,3577,185,940,C,OR,RADISYS CORP,RSYS
61439, , ,3/31/10,Hillsboro,RadiSys Corp,4520,452030,45,45203020,D,USA,334118,3577,185,940,C,OR,RADISYS CORP,RSYS
61439, , ,4/30/10,Hillsboro,RadiSys Corp,4520,452030,45,45203020,D,USA,334118,3577,185,940,C,OR,RADISYS CORP,RSYS
61439, , ,5/31/10,Hillsboro,RadiSys Corp,4520,452030,45,45203020,D,USA,334118,3577,185,940,C,OR,RADISYS CORP,RSYS
61439, , ,6/30/10,Hillsboro,RadiSys Corp,4520,452030,45,45203020,D,USA,334118,3577,185,940,C,OR,RADISYS CORP,RSYS
61439, , ,7/31/10,Hillsboro,RadiSys Corp,4520,452030,45,45203020,D,USA,334118,3577,185,940,C,OR,RADISYS CORP,RSYS
61439, , ,8/31/10,Hillsboro,RadiSys Corp,4520,452030,45,45203020,D,USA,334118,3577,185,940,C,OR,RADISYS CORP,RSYS
61439, , ,9/30/10,Hillsboro,RadiSys Corp,4520,452030,45,45203020,D,USA,334118,3577,185,940,C,OR,RADISYS CORP,RSYS
61439, , ,10/31/10,Hillsboro,RadiSys Corp,4520,452030,45,45203020,D,USA,334118,3577,185,940,C,OR,RADISYS CORP,RSYS
61439, , ,11/30/10,Hillsboro,RadiSys Corp,4520,452030,45,45203020,D,USA,334118,3577,185,940,C,OR,RADISYS CORP,RSYS
61439, , ,12/31/10,Hillsboro,RadiSys Corp,4520,452030,45,45203020,D,USA,334118,3577,185,940,C,OR,RADISYS CORP,RSYS
61439, , ,1/31/11,Hillsboro,RadiSys Corp,4520,452030,45,45203020,D,USA,334118,3577,185,940,C,OR,RADISYS CORP,RSYS
61439, , ,2/28/11,Hillsboro,RadiSys Corp,4520,452030,45,45203020,D,USA,334118,3577,185,940,C,OR,RADISYS CORP,RSYS
61439, , ,3/31/11,Hillsboro,RadiSys Corp,4520,452030,45,45203020,D,USA,334118,3577,185,940,C,OR,RADISYS CORP,RSYS
61439, , ,4/30/11,Hillsboro,RadiSys Corp,4520,452030,45,45203020,D,USA,334118,3577,185,940,C,OR,RADISYS CORP,RSYS
61439, , ,5/31/11,Hillsboro,RadiSys Corp,4520,452030,45,45203020,D,USA,334118,3577,185,940,C,OR,RADISYS CORP,RSYS
61439, , ,6/30/11,Hillsboro,RadiSys Corp,4520,452030,45,45203020,D,USA,334118,3577,185,940,C,OR,RADISYS CORP,RSYS
61439, , ,7/31/11,Hillsboro,RadiSys Corp,4520,452030,45,45203020,D,USA,334118,3577,185,940,C,OR,RADISYS CORP,RSYS
61439, , ,8/31/11,Hillsboro,RadiSys Corp,4520,452030,45,45203020,D,USA,334118,3577,185,940,C,OR,RADISYS CORP,RSYS
61439, , ,9/30/11,Hillsboro,RadiSys Corp,4520,452030,45,45203020,D,USA,334118,3577,185,940,C,OR,RADISYS CORP,RSYS
61439, , ,10/31/11,Hillsboro,RadiSys Corp,4520,452030,45,45203020,D,USA,334118,3577,185,940,C,OR,RADISYS CORP,RSYS
61439, , ,11/30/11,Hillsboro,RadiSys Corp,4520,452030,45,45203020,D,USA,334118,3577,185,940,C,OR,RADISYS CORP,RSYS
61439, , ,12/31/11,Hillsboro,RadiSys Corp,4520,452030,45,45203020,D,USA,334118,3577,185,940,C,OR,RADISYS CORP,RSYS
61439, , ,1/31/12,Hillsboro,RadiSys Corp,4520,452030,45,45203020,D,USA,334118,3577,185,940,C,OR,RADISYS CORP,RSYS
61439, , ,2/29/12,Hillsboro,RadiSys Corp,4520,452030,45,45203020,D,USA,334118,3577,185,940,C,OR,RADISYS CORP,RSYS
61439, , ,3/31/12,Hillsboro,RadiSys Corp,4520,452030,45,45203020,D,USA,334118,3577,185,940,C,OR,RADISYS CORP,RSYS
61439, , ,4/30/12,Hillsboro,RadiSys Corp,4520,452030,45,45203020,D,USA,334118,3577,185,940,C,OR,RADISYS CORP,RSYS
61439, , ,5/31/12,Hillsboro,RadiSys Corp,4520,452030,45,45203020,D,USA,334118,3577,185,940,C,OR,RADISYS CORP,RSYS
61439, , ,6/30/12,Hillsboro,RadiSys Corp,4520,452030,45,45203020,D,USA,334118,3577,185,940,C,OR,RADISYS CORP,RSYS
61439, , ,7/31/12,Hillsboro,RadiSys Corp,4520,452030,45,45203020,D,USA,334118,3577,185,940,C,OR,RADISYS CORP,RSYS
61439, , ,8/31/12,Hillsboro,RadiSys Corp,4520,452030,45,45203020,D,USA,334118,3577,185,940,C,OR,RADISYS CORP,RSYS
61439, , ,9/30/12,Hillsboro,RadiSys Corp,4520,452030,45,45203020,D,USA,334118,3577,185,940,C,OR,RADISYS CORP,RSYS
61439, , ,10/31/12,Hillsboro,RadiSys Corp,4520,452030,45,45203020,D,USA,334118,3577,185,940,C,OR,RADISYS CORP,RSYS
61439, , ,11/30/12,Hillsboro,RadiSys Corp,4520,452030,45,45203020,D,USA,334118,3577,185,940,C,OR,RADISYS CORP,RSYS
61439, , ,12/31/12,Hillsboro,RadiSys Corp,4520,452030,45,45203020,D,USA,334118,3577,185,940,C,OR,RADISYS CORP,RSYS
61439, , ,1/31/13,Hillsboro,RadiSys Corp,4520,452030,45,45203020,D,USA,334118,3577,185,940,C,OR,RADISYS CORP,RSYS
61439, , ,2/28/13,Hillsboro,RadiSys Corp,4520,452030,45,45203020,D,USA,334118,3577,185,940,C,OR,RADISYS CORP,RSYS
61439, , ,3/31/13,Hillsboro,RadiSys Corp,4520,452030,45,45203020,D,USA,334118,3577,185,940,C,OR,RADISYS CORP,RSYS
61439, , ,4/30/13,Hillsboro,RadiSys Corp,4520,452030,45,45203020,D,USA,334118,3577,185,940,C,OR,RADISYS CORP,RSYS
61439, , ,5/31/13,Hillsboro,RadiSys Corp,4520,452030,45,45203020,D,USA,334118,3577,185,940,C,OR,RADISYS CORP,RSYS
61439, , ,6/30/13,Hillsboro,RadiSys Corp,4520,452030,45,45203020,D,USA,334118,3577,185,940,C,OR,RADISYS CORP,RSYS
61439, , ,7/31/13,Hillsboro,RadiSys Corp,4520,452030,45,45203020,D,USA,334118,3577,185,940,C,OR,RADISYS CORP,RSYS
61439, , ,8/31/13,Hillsboro,RadiSys Corp,4520,452030,45,45203020,D,USA,334118,3577,185,940,C,OR,RADISYS CORP,RSYS
61439, , ,9/30/13,Hillsboro,RadiSys Corp,4520,452030,45,45203020,D,USA,334118,3577,185,940,C,OR,RADISYS CORP,RSYS
61439, , ,10/31/13,Hillsboro,RadiSys Corp,4520,452030,45,45203020,D,USA,334118,3577,185,940,C,OR,RADISYS CORP,RSYS
61513,B, ,1/31/10,Milpitas,SanDisk Corp,4520,452020,45,45202030,D,USA,334112,3572,188,940,B-,CA,SANDISK CORP,SNDK
61513,B, ,2/28/10,Milpitas,SanDisk Corp,4520,452020,45,45202030,D,USA,334112,3572,188,940,B-,CA,SANDISK CORP,SNDK
61513,B, ,3/31/10,Milpitas,SanDisk Corp,4520,452020,45,45202030,D,USA,334112,3572,188,940,B-,CA,SANDISK CORP,SNDK
61513,B, ,4/30/10,Milpitas,SanDisk Corp,4520,452020,45,45202030,D,USA,334112,3572,188,940,B-,CA,SANDISK CORP,SNDK
61513,BB-, ,5/31/10,Milpitas,SanDisk Corp,4520,452020,45,45202030,D,USA,334112,3572,188,940,B-,CA,SANDISK CORP,SNDK
61513,BB-, ,6/30/10,Milpitas,SanDisk Corp,4520,452020,45,45202030,D,USA,334112,3572,188,940,B-,CA,SANDISK CORP,SNDK
61513,BB-, ,7/31/10,Milpitas,SanDisk Corp,4520,452020,45,45202030,D,USA,334112,3572,188,940,B-,CA,SANDISK CORP,SNDK
61513,BB-, ,8/31/10,Milpitas,SanDisk Corp,4520,452020,45,45202030,D,USA,334112,3572,188,940,B-,CA,SANDISK CORP,SNDK
61513,BB-, ,9/30/10,Milpitas,SanDisk Corp,4520,452020,45,45202030,D,USA,334112,3572,188,940,B-,CA,SANDISK CORP,SNDK
61513,BB-, ,10/31/10,Milpitas,SanDisk Corp,4520,452020,45,45202030,D,USA,334112,3572,188,940,B-,CA,SANDISK CORP,SNDK
61513,BB-, ,11/30/10,Milpitas,SanDisk Corp,4520,452020,45,45202030,D,USA,334112,3572,188,940,B-,CA,SANDISK CORP,SNDK
61513,BB-, ,12/31/10,Milpitas,SanDisk Corp,4520,452020,45,45202030,D,USA,334112,3572,188,940,B-,CA,SANDISK CORP,SNDK
61513,BB-, ,1/31/11,Milpitas,SanDisk Corp,4520,452020,45,45202030,D,USA,334112,3572,188,940,B-,CA,SANDISK CORP,SNDK
61513,BB-, ,2/28/11,Milpitas,SanDisk Corp,4520,452020,45,45202030,D,USA,334112,3572,188,940,B-,CA,SANDISK CORP,SNDK
61513,BB-, ,3/31/11,Milpitas,SanDisk Corp,4520,452020,45,45202030,D,USA,334112,3572,188,940,B-,CA,SANDISK CORP,SNDK
61513,BB-, ,4/30/11,Milpitas,SanDisk Corp,4520,452020,45,45202030,D,USA,334112,3572,188,940,B-,CA,SANDISK CORP,SNDK
61513,BB-, ,5/31/11,Milpitas,SanDisk Corp,4520,452020,45,45202030,D,USA,334112,3572,188,940,B-,CA,SANDISK CORP,SNDK
61513,BB-, ,6/30/11,Milpitas,SanDisk Corp,4520,452020,45,45202030,D,USA,334112,3572,188,940,B-,CA,SANDISK CORP,SNDK
61513,BB-, ,7/31/11,Milpitas,SanDisk Corp,4520,452020,45,45202030,D,USA,334112,3572,188,940,B-,CA,SANDISK CORP,SNDK
61513,BB-, ,8/31/11,Milpitas,SanDisk Corp,4520,452020,45,45202030,D,USA,334112,3572,188,940,B-,CA,SANDISK CORP,SNDK
61513,BB-, ,9/30/11,Milpitas,SanDisk Corp,4520,452020,45,45202030,D,USA,334112,3572,188,940,B-,CA,SANDISK CORP,SNDK
61513,BB-, ,10/31/11,Milpitas,SanDisk Corp,4520,452020,45,45202030,D,USA,334112,3572,188,940,B-,CA,SANDISK CORP,SNDK
61513,BB-, ,11/30/11,Milpitas,SanDisk Corp,4520,452020,45,45202030,D,USA,334112,3572,188,940,B-,CA,SANDISK CORP,SNDK
61513,BB, ,12/31/11,Milpitas,SanDisk Corp,4520,452020,45,45202030,D,USA,334112,3572,188,940,B-,CA,SANDISK CORP,SNDK
61513,BB, ,1/31/12,Milpitas,SanDisk Corp,4520,452020,45,45202030,D,USA,334112,3572,188,940,B-,CA,SANDISK CORP,SNDK
61513,BB, ,2/29/12,Milpitas,SanDisk Corp,4520,452020,45,45202030,D,USA,334112,3572,188,940,B-,CA,SANDISK CORP,SNDK
61513,BB, ,3/31/12,Milpitas,SanDisk Corp,4520,452020,45,45202030,D,USA,334112,3572,188,940,B-,CA,SANDISK CORP,SNDK
61513,BB, ,4/30/12,Milpitas,SanDisk Corp,4520,452020,45,45202030,D,USA,334112,3572,188,940,B-,CA,SANDISK CORP,SNDK
61513,BB, ,5/31/12,Milpitas,SanDisk Corp,4520,452020,45,45202030,D,USA,334112,3572,188,940,B-,CA,SANDISK CORP,SNDK
61513,BB, ,6/30/12,Milpitas,SanDisk Corp,4520,452020,45,45202030,D,USA,334112,3572,188,940,B-,CA,SANDISK CORP,SNDK
61513,BB, ,7/31/12,Milpitas,SanDisk Corp,4520,452020,45,45202030,D,USA,334112,3572,188,940,B-,CA,SANDISK CORP,SNDK
61513,BB, ,8/31/12,Milpitas,SanDisk Corp,4520,452020,45,45202030,D,USA,334112,3572,188,940,B-,CA,SANDISK CORP,SNDK
61513,BB, ,9/30/12,Milpitas,SanDisk Corp,4520,452020,45,45202030,D,USA,334112,3572,188,940,B-,CA,SANDISK CORP,SNDK
61513,BB, ,10/31/12,Milpitas,SanDisk Corp,4520,452020,45,45202030,D,USA,334112,3572,188,940,B-,CA,SANDISK CORP,SNDK
61513,BB, ,11/30/12,Milpitas,SanDisk Corp,4520,452020,45,45202030,D,USA,334112,3572,188,940,B-,CA,SANDISK CORP,SNDK
61513,BB, ,12/31/12,Milpitas,SanDisk Corp,4520,452020,45,45202030,D,USA,334112,3572,188,940,B-,CA,SANDISK CORP,SNDK
61513,BB, ,1/31/13,Milpitas,SanDisk Corp,4520,452020,45,45202030,D,USA,334112,3572,188,940,B-,CA,SANDISK CORP,SNDK
61513,BB, ,2/28/13,Milpitas,SanDisk Corp,4520,452020,45,45202030,D,USA,334112,3572,188,940,B-,CA,SANDISK CORP,SNDK
61513,BB, ,3/31/13,Milpitas,SanDisk Corp,4520,452020,45,45202030,D,USA,334112,3572,188,940,B-,CA,SANDISK CORP,SNDK
61513,BB, ,4/30/13,Milpitas,SanDisk Corp,4520,452020,45,45202030,D,USA,334112,3572,188,940,B-,CA,SANDISK CORP,SNDK
61513,BB, ,5/31/13,Milpitas,SanDisk Corp,4520,452020,45,45202030,D,USA,334112,3572,188,940,B-,CA,SANDISK CORP,SNDK
61513,BB, ,6/30/13,Milpitas,SanDisk Corp,4520,452020,45,45202030,D,USA,334112,3572,188,940,B-,CA,SANDISK CORP,SNDK
61513,BB, ,7/31/13,Milpitas,SanDisk Corp,4520,452020,45,45202030,D,USA,334112,3572,188,940,B-,CA,SANDISK CORP,SNDK
61513,BB, ,8/31/13,Milpitas,SanDisk Corp,4520,452020,45,45202030,D,USA,334112,3572,188,940,B-,CA,SANDISK CORP,SNDK
61513,BB, ,9/30/13,Milpitas,SanDisk Corp,4520,452020,45,45202030,D,USA,334112,3572,188,940,B-,CA,SANDISK CORP,SNDK
61513,BB, ,10/31/13,Milpitas,SanDisk Corp,4520,452020,45,45202030,D,USA,334112,3572,188,940,B-,CA,SANDISK CORP,SNDK
61513,BB, ,11/30/13,Milpitas,SanDisk Corp,4520,452020,45,45202030,D,USA,334112,3572,188,940,B-,CA,SANDISK CORP,SNDK
61513,BB, ,12/31/13,Milpitas,SanDisk Corp,4520,452020,45,45202030,D,USA,334112,3572,188,940,B-,CA,SANDISK CORP,SNDK
61513,BB, ,1/31/14,Milpitas,SanDisk Corp,4520,452020,45,45202030,D,USA,334112,3572,188,940,B-,CA,SANDISK CORP,SNDK
61513,BB, ,2/28/14,Milpitas,SanDisk Corp,4520,452020,45,45202030,D,USA,334112,3572,188,940,B-,CA,SANDISK CORP,SNDK
61513,BB, ,3/31/14,Milpitas,SanDisk Corp,4520,452020,45,45202030,D,USA,334112,3572,188,940,B-,CA,SANDISK CORP,SNDK
61513,BB, ,4/30/14,Milpitas,SanDisk Corp,4520,452020,45,45202030,D,USA,334112,3572,188,940,B-,CA,SANDISK CORP,SNDK
61513,BB, ,5/31/14,Milpitas,SanDisk Corp,4520,452020,45,45202030,D,USA,334112,3572,188,940,B-,CA,SANDISK CORP,SNDK
61513,BB+, ,6/30/14,Milpitas,SanDisk Corp,4520,452020,45,45202030,D,USA,334112,3572,188,940,B-,CA,SANDISK CORP,SNDK
61531, , ,1/31/10,San Diego,Entrada Networks Inc,4520,452010,45,45201020,D,USA,334119,3576,190,940,C,CA,ENTRADA NETWORKS INC,ESAN
61531, , ,2/28/10,San Diego,Entrada Networks Inc,4520,452010,45,45201020,D,USA,334119,3576,190,940,C,CA,ENTRADA NETWORKS INC,ESAN
61531, , ,3/31/10,San Diego,Entrada Networks Inc,4520,452010,45,45201020,D,USA,334119,3576,190,940,C,CA,ENTRADA NETWORKS INC,ESAN
61531, , ,4/30/10,San Diego,Entrada Networks Inc,4520,452010,45,45201020,D,USA,334119,3576,190,940,C,CA,ENTRADA NETWORKS INC,ESAN
61531, , ,5/31/10,San Diego,Entrada Networks Inc,4520,452010,45,45201020,D,USA,334119,3576,190,940,C,CA,ENTRADA NETWORKS INC,ESAN
61531, , ,6/30/10,San Diego,Entrada Networks Inc,4520,452010,45,45201020,D,USA,334119,3576,190,940,C,CA,ENTRADA NETWORKS INC,ESAN
61531, , ,7/31/10,San Diego,Entrada Networks Inc,4520,452010,45,45201020,D,USA,334119,3576,190,940,C,CA,ENTRADA NETWORKS INC,ESAN
61531, , ,8/31/10,San Diego,Entrada Networks Inc,4520,452010,45,45201020,D,USA,334119,3576,190,940,C,CA,ENTRADA NETWORKS INC,ESAN
61531, , ,9/30/10,San Diego,Entrada Networks Inc,4520,452010,45,45201020,D,USA,334119,3576,190,940,C,CA,ENTRADA NETWORKS INC,ESAN
61531, , ,10/31/10,San Diego,Entrada Networks Inc,4520,452010,45,45201020,D,USA,334119,3576,190,940,C,CA,ENTRADA NETWORKS INC,ESAN
61531, , ,11/30/10,San Diego,Entrada Networks Inc,4520,452010,45,45201020,D,USA,334119,3576,190,940,C,CA,ENTRADA NETWORKS INC,ESAN
61552,BBB-, ,1/31/10,Lexington,Lexmark International Inc.,4520,452020,45,45202030,D,USA,334118,3577,188,940,B,KY,LEXMARK INTL INC  -CL A,LXK
61552,BBB-, ,2/28/10,Lexington,Lexmark International Inc.,4520,452020,45,45202030,D,USA,334118,3577,188,940,B,KY,LEXMARK INTL INC  -CL A,LXK
61552,BBB-, ,3/31/10,Lexington,Lexmark International Inc.,4520,452020,45,45202030,D,USA,334118,3577,188,940,B,KY,LEXMARK INTL INC  -CL A,LXK
61552,BBB-, ,4/30/10,Lexington,Lexmark International Inc.,4520,452020,45,45202030,D,USA,334118,3577,188,940,B,KY,LEXMARK INTL INC  -CL A,LXK
61552,BBB-, ,5/31/10,Lexington,Lexmark International Inc.,4520,452020,45,45202030,D,USA,334118,3577,188,940,B,KY,LEXMARK INTL INC  -CL A,LXK
61552,BBB-, ,6/30/10,Lexington,Lexmark International Inc.,4520,452020,45,45202030,D,USA,334118,3577,188,940,B,KY,LEXMARK INTL INC  -CL A,LXK
61552,BBB-, ,7/31/10,Lexington,Lexmark International Inc.,4520,452020,45,45202030,D,USA,334118,3577,188,940,B,KY,LEXMARK INTL INC  -CL A,LXK
61552,BBB-, ,8/31/10,Lexington,Lexmark International Inc.,4520,452020,45,45202030,D,USA,334118,3577,188,940,B,KY,LEXMARK INTL INC  -CL A,LXK
61552,BBB-, ,9/30/10,Lexington,Lexmark International Inc.,4520,452020,45,45202030,D,USA,334118,3577,188,940,B,KY,LEXMARK INTL INC  -CL A,LXK
61552,BBB-, ,10/31/10,Lexington,Lexmark International Inc.,4520,452020,45,45202030,D,USA,334118,3577,188,940,B,KY,LEXMARK INTL INC  -CL A,LXK
61552,BBB-, ,11/30/10,Lexington,Lexmark International Inc.,4520,452020,45,45202030,D,USA,334118,3577,188,940,B,KY,LEXMARK INTL INC  -CL A,LXK
61552,BBB-, ,12/31/10,Lexington,Lexmark International Inc.,4520,452020,45,45202030,D,USA,334118,3577,188,940,B,KY,LEXMARK INTL INC  -CL A,LXK
61552,BBB-, ,1/31/11,Lexington,Lexmark International Inc.,4520,452020,45,45202030,D,USA,334118,3577,188,940,B,KY,LEXMARK INTL INC  -CL A,LXK
61552,BBB-, ,2/28/11,Lexington,Lexmark International Inc.,4520,452020,45,45202030,D,USA,334118,3577,188,940,B,KY,LEXMARK INTL INC  -CL A,LXK
61552,BBB-, ,3/31/11,Lexington,Lexmark International Inc.,4520,452020,45,45202030,D,USA,334118,3577,188,940,B,KY,LEXMARK INTL INC  -CL A,LXK
61552,BBB-, ,4/30/11,Lexington,Lexmark International Inc.,4520,452020,45,45202030,D,USA,334118,3577,188,940,B,KY,LEXMARK INTL INC  -CL A,LXK
61552,BBB-, ,5/31/11,Lexington,Lexmark International Inc.,4520,452020,45,45202030,D,USA,334118,3577,188,940,B,KY,LEXMARK INTL INC  -CL A,LXK
61552,BBB-, ,6/30/11,Lexington,Lexmark International Inc.,4520,452020,45,45202030,D,USA,334118,3577,188,940,B,KY,LEXMARK INTL INC  -CL A,LXK
61552,BBB-, ,7/31/11,Lexington,Lexmark International Inc.,4520,452020,45,45202030,D,USA,334118,3577,188,940,B,KY,LEXMARK INTL INC  -CL A,LXK
61552,BBB-, ,8/31/11,Lexington,Lexmark International Inc.,4520,452020,45,45202030,D,USA,334118,3577,188,940,B,KY,LEXMARK INTL INC  -CL A,LXK
61552,BBB-, ,9/30/11,Lexington,Lexmark International Inc.,4520,452020,45,45202030,D,USA,334118,3577,188,940,B,KY,LEXMARK INTL INC  -CL A,LXK
61552,BBB-, ,10/31/11,Lexington,Lexmark International Inc.,4520,452020,45,45202030,D,USA,334118,3577,188,940,B,KY,LEXMARK INTL INC  -CL A,LXK
61552,BBB-, ,11/30/11,Lexington,Lexmark International Inc.,4520,452020,45,45202030,D,USA,334118,3577,188,940,B,KY,LEXMARK INTL INC  -CL A,LXK
61552,BBB-, ,12/31/11,Lexington,Lexmark International Inc.,4520,452020,45,45202030,D,USA,334118,3577,188,940,B,KY,LEXMARK INTL INC  -CL A,LXK
61552,BBB-, ,1/31/12,Lexington,Lexmark International Inc.,4520,452020,45,45202030,D,USA,334118,3577,188,940,B,KY,LEXMARK INTL INC  -CL A,LXK
61552,BBB-, ,2/29/12,Lexington,Lexmark International Inc.,4520,452020,45,45202030,D,USA,334118,3577,188,940,B,KY,LEXMARK INTL INC  -CL A,LXK
61552,BBB-, ,3/31/12,Lexington,Lexmark International Inc.,4520,452020,45,45202030,D,USA,334118,3577,188,940,B,KY,LEXMARK INTL INC  -CL A,LXK
61552,BBB-, ,4/30/12,Lexington,Lexmark International Inc.,4520,452020,45,45202030,D,USA,334118,3577,188,940,B,KY,LEXMARK INTL INC  -CL A,LXK
61552,BBB-, ,5/31/12,Lexington,Lexmark International Inc.,4520,452020,45,45202030,D,USA,334118,3577,188,940,B,KY,LEXMARK INTL INC  -CL A,LXK
61552,BBB-, ,6/30/12,Lexington,Lexmark International Inc.,4520,452020,45,45202030,D,USA,334118,3577,188,940,B,KY,LEXMARK INTL INC  -CL A,LXK
61552,BBB-, ,7/31/12,Lexington,Lexmark International Inc.,4520,452020,45,45202030,D,USA,334118,3577,188,940,B,KY,LEXMARK INTL INC  -CL A,LXK
61552,BBB-, ,8/31/12,Lexington,Lexmark International Inc.,4520,452020,45,45202030,D,USA,334118,3577,188,940,B,KY,LEXMARK INTL INC  -CL A,LXK
61552,BBB-, ,9/30/12,Lexington,Lexmark International Inc.,4520,452020,45,45202030,D,USA,334118,3577,188,940,B,KY,LEXMARK INTL INC  -CL A,LXK
61552,BBB-, ,10/31/12,Lexington,Lexmark International Inc.,4520,452020,45,45202030,D,USA,334118,3577,188,940,B,KY,LEXMARK INTL INC  -CL A,LXK
61552,BBB-, ,11/30/12,Lexington,Lexmark International Inc.,4520,452020,45,45202030,D,USA,334118,3577,188,940,B,KY,LEXMARK INTL INC  -CL A,LXK
61552,BBB-, ,12/31/12,Lexington,Lexmark International Inc.,4520,452020,45,45202030,D,USA,334118,3577,188,940,B,KY,LEXMARK INTL INC  -CL A,LXK
61552,BBB-, ,1/31/13,Lexington,Lexmark International Inc.,4520,452020,45,45202030,D,USA,334118,3577,188,940,B,KY,LEXMARK INTL INC  -CL A,LXK
61552,BBB-, ,2/28/13,Lexington,Lexmark International Inc.,4520,452020,45,45202030,D,USA,334118,3577,188,940,B,KY,LEXMARK INTL INC  -CL A,LXK
61552,BBB-, ,3/31/13,Lexington,Lexmark International Inc.,4520,452020,45,45202030,D,USA,334118,3577,188,940,B,KY,LEXMARK INTL INC  -CL A,LXK
61552,BBB-, ,4/30/13,Lexington,Lexmark International Inc.,4520,452020,45,45202030,D,USA,334118,3577,188,940,B,KY,LEXMARK INTL INC  -CL A,LXK
61552,BBB-, ,5/31/13,Lexington,Lexmark International Inc.,4520,452020,45,45202030,D,USA,334118,3577,188,940,B,KY,LEXMARK INTL INC  -CL A,LXK
61552,BBB-, ,6/30/13,Lexington,Lexmark International Inc.,4520,452020,45,45202030,D,USA,334118,3577,188,940,B,KY,LEXMARK INTL INC  -CL A,LXK
61552,BBB-, ,7/31/13,Lexington,Lexmark International Inc.,4520,452020,45,45202030,D,USA,334118,3577,188,940,B,KY,LEXMARK INTL INC  -CL A,LXK
61552,BBB-, ,8/31/13,Lexington,Lexmark International Inc.,4520,452020,45,45202030,D,USA,334118,3577,188,940,B,KY,LEXMARK INTL INC  -CL A,LXK
61552,BBB-, ,9/30/13,Lexington,Lexmark International Inc.,4520,452020,45,45202030,D,USA,334118,3577,188,940,B,KY,LEXMARK INTL INC  -CL A,LXK
61552,BBB-, ,10/31/13,Lexington,Lexmark International Inc.,4520,452020,45,45202030,D,USA,334118,3577,188,940,B,KY,LEXMARK INTL INC  -CL A,LXK
61552,BBB-, ,11/30/13,Lexington,Lexmark International Inc.,4520,452020,45,45202030,D,USA,334118,3577,188,940,B,KY,LEXMARK INTL INC  -CL A,LXK
61552,BBB-, ,12/31/13,Lexington,Lexmark International Inc.,4520,452020,45,45202030,D,USA,334118,3577,188,940,B,KY,LEXMARK INTL INC  -CL A,LXK
61552,BBB-, ,1/31/14,Lexington,Lexmark International Inc.,4520,452020,45,45202030,D,USA,334118,3577,188,940,B,KY,LEXMARK INTL INC  -CL A,LXK
61552,BBB-, ,2/28/14,Lexington,Lexmark International Inc.,4520,452020,45,45202030,D,USA,334118,3577,188,940,B,KY,LEXMARK INTL INC  -CL A,LXK
61552,BBB-, ,3/31/14,Lexington,Lexmark International Inc.,4520,452020,45,45202030,D,USA,334118,3577,188,940,B,KY,LEXMARK INTL INC  -CL A,LXK
61552,BBB-, ,4/30/14,Lexington,Lexmark International Inc.,4520,452020,45,45202030,D,USA,334118,3577,188,940,B,KY,LEXMARK INTL INC  -CL A,LXK
61552,BBB-, ,5/31/14,Lexington,Lexmark International Inc.,4520,452020,45,45202030,D,USA,334118,3577,188,940,B,KY,LEXMARK INTL INC  -CL A,LXK
61552,BBB-, ,6/30/14,Lexington,Lexmark International Inc.,4520,452020,45,45202030,D,USA,334118,3577,188,940,B,KY,LEXMARK INTL INC  -CL A,LXK
61572,BB-, ,1/31/10,Newark,SMART Modular Technologies (WWH) Inc,4520,452030,45,45203020,D,USA,334413,3674,235,940, ,CA,SMART MODULAR TECHNOLOGIES,SMOD
61572,BB-, ,2/28/10,Newark,SMART Modular Technologies (WWH) Inc,4520,452030,45,45203020,D,USA,334413,3674,235,940, ,CA,SMART MODULAR TECHNOLOGIES,SMOD
61572,BB-, ,3/31/10,Newark,SMART Modular Technologies (WWH) Inc,4520,452030,45,45203020,D,USA,334413,3674,235,940, ,CA,SMART MODULAR TECHNOLOGIES,SMOD
61572,BB-, ,4/30/10,Newark,SMART Modular Technologies (WWH) Inc,4520,452030,45,45203020,D,USA,334413,3674,235,940, ,CA,SMART MODULAR TECHNOLOGIES,SMOD
61572,BB-, ,5/31/10,Newark,SMART Modular Technologies (WWH) Inc,4520,452030,45,45203020,D,USA,334413,3674,235,940, ,CA,SMART MODULAR TECHNOLOGIES,SMOD
61572,BB-, ,6/30/10,Newark,SMART Modular Technologies (WWH) Inc,4520,452030,45,45203020,D,USA,334413,3674,235,940, ,CA,SMART MODULAR TECHNOLOGIES,SMOD
61572,BB-, ,7/31/10,Newark,SMART Modular Technologies (WWH) Inc,4520,452030,45,45203020,D,USA,334413,3674,235,940, ,CA,SMART MODULAR TECHNOLOGIES,SMOD
61572,BB-, ,8/31/10,Newark,SMART Modular Technologies (WWH) Inc,4520,452030,45,45203020,D,USA,334413,3674,235,940, ,CA,SMART MODULAR TECHNOLOGIES,SMOD
61572,BB-, ,9/30/10,Newark,SMART Modular Technologies (WWH) Inc,4520,452030,45,45203020,D,USA,334413,3674,235,940, ,CA,SMART MODULAR TECHNOLOGIES,SMOD
61572,BB-, ,10/31/10,Newark,SMART Modular Technologies (WWH) Inc,4520,452030,45,45203020,D,USA,334413,3674,235,940, ,CA,SMART MODULAR TECHNOLOGIES,SMOD
61572,BB-, ,11/30/10,Newark,SMART Modular Technologies (WWH) Inc,4520,452030,45,45203020,D,USA,334413,3674,235,940, ,CA,SMART MODULAR TECHNOLOGIES,SMOD
61572,BB-, ,12/31/10,Newark,SMART Modular Technologies (WWH) Inc,4520,452030,45,45203020,D,USA,334413,3674,235,940, ,CA,SMART MODULAR TECHNOLOGIES,SMOD
61572,BB-, ,1/31/11,Newark,SMART Modular Technologies (WWH) Inc,4520,452030,45,45203020,D,USA,334413,3674,235,940, ,CA,SMART MODULAR TECHNOLOGIES,SMOD
61572,BB-, ,2/28/11,Newark,SMART Modular Technologies (WWH) Inc,4520,452030,45,45203020,D,USA,334413,3674,235,940, ,CA,SMART MODULAR TECHNOLOGIES,SMOD
61572,BB-, ,3/31/11,Newark,SMART Modular Technologies (WWH) Inc,4520,452030,45,45203020,D,USA,334413,3674,235,940, ,CA,SMART MODULAR TECHNOLOGIES,SMOD
61572,BB-, ,4/30/11,Newark,SMART Modular Technologies (WWH) Inc,4520,452030,45,45203020,D,USA,334413,3674,235,940, ,CA,SMART MODULAR TECHNOLOGIES,SMOD
61572,BB-, ,5/31/11,Newark,SMART Modular Technologies (WWH) Inc,4520,452030,45,45203020,D,USA,334413,3674,235,940, ,CA,SMART MODULAR TECHNOLOGIES,SMOD
61572,B+, ,6/30/11,Newark,SMART Modular Technologies (WWH) Inc,4520,452030,45,45203020,D,USA,334413,3674,235,940, ,CA,SMART MODULAR TECHNOLOGIES,SMOD
61572,B+, ,7/31/11,Newark,SMART Modular Technologies (WWH) Inc,4520,452030,45,45203020,D,USA,334413,3674,235,940, ,CA,SMART MODULAR TECHNOLOGIES,SMOD
61572,B+, ,8/31/11,Newark,SMART Modular Technologies (WWH) Inc,4520,452030,45,45203020,D,USA,334413,3674,235,940, ,CA,SMART MODULAR TECHNOLOGIES,SMOD
61572,B+, ,9/30/11,Newark,SMART Modular Technologies (WWH) Inc,4520,452030,45,45203020,D,USA,334413,3674,235,940, ,CA,SMART MODULAR TECHNOLOGIES,SMOD
61587, , ,1/31/10,Santa Clara,Intevac Inc,4520,452020,45,45202030,D,USA,333249,3559,247,940,C,CA,INTEVAC INC,IVAC
61587, , ,2/28/10,Santa Clara,Intevac Inc,4520,452020,45,45202030,D,USA,333249,3559,247,940,C,CA,INTEVAC INC,IVAC
61587, , ,3/31/10,Santa Clara,Intevac Inc,4520,452020,45,45202030,D,USA,333249,3559,247,940,C,CA,INTEVAC INC,IVAC
61587, , ,4/30/10,Santa Clara,Intevac Inc,4520,452020,45,45202030,D,USA,333249,3559,247,940,C,CA,INTEVAC INC,IVAC
61587, , ,5/31/10,Santa Clara,Intevac Inc,4520,452020,45,45202030,D,USA,333249,3559,247,940,C,CA,INTEVAC INC,IVAC
61587, , ,6/30/10,Santa Clara,Intevac Inc,4520,452020,45,45202030,D,USA,333249,3559,247,940,C,CA,INTEVAC INC,IVAC
61587, , ,7/31/10,Santa Clara,Intevac Inc,4520,452020,45,45202030,D,USA,333249,3559,247,940,C,CA,INTEVAC INC,IVAC
61587, , ,8/31/10,Santa Clara,Intevac Inc,4520,452020,45,45202030,D,USA,333249,3559,247,940,C,CA,INTEVAC INC,IVAC
61587, , ,9/30/10,Santa Clara,Intevac Inc,4520,452020,45,45202030,D,USA,333249,3559,247,940,C,CA,INTEVAC INC,IVAC
61587, , ,10/31/10,Santa Clara,Intevac Inc,4520,452020,45,45202030,D,USA,333249,3559,247,940,C,CA,INTEVAC INC,IVAC
61587, , ,11/30/10,Santa Clara,Intevac Inc,4520,452020,45,45202030,D,USA,333249,3559,247,940,C,CA,INTEVAC INC,IVAC
61587, , ,12/31/10,Santa Clara,Intevac Inc,4520,452020,45,45202030,D,USA,333249,3559,247,940,C,CA,INTEVAC INC,IVAC
61587, , ,1/31/11,Santa Clara,Intevac Inc,4520,452020,45,45202030,D,USA,333249,3559,247,940,C,CA,INTEVAC INC,IVAC
61587, , ,2/28/11,Santa Clara,Intevac Inc,4520,452020,45,45202030,D,USA,333249,3559,247,940,C,CA,INTEVAC INC,IVAC
61587, , ,3/31/11,Santa Clara,Intevac Inc,4520,452020,45,45202030,D,USA,333249,3559,247,940,C,CA,INTEVAC INC,IVAC
61587, , ,4/30/11,Santa Clara,Intevac Inc,4520,452020,45,45202030,D,USA,333249,3559,247,940,C,CA,INTEVAC INC,IVAC
61587, , ,5/31/11,Santa Clara,Intevac Inc,4520,452020,45,45202030,D,USA,333249,3559,247,940,C,CA,INTEVAC INC,IVAC
61587, , ,6/30/11,Santa Clara,Intevac Inc,4520,452020,45,45202030,D,USA,333249,3559,247,940,C,CA,INTEVAC INC,IVAC
61587, , ,7/31/11,Santa Clara,Intevac Inc,4520,452020,45,45202030,D,USA,333249,3559,247,940,C,CA,INTEVAC INC,IVAC
61587, , ,8/31/11,Santa Clara,Intevac Inc,4520,452020,45,45202030,D,USA,333249,3559,247,940,C,CA,INTEVAC INC,IVAC
61587, , ,9/30/11,Santa Clara,Intevac Inc,4520,452020,45,45202030,D,USA,333249,3559,247,940,C,CA,INTEVAC INC,IVAC
61587, , ,10/31/11,Santa Clara,Intevac Inc,4520,452020,45,45202030,D,USA,333249,3559,247,940,C,CA,INTEVAC INC,IVAC
61587, , ,11/30/11,Santa Clara,Intevac Inc,4520,452020,45,45202030,D,USA,333249,3559,247,940,C,CA,INTEVAC INC,IVAC
61587, , ,12/31/11,Santa Clara,Intevac Inc,4520,452020,45,45202030,D,USA,333249,3559,247,940,C,CA,INTEVAC INC,IVAC
61587, , ,1/31/12,Santa Clara,Intevac Inc,4520,452020,45,45202030,D,USA,333249,3559,247,940,C,CA,INTEVAC INC,IVAC
61587, , ,2/29/12,Santa Clara,Intevac Inc,4520,452020,45,45202030,D,USA,333249,3559,247,940,C,CA,INTEVAC INC,IVAC
61587, , ,3/31/12,Santa Clara,Intevac Inc,4520,452020,45,45202030,D,USA,333249,3559,247,940,C,CA,INTEVAC INC,IVAC
61587, , ,4/30/12,Santa Clara,Intevac Inc,4520,452020,45,45202030,D,USA,333249,3559,247,940,C,CA,INTEVAC INC,IVAC
61587, , ,5/31/12,Santa Clara,Intevac Inc,4520,452020,45,45202030,D,USA,333249,3559,247,940,C,CA,INTEVAC INC,IVAC
61587, , ,6/30/12,Santa Clara,Intevac Inc,4520,452020,45,45202030,D,USA,333249,3559,247,940,C,CA,INTEVAC INC,IVAC
61587, , ,7/31/12,Santa Clara,Intevac Inc,4520,452020,45,45202030,D,USA,333249,3559,247,940,C,CA,INTEVAC INC,IVAC
61587, , ,8/31/12,Santa Clara,Intevac Inc,4520,452020,45,45202030,D,USA,333249,3559,247,940,C,CA,INTEVAC INC,IVAC
61587, , ,9/30/12,Santa Clara,Intevac Inc,4520,452020,45,45202030,D,USA,333249,3559,247,940,C,CA,INTEVAC INC,IVAC
61587, , ,10/31/12,Santa Clara,Intevac Inc,4520,452020,45,45202030,D,USA,333249,3559,247,940,C,CA,INTEVAC INC,IVAC
61587, , ,11/30/12,Santa Clara,Intevac Inc,4520,452020,45,45202030,D,USA,333249,3559,247,940,C,CA,INTEVAC INC,IVAC
61587, , ,12/31/12,Santa Clara,Intevac Inc,4520,452020,45,45202030,D,USA,333249,3559,247,940,C,CA,INTEVAC INC,IVAC
61587, , ,1/31/13,Santa Clara,Intevac Inc,4520,452020,45,45202030,D,USA,333249,3559,247,940,C,CA,INTEVAC INC,IVAC
61587, , ,2/28/13,Santa Clara,Intevac Inc,4520,452020,45,45202030,D,USA,333249,3559,247,940,C,CA,INTEVAC INC,IVAC
61587, , ,3/31/13,Santa Clara,Intevac Inc,4520,452020,45,45202030,D,USA,333249,3559,247,940,C,CA,INTEVAC INC,IVAC
61587, , ,4/30/13,Santa Clara,Intevac Inc,4520,452020,45,45202030,D,USA,333249,3559,247,940,C,CA,INTEVAC INC,IVAC
61587, , ,5/31/13,Santa Clara,Intevac Inc,4520,452020,45,45202030,D,USA,333249,3559,247,940,C,CA,INTEVAC INC,IVAC
61587, , ,6/30/13,Santa Clara,Intevac Inc,4520,452020,45,45202030,D,USA,333249,3559,247,940,C,CA,INTEVAC INC,IVAC
61587, , ,7/31/13,Santa Clara,Intevac Inc,4520,452020,45,45202030,D,USA,333249,3559,247,940,C,CA,INTEVAC INC,IVAC
61587, , ,8/31/13,Santa Clara,Intevac Inc,4520,452020,45,45202030,D,USA,333249,3559,247,940,C,CA,INTEVAC INC,IVAC
61587, , ,9/30/13,Santa Clara,Intevac Inc,4520,452020,45,45202030,D,USA,333249,3559,247,940,C,CA,INTEVAC INC,IVAC
61587, , ,10/31/13,Santa Clara,Intevac Inc,4520,452020,45,45202030,D,USA,333249,3559,247,940,C,CA,INTEVAC INC,IVAC
61591, , ,1/31/10,Sunnyvale,NetApp Inc,4520,452020,45,45202030,D,USA,334112,3572,187,940,B,CA,NETAPP INC,NTAP
61591, , ,2/28/10,Sunnyvale,NetApp Inc,4520,452020,45,45202030,D,USA,334112,3572,187,940,B,CA,NETAPP INC,NTAP
61591, , ,3/31/10,Sunnyvale,NetApp Inc,4520,452020,45,45202030,D,USA,334112,3572,187,940,B,CA,NETAPP INC,NTAP
61591, , ,4/30/10,Sunnyvale,NetApp Inc,4520,452020,45,45202030,D,USA,334112,3572,187,940,B,CA,NETAPP INC,NTAP
61591, , ,5/31/10,Sunnyvale,NetApp Inc,4520,452020,45,45202030,D,USA,334112,3572,187,940,B,CA,NETAPP INC,NTAP
61591, , ,6/30/10,Sunnyvale,NetApp Inc,4520,452020,45,45202030,D,USA,334112,3572,187,940,B,CA,NETAPP INC,NTAP
61591, , ,7/31/10,Sunnyvale,NetApp Inc,4520,452020,45,45202030,D,USA,334112,3572,187,940,B,CA,NETAPP INC,NTAP
61591, , ,8/31/10,Sunnyvale,NetApp Inc,4520,452020,45,45202030,D,USA,334112,3572,187,940,B,CA,NETAPP INC,NTAP
61591, , ,9/30/10,Sunnyvale,NetApp Inc,4520,452020,45,45202030,D,USA,334112,3572,187,940,B,CA,NETAPP INC,NTAP
61591, , ,10/31/10,Sunnyvale,NetApp Inc,4520,452020,45,45202030,D,USA,334112,3572,187,940,B,CA,NETAPP INC,NTAP
61591, , ,11/30/10,Sunnyvale,NetApp Inc,4520,452020,45,45202030,D,USA,334112,3572,187,940,B,CA,NETAPP INC,NTAP
61591, , ,12/31/10,Sunnyvale,NetApp Inc,4520,452020,45,45202030,D,USA,334112,3572,187,940,B,CA,NETAPP INC,NTAP
61591, , ,1/31/11,Sunnyvale,NetApp Inc,4520,452020,45,45202030,D,USA,334112,3572,187,940,B,CA,NETAPP INC,NTAP
61591, , ,2/28/11,Sunnyvale,NetApp Inc,4520,452020,45,45202030,D,USA,334112,3572,187,940,B,CA,NETAPP INC,NTAP
61591, , ,3/31/11,Sunnyvale,NetApp Inc,4520,452020,45,45202030,D,USA,334112,3572,187,940,B,CA,NETAPP INC,NTAP
61591, , ,4/30/11,Sunnyvale,NetApp Inc,4520,452020,45,45202030,D,USA,334112,3572,187,940,B,CA,NETAPP INC,NTAP
61591, , ,5/31/11,Sunnyvale,NetApp Inc,4520,452020,45,45202030,D,USA,334112,3572,187,940,B,CA,NETAPP INC,NTAP
61591, , ,6/30/11,Sunnyvale,NetApp Inc,4520,452020,45,45202030,D,USA,334112,3572,187,940,B,CA,NETAPP INC,NTAP
61591, , ,7/31/11,Sunnyvale,NetApp Inc,4520,452020,45,45202030,D,USA,334112,3572,187,940,B,CA,NETAPP INC,NTAP
61591, , ,8/31/11,Sunnyvale,NetApp Inc,4520,452020,45,45202030,D,USA,334112,3572,187,940,B,CA,NETAPP INC,NTAP
61591, , ,9/30/11,Sunnyvale,NetApp Inc,4520,452020,45,45202030,D,USA,334112,3572,187,940,B,CA,NETAPP INC,NTAP
61591, , ,10/31/11,Sunnyvale,NetApp Inc,4520,452020,45,45202030,D,USA,334112,3572,187,940,B,CA,NETAPP INC,NTAP
61591, , ,11/30/11,Sunnyvale,NetApp Inc,4520,452020,45,45202030,D,USA,334112,3572,187,940,B,CA,NETAPP INC,NTAP
61591, , ,12/31/11,Sunnyvale,NetApp Inc,4520,452020,45,45202030,D,USA,334112,3572,187,940,B,CA,NETAPP INC,NTAP
61591, , ,1/31/12,Sunnyvale,NetApp Inc,4520,452020,45,45202030,D,USA,334112,3572,187,940,B,CA,NETAPP INC,NTAP
61591, , ,2/29/12,Sunnyvale,NetApp Inc,4520,452020,45,45202030,D,USA,334112,3572,187,940,B,CA,NETAPP INC,NTAP
61591, , ,3/31/12,Sunnyvale,NetApp Inc,4520,452020,45,45202030,D,USA,334112,3572,187,940,B,CA,NETAPP INC,NTAP
61591, , ,4/30/12,Sunnyvale,NetApp Inc,4520,452020,45,45202030,D,USA,334112,3572,187,940,B,CA,NETAPP INC,NTAP
61591, , ,5/31/12,Sunnyvale,NetApp Inc,4520,452020,45,45202030,D,USA,334112,3572,187,940,B,CA,NETAPP INC,NTAP
61591, , ,6/30/12,Sunnyvale,NetApp Inc,4520,452020,45,45202030,D,USA,334112,3572,187,940,B,CA,NETAPP INC,NTAP
61591, , ,7/31/12,Sunnyvale,NetApp Inc,4520,452020,45,45202030,D,USA,334112,3572,187,940,B,CA,NETAPP INC,NTAP
61591, , ,8/31/12,Sunnyvale,NetApp Inc,4520,452020,45,45202030,D,USA,334112,3572,187,940,B,CA,NETAPP INC,NTAP
61591, , ,9/30/12,Sunnyvale,NetApp Inc,4520,452020,45,45202030,D,USA,334112,3572,187,940,B,CA,NETAPP INC,NTAP
61591, , ,10/31/12,Sunnyvale,NetApp Inc,4520,452020,45,45202030,D,USA,334112,3572,187,940,B,CA,NETAPP INC,NTAP
61591, , ,11/30/12,Sunnyvale,NetApp Inc,4520,452020,45,45202030,D,USA,334112,3572,187,940,B,CA,NETAPP INC,NTAP
61591,BBB+, ,12/31/12,Sunnyvale,NetApp Inc,4520,452020,45,45202030,D,USA,334112,3572,187,940,B,CA,NETAPP INC,NTAP
61591,BBB+, ,1/31/13,Sunnyvale,NetApp Inc,4520,452020,45,45202030,D,USA,334112,3572,187,940,B,CA,NETAPP INC,NTAP
61591,BBB+, ,2/28/13,Sunnyvale,NetApp Inc,4520,452020,45,45202030,D,USA,334112,3572,187,940,B,CA,NETAPP INC,NTAP
61591,BBB+, ,3/31/13,Sunnyvale,NetApp Inc,4520,452020,45,45202030,D,USA,334112,3572,187,940,B,CA,NETAPP INC,NTAP
61591,BBB+, ,4/30/13,Sunnyvale,NetApp Inc,4520,452020,45,45202030,D,USA,334112,3572,187,940,B,CA,NETAPP INC,NTAP
61591,BBB+, ,5/31/13,Sunnyvale,NetApp Inc,4520,452020,45,45202030,D,USA,334112,3572,187,940,B,CA,NETAPP INC,NTAP
61591,BBB+, ,6/30/13,Sunnyvale,NetApp Inc,4520,452020,45,45202030,D,USA,334112,3572,187,940,B,CA,NETAPP INC,NTAP
61591,BBB+, ,7/31/13,Sunnyvale,NetApp Inc,4520,452020,45,45202030,D,USA,334112,3572,187,940,B,CA,NETAPP INC,NTAP
61591,BBB+, ,8/31/13,Sunnyvale,NetApp Inc,4520,452020,45,45202030,D,USA,334112,3572,187,940,B,CA,NETAPP INC,NTAP
61591,BBB+, ,9/30/13,Sunnyvale,NetApp Inc,4520,452020,45,45202030,D,USA,334112,3572,187,940,B,CA,NETAPP INC,NTAP
61591,BBB+, ,10/31/13,Sunnyvale,NetApp Inc,4520,452020,45,45202030,D,USA,334112,3572,187,940,B,CA,NETAPP INC,NTAP
61591,BBB+, ,11/30/13,Sunnyvale,NetApp Inc,4520,452020,45,45202030,D,USA,334112,3572,187,940,B,CA,NETAPP INC,NTAP
61591,BBB+, ,12/31/13,Sunnyvale,NetApp Inc,4520,452020,45,45202030,D,USA,334112,3572,187,940,B,CA,NETAPP INC,NTAP
61591,BBB+, ,1/31/14,Sunnyvale,NetApp Inc,4520,452020,45,45202030,D,USA,334112,3572,187,940,B,CA,NETAPP INC,NTAP
61591,BBB+, ,2/28/14,Sunnyvale,NetApp Inc,4520,452020,45,45202030,D,USA,334112,3572,187,940,B,CA,NETAPP INC,NTAP
61591,BBB+, ,3/31/14,Sunnyvale,NetApp Inc,4520,452020,45,45202030,D,USA,334112,3572,187,940,B,CA,NETAPP INC,NTAP
61591,BBB+, ,4/30/14,Sunnyvale,NetApp Inc,4520,452020,45,45202030,D,USA,334112,3572,187,940,B,CA,NETAPP INC,NTAP
61591,BBB+, ,5/31/14,Sunnyvale,NetApp Inc,4520,452020,45,45202030,D,USA,334112,3572,187,940,B,CA,NETAPP INC,NTAP
61591,BBB+, ,6/30/14,Sunnyvale,NetApp Inc,4520,452020,45,45202030,D,USA,334112,3572,187,940,B,CA,NETAPP INC,NTAP
61646, , ,1/31/10,Aurora,Westell Technologies Inc,4520,452010,45,45201020,D,USA,334210,3661,180,940, ,IL,WESTELL TECH INC  -CL A,WSTL
61646, , ,2/28/10,Aurora,Westell Technologies Inc,4520,452010,45,45201020,D,USA,334210,3661,180,940, ,IL,WESTELL TECH INC  -CL A,WSTL
61646, , ,3/31/10,Aurora,Westell Technologies Inc,4520,452010,45,45201020,D,USA,334210,3661,180,940, ,IL,WESTELL TECH INC  -CL A,WSTL
61646, , ,4/30/10,Aurora,Westell Technologies Inc,4520,452010,45,45201020,D,USA,334210,3661,180,940, ,IL,WESTELL TECH INC  -CL A,WSTL
61646, , ,5/31/10,Aurora,Westell Technologies Inc,4520,452010,45,45201020,D,USA,334210,3661,180,940, ,IL,WESTELL TECH INC  -CL A,WSTL
61646, , ,6/30/10,Aurora,Westell Technologies Inc,4520,452010,45,45201020,D,USA,334210,3661,180,940, ,IL,WESTELL TECH INC  -CL A,WSTL
61646, , ,7/31/10,Aurora,Westell Technologies Inc,4520,452010,45,45201020,D,USA,334210,3661,180,940, ,IL,WESTELL TECH INC  -CL A,WSTL
61646, , ,8/31/10,Aurora,Westell Technologies Inc,4520,452010,45,45201020,D,USA,334210,3661,180,940, ,IL,WESTELL TECH INC  -CL A,WSTL
61646, , ,9/30/10,Aurora,Westell Technologies Inc,4520,452010,45,45201020,D,USA,334210,3661,180,940, ,IL,WESTELL TECH INC  -CL A,WSTL
61646, , ,10/31/10,Aurora,Westell Technologies Inc,4520,452010,45,45201020,D,USA,334210,3661,180,940, ,IL,WESTELL TECH INC  -CL A,WSTL
61646, , ,11/30/10,Aurora,Westell Technologies Inc,4520,452010,45,45201020,D,USA,334210,3661,180,940, ,IL,WESTELL TECH INC  -CL A,WSTL
61646, , ,12/31/10,Aurora,Westell Technologies Inc,4520,452010,45,45201020,D,USA,334210,3661,180,940, ,IL,WESTELL TECH INC  -CL A,WSTL
61646, , ,1/31/11,Aurora,Westell Technologies Inc,4520,452010,45,45201020,D,USA,334210,3661,180,940, ,IL,WESTELL TECH INC  -CL A,WSTL
61646, , ,2/28/11,Aurora,Westell Technologies Inc,4520,452010,45,45201020,D,USA,334210,3661,180,940, ,IL,WESTELL TECH INC  -CL A,WSTL
61646, , ,3/31/11,Aurora,Westell Technologies Inc,4520,452010,45,45201020,D,USA,334210,3661,180,940, ,IL,WESTELL TECH INC  -CL A,WSTL
61646, , ,4/30/11,Aurora,Westell Technologies Inc,4520,452010,45,45201020,D,USA,334210,3661,180,940, ,IL,WESTELL TECH INC  -CL A,WSTL
61646, , ,5/31/11,Aurora,Westell Technologies Inc,4520,452010,45,45201020,D,USA,334210,3661,180,940, ,IL,WESTELL TECH INC  -CL A,WSTL
61646, , ,6/30/11,Aurora,Westell Technologies Inc,4520,452010,45,45201020,D,USA,334210,3661,180,940, ,IL,WESTELL TECH INC  -CL A,WSTL
61646, , ,7/31/11,Aurora,Westell Technologies Inc,4520,452010,45,45201020,D,USA,334210,3661,180,940, ,IL,WESTELL TECH INC  -CL A,WSTL
61646, , ,8/31/11,Aurora,Westell Technologies Inc,4520,452010,45,45201020,D,USA,334210,3661,180,940, ,IL,WESTELL TECH INC  -CL A,WSTL
61646, , ,9/30/11,Aurora,Westell Technologies Inc,4520,452010,45,45201020,D,USA,334210,3661,180,940, ,IL,WESTELL TECH INC  -CL A,WSTL
61646, , ,10/31/11,Aurora,Westell Technologies Inc,4520,452010,45,45201020,D,USA,334210,3661,180,940, ,IL,WESTELL TECH INC  -CL A,WSTL
61646, , ,11/30/11,Aurora,Westell Technologies Inc,4520,452010,45,45201020,D,USA,334210,3661,180,940, ,IL,WESTELL TECH INC  -CL A,WSTL
61646, , ,12/31/11,Aurora,Westell Technologies Inc,4520,452010,45,45201020,D,USA,334210,3661,180,940, ,IL,WESTELL TECH INC  -CL A,WSTL
61646, , ,1/31/12,Aurora,Westell Technologies Inc,4520,452010,45,45201020,D,USA,334210,3661,180,940, ,IL,WESTELL TECH INC  -CL A,WSTL
61646, , ,2/29/12,Aurora,Westell Technologies Inc,4520,452010,45,45201020,D,USA,334210,3661,180,940, ,IL,WESTELL TECH INC  -CL A,WSTL
61646, , ,3/31/12,Aurora,Westell Technologies Inc,4520,452010,45,45201020,D,USA,334210,3661,180,940, ,IL,WESTELL TECH INC  -CL A,WSTL
61646, , ,4/30/12,Aurora,Westell Technologies Inc,4520,452010,45,45201020,D,USA,334210,3661,180,940, ,IL,WESTELL TECH INC  -CL A,WSTL
61646, , ,5/31/12,Aurora,Westell Technologies Inc,4520,452010,45,45201020,D,USA,334210,3661,180,940, ,IL,WESTELL TECH INC  -CL A,WSTL
61646, , ,6/30/12,Aurora,Westell Technologies Inc,4520,452010,45,45201020,D,USA,334210,3661,180,940, ,IL,WESTELL TECH INC  -CL A,WSTL
61646, , ,7/31/12,Aurora,Westell Technologies Inc,4520,452010,45,45201020,D,USA,334210,3661,180,940, ,IL,WESTELL TECH INC  -CL A,WSTL
61646, , ,8/31/12,Aurora,Westell Technologies Inc,4520,452010,45,45201020,D,USA,334210,3661,180,940, ,IL,WESTELL TECH INC  -CL A,WSTL
61646, , ,9/30/12,Aurora,Westell Technologies Inc,4520,452010,45,45201020,D,USA,334210,3661,180,940, ,IL,WESTELL TECH INC  -CL A,WSTL
61646, , ,10/31/12,Aurora,Westell Technologies Inc,4520,452010,45,45201020,D,USA,334210,3661,180,940, ,IL,WESTELL TECH INC  -CL A,WSTL
61646, , ,11/30/12,Aurora,Westell Technologies Inc,4520,452010,45,45201020,D,USA,334210,3661,180,940, ,IL,WESTELL TECH INC  -CL A,WSTL
61646, , ,12/31/12,Aurora,Westell Technologies Inc,4520,452010,45,45201020,D,USA,334210,3661,180,940, ,IL,WESTELL TECH INC  -CL A,WSTL
61646, , ,1/31/13,Aurora,Westell Technologies Inc,4520,452010,45,45201020,D,USA,334210,3661,180,940, ,IL,WESTELL TECH INC  -CL A,WSTL
61646, , ,2/28/13,Aurora,Westell Technologies Inc,4520,452010,45,45201020,D,USA,334210,3661,180,940, ,IL,WESTELL TECH INC  -CL A,WSTL
61646, , ,3/31/13,Aurora,Westell Technologies Inc,4520,452010,45,45201020,D,USA,334210,3661,180,940, ,IL,WESTELL TECH INC  -CL A,WSTL
61646, , ,4/30/13,Aurora,Westell Technologies Inc,4520,452010,45,45201020,D,USA,334210,3661,180,940, ,IL,WESTELL TECH INC  -CL A,WSTL
61646, , ,5/31/13,Aurora,Westell Technologies Inc,4520,452010,45,45201020,D,USA,334210,3661,180,940, ,IL,WESTELL TECH INC  -CL A,WSTL
61646, , ,6/30/13,Aurora,Westell Technologies Inc,4520,452010,45,45201020,D,USA,334210,3661,180,940, ,IL,WESTELL TECH INC  -CL A,WSTL
61646, , ,7/31/13,Aurora,Westell Technologies Inc,4520,452010,45,45201020,D,USA,334210,3661,180,940, ,IL,WESTELL TECH INC  -CL A,WSTL
61646, , ,8/31/13,Aurora,Westell Technologies Inc,4520,452010,45,45201020,D,USA,334210,3661,180,940, ,IL,WESTELL TECH INC  -CL A,WSTL
61646, , ,9/30/13,Aurora,Westell Technologies Inc,4520,452010,45,45201020,D,USA,334210,3661,180,940, ,IL,WESTELL TECH INC  -CL A,WSTL
61646, , ,10/31/13,Aurora,Westell Technologies Inc,4520,452010,45,45201020,D,USA,334210,3661,180,940, ,IL,WESTELL TECH INC  -CL A,WSTL
61712, , ,1/31/10,Old Bridge,Blonder Tongue Laboratories Inc.,4520,452010,45,45201020,D,USA,334220,3663,180,940,C,NJ,BLONDER TONGUE LABS INC,BDR
61712, , ,2/28/10,Old Bridge,Blonder Tongue Laboratories Inc.,4520,452010,45,45201020,D,USA,334220,3663,180,940,C,NJ,BLONDER TONGUE LABS INC,BDR
61712, , ,3/31/10,Old Bridge,Blonder Tongue Laboratories Inc.,4520,452010,45,45201020,D,USA,334220,3663,180,940,C,NJ,BLONDER TONGUE LABS INC,BDR
61712, , ,4/30/10,Old Bridge,Blonder Tongue Laboratories Inc.,4520,452010,45,45201020,D,USA,334220,3663,180,940,C,NJ,BLONDER TONGUE LABS INC,BDR
61712, , ,5/31/10,Old Bridge,Blonder Tongue Laboratories Inc.,4520,452010,45,45201020,D,USA,334220,3663,180,940,C,NJ,BLONDER TONGUE LABS INC,BDR
61712, , ,6/30/10,Old Bridge,Blonder Tongue Laboratories Inc.,4520,452010,45,45201020,D,USA,334220,3663,180,940,C,NJ,BLONDER TONGUE LABS INC,BDR
61712, , ,7/31/10,Old Bridge,Blonder Tongue Laboratories Inc.,4520,452010,45,45201020,D,USA,334220,3663,180,940,C,NJ,BLONDER TONGUE LABS INC,BDR
61712, , ,8/31/10,Old Bridge,Blonder Tongue Laboratories Inc.,4520,452010,45,45201020,D,USA,334220,3663,180,940,C,NJ,BLONDER TONGUE LABS INC,BDR
61712, , ,9/30/10,Old Bridge,Blonder Tongue Laboratories Inc.,4520,452010,45,45201020,D,USA,334220,3663,180,940,C,NJ,BLONDER TONGUE LABS INC,BDR
61712, , ,10/31/10,Old Bridge,Blonder Tongue Laboratories Inc.,4520,452010,45,45201020,D,USA,334220,3663,180,940,C,NJ,BLONDER TONGUE LABS INC,BDR
61712, , ,11/30/10,Old Bridge,Blonder Tongue Laboratories Inc.,4520,452010,45,45201020,D,USA,334220,3663,180,940,C,NJ,BLONDER TONGUE LABS INC,BDR
61712, , ,12/31/10,Old Bridge,Blonder Tongue Laboratories Inc.,4520,452010,45,45201020,D,USA,334220,3663,180,940,C,NJ,BLONDER TONGUE LABS INC,BDR
61712, , ,1/31/11,Old Bridge,Blonder Tongue Laboratories Inc.,4520,452010,45,45201020,D,USA,334220,3663,180,940,C,NJ,BLONDER TONGUE LABS INC,BDR
61712, , ,2/28/11,Old Bridge,Blonder Tongue Laboratories Inc.,4520,452010,45,45201020,D,USA,334220,3663,180,940,C,NJ,BLONDER TONGUE LABS INC,BDR
61712, , ,3/31/11,Old Bridge,Blonder Tongue Laboratories Inc.,4520,452010,45,45201020,D,USA,334220,3663,180,940,C,NJ,BLONDER TONGUE LABS INC,BDR
61712, , ,4/30/11,Old Bridge,Blonder Tongue Laboratories Inc.,4520,452010,45,45201020,D,USA,334220,3663,180,940,C,NJ,BLONDER TONGUE LABS INC,BDR
61712, , ,5/31/11,Old Bridge,Blonder Tongue Laboratories Inc.,4520,452010,45,45201020,D,USA,334220,3663,180,940,C,NJ,BLONDER TONGUE LABS INC,BDR
61712, , ,6/30/11,Old Bridge,Blonder Tongue Laboratories Inc.,4520,452010,45,45201020,D,USA,334220,3663,180,940,C,NJ,BLONDER TONGUE LABS INC,BDR
61712, , ,7/31/11,Old Bridge,Blonder Tongue Laboratories Inc.,4520,452010,45,45201020,D,USA,334220,3663,180,940,C,NJ,BLONDER TONGUE LABS INC,BDR
61712, , ,8/31/11,Old Bridge,Blonder Tongue Laboratories Inc.,4520,452010,45,45201020,D,USA,334220,3663,180,940,C,NJ,BLONDER TONGUE LABS INC,BDR
61712, , ,9/30/11,Old Bridge,Blonder Tongue Laboratories Inc.,4520,452010,45,45201020,D,USA,334220,3663,180,940,C,NJ,BLONDER TONGUE LABS INC,BDR
61712, , ,10/31/11,Old Bridge,Blonder Tongue Laboratories Inc.,4520,452010,45,45201020,D,USA,334220,3663,180,940,C,NJ,BLONDER TONGUE LABS INC,BDR
61712, , ,11/30/11,Old Bridge,Blonder Tongue Laboratories Inc.,4520,452010,45,45201020,D,USA,334220,3663,180,940,C,NJ,BLONDER TONGUE LABS INC,BDR
61712, , ,12/31/11,Old Bridge,Blonder Tongue Laboratories Inc.,4520,452010,45,45201020,D,USA,334220,3663,180,940,C,NJ,BLONDER TONGUE LABS INC,BDR
61712, , ,1/31/12,Old Bridge,Blonder Tongue Laboratories Inc.,4520,452010,45,45201020,D,USA,334220,3663,180,940,C,NJ,BLONDER TONGUE LABS INC,BDR
61712, , ,2/29/12,Old Bridge,Blonder Tongue Laboratories Inc.,4520,452010,45,45201020,D,USA,334220,3663,180,940,C,NJ,BLONDER TONGUE LABS INC,BDR
61712, , ,3/31/12,Old Bridge,Blonder Tongue Laboratories Inc.,4520,452010,45,45201020,D,USA,334220,3663,180,940,C,NJ,BLONDER TONGUE LABS INC,BDR
61712, , ,4/30/12,Old Bridge,Blonder Tongue Laboratories Inc.,4520,452010,45,45201020,D,USA,334220,3663,180,940,C,NJ,BLONDER TONGUE LABS INC,BDR
61712, , ,5/31/12,Old Bridge,Blonder Tongue Laboratories Inc.,4520,452010,45,45201020,D,USA,334220,3663,180,940,C,NJ,BLONDER TONGUE LABS INC,BDR
61712, , ,6/30/12,Old Bridge,Blonder Tongue Laboratories Inc.,4520,452010,45,45201020,D,USA,334220,3663,180,940,C,NJ,BLONDER TONGUE LABS INC,BDR
61712, , ,7/31/12,Old Bridge,Blonder Tongue Laboratories Inc.,4520,452010,45,45201020,D,USA,334220,3663,180,940,C,NJ,BLONDER TONGUE LABS INC,BDR
61712, , ,8/31/12,Old Bridge,Blonder Tongue Laboratories Inc.,4520,452010,45,45201020,D,USA,334220,3663,180,940,C,NJ,BLONDER TONGUE LABS INC,BDR
61712, , ,9/30/12,Old Bridge,Blonder Tongue Laboratories Inc.,4520,452010,45,45201020,D,USA,334220,3663,180,940,C,NJ,BLONDER TONGUE LABS INC,BDR
61712, , ,10/31/12,Old Bridge,Blonder Tongue Laboratories Inc.,4520,452010,45,45201020,D,USA,334220,3663,180,940,C,NJ,BLONDER TONGUE LABS INC,BDR
61712, , ,11/30/12,Old Bridge,Blonder Tongue Laboratories Inc.,4520,452010,45,45201020,D,USA,334220,3663,180,940,C,NJ,BLONDER TONGUE LABS INC,BDR
61712, , ,12/31/12,Old Bridge,Blonder Tongue Laboratories Inc.,4520,452010,45,45201020,D,USA,334220,3663,180,940,C,NJ,BLONDER TONGUE LABS INC,BDR
61712, , ,1/31/13,Old Bridge,Blonder Tongue Laboratories Inc.,4520,452010,45,45201020,D,USA,334220,3663,180,940,C,NJ,BLONDER TONGUE LABS INC,BDR
61712, , ,2/28/13,Old Bridge,Blonder Tongue Laboratories Inc.,4520,452010,45,45201020,D,USA,334220,3663,180,940,C,NJ,BLONDER TONGUE LABS INC,BDR
61712, , ,3/31/13,Old Bridge,Blonder Tongue Laboratories Inc.,4520,452010,45,45201020,D,USA,334220,3663,180,940,C,NJ,BLONDER TONGUE LABS INC,BDR
61712, , ,4/30/13,Old Bridge,Blonder Tongue Laboratories Inc.,4520,452010,45,45201020,D,USA,334220,3663,180,940,C,NJ,BLONDER TONGUE LABS INC,BDR
61712, , ,5/31/13,Old Bridge,Blonder Tongue Laboratories Inc.,4520,452010,45,45201020,D,USA,334220,3663,180,940,C,NJ,BLONDER TONGUE LABS INC,BDR
61712, , ,6/30/13,Old Bridge,Blonder Tongue Laboratories Inc.,4520,452010,45,45201020,D,USA,334220,3663,180,940,C,NJ,BLONDER TONGUE LABS INC,BDR
61712, , ,7/31/13,Old Bridge,Blonder Tongue Laboratories Inc.,4520,452010,45,45201020,D,USA,334220,3663,180,940,C,NJ,BLONDER TONGUE LABS INC,BDR
61712, , ,8/31/13,Old Bridge,Blonder Tongue Laboratories Inc.,4520,452010,45,45201020,D,USA,334220,3663,180,940,C,NJ,BLONDER TONGUE LABS INC,BDR
61712, , ,9/30/13,Old Bridge,Blonder Tongue Laboratories Inc.,4520,452010,45,45201020,D,USA,334220,3663,180,940,C,NJ,BLONDER TONGUE LABS INC,BDR
61712, , ,10/31/13,Old Bridge,Blonder Tongue Laboratories Inc.,4520,452010,45,45201020,D,USA,334220,3663,180,940,C,NJ,BLONDER TONGUE LABS INC,BDR
61722, , ,1/31/10,London,B-Teller Inc,4520,452020,45,45202020,D,GBR,334119,3577,188,940, , ,HOT PRODUCTS INC.COM,CAGI
61722, , ,2/28/10,London,B-Teller Inc,4520,452020,45,45202020,D,GBR,334119,3577,188,940, , ,HOT PRODUCTS INC.COM,CAGI
61722, , ,3/31/10,London,B-Teller Inc,4520,452020,45,45202020,D,GBR,334119,3577,188,940, , ,HOT PRODUCTS INC.COM,CAGI
61722, , ,4/30/10,London,B-Teller Inc,4520,452020,45,45202020,D,GBR,334119,3577,188,940, , ,HOT PRODUCTS INC.COM,CAGI
61722, , ,5/31/10,London,B-Teller Inc,4520,452020,45,45202020,D,GBR,334119,3577,188,940, , ,HOT PRODUCTS INC.COM,CAGI
61722, , ,6/30/10,London,B-Teller Inc,4520,452020,45,45202020,D,GBR,334119,3577,188,940, , ,HOT PRODUCTS INC.COM,CAGI
61722, , ,7/31/10,London,B-Teller Inc,4520,452020,45,45202020,D,GBR,334119,3577,188,940, , ,HOT PRODUCTS INC.COM,CAGI
61722, , ,8/31/10,London,B-Teller Inc,4520,452020,45,45202020,D,GBR,334119,3577,188,940, , ,HOT PRODUCTS INC.COM,CAGI
61722, , ,9/30/10,London,B-Teller Inc,4520,452020,45,45202020,D,GBR,334119,3577,188,940, , ,HOT PRODUCTS INC.COM,CAGI
61722, , ,10/31/10,London,B-Teller Inc,4520,452020,45,45202020,D,GBR,334119,3577,188,940, , ,HOT PRODUCTS INC.COM,CAGI
61722, , ,11/30/10,London,B-Teller Inc,4520,452020,45,45202020,D,GBR,334119,3577,188,940, , ,HOT PRODUCTS INC.COM,CAGI
61722, , ,12/31/10,London,B-Teller Inc,4520,452020,45,45202020,D,GBR,334119,3577,188,940, , ,HOT PRODUCTS INC.COM,CAGI
61722, , ,1/31/11,London,B-Teller Inc,4520,452020,45,45202020,D,GBR,334119,3577,188,940, , ,HOT PRODUCTS INC.COM,CAGI
61722, , ,2/28/11,London,B-Teller Inc,4520,452020,45,45202020,D,GBR,334119,3577,188,940, , ,HOT PRODUCTS INC.COM,CAGI
61725, , ,1/31/10,Cranberry Township,Tollgrade Communications Inc,4520,452010,45,45201020,D,USA,334515,3825,230,940,B,PA,TOLLGRADE COMMUNICATIONS INC,TLGD
61725, , ,2/28/10,Cranberry Township,Tollgrade Communications Inc,4520,452010,45,45201020,D,USA,334515,3825,230,940,B,PA,TOLLGRADE COMMUNICATIONS INC,TLGD
61725, , ,3/31/10,Cranberry Township,Tollgrade Communications Inc,4520,452010,45,45201020,D,USA,334515,3825,230,940,B,PA,TOLLGRADE COMMUNICATIONS INC,TLGD
61725, , ,4/30/10,Cranberry Township,Tollgrade Communications Inc,4520,452010,45,45201020,D,USA,334515,3825,230,940,B,PA,TOLLGRADE COMMUNICATIONS INC,TLGD
61725, , ,5/31/10,Cranberry Township,Tollgrade Communications Inc,4520,452010,45,45201020,D,USA,334515,3825,230,940,B,PA,TOLLGRADE COMMUNICATIONS INC,TLGD
61725, , ,6/30/10,Cranberry Township,Tollgrade Communications Inc,4520,452010,45,45201020,D,USA,334515,3825,230,940,B,PA,TOLLGRADE COMMUNICATIONS INC,TLGD
61725, , ,7/31/10,Cranberry Township,Tollgrade Communications Inc,4520,452010,45,45201020,D,USA,334515,3825,230,940,B,PA,TOLLGRADE COMMUNICATIONS INC,TLGD
61725, , ,8/31/10,Cranberry Township,Tollgrade Communications Inc,4520,452010,45,45201020,D,USA,334515,3825,230,940,B,PA,TOLLGRADE COMMUNICATIONS INC,TLGD
61725, , ,9/30/10,Cranberry Township,Tollgrade Communications Inc,4520,452010,45,45201020,D,USA,334515,3825,230,940,B,PA,TOLLGRADE COMMUNICATIONS INC,TLGD
61725, , ,10/31/10,Cranberry Township,Tollgrade Communications Inc,4520,452010,45,45201020,D,USA,334515,3825,230,940,B,PA,TOLLGRADE COMMUNICATIONS INC,TLGD
61725, , ,11/30/10,Cranberry Township,Tollgrade Communications Inc,4520,452010,45,45201020,D,USA,334515,3825,230,940,B,PA,TOLLGRADE COMMUNICATIONS INC,TLGD
61725, , ,12/31/10,Cranberry Township,Tollgrade Communications Inc,4520,452010,45,45201020,D,USA,334515,3825,230,940,B,PA,TOLLGRADE COMMUNICATIONS INC,TLGD
61725, , ,1/31/11,Cranberry Township,Tollgrade Communications Inc,4520,452010,45,45201020,D,USA,334515,3825,230,940,B,PA,TOLLGRADE COMMUNICATIONS INC,TLGD
61725, , ,2/28/11,Cranberry Township,Tollgrade Communications Inc,4520,452010,45,45201020,D,USA,334515,3825,230,940,B,PA,TOLLGRADE COMMUNICATIONS INC,TLGD
61725, , ,3/31/11,Cranberry Township,Tollgrade Communications Inc,4520,452010,45,45201020,D,USA,334515,3825,230,940,B,PA,TOLLGRADE COMMUNICATIONS INC,TLGD
61725, , ,4/30/11,Cranberry Township,Tollgrade Communications Inc,4520,452010,45,45201020,D,USA,334515,3825,230,940,B,PA,TOLLGRADE COMMUNICATIONS INC,TLGD
61725, , ,5/31/11,Cranberry Township,Tollgrade Communications Inc,4520,452010,45,45201020,D,USA,334515,3825,230,940,B,PA,TOLLGRADE COMMUNICATIONS INC,TLGD
61826, , ,1/31/10,Markham,Azcar Technologies Inc,4520,452010,45,45201020,D,CAN,541512,7373,463,974,C,ON,AZCAR TECHNOLOGIES INC,AZCT
61826, , ,2/28/10,Markham,Azcar Technologies Inc,4520,452010,45,45201020,D,CAN,541512,7373,463,974,C,ON,AZCAR TECHNOLOGIES INC,AZCT
61826, , ,3/31/10,Markham,Azcar Technologies Inc,4520,452010,45,45201020,D,CAN,541512,7373,463,974,C,ON,AZCAR TECHNOLOGIES INC,AZCT
61826, , ,4/30/10,Markham,Azcar Technologies Inc,4520,452010,45,45201020,D,CAN,541512,7373,463,974,C,ON,AZCAR TECHNOLOGIES INC,AZCT
61826, , ,5/31/10,Markham,Azcar Technologies Inc,4520,452010,45,45201020,D,CAN,541512,7373,463,974,C,ON,AZCAR TECHNOLOGIES INC,AZCT
61826, , ,6/30/10,Markham,Azcar Technologies Inc,4520,452010,45,45201020,D,CAN,541512,7373,463,974,C,ON,AZCAR TECHNOLOGIES INC,AZCT
61826, , ,7/31/10,Markham,Azcar Technologies Inc,4520,452010,45,45201020,D,CAN,541512,7373,463,974,C,ON,AZCAR TECHNOLOGIES INC,AZCT
61826, , ,8/31/10,Markham,Azcar Technologies Inc,4520,452010,45,45201020,D,CAN,541512,7373,463,974,C,ON,AZCAR TECHNOLOGIES INC,AZCT
61826, , ,9/30/10,Markham,Azcar Technologies Inc,4520,452010,45,45201020,D,CAN,541512,7373,463,974,C,ON,AZCAR TECHNOLOGIES INC,AZCT
61826, , ,10/31/10,Markham,Azcar Technologies Inc,4520,452010,45,45201020,D,CAN,541512,7373,463,974,C,ON,AZCAR TECHNOLOGIES INC,AZCT
61826, , ,11/30/10,Markham,Azcar Technologies Inc,4520,452010,45,45201020,D,CAN,541512,7373,463,974,C,ON,AZCAR TECHNOLOGIES INC,AZCT
61826, , ,12/31/10,Markham,Azcar Technologies Inc,4520,452010,45,45201020,D,CAN,541512,7373,463,974,C,ON,AZCAR TECHNOLOGIES INC,AZCT
61826, , ,1/31/11,Markham,Azcar Technologies Inc,4520,452010,45,45201020,D,CAN,541512,7373,463,974,C,ON,AZCAR TECHNOLOGIES INC,AZCT
61826, , ,2/28/11,Markham,Azcar Technologies Inc,4520,452010,45,45201020,D,CAN,541512,7373,463,974,C,ON,AZCAR TECHNOLOGIES INC,AZCT
61826, , ,3/31/11,Markham,Azcar Technologies Inc,4520,452010,45,45201020,D,CAN,541512,7373,463,974,C,ON,AZCAR TECHNOLOGIES INC,AZCT
61826, , ,4/30/11,Markham,Azcar Technologies Inc,4520,452010,45,45201020,D,CAN,541512,7373,463,974,C,ON,AZCAR TECHNOLOGIES INC,AZCT
61826, , ,5/31/11,Markham,Azcar Technologies Inc,4520,452010,45,45201020,D,CAN,541512,7373,463,974,C,ON,AZCAR TECHNOLOGIES INC,AZCT
61826, , ,1/31/12,Markham,Azcar Technologies Inc,4520,452010,45,45201020,D,CAN,541512,7373,463,974,C,ON,AZCAR TECHNOLOGIES INC,AZCT
61903, , ,1/31/10,Rochester,Performance Technologies Inc,4520,452010,45,45201020,D,USA,334118,3576,190,940,C,NY,PERFORMANCE TECHNOLOGIES INC,PTIX
61903, , ,2/28/10,Rochester,Performance Technologies Inc,4520,452010,45,45201020,D,USA,334118,3576,190,940,C,NY,PERFORMANCE TECHNOLOGIES INC,PTIX
61903, , ,3/31/10,Rochester,Performance Technologies Inc,4520,452010,45,45201020,D,USA,334118,3576,190,940,C,NY,PERFORMANCE TECHNOLOGIES INC,PTIX
61903, , ,4/30/10,Rochester,Performance Technologies Inc,4520,452010,45,45201020,D,USA,334118,3576,190,940,C,NY,PERFORMANCE TECHNOLOGIES INC,PTIX
61903, , ,5/31/10,Rochester,Performance Technologies Inc,4520,452010,45,45201020,D,USA,334118,3576,190,940,C,NY,PERFORMANCE TECHNOLOGIES INC,PTIX
61903, , ,6/30/10,Rochester,Performance Technologies Inc,4520,452010,45,45201020,D,USA,334118,3576,190,940,C,NY,PERFORMANCE TECHNOLOGIES INC,PTIX
61903, , ,7/31/10,Rochester,Performance Technologies Inc,4520,452010,45,45201020,D,USA,334118,3576,190,940,C,NY,PERFORMANCE TECHNOLOGIES INC,PTIX
61903, , ,8/31/10,Rochester,Performance Technologies Inc,4520,452010,45,45201020,D,USA,334118,3576,190,940,C,NY,PERFORMANCE TECHNOLOGIES INC,PTIX
61903, , ,9/30/10,Rochester,Performance Technologies Inc,4520,452010,45,45201020,D,USA,334118,3576,190,940,C,NY,PERFORMANCE TECHNOLOGIES INC,PTIX
61903, , ,10/31/10,Rochester,Performance Technologies Inc,4520,452010,45,45201020,D,USA,334118,3576,190,940,C,NY,PERFORMANCE TECHNOLOGIES INC,PTIX
61903, , ,11/30/10,Rochester,Performance Technologies Inc,4520,452010,45,45201020,D,USA,334118,3576,190,940,C,NY,PERFORMANCE TECHNOLOGIES INC,PTIX
61903, , ,12/31/10,Rochester,Performance Technologies Inc,4520,452010,45,45201020,D,USA,334118,3576,190,940,C,NY,PERFORMANCE TECHNOLOGIES INC,PTIX
61903, , ,1/31/11,Rochester,Performance Technologies Inc,4520,452010,45,45201020,D,USA,334118,3576,190,940,C,NY,PERFORMANCE TECHNOLOGIES INC,PTIX
61903, , ,2/28/11,Rochester,Performance Technologies Inc,4520,452010,45,45201020,D,USA,334118,3576,190,940,C,NY,PERFORMANCE TECHNOLOGIES INC,PTIX
61903, , ,3/31/11,Rochester,Performance Technologies Inc,4520,452010,45,45201020,D,USA,334118,3576,190,940,C,NY,PERFORMANCE TECHNOLOGIES INC,PTIX
61903, , ,4/30/11,Rochester,Performance Technologies Inc,4520,452010,45,45201020,D,USA,334118,3576,190,940,C,NY,PERFORMANCE TECHNOLOGIES INC,PTIX
61903, , ,5/31/11,Rochester,Performance Technologies Inc,4520,452010,45,45201020,D,USA,334118,3576,190,940,C,NY,PERFORMANCE TECHNOLOGIES INC,PTIX
61903, , ,6/30/11,Rochester,Performance Technologies Inc,4520,452010,45,45201020,D,USA,334118,3576,190,940,C,NY,PERFORMANCE TECHNOLOGIES INC,PTIX
61903, , ,7/31/11,Rochester,Performance Technologies Inc,4520,452010,45,45201020,D,USA,334118,3576,190,940,C,NY,PERFORMANCE TECHNOLOGIES INC,PTIX
61903, , ,8/31/11,Rochester,Performance Technologies Inc,4520,452010,45,45201020,D,USA,334118,3576,190,940,C,NY,PERFORMANCE TECHNOLOGIES INC,PTIX
61903, , ,9/30/11,Rochester,Performance Technologies Inc,4520,452010,45,45201020,D,USA,334118,3576,190,940,C,NY,PERFORMANCE TECHNOLOGIES INC,PTIX
61903, , ,10/31/11,Rochester,Performance Technologies Inc,4520,452010,45,45201020,D,USA,334118,3576,190,940,C,NY,PERFORMANCE TECHNOLOGIES INC,PTIX
61903, , ,11/30/11,Rochester,Performance Technologies Inc,4520,452010,45,45201020,D,USA,334118,3576,190,940,C,NY,PERFORMANCE TECHNOLOGIES INC,PTIX
61903, , ,12/31/11,Rochester,Performance Technologies Inc,4520,452010,45,45201020,D,USA,334118,3576,190,940,C,NY,PERFORMANCE TECHNOLOGIES INC,PTIX
61903, , ,1/31/12,Rochester,Performance Technologies Inc,4520,452010,45,45201020,D,USA,334118,3576,190,940,C,NY,PERFORMANCE TECHNOLOGIES INC,PTIX
61903, , ,2/29/12,Rochester,Performance Technologies Inc,4520,452010,45,45201020,D,USA,334118,3576,190,940,C,NY,PERFORMANCE TECHNOLOGIES INC,PTIX
61903, , ,3/31/12,Rochester,Performance Technologies Inc,4520,452010,45,45201020,D,USA,334118,3576,190,940,C,NY,PERFORMANCE TECHNOLOGIES INC,PTIX
61903, , ,4/30/12,Rochester,Performance Technologies Inc,4520,452010,45,45201020,D,USA,334118,3576,190,940,C,NY,PERFORMANCE TECHNOLOGIES INC,PTIX
61903, , ,5/31/12,Rochester,Performance Technologies Inc,4520,452010,45,45201020,D,USA,334118,3576,190,940,C,NY,PERFORMANCE TECHNOLOGIES INC,PTIX
61903, , ,6/30/12,Rochester,Performance Technologies Inc,4520,452010,45,45201020,D,USA,334118,3576,190,940,C,NY,PERFORMANCE TECHNOLOGIES INC,PTIX
61903, , ,7/31/12,Rochester,Performance Technologies Inc,4520,452010,45,45201020,D,USA,334118,3576,190,940,C,NY,PERFORMANCE TECHNOLOGIES INC,PTIX
61903, , ,8/31/12,Rochester,Performance Technologies Inc,4520,452010,45,45201020,D,USA,334118,3576,190,940,C,NY,PERFORMANCE TECHNOLOGIES INC,PTIX
61903, , ,9/30/12,Rochester,Performance Technologies Inc,4520,452010,45,45201020,D,USA,334118,3576,190,940,C,NY,PERFORMANCE TECHNOLOGIES INC,PTIX
61903, , ,10/31/12,Rochester,Performance Technologies Inc,4520,452010,45,45201020,D,USA,334118,3576,190,940,C,NY,PERFORMANCE TECHNOLOGIES INC,PTIX
61903, , ,11/30/12,Rochester,Performance Technologies Inc,4520,452010,45,45201020,D,USA,334118,3576,190,940,C,NY,PERFORMANCE TECHNOLOGIES INC,PTIX
61903, , ,12/31/12,Rochester,Performance Technologies Inc,4520,452010,45,45201020,D,USA,334118,3576,190,940,C,NY,PERFORMANCE TECHNOLOGIES INC,PTIX
61903, , ,1/31/13,Rochester,Performance Technologies Inc,4520,452010,45,45201020,D,USA,334118,3576,190,940,C,NY,PERFORMANCE TECHNOLOGIES INC,PTIX
61903, , ,2/28/13,Rochester,Performance Technologies Inc,4520,452010,45,45201020,D,USA,334118,3576,190,940,C,NY,PERFORMANCE TECHNOLOGIES INC,PTIX
61903, , ,3/31/13,Rochester,Performance Technologies Inc,4520,452010,45,45201020,D,USA,334118,3576,190,940,C,NY,PERFORMANCE TECHNOLOGIES INC,PTIX
61903, , ,4/30/13,Rochester,Performance Technologies Inc,4520,452010,45,45201020,D,USA,334118,3576,190,940,C,NY,PERFORMANCE TECHNOLOGIES INC,PTIX
61903, , ,5/31/13,Rochester,Performance Technologies Inc,4520,452010,45,45201020,D,USA,334118,3576,190,940,C,NY,PERFORMANCE TECHNOLOGIES INC,PTIX
61903, , ,6/30/13,Rochester,Performance Technologies Inc,4520,452010,45,45201020,D,USA,334118,3576,190,940,C,NY,PERFORMANCE TECHNOLOGIES INC,PTIX
61903, , ,7/31/13,Rochester,Performance Technologies Inc,4520,452010,45,45201020,D,USA,334118,3576,190,940,C,NY,PERFORMANCE TECHNOLOGIES INC,PTIX
61903, , ,8/31/13,Rochester,Performance Technologies Inc,4520,452010,45,45201020,D,USA,334118,3576,190,940,C,NY,PERFORMANCE TECHNOLOGIES INC,PTIX
61903, , ,9/30/13,Rochester,Performance Technologies Inc,4520,452010,45,45201020,D,USA,334118,3576,190,940,C,NY,PERFORMANCE TECHNOLOGIES INC,PTIX
61903, , ,10/31/13,Rochester,Performance Technologies Inc,4520,452010,45,45201020,D,USA,334118,3576,190,940,C,NY,PERFORMANCE TECHNOLOGIES INC,PTIX
61943, , ,4/30/10,Kelowna,Globus Wireless Ltd,4520,452010,45,45201020,D,CAN,513322,4812,462,974, ,BC,GLOBUS WIRELESS LTD,GBWL
61943, , ,9/30/10,Kelowna,Globus Wireless Ltd,4520,452010,45,45201020,D,CAN,513322,4812,462,974, ,BC,GLOBUS WIRELESS LTD,GBWL
61943, , ,4/30/11,Kelowna,Globus Wireless Ltd,4520,452010,45,45201020,D,CAN,513322,4812,462,974, ,BC,GLOBUS WIRELESS LTD,GBWL
61943, , ,5/31/11,Kelowna,Globus Wireless Ltd,4520,452010,45,45201020,D,CAN,513322,4812,462,974, ,BC,GLOBUS WIRELESS LTD,GBWL
61943, , ,9/30/11,Kelowna,Globus Wireless Ltd,4520,452010,45,45201020,D,CAN,513322,4812,462,974, ,BC,GLOBUS WIRELESS LTD,GBWL
61943, , ,3/31/12,Kelowna,Globus Wireless Ltd,4520,452010,45,45201020,D,CAN,513322,4812,462,974, ,BC,GLOBUS WIRELESS LTD,GBWL
61943, , ,7/31/13,Kelowna,Globus Wireless Ltd,4520,452010,45,45201020,D,CAN,513322,4812,462,974, ,BC,GLOBUS WIRELESS LTD,GBWL
61988, , ,1/31/10,Del Mar,REMEC Inc,4520,452010,45,45201020,D,USA,999990,9995,180,940,LIQ,CA,REMEC INC,3REMC
61988, , ,2/28/10,Del Mar,REMEC Inc,4520,452010,45,45201020,D,USA,999990,9995,180,940,LIQ,CA,REMEC INC,3REMC
61988, , ,3/31/10,Del Mar,REMEC Inc,4520,452010,45,45201020,D,USA,999990,9995,180,940,LIQ,CA,REMEC INC,3REMC
61988, , ,4/30/10,Del Mar,REMEC Inc,4520,452010,45,45201020,D,USA,999990,9995,180,940,LIQ,CA,REMEC INC,3REMC
61988, , ,5/31/10,Del Mar,REMEC Inc,4520,452010,45,45201020,D,USA,999990,9995,180,940,LIQ,CA,REMEC INC,3REMC
61988, , ,6/30/10,Del Mar,REMEC Inc,4520,452010,45,45201020,D,USA,999990,9995,180,940,LIQ,CA,REMEC INC,3REMC
61988, , ,7/31/10,Del Mar,REMEC Inc,4520,452010,45,45201020,D,USA,999990,9995,180,940,LIQ,CA,REMEC INC,3REMC
61988, , ,8/31/10,Del Mar,REMEC Inc,4520,452010,45,45201020,D,USA,999990,9995,180,940,LIQ,CA,REMEC INC,3REMC
61988, , ,9/30/10,Del Mar,REMEC Inc,4520,452010,45,45201020,D,USA,999990,9995,180,940,LIQ,CA,REMEC INC,3REMC
61988, , ,10/31/10,Del Mar,REMEC Inc,4520,452010,45,45201020,D,USA,999990,9995,180,940,LIQ,CA,REMEC INC,3REMC
61988, , ,11/30/10,Del Mar,REMEC Inc,4520,452010,45,45201020,D,USA,999990,9995,180,940,LIQ,CA,REMEC INC,3REMC
61988, , ,12/31/10,Del Mar,REMEC Inc,4520,452010,45,45201020,D,USA,999990,9995,180,940,LIQ,CA,REMEC INC,3REMC
62173, , ,1/31/10,Scottsdale,MediaTechnics Corp,4520,452020,45,45202020,D,USA,334112,3572, , , ,AZ,MEDIATECHNICS CORP,MEDT
62173, , ,2/28/10,Scottsdale,MediaTechnics Corp,4520,452020,45,45202020,D,USA,334112,3572, , , ,AZ,MEDIATECHNICS CORP,MEDT
62173, , ,3/31/10,Scottsdale,MediaTechnics Corp,4520,452020,45,45202020,D,USA,334112,3572, , , ,AZ,MEDIATECHNICS CORP,MEDT
62173, , ,4/30/10,Scottsdale,MediaTechnics Corp,4520,452020,45,45202020,D,USA,334112,3572, , , ,AZ,MEDIATECHNICS CORP,MEDT
62173, , ,5/31/10,Scottsdale,MediaTechnics Corp,4520,452020,45,45202020,D,USA,334112,3572, , , ,AZ,MEDIATECHNICS CORP,MEDT
62173, , ,6/30/10,Scottsdale,MediaTechnics Corp,4520,452020,45,45202020,D,USA,334112,3572, , , ,AZ,MEDIATECHNICS CORP,MEDT
62173, , ,7/31/10,Scottsdale,MediaTechnics Corp,4520,452020,45,45202020,D,USA,334112,3572, , , ,AZ,MEDIATECHNICS CORP,MEDT
62173, , ,8/31/10,Scottsdale,MediaTechnics Corp,4520,452020,45,45202020,D,USA,334112,3572, , , ,AZ,MEDIATECHNICS CORP,MEDT
62173, , ,9/30/10,Scottsdale,MediaTechnics Corp,4520,452020,45,45202020,D,USA,334112,3572, , , ,AZ,MEDIATECHNICS CORP,MEDT
62173, , ,10/31/10,Scottsdale,MediaTechnics Corp,4520,452020,45,45202020,D,USA,334112,3572, , , ,AZ,MEDIATECHNICS CORP,MEDT
62173, , ,11/30/10,Scottsdale,MediaTechnics Corp,4520,452020,45,45202020,D,USA,334112,3572, , , ,AZ,MEDIATECHNICS CORP,MEDT
62173, , ,12/31/10,Scottsdale,MediaTechnics Corp,4520,452020,45,45202020,D,USA,334112,3572, , , ,AZ,MEDIATECHNICS CORP,MEDT
62173, , ,1/31/11,Scottsdale,MediaTechnics Corp,4520,452020,45,45202020,D,USA,334112,3572, , , ,AZ,MEDIATECHNICS CORP,MEDT
62173, , ,2/28/11,Scottsdale,MediaTechnics Corp,4520,452020,45,45202020,D,USA,334112,3572, , , ,AZ,MEDIATECHNICS CORP,MEDT
62173, , ,3/31/11,Scottsdale,MediaTechnics Corp,4520,452020,45,45202020,D,USA,334112,3572, , , ,AZ,MEDIATECHNICS CORP,MEDT
62173, , ,4/30/11,Scottsdale,MediaTechnics Corp,4520,452020,45,45202020,D,USA,334112,3572, , , ,AZ,MEDIATECHNICS CORP,MEDT
62173, , ,5/31/11,Scottsdale,MediaTechnics Corp,4520,452020,45,45202020,D,USA,334112,3572, , , ,AZ,MEDIATECHNICS CORP,MEDT
62173, , ,6/30/11,Scottsdale,MediaTechnics Corp,4520,452020,45,45202020,D,USA,334112,3572, , , ,AZ,MEDIATECHNICS CORP,MEDT
62173, , ,7/31/11,Scottsdale,MediaTechnics Corp,4520,452020,45,45202020,D,USA,334112,3572, , , ,AZ,MEDIATECHNICS CORP,MEDT
62173, , ,8/31/11,Scottsdale,MediaTechnics Corp,4520,452020,45,45202020,D,USA,334112,3572, , , ,AZ,MEDIATECHNICS CORP,MEDT
62173, , ,9/30/11,Scottsdale,MediaTechnics Corp,4520,452020,45,45202020,D,USA,334112,3572, , , ,AZ,MEDIATECHNICS CORP,MEDT
62173, , ,10/31/11,Scottsdale,MediaTechnics Corp,4520,452020,45,45202020,D,USA,334112,3572, , , ,AZ,MEDIATECHNICS CORP,MEDT
62173, , ,11/30/11,Scottsdale,MediaTechnics Corp,4520,452020,45,45202020,D,USA,334112,3572, , , ,AZ,MEDIATECHNICS CORP,MEDT
62173, , ,12/31/11,Scottsdale,MediaTechnics Corp,4520,452020,45,45202020,D,USA,334112,3572, , , ,AZ,MEDIATECHNICS CORP,MEDT
62173, , ,1/31/12,Scottsdale,MediaTechnics Corp,4520,452020,45,45202020,D,USA,334112,3572, , , ,AZ,MEDIATECHNICS CORP,MEDT
62173, , ,2/29/12,Scottsdale,MediaTechnics Corp,4520,452020,45,45202020,D,USA,334112,3572, , , ,AZ,MEDIATECHNICS CORP,MEDT
62173, , ,3/31/12,Scottsdale,MediaTechnics Corp,4520,452020,45,45202020,D,USA,334112,3572, , , ,AZ,MEDIATECHNICS CORP,MEDT
62173, , ,4/30/12,Scottsdale,MediaTechnics Corp,4520,452020,45,45202020,D,USA,334112,3572, , , ,AZ,MEDIATECHNICS CORP,MEDT
62173, , ,5/31/12,Scottsdale,MediaTechnics Corp,4520,452020,45,45202020,D,USA,334112,3572, , , ,AZ,MEDIATECHNICS CORP,MEDT
62173, , ,6/30/12,Scottsdale,MediaTechnics Corp,4520,452020,45,45202020,D,USA,334112,3572, , , ,AZ,MEDIATECHNICS CORP,MEDT
62173, , ,7/31/12,Scottsdale,MediaTechnics Corp,4520,452020,45,45202020,D,USA,334112,3572, , , ,AZ,MEDIATECHNICS CORP,MEDT
62173, , ,8/31/12,Scottsdale,MediaTechnics Corp,4520,452020,45,45202020,D,USA,334112,3572, , , ,AZ,MEDIATECHNICS CORP,MEDT
62173, , ,9/30/12,Scottsdale,MediaTechnics Corp,4520,452020,45,45202020,D,USA,334112,3572, , , ,AZ,MEDIATECHNICS CORP,MEDT
62173, , ,10/31/12,Scottsdale,MediaTechnics Corp,4520,452020,45,45202020,D,USA,334112,3572, , , ,AZ,MEDIATECHNICS CORP,MEDT
62173, , ,11/30/12,Scottsdale,MediaTechnics Corp,4520,452020,45,45202020,D,USA,334112,3572, , , ,AZ,MEDIATECHNICS CORP,MEDT
62173, , ,12/31/12,Scottsdale,MediaTechnics Corp,4520,452020,45,45202020,D,USA,334112,3572, , , ,AZ,MEDIATECHNICS CORP,MEDT
62173, , ,1/31/13,Scottsdale,MediaTechnics Corp,4520,452020,45,45202020,D,USA,334112,3572, , , ,AZ,MEDIATECHNICS CORP,MEDT
62173, , ,2/28/13,Scottsdale,MediaTechnics Corp,4520,452020,45,45202020,D,USA,334112,3572, , , ,AZ,MEDIATECHNICS CORP,MEDT
62173, , ,3/31/13,Scottsdale,MediaTechnics Corp,4520,452020,45,45202020,D,USA,334112,3572, , , ,AZ,MEDIATECHNICS CORP,MEDT
62173, , ,4/30/13,Scottsdale,MediaTechnics Corp,4520,452020,45,45202020,D,USA,334112,3572, , , ,AZ,MEDIATECHNICS CORP,MEDT
62173, , ,5/31/13,Scottsdale,MediaTechnics Corp,4520,452020,45,45202020,D,USA,334112,3572, , , ,AZ,MEDIATECHNICS CORP,MEDT
62173, , ,6/30/13,Scottsdale,MediaTechnics Corp,4520,452020,45,45202020,D,USA,334112,3572, , , ,AZ,MEDIATECHNICS CORP,MEDT
62173, , ,7/31/13,Scottsdale,MediaTechnics Corp,4520,452020,45,45202020,D,USA,334112,3572, , , ,AZ,MEDIATECHNICS CORP,MEDT
62173, , ,8/31/13,Scottsdale,MediaTechnics Corp,4520,452020,45,45202020,D,USA,334112,3572, , , ,AZ,MEDIATECHNICS CORP,MEDT
62173, , ,9/30/13,Scottsdale,MediaTechnics Corp,4520,452020,45,45202020,D,USA,334112,3572, , , ,AZ,MEDIATECHNICS CORP,MEDT
62173, , ,10/31/13,Scottsdale,MediaTechnics Corp,4520,452020,45,45202020,D,USA,334112,3572, , , ,AZ,MEDIATECHNICS CORP,MEDT
62196, , ,1/31/10,Milwaukee,Renewal Fuels Inc,4520,452030,45,45203010,D,USA,3344,3670,220,925,C,WI,RENEWAL FUELS INC,RNWF
62196, , ,2/28/10,Milwaukee,Renewal Fuels Inc,4520,452030,45,45203010,D,USA,3344,3670,220,925,C,WI,RENEWAL FUELS INC,RNWF
62196, , ,3/31/10,Milwaukee,Renewal Fuels Inc,4520,452030,45,45203010,D,USA,3344,3670,220,925,C,WI,RENEWAL FUELS INC,RNWF
62196, , ,4/30/10,Milwaukee,Renewal Fuels Inc,4520,452030,45,45203010,D,USA,3344,3670,220,925,C,WI,RENEWAL FUELS INC,RNWF
62196, , ,5/31/10,Milwaukee,Renewal Fuels Inc,4520,452030,45,45203010,D,USA,3344,3670,220,925,C,WI,RENEWAL FUELS INC,RNWF
62196, , ,6/30/10,Milwaukee,Renewal Fuels Inc,4520,452030,45,45203010,D,USA,3344,3670,220,925,C,WI,RENEWAL FUELS INC,RNWF
62196, , ,7/31/10,Milwaukee,Renewal Fuels Inc,4520,452030,45,45203010,D,USA,3344,3670,220,925,C,WI,RENEWAL FUELS INC,RNWF
62196, , ,8/31/10,Milwaukee,Renewal Fuels Inc,4520,452030,45,45203010,D,USA,3344,3670,220,925,C,WI,RENEWAL FUELS INC,RNWF
62196, , ,9/30/10,Milwaukee,Renewal Fuels Inc,4520,452030,45,45203010,D,USA,3344,3670,220,925,C,WI,RENEWAL FUELS INC,RNWF
62196, , ,10/31/10,Milwaukee,Renewal Fuels Inc,4520,452030,45,45203010,D,USA,3344,3670,220,925,C,WI,RENEWAL FUELS INC,RNWF
62196, , ,11/30/10,Milwaukee,Renewal Fuels Inc,4520,452030,45,45203010,D,USA,3344,3670,220,925,C,WI,RENEWAL FUELS INC,RNWF
62196, , ,12/31/10,Milwaukee,Renewal Fuels Inc,4520,452030,45,45203010,D,USA,3344,3670,220,925,C,WI,RENEWAL FUELS INC,RNWF
62196, , ,1/31/11,Milwaukee,Renewal Fuels Inc,4520,452030,45,45203010,D,USA,3344,3670,220,925,C,WI,RENEWAL FUELS INC,RNWF
62196, , ,2/28/11,Milwaukee,Renewal Fuels Inc,4520,452030,45,45203010,D,USA,3344,3670,220,925,C,WI,RENEWAL FUELS INC,RNWF
62196, , ,3/31/11,Milwaukee,Renewal Fuels Inc,4520,452030,45,45203010,D,USA,3344,3670,220,925,C,WI,RENEWAL FUELS INC,RNWF
62196, , ,4/30/11,Milwaukee,Renewal Fuels Inc,4520,452030,45,45203010,D,USA,3344,3670,220,925,C,WI,RENEWAL FUELS INC,RNWF
62196, , ,5/31/11,Milwaukee,Renewal Fuels Inc,4520,452030,45,45203010,D,USA,3344,3670,220,925,C,WI,RENEWAL FUELS INC,RNWF
62196, , ,6/30/11,Milwaukee,Renewal Fuels Inc,4520,452030,45,45203010,D,USA,3344,3670,220,925,C,WI,RENEWAL FUELS INC,RNWF
62196, , ,7/31/11,Milwaukee,Renewal Fuels Inc,4520,452030,45,45203010,D,USA,3344,3670,220,925,C,WI,RENEWAL FUELS INC,RNWF
62196, , ,8/31/11,Milwaukee,Renewal Fuels Inc,4520,452030,45,45203010,D,USA,3344,3670,220,925,C,WI,RENEWAL FUELS INC,RNWF
62196, , ,9/30/11,Milwaukee,Renewal Fuels Inc,4520,452030,45,45203010,D,USA,3344,3670,220,925,C,WI,RENEWAL FUELS INC,RNWF
62196, , ,10/31/11,Milwaukee,Renewal Fuels Inc,4520,452030,45,45203010,D,USA,3344,3670,220,925,C,WI,RENEWAL FUELS INC,RNWF
62196, , ,11/30/11,Milwaukee,Renewal Fuels Inc,4520,452030,45,45203010,D,USA,3344,3670,220,925,C,WI,RENEWAL FUELS INC,RNWF
62196, , ,12/31/11,Milwaukee,Renewal Fuels Inc,4520,452030,45,45203010,D,USA,3344,3670,220,925,C,WI,RENEWAL FUELS INC,RNWF
62196, , ,1/31/12,Milwaukee,Renewal Fuels Inc,4520,452030,45,45203010,D,USA,3344,3670,220,925,C,WI,RENEWAL FUELS INC,RNWF
62196, , ,2/29/12,Milwaukee,Renewal Fuels Inc,4520,452030,45,45203010,D,USA,3344,3670,220,925,C,WI,RENEWAL FUELS INC,RNWF
62196, , ,3/31/12,Milwaukee,Renewal Fuels Inc,4520,452030,45,45203010,D,USA,3344,3670,220,925,C,WI,RENEWAL FUELS INC,RNWF
62196, , ,4/30/12,Milwaukee,Renewal Fuels Inc,4520,452030,45,45203010,D,USA,3344,3670,220,925,C,WI,RENEWAL FUELS INC,RNWF
62196, , ,5/31/12,Milwaukee,Renewal Fuels Inc,4520,452030,45,45203010,D,USA,3344,3670,220,925,C,WI,RENEWAL FUELS INC,RNWF
62196, , ,6/30/12,Milwaukee,Renewal Fuels Inc,4520,452030,45,45203010,D,USA,3344,3670,220,925,C,WI,RENEWAL FUELS INC,RNWF
62196, , ,7/31/12,Milwaukee,Renewal Fuels Inc,4520,452030,45,45203010,D,USA,3344,3670,220,925,C,WI,RENEWAL FUELS INC,RNWF
62196, , ,8/31/12,Milwaukee,Renewal Fuels Inc,4520,452030,45,45203010,D,USA,3344,3670,220,925,C,WI,RENEWAL FUELS INC,RNWF
62196, , ,9/30/12,Milwaukee,Renewal Fuels Inc,4520,452030,45,45203010,D,USA,3344,3670,220,925,C,WI,RENEWAL FUELS INC,RNWF
62196, , ,10/31/12,Milwaukee,Renewal Fuels Inc,4520,452030,45,45203010,D,USA,3344,3670,220,925,C,WI,RENEWAL FUELS INC,RNWF
62196, , ,11/30/12,Milwaukee,Renewal Fuels Inc,4520,452030,45,45203010,D,USA,3344,3670,220,925,C,WI,RENEWAL FUELS INC,RNWF
62196, , ,12/31/12,Milwaukee,Renewal Fuels Inc,4520,452030,45,45203010,D,USA,3344,3670,220,925,C,WI,RENEWAL FUELS INC,RNWF
62196, , ,1/31/13,Milwaukee,Renewal Fuels Inc,4520,452030,45,45203010,D,USA,3344,3670,220,925,C,WI,RENEWAL FUELS INC,RNWF
62196, , ,2/28/13,Milwaukee,Renewal Fuels Inc,4520,452030,45,45203010,D,USA,3344,3670,220,925,C,WI,RENEWAL FUELS INC,RNWF
62196, , ,3/31/13,Milwaukee,Renewal Fuels Inc,4520,452030,45,45203010,D,USA,3344,3670,220,925,C,WI,RENEWAL FUELS INC,RNWF
62196, , ,4/30/13,Milwaukee,Renewal Fuels Inc,4520,452030,45,45203010,D,USA,3344,3670,220,925,C,WI,RENEWAL FUELS INC,RNWF
62196, , ,5/31/13,Milwaukee,Renewal Fuels Inc,4520,452030,45,45203010,D,USA,3344,3670,220,925,C,WI,RENEWAL FUELS INC,RNWF
62196, , ,6/30/13,Milwaukee,Renewal Fuels Inc,4520,452030,45,45203010,D,USA,3344,3670,220,925,C,WI,RENEWAL FUELS INC,RNWF
62196, , ,7/31/13,Milwaukee,Renewal Fuels Inc,4520,452030,45,45203010,D,USA,3344,3670,220,925,C,WI,RENEWAL FUELS INC,RNWF
62196, , ,8/31/13,Milwaukee,Renewal Fuels Inc,4520,452030,45,45203010,D,USA,3344,3670,220,925,C,WI,RENEWAL FUELS INC,RNWF
62196, , ,9/30/13,Milwaukee,Renewal Fuels Inc,4520,452030,45,45203010,D,USA,3344,3670,220,925,C,WI,RENEWAL FUELS INC,RNWF
62196, , ,10/31/13,Milwaukee,Renewal Fuels Inc,4520,452030,45,45203010,D,USA,3344,3670,220,925,C,WI,RENEWAL FUELS INC,RNWF
62213, , ,1/31/10,Malvern,USA Technologies Inc,4520,452020,45,45202030,D,USA,333316,3578, , ,C,PA,USA TECHNOLOGIES INC,USAT
62213, , ,2/28/10,Malvern,USA Technologies Inc,4520,452020,45,45202030,D,USA,333316,3578, , ,C,PA,USA TECHNOLOGIES INC,USAT
62213, , ,3/31/10,Malvern,USA Technologies Inc,4520,452020,45,45202030,D,USA,333316,3578, , ,C,PA,USA TECHNOLOGIES INC,USAT
62213, , ,4/30/10,Malvern,USA Technologies Inc,4520,452020,45,45202030,D,USA,333316,3578, , ,C,PA,USA TECHNOLOGIES INC,USAT
62213, , ,5/31/10,Malvern,USA Technologies Inc,4520,452020,45,45202030,D,USA,333316,3578, , ,C,PA,USA TECHNOLOGIES INC,USAT
62213, , ,6/30/10,Malvern,USA Technologies Inc,4520,452020,45,45202030,D,USA,333316,3578, , ,C,PA,USA TECHNOLOGIES INC,USAT
62213, , ,7/31/10,Malvern,USA Technologies Inc,4520,452020,45,45202030,D,USA,333316,3578, , ,C,PA,USA TECHNOLOGIES INC,USAT
62213, , ,8/31/10,Malvern,USA Technologies Inc,4520,452020,45,45202030,D,USA,333316,3578, , ,C,PA,USA TECHNOLOGIES INC,USAT
62213, , ,9/30/10,Malvern,USA Technologies Inc,4520,452020,45,45202030,D,USA,333316,3578, , ,C,PA,USA TECHNOLOGIES INC,USAT
62213, , ,10/31/10,Malvern,USA Technologies Inc,4520,452020,45,45202030,D,USA,333316,3578, , ,C,PA,USA TECHNOLOGIES INC,USAT
62213, , ,11/30/10,Malvern,USA Technologies Inc,4520,452020,45,45202030,D,USA,333316,3578, , ,C,PA,USA TECHNOLOGIES INC,USAT
62213, , ,12/31/10,Malvern,USA Technologies Inc,4520,452020,45,45202030,D,USA,333316,3578, , ,C,PA,USA TECHNOLOGIES INC,USAT
62213, , ,1/31/11,Malvern,USA Technologies Inc,4520,452020,45,45202030,D,USA,333316,3578, , ,C,PA,USA TECHNOLOGIES INC,USAT
62213, , ,2/28/11,Malvern,USA Technologies Inc,4520,452020,45,45202030,D,USA,333316,3578, , ,C,PA,USA TECHNOLOGIES INC,USAT
62213, , ,3/31/11,Malvern,USA Technologies Inc,4520,452020,45,45202030,D,USA,333316,3578, , ,C,PA,USA TECHNOLOGIES INC,USAT
62213, , ,4/30/11,Malvern,USA Technologies Inc,4520,452020,45,45202030,D,USA,333316,3578, , ,C,PA,USA TECHNOLOGIES INC,USAT
62213, , ,5/31/11,Malvern,USA Technologies Inc,4520,452020,45,45202030,D,USA,333316,3578, , ,C,PA,USA TECHNOLOGIES INC,USAT
62213, , ,6/30/11,Malvern,USA Technologies Inc,4520,452020,45,45202030,D,USA,333316,3578, , ,C,PA,USA TECHNOLOGIES INC,USAT
62213, , ,7/31/11,Malvern,USA Technologies Inc,4520,452020,45,45202030,D,USA,333316,3578, , ,C,PA,USA TECHNOLOGIES INC,USAT
62213, , ,8/31/11,Malvern,USA Technologies Inc,4520,452020,45,45202030,D,USA,333316,3578, , ,C,PA,USA TECHNOLOGIES INC,USAT
62213, , ,9/30/11,Malvern,USA Technologies Inc,4520,452020,45,45202030,D,USA,333316,3578, , ,C,PA,USA TECHNOLOGIES INC,USAT
62213, , ,10/31/11,Malvern,USA Technologies Inc,4520,452020,45,45202030,D,USA,333316,3578, , ,C,PA,USA TECHNOLOGIES INC,USAT
62213, , ,11/30/11,Malvern,USA Technologies Inc,4520,452020,45,45202030,D,USA,333316,3578, , ,C,PA,USA TECHNOLOGIES INC,USAT
62213, , ,12/31/11,Malvern,USA Technologies Inc,4520,452020,45,45202030,D,USA,333316,3578, , ,C,PA,USA TECHNOLOGIES INC,USAT
62213, , ,1/31/12,Malvern,USA Technologies Inc,4520,452020,45,45202030,D,USA,333316,3578, , ,C,PA,USA TECHNOLOGIES INC,USAT
62213, , ,2/29/12,Malvern,USA Technologies Inc,4520,452020,45,45202030,D,USA,333316,3578, , ,C,PA,USA TECHNOLOGIES INC,USAT
62213, , ,3/31/12,Malvern,USA Technologies Inc,4520,452020,45,45202030,D,USA,333316,3578, , ,C,PA,USA TECHNOLOGIES INC,USAT
62213, , ,4/30/12,Malvern,USA Technologies Inc,4520,452020,45,45202030,D,USA,333316,3578, , ,C,PA,USA TECHNOLOGIES INC,USAT
62213, , ,5/31/12,Malvern,USA Technologies Inc,4520,452020,45,45202030,D,USA,333316,3578, , ,C,PA,USA TECHNOLOGIES INC,USAT
62213, , ,6/30/12,Malvern,USA Technologies Inc,4520,452020,45,45202030,D,USA,333316,3578, , ,C,PA,USA TECHNOLOGIES INC,USAT
62213, , ,7/31/12,Malvern,USA Technologies Inc,4520,452020,45,45202030,D,USA,333316,3578, , ,C,PA,USA TECHNOLOGIES INC,USAT
62213, , ,8/31/12,Malvern,USA Technologies Inc,4520,452020,45,45202030,D,USA,333316,3578, , ,C,PA,USA TECHNOLOGIES INC,USAT
62213, , ,9/30/12,Malvern,USA Technologies Inc,4520,452020,45,45202030,D,USA,333316,3578, , ,C,PA,USA TECHNOLOGIES INC,USAT
62213, , ,10/31/12,Malvern,USA Technologies Inc,4520,452020,45,45202030,D,USA,333316,3578, , ,C,PA,USA TECHNOLOGIES INC,USAT
62213, , ,11/30/12,Malvern,USA Technologies Inc,4520,452020,45,45202030,D,USA,333316,3578, , ,C,PA,USA TECHNOLOGIES INC,USAT
62213, , ,12/31/12,Malvern,USA Technologies Inc,4520,452020,45,45202030,D,USA,333316,3578, , ,C,PA,USA TECHNOLOGIES INC,USAT
62213, , ,1/31/13,Malvern,USA Technologies Inc,4520,452020,45,45202030,D,USA,333316,3578, , ,C,PA,USA TECHNOLOGIES INC,USAT
62213, , ,2/28/13,Malvern,USA Technologies Inc,4520,452020,45,45202030,D,USA,333316,3578, , ,C,PA,USA TECHNOLOGIES INC,USAT
62213, , ,3/31/13,Malvern,USA Technologies Inc,4520,452020,45,45202030,D,USA,333316,3578, , ,C,PA,USA TECHNOLOGIES INC,USAT
62213, , ,4/30/13,Malvern,USA Technologies Inc,4520,452020,45,45202030,D,USA,333316,3578, , ,C,PA,USA TECHNOLOGIES INC,USAT
62213, , ,5/31/13,Malvern,USA Technologies Inc,4520,452020,45,45202030,D,USA,333316,3578, , ,C,PA,USA TECHNOLOGIES INC,USAT
62213, , ,6/30/13,Malvern,USA Technologies Inc,4520,452020,45,45202030,D,USA,333316,3578, , ,C,PA,USA TECHNOLOGIES INC,USAT
62213, , ,7/31/13,Malvern,USA Technologies Inc,4520,452020,45,45202030,D,USA,333316,3578, , ,C,PA,USA TECHNOLOGIES INC,USAT
62213, , ,8/31/13,Malvern,USA Technologies Inc,4520,452020,45,45202030,D,USA,333316,3578, , ,C,PA,USA TECHNOLOGIES INC,USAT
62213, , ,9/30/13,Malvern,USA Technologies Inc,4520,452020,45,45202030,D,USA,333316,3578, , ,C,PA,USA TECHNOLOGIES INC,USAT
62213, , ,10/31/13,Malvern,USA Technologies Inc,4520,452020,45,45202030,D,USA,333316,3578, , ,C,PA,USA TECHNOLOGIES INC,USAT
62217, , ,1/31/10,Orlando,LightPath Technologies Inc,4520,452030,45,45203010,D,USA,333314,3827,235,940,C,FL,LIGHTPATH TECHNOLOGIES INC,LPTH
62217, , ,2/28/10,Orlando,LightPath Technologies Inc,4520,452030,45,45203010,D,USA,333314,3827,235,940,C,FL,LIGHTPATH TECHNOLOGIES INC,LPTH
62217, , ,3/31/10,Orlando,LightPath Technologies Inc,4520,452030,45,45203010,D,USA,333314,3827,235,940,C,FL,LIGHTPATH TECHNOLOGIES INC,LPTH
62217, , ,4/30/10,Orlando,LightPath Technologies Inc,4520,452030,45,45203010,D,USA,333314,3827,235,940,C,FL,LIGHTPATH TECHNOLOGIES INC,LPTH
62217, , ,5/31/10,Orlando,LightPath Technologies Inc,4520,452030,45,45203010,D,USA,333314,3827,235,940,C,FL,LIGHTPATH TECHNOLOGIES INC,LPTH
62217, , ,6/30/10,Orlando,LightPath Technologies Inc,4520,452030,45,45203010,D,USA,333314,3827,235,940,C,FL,LIGHTPATH TECHNOLOGIES INC,LPTH
62217, , ,7/31/10,Orlando,LightPath Technologies Inc,4520,452030,45,45203010,D,USA,333314,3827,235,940,C,FL,LIGHTPATH TECHNOLOGIES INC,LPTH
62217, , ,8/31/10,Orlando,LightPath Technologies Inc,4520,452030,45,45203010,D,USA,333314,3827,235,940,C,FL,LIGHTPATH TECHNOLOGIES INC,LPTH
62217, , ,9/30/10,Orlando,LightPath Technologies Inc,4520,452030,45,45203010,D,USA,333314,3827,235,940,C,FL,LIGHTPATH TECHNOLOGIES INC,LPTH
62217, , ,10/31/10,Orlando,LightPath Technologies Inc,4520,452030,45,45203010,D,USA,333314,3827,235,940,C,FL,LIGHTPATH TECHNOLOGIES INC,LPTH
62217, , ,11/30/10,Orlando,LightPath Technologies Inc,4520,452030,45,45203010,D,USA,333314,3827,235,940,C,FL,LIGHTPATH TECHNOLOGIES INC,LPTH
62217, , ,12/31/10,Orlando,LightPath Technologies Inc,4520,452030,45,45203010,D,USA,333314,3827,235,940,C,FL,LIGHTPATH TECHNOLOGIES INC,LPTH
62217, , ,1/31/11,Orlando,LightPath Technologies Inc,4520,452030,45,45203010,D,USA,333314,3827,235,940,C,FL,LIGHTPATH TECHNOLOGIES INC,LPTH
62217, , ,2/28/11,Orlando,LightPath Technologies Inc,4520,452030,45,45203010,D,USA,333314,3827,235,940,C,FL,LIGHTPATH TECHNOLOGIES INC,LPTH
62217, , ,3/31/11,Orlando,LightPath Technologies Inc,4520,452030,45,45203010,D,USA,333314,3827,235,940,C,FL,LIGHTPATH TECHNOLOGIES INC,LPTH
62217, , ,4/30/11,Orlando,LightPath Technologies Inc,4520,452030,45,45203010,D,USA,333314,3827,235,940,C,FL,LIGHTPATH TECHNOLOGIES INC,LPTH
62217, , ,5/31/11,Orlando,LightPath Technologies Inc,4520,452030,45,45203010,D,USA,333314,3827,235,940,C,FL,LIGHTPATH TECHNOLOGIES INC,LPTH
62217, , ,6/30/11,Orlando,LightPath Technologies Inc,4520,452030,45,45203010,D,USA,333314,3827,235,940,C,FL,LIGHTPATH TECHNOLOGIES INC,LPTH
62217, , ,7/31/11,Orlando,LightPath Technologies Inc,4520,452030,45,45203010,D,USA,333314,3827,235,940,C,FL,LIGHTPATH TECHNOLOGIES INC,LPTH
62217, , ,8/31/11,Orlando,LightPath Technologies Inc,4520,452030,45,45203010,D,USA,333314,3827,235,940,C,FL,LIGHTPATH TECHNOLOGIES INC,LPTH
62217, , ,9/30/11,Orlando,LightPath Technologies Inc,4520,452030,45,45203010,D,USA,333314,3827,235,940,C,FL,LIGHTPATH TECHNOLOGIES INC,LPTH
62217, , ,10/31/11,Orlando,LightPath Technologies Inc,4520,452030,45,45203010,D,USA,333314,3827,235,940,C,FL,LIGHTPATH TECHNOLOGIES INC,LPTH
62217, , ,11/30/11,Orlando,LightPath Technologies Inc,4520,452030,45,45203010,D,USA,333314,3827,235,940,C,FL,LIGHTPATH TECHNOLOGIES INC,LPTH
62217, , ,12/31/11,Orlando,LightPath Technologies Inc,4520,452030,45,45203010,D,USA,333314,3827,235,940,C,FL,LIGHTPATH TECHNOLOGIES INC,LPTH
62217, , ,1/31/12,Orlando,LightPath Technologies Inc,4520,452030,45,45203010,D,USA,333314,3827,235,940,C,FL,LIGHTPATH TECHNOLOGIES INC,LPTH
62217, , ,2/29/12,Orlando,LightPath Technologies Inc,4520,452030,45,45203010,D,USA,333314,3827,235,940,C,FL,LIGHTPATH TECHNOLOGIES INC,LPTH
62217, , ,3/31/12,Orlando,LightPath Technologies Inc,4520,452030,45,45203010,D,USA,333314,3827,235,940,C,FL,LIGHTPATH TECHNOLOGIES INC,LPTH
62217, , ,4/30/12,Orlando,LightPath Technologies Inc,4520,452030,45,45203010,D,USA,333314,3827,235,940,C,FL,LIGHTPATH TECHNOLOGIES INC,LPTH
62217, , ,5/31/12,Orlando,LightPath Technologies Inc,4520,452030,45,45203010,D,USA,333314,3827,235,940,C,FL,LIGHTPATH TECHNOLOGIES INC,LPTH
62217, , ,6/30/12,Orlando,LightPath Technologies Inc,4520,452030,45,45203010,D,USA,333314,3827,235,940,C,FL,LIGHTPATH TECHNOLOGIES INC,LPTH
62217, , ,7/31/12,Orlando,LightPath Technologies Inc,4520,452030,45,45203010,D,USA,333314,3827,235,940,C,FL,LIGHTPATH TECHNOLOGIES INC,LPTH
62217, , ,8/31/12,Orlando,LightPath Technologies Inc,4520,452030,45,45203010,D,USA,333314,3827,235,940,C,FL,LIGHTPATH TECHNOLOGIES INC,LPTH
62217, , ,9/30/12,Orlando,LightPath Technologies Inc,4520,452030,45,45203010,D,USA,333314,3827,235,940,C,FL,LIGHTPATH TECHNOLOGIES INC,LPTH
62217, , ,10/31/12,Orlando,LightPath Technologies Inc,4520,452030,45,45203010,D,USA,333314,3827,235,940,C,FL,LIGHTPATH TECHNOLOGIES INC,LPTH
62217, , ,11/30/12,Orlando,LightPath Technologies Inc,4520,452030,45,45203010,D,USA,333314,3827,235,940,C,FL,LIGHTPATH TECHNOLOGIES INC,LPTH
62217, , ,12/31/12,Orlando,LightPath Technologies Inc,4520,452030,45,45203010,D,USA,333314,3827,235,940,C,FL,LIGHTPATH TECHNOLOGIES INC,LPTH
62217, , ,1/31/13,Orlando,LightPath Technologies Inc,4520,452030,45,45203010,D,USA,333314,3827,235,940,C,FL,LIGHTPATH TECHNOLOGIES INC,LPTH
62217, , ,2/28/13,Orlando,LightPath Technologies Inc,4520,452030,45,45203010,D,USA,333314,3827,235,940,C,FL,LIGHTPATH TECHNOLOGIES INC,LPTH
62217, , ,3/31/13,Orlando,LightPath Technologies Inc,4520,452030,45,45203010,D,USA,333314,3827,235,940,C,FL,LIGHTPATH TECHNOLOGIES INC,LPTH
62217, , ,4/30/13,Orlando,LightPath Technologies Inc,4520,452030,45,45203010,D,USA,333314,3827,235,940,C,FL,LIGHTPATH TECHNOLOGIES INC,LPTH
62217, , ,5/31/13,Orlando,LightPath Technologies Inc,4520,452030,45,45203010,D,USA,333314,3827,235,940,C,FL,LIGHTPATH TECHNOLOGIES INC,LPTH
62217, , ,6/30/13,Orlando,LightPath Technologies Inc,4520,452030,45,45203010,D,USA,333314,3827,235,940,C,FL,LIGHTPATH TECHNOLOGIES INC,LPTH
62217, , ,7/31/13,Orlando,LightPath Technologies Inc,4520,452030,45,45203010,D,USA,333314,3827,235,940,C,FL,LIGHTPATH TECHNOLOGIES INC,LPTH
62217, , ,8/31/13,Orlando,LightPath Technologies Inc,4520,452030,45,45203010,D,USA,333314,3827,235,940,C,FL,LIGHTPATH TECHNOLOGIES INC,LPTH
62217, , ,9/30/13,Orlando,LightPath Technologies Inc,4520,452030,45,45203010,D,USA,333314,3827,235,940,C,FL,LIGHTPATH TECHNOLOGIES INC,LPTH
62217, , ,10/31/13,Orlando,LightPath Technologies Inc,4520,452030,45,45203010,D,USA,333314,3827,235,940,C,FL,LIGHTPATH TECHNOLOGIES INC,LPTH
62490, , ,1/31/10,Peabody,Pcd Inc,4520,452030,45,45203015,D,USA,334417,3678,220,925,D,MA,PCD INC,PCDIQ
62490, , ,2/28/10,Peabody,Pcd Inc,4520,452030,45,45203015,D,USA,334417,3678,220,925,D,MA,PCD INC,PCDIQ
62490, , ,3/31/10,Peabody,Pcd Inc,4520,452030,45,45203015,D,USA,334417,3678,220,925,D,MA,PCD INC,PCDIQ
62490, , ,4/30/10,Peabody,Pcd Inc,4520,452030,45,45203015,D,USA,334417,3678,220,925,D,MA,PCD INC,PCDIQ
62490, , ,5/31/10,Peabody,Pcd Inc,4520,452030,45,45203015,D,USA,334417,3678,220,925,D,MA,PCD INC,PCDIQ
62490, , ,6/30/10,Peabody,Pcd Inc,4520,452030,45,45203015,D,USA,334417,3678,220,925,D,MA,PCD INC,PCDIQ
62549, , ,1/31/10,Middletown,KVH Industries Inc,4520,452010,45,45201020,D,USA,334511,3812,220,925,B,RI,KVH INDUSTRIES INC,KVHI
62549, , ,2/28/10,Middletown,KVH Industries Inc,4520,452010,45,45201020,D,USA,334511,3812,220,925,B,RI,KVH INDUSTRIES INC,KVHI
62549, , ,3/31/10,Middletown,KVH Industries Inc,4520,452010,45,45201020,D,USA,334511,3812,220,925,B,RI,KVH INDUSTRIES INC,KVHI
62549, , ,4/30/10,Middletown,KVH Industries Inc,4520,452010,45,45201020,D,USA,334511,3812,220,925,B,RI,KVH INDUSTRIES INC,KVHI
62549, , ,5/31/10,Middletown,KVH Industries Inc,4520,452010,45,45201020,D,USA,334511,3812,220,925,B,RI,KVH INDUSTRIES INC,KVHI
62549, , ,6/30/10,Middletown,KVH Industries Inc,4520,452010,45,45201020,D,USA,334511,3812,220,925,B,RI,KVH INDUSTRIES INC,KVHI
62549, , ,7/31/10,Middletown,KVH Industries Inc,4520,452010,45,45201020,D,USA,334511,3812,220,925,B,RI,KVH INDUSTRIES INC,KVHI
62549, , ,8/31/10,Middletown,KVH Industries Inc,4520,452010,45,45201020,D,USA,334511,3812,220,925,B,RI,KVH INDUSTRIES INC,KVHI
62549, , ,9/30/10,Middletown,KVH Industries Inc,4520,452010,45,45201020,D,USA,334511,3812,220,925,B,RI,KVH INDUSTRIES INC,KVHI
62549, , ,10/31/10,Middletown,KVH Industries Inc,4520,452010,45,45201020,D,USA,334511,3812,220,925,B,RI,KVH INDUSTRIES INC,KVHI
62549, , ,11/30/10,Middletown,KVH Industries Inc,4520,452010,45,45201020,D,USA,334511,3812,220,925,B,RI,KVH INDUSTRIES INC,KVHI
62549, , ,12/31/10,Middletown,KVH Industries Inc,4520,452010,45,45201020,D,USA,334511,3812,220,925,B,RI,KVH INDUSTRIES INC,KVHI
62549, , ,1/31/11,Middletown,KVH Industries Inc,4520,452010,45,45201020,D,USA,334511,3812,220,925,B,RI,KVH INDUSTRIES INC,KVHI
62549, , ,2/28/11,Middletown,KVH Industries Inc,4520,452010,45,45201020,D,USA,334511,3812,220,925,B,RI,KVH INDUSTRIES INC,KVHI
62549, , ,3/31/11,Middletown,KVH Industries Inc,4520,452010,45,45201020,D,USA,334511,3812,220,925,B,RI,KVH INDUSTRIES INC,KVHI
62549, , ,4/30/11,Middletown,KVH Industries Inc,4520,452010,45,45201020,D,USA,334511,3812,220,925,B,RI,KVH INDUSTRIES INC,KVHI
62549, , ,5/31/11,Middletown,KVH Industries Inc,4520,452010,45,45201020,D,USA,334511,3812,220,925,B,RI,KVH INDUSTRIES INC,KVHI
62549, , ,6/30/11,Middletown,KVH Industries Inc,4520,452010,45,45201020,D,USA,334511,3812,220,925,B,RI,KVH INDUSTRIES INC,KVHI
62549, , ,7/31/11,Middletown,KVH Industries Inc,4520,452010,45,45201020,D,USA,334511,3812,220,925,B,RI,KVH INDUSTRIES INC,KVHI
62549, , ,8/31/11,Middletown,KVH Industries Inc,4520,452010,45,45201020,D,USA,334511,3812,220,925,B,RI,KVH INDUSTRIES INC,KVHI
62549, , ,9/30/11,Middletown,KVH Industries Inc,4520,452010,45,45201020,D,USA,334511,3812,220,925,B,RI,KVH INDUSTRIES INC,KVHI
62549, , ,10/31/11,Middletown,KVH Industries Inc,4520,452010,45,45201020,D,USA,334511,3812,220,925,B,RI,KVH INDUSTRIES INC,KVHI
62549, , ,11/30/11,Middletown,KVH Industries Inc,4520,452010,45,45201020,D,USA,334511,3812,220,925,B,RI,KVH INDUSTRIES INC,KVHI
62549, , ,12/31/11,Middletown,KVH Industries Inc,4520,452010,45,45201020,D,USA,334511,3812,220,925,B,RI,KVH INDUSTRIES INC,KVHI
62549, , ,1/31/12,Middletown,KVH Industries Inc,4520,452010,45,45201020,D,USA,334511,3812,220,925,B,RI,KVH INDUSTRIES INC,KVHI
62549, , ,2/29/12,Middletown,KVH Industries Inc,4520,452010,45,45201020,D,USA,334511,3812,220,925,B,RI,KVH INDUSTRIES INC,KVHI
62549, , ,3/31/12,Middletown,KVH Industries Inc,4520,452010,45,45201020,D,USA,334511,3812,220,925,B,RI,KVH INDUSTRIES INC,KVHI
62549, , ,4/30/12,Middletown,KVH Industries Inc,4520,452010,45,45201020,D,USA,334511,3812,220,925,B,RI,KVH INDUSTRIES INC,KVHI
62549, , ,5/31/12,Middletown,KVH Industries Inc,4520,452010,45,45201020,D,USA,334511,3812,220,925,B,RI,KVH INDUSTRIES INC,KVHI
62549, , ,6/30/12,Middletown,KVH Industries Inc,4520,452010,45,45201020,D,USA,334511,3812,220,925,B,RI,KVH INDUSTRIES INC,KVHI
62549, , ,7/31/12,Middletown,KVH Industries Inc,4520,452010,45,45201020,D,USA,334511,3812,220,925,B,RI,KVH INDUSTRIES INC,KVHI
62549, , ,8/31/12,Middletown,KVH Industries Inc,4520,452010,45,45201020,D,USA,334511,3812,220,925,B,RI,KVH INDUSTRIES INC,KVHI
62549, , ,9/30/12,Middletown,KVH Industries Inc,4520,452010,45,45201020,D,USA,334511,3812,220,925,B,RI,KVH INDUSTRIES INC,KVHI
62549, , ,10/31/12,Middletown,KVH Industries Inc,4520,452010,45,45201020,D,USA,334511,3812,220,925,B,RI,KVH INDUSTRIES INC,KVHI
62549, , ,11/30/12,Middletown,KVH Industries Inc,4520,452010,45,45201020,D,USA,334511,3812,220,925,B,RI,KVH INDUSTRIES INC,KVHI
62549, , ,12/31/12,Middletown,KVH Industries Inc,4520,452010,45,45201020,D,USA,334511,3812,220,925,B,RI,KVH INDUSTRIES INC,KVHI
62549, , ,1/31/13,Middletown,KVH Industries Inc,4520,452010,45,45201020,D,USA,334511,3812,220,925,B,RI,KVH INDUSTRIES INC,KVHI
62549, , ,2/28/13,Middletown,KVH Industries Inc,4520,452010,45,45201020,D,USA,334511,3812,220,925,B,RI,KVH INDUSTRIES INC,KVHI
62549, , ,3/31/13,Middletown,KVH Industries Inc,4520,452010,45,45201020,D,USA,334511,3812,220,925,B,RI,KVH INDUSTRIES INC,KVHI
62549, , ,4/30/13,Middletown,KVH Industries Inc,4520,452010,45,45201020,D,USA,334511,3812,220,925,B,RI,KVH INDUSTRIES INC,KVHI
62549, , ,5/31/13,Middletown,KVH Industries Inc,4520,452010,45,45201020,D,USA,334511,3812,220,925,B,RI,KVH INDUSTRIES INC,KVHI
62549, , ,6/30/13,Middletown,KVH Industries Inc,4520,452010,45,45201020,D,USA,334511,3812,220,925,B,RI,KVH INDUSTRIES INC,KVHI
62549, , ,7/31/13,Middletown,KVH Industries Inc,4520,452010,45,45201020,D,USA,334511,3812,220,925,B,RI,KVH INDUSTRIES INC,KVHI
62549, , ,8/31/13,Middletown,KVH Industries Inc,4520,452010,45,45201020,D,USA,334511,3812,220,925,B,RI,KVH INDUSTRIES INC,KVHI
62549, , ,9/30/13,Middletown,KVH Industries Inc,4520,452010,45,45201020,D,USA,334511,3812,220,925,B,RI,KVH INDUSTRIES INC,KVHI
62549, , ,10/31/13,Middletown,KVH Industries Inc,4520,452010,45,45201020,D,USA,334511,3812,220,925,B,RI,KVH INDUSTRIES INC,KVHI
62553, , ,1/31/10,Roanoke,Optical Cable Corp,4520,452010,45,45201020,D,USA,335921,3357,360,970,B-,VA,OPTICAL CABLE CORP,OCC
62553, , ,2/28/10,Roanoke,Optical Cable Corp,4520,452010,45,45201020,D,USA,335921,3357,360,970,B-,VA,OPTICAL CABLE CORP,OCC
62553, , ,3/31/10,Roanoke,Optical Cable Corp,4520,452010,45,45201020,D,USA,335921,3357,360,970,B-,VA,OPTICAL CABLE CORP,OCC
62553, , ,4/30/10,Roanoke,Optical Cable Corp,4520,452010,45,45201020,D,USA,335921,3357,360,970,B-,VA,OPTICAL CABLE CORP,OCC
62553, , ,5/31/10,Roanoke,Optical Cable Corp,4520,452010,45,45201020,D,USA,335921,3357,360,970,B-,VA,OPTICAL CABLE CORP,OCC
62553, , ,6/30/10,Roanoke,Optical Cable Corp,4520,452010,45,45201020,D,USA,335921,3357,360,970,B-,VA,OPTICAL CABLE CORP,OCC
62553, , ,7/31/10,Roanoke,Optical Cable Corp,4520,452010,45,45201020,D,USA,335921,3357,360,970,B-,VA,OPTICAL CABLE CORP,OCC
62553, , ,8/31/10,Roanoke,Optical Cable Corp,4520,452010,45,45201020,D,USA,335921,3357,360,970,B-,VA,OPTICAL CABLE CORP,OCC
62553, , ,9/30/10,Roanoke,Optical Cable Corp,4520,452010,45,45201020,D,USA,335921,3357,360,970,B-,VA,OPTICAL CABLE CORP,OCC
62553, , ,10/31/10,Roanoke,Optical Cable Corp,4520,452010,45,45201020,D,USA,335921,3357,360,970,B-,VA,OPTICAL CABLE CORP,OCC
62553, , ,11/30/10,Roanoke,Optical Cable Corp,4520,452010,45,45201020,D,USA,335921,3357,360,970,B-,VA,OPTICAL CABLE CORP,OCC
62553, , ,12/31/10,Roanoke,Optical Cable Corp,4520,452010,45,45201020,D,USA,335921,3357,360,970,B-,VA,OPTICAL CABLE CORP,OCC
62553, , ,1/31/11,Roanoke,Optical Cable Corp,4520,452010,45,45201020,D,USA,335921,3357,360,970,B-,VA,OPTICAL CABLE CORP,OCC
62553, , ,2/28/11,Roanoke,Optical Cable Corp,4520,452010,45,45201020,D,USA,335921,3357,360,970,B-,VA,OPTICAL CABLE CORP,OCC
62553, , ,3/31/11,Roanoke,Optical Cable Corp,4520,452010,45,45201020,D,USA,335921,3357,360,970,B-,VA,OPTICAL CABLE CORP,OCC
62553, , ,4/30/11,Roanoke,Optical Cable Corp,4520,452010,45,45201020,D,USA,335921,3357,360,970,B-,VA,OPTICAL CABLE CORP,OCC
62553, , ,5/31/11,Roanoke,Optical Cable Corp,4520,452010,45,45201020,D,USA,335921,3357,360,970,B-,VA,OPTICAL CABLE CORP,OCC
62553, , ,6/30/11,Roanoke,Optical Cable Corp,4520,452010,45,45201020,D,USA,335921,3357,360,970,B-,VA,OPTICAL CABLE CORP,OCC
62553, , ,7/31/11,Roanoke,Optical Cable Corp,4520,452010,45,45201020,D,USA,335921,3357,360,970,B-,VA,OPTICAL CABLE CORP,OCC
62553, , ,8/31/11,Roanoke,Optical Cable Corp,4520,452010,45,45201020,D,USA,335921,3357,360,970,B-,VA,OPTICAL CABLE CORP,OCC
62553, , ,9/30/11,Roanoke,Optical Cable Corp,4520,452010,45,45201020,D,USA,335921,3357,360,970,B-,VA,OPTICAL CABLE CORP,OCC
62553, , ,10/31/11,Roanoke,Optical Cable Corp,4520,452010,45,45201020,D,USA,335921,3357,360,970,B-,VA,OPTICAL CABLE CORP,OCC
62553, , ,11/30/11,Roanoke,Optical Cable Corp,4520,452010,45,45201020,D,USA,335921,3357,360,970,B-,VA,OPTICAL CABLE CORP,OCC
62553, , ,12/31/11,Roanoke,Optical Cable Corp,4520,452010,45,45201020,D,USA,335921,3357,360,970,B-,VA,OPTICAL CABLE CORP,OCC
62553, , ,1/31/12,Roanoke,Optical Cable Corp,4520,452010,45,45201020,D,USA,335921,3357,360,970,B-,VA,OPTICAL CABLE CORP,OCC
62553, , ,2/29/12,Roanoke,Optical Cable Corp,4520,452010,45,45201020,D,USA,335921,3357,360,970,B-,VA,OPTICAL CABLE CORP,OCC
62553, , ,3/31/12,Roanoke,Optical Cable Corp,4520,452010,45,45201020,D,USA,335921,3357,360,970,B-,VA,OPTICAL CABLE CORP,OCC
62553, , ,4/30/12,Roanoke,Optical Cable Corp,4520,452010,45,45201020,D,USA,335921,3357,360,970,B-,VA,OPTICAL CABLE CORP,OCC
62553, , ,5/31/12,Roanoke,Optical Cable Corp,4520,452010,45,45201020,D,USA,335921,3357,360,970,B-,VA,OPTICAL CABLE CORP,OCC
62553, , ,6/30/12,Roanoke,Optical Cable Corp,4520,452010,45,45201020,D,USA,335921,3357,360,970,B-,VA,OPTICAL CABLE CORP,OCC
62553, , ,7/31/12,Roanoke,Optical Cable Corp,4520,452010,45,45201020,D,USA,335921,3357,360,970,B-,VA,OPTICAL CABLE CORP,OCC
62553, , ,8/31/12,Roanoke,Optical Cable Corp,4520,452010,45,45201020,D,USA,335921,3357,360,970,B-,VA,OPTICAL CABLE CORP,OCC
62553, , ,9/30/12,Roanoke,Optical Cable Corp,4520,452010,45,45201020,D,USA,335921,3357,360,970,B-,VA,OPTICAL CABLE CORP,OCC
62553, , ,10/31/12,Roanoke,Optical Cable Corp,4520,452010,45,45201020,D,USA,335921,3357,360,970,B-,VA,OPTICAL CABLE CORP,OCC
62553, , ,11/30/12,Roanoke,Optical Cable Corp,4520,452010,45,45201020,D,USA,335921,3357,360,970,B-,VA,OPTICAL CABLE CORP,OCC
62553, , ,12/31/12,Roanoke,Optical Cable Corp,4520,452010,45,45201020,D,USA,335921,3357,360,970,B-,VA,OPTICAL CABLE CORP,OCC
62553, , ,1/31/13,Roanoke,Optical Cable Corp,4520,452010,45,45201020,D,USA,335921,3357,360,970,B-,VA,OPTICAL CABLE CORP,OCC
62553, , ,2/28/13,Roanoke,Optical Cable Corp,4520,452010,45,45201020,D,USA,335921,3357,360,970,B-,VA,OPTICAL CABLE CORP,OCC
62553, , ,3/31/13,Roanoke,Optical Cable Corp,4520,452010,45,45201020,D,USA,335921,3357,360,970,B-,VA,OPTICAL CABLE CORP,OCC
62553, , ,4/30/13,Roanoke,Optical Cable Corp,4520,452010,45,45201020,D,USA,335921,3357,360,970,B-,VA,OPTICAL CABLE CORP,OCC
62553, , ,5/31/13,Roanoke,Optical Cable Corp,4520,452010,45,45201020,D,USA,335921,3357,360,970,B-,VA,OPTICAL CABLE CORP,OCC
62553, , ,6/30/13,Roanoke,Optical Cable Corp,4520,452010,45,45201020,D,USA,335921,3357,360,970,B-,VA,OPTICAL CABLE CORP,OCC
62553, , ,7/31/13,Roanoke,Optical Cable Corp,4520,452010,45,45201020,D,USA,335921,3357,360,970,B-,VA,OPTICAL CABLE CORP,OCC
62553, , ,8/31/13,Roanoke,Optical Cable Corp,4520,452010,45,45201020,D,USA,335921,3357,360,970,B-,VA,OPTICAL CABLE CORP,OCC
62553, , ,9/30/13,Roanoke,Optical Cable Corp,4520,452010,45,45201020,D,USA,335921,3357,360,970,B-,VA,OPTICAL CABLE CORP,OCC
62553, , ,10/31/13,Roanoke,Optical Cable Corp,4520,452010,45,45201020,D,USA,335921,3357,360,970,B-,VA,OPTICAL CABLE CORP,OCC
62597, , ,1/31/10,Irvine,I/O Magic Corp,4520,452020,45,45202030,D,USA,334118,3577, , ,C,CA,I/O MAGIC CORP,IOMG
62597, , ,2/28/10,Irvine,I/O Magic Corp,4520,452020,45,45202030,D,USA,334118,3577, , ,C,CA,I/O MAGIC CORP,IOMG
62597, , ,3/31/10,Irvine,I/O Magic Corp,4520,452020,45,45202030,D,USA,334118,3577, , ,C,CA,I/O MAGIC CORP,IOMG
62597, , ,4/30/10,Irvine,I/O Magic Corp,4520,452020,45,45202030,D,USA,334118,3577, , ,C,CA,I/O MAGIC CORP,IOMG
62597, , ,5/31/10,Irvine,I/O Magic Corp,4520,452020,45,45202030,D,USA,334118,3577, , ,C,CA,I/O MAGIC CORP,IOMG
62597, , ,6/30/10,Irvine,I/O Magic Corp,4520,452020,45,45202030,D,USA,334118,3577, , ,C,CA,I/O MAGIC CORP,IOMG
62597, , ,7/31/10,Irvine,I/O Magic Corp,4520,452020,45,45202030,D,USA,334118,3577, , ,C,CA,I/O MAGIC CORP,IOMG
62597, , ,8/31/10,Irvine,I/O Magic Corp,4520,452020,45,45202030,D,USA,334118,3577, , ,C,CA,I/O MAGIC CORP,IOMG
62597, , ,9/30/10,Irvine,I/O Magic Corp,4520,452020,45,45202030,D,USA,334118,3577, , ,C,CA,I/O MAGIC CORP,IOMG
62597, , ,10/31/10,Irvine,I/O Magic Corp,4520,452020,45,45202030,D,USA,334118,3577, , ,C,CA,I/O MAGIC CORP,IOMG
62597, , ,11/30/10,Irvine,I/O Magic Corp,4520,452020,45,45202030,D,USA,334118,3577, , ,C,CA,I/O MAGIC CORP,IOMG
62597, , ,12/31/10,Irvine,I/O Magic Corp,4520,452020,45,45202030,D,USA,334118,3577, , ,C,CA,I/O MAGIC CORP,IOMG
62597, , ,1/31/11,Irvine,I/O Magic Corp,4520,452020,45,45202030,D,USA,334118,3577, , ,C,CA,I/O MAGIC CORP,IOMG
62597, , ,2/28/11,Irvine,I/O Magic Corp,4520,452020,45,45202030,D,USA,334118,3577, , ,C,CA,I/O MAGIC CORP,IOMG
62597, , ,3/31/11,Irvine,I/O Magic Corp,4520,452020,45,45202030,D,USA,334118,3577, , ,C,CA,I/O MAGIC CORP,IOMG
62597, , ,4/30/11,Irvine,I/O Magic Corp,4520,452020,45,45202030,D,USA,334118,3577, , ,C,CA,I/O MAGIC CORP,IOMG
62597, , ,5/31/11,Irvine,I/O Magic Corp,4520,452020,45,45202030,D,USA,334118,3577, , ,C,CA,I/O MAGIC CORP,IOMG
62597, , ,6/30/11,Irvine,I/O Magic Corp,4520,452020,45,45202030,D,USA,334118,3577, , ,C,CA,I/O MAGIC CORP,IOMG
62597, , ,7/31/11,Irvine,I/O Magic Corp,4520,452020,45,45202030,D,USA,334118,3577, , ,C,CA,I/O MAGIC CORP,IOMG
62597, , ,8/31/11,Irvine,I/O Magic Corp,4520,452020,45,45202030,D,USA,334118,3577, , ,C,CA,I/O MAGIC CORP,IOMG
62597, , ,9/30/11,Irvine,I/O Magic Corp,4520,452020,45,45202030,D,USA,334118,3577, , ,C,CA,I/O MAGIC CORP,IOMG
62597, , ,10/31/11,Irvine,I/O Magic Corp,4520,452020,45,45202030,D,USA,334118,3577, , ,C,CA,I/O MAGIC CORP,IOMG
62597, , ,11/30/11,Irvine,I/O Magic Corp,4520,452020,45,45202030,D,USA,334118,3577, , ,C,CA,I/O MAGIC CORP,IOMG
62597, , ,12/31/11,Irvine,I/O Magic Corp,4520,452020,45,45202030,D,USA,334118,3577, , ,C,CA,I/O MAGIC CORP,IOMG
62597, , ,1/31/12,Irvine,I/O Magic Corp,4520,452020,45,45202030,D,USA,334118,3577, , ,C,CA,I/O MAGIC CORP,IOMG
62597, , ,2/29/12,Irvine,I/O Magic Corp,4520,452020,45,45202030,D,USA,334118,3577, , ,C,CA,I/O MAGIC CORP,IOMG
62597, , ,3/31/12,Irvine,I/O Magic Corp,4520,452020,45,45202030,D,USA,334118,3577, , ,C,CA,I/O MAGIC CORP,IOMG
62597, , ,4/30/12,Irvine,I/O Magic Corp,4520,452020,45,45202030,D,USA,334118,3577, , ,C,CA,I/O MAGIC CORP,IOMG
62597, , ,5/31/12,Irvine,I/O Magic Corp,4520,452020,45,45202030,D,USA,334118,3577, , ,C,CA,I/O MAGIC CORP,IOMG
62597, , ,6/30/12,Irvine,I/O Magic Corp,4520,452020,45,45202030,D,USA,334118,3577, , ,C,CA,I/O MAGIC CORP,IOMG
62597, , ,7/31/12,Irvine,I/O Magic Corp,4520,452020,45,45202030,D,USA,334118,3577, , ,C,CA,I/O MAGIC CORP,IOMG
62597, , ,8/31/12,Irvine,I/O Magic Corp,4520,452020,45,45202030,D,USA,334118,3577, , ,C,CA,I/O MAGIC CORP,IOMG
62597, , ,9/30/12,Irvine,I/O Magic Corp,4520,452020,45,45202030,D,USA,334118,3577, , ,C,CA,I/O MAGIC CORP,IOMG
62597, , ,10/31/12,Irvine,I/O Magic Corp,4520,452020,45,45202030,D,USA,334118,3577, , ,C,CA,I/O MAGIC CORP,IOMG
62597, , ,11/30/12,Irvine,I/O Magic Corp,4520,452020,45,45202030,D,USA,334118,3577, , ,C,CA,I/O MAGIC CORP,IOMG
62597, , ,12/31/12,Irvine,I/O Magic Corp,4520,452020,45,45202030,D,USA,334118,3577, , ,C,CA,I/O MAGIC CORP,IOMG
62597, , ,1/31/13,Irvine,I/O Magic Corp,4520,452020,45,45202030,D,USA,334118,3577, , ,C,CA,I/O MAGIC CORP,IOMG
62597, , ,2/28/13,Irvine,I/O Magic Corp,4520,452020,45,45202030,D,USA,334118,3577, , ,C,CA,I/O MAGIC CORP,IOMG
62597, , ,3/31/13,Irvine,I/O Magic Corp,4520,452020,45,45202030,D,USA,334118,3577, , ,C,CA,I/O MAGIC CORP,IOMG
62597, , ,4/30/13,Irvine,I/O Magic Corp,4520,452020,45,45202030,D,USA,334118,3577, , ,C,CA,I/O MAGIC CORP,IOMG
62597, , ,5/31/13,Irvine,I/O Magic Corp,4520,452020,45,45202030,D,USA,334118,3577, , ,C,CA,I/O MAGIC CORP,IOMG
62597, , ,6/30/13,Irvine,I/O Magic Corp,4520,452020,45,45202030,D,USA,334118,3577, , ,C,CA,I/O MAGIC CORP,IOMG
62597, , ,7/31/13,Irvine,I/O Magic Corp,4520,452020,45,45202030,D,USA,334118,3577, , ,C,CA,I/O MAGIC CORP,IOMG
62597, , ,8/31/13,Irvine,I/O Magic Corp,4520,452020,45,45202030,D,USA,334118,3577, , ,C,CA,I/O MAGIC CORP,IOMG
62597, , ,9/30/13,Irvine,I/O Magic Corp,4520,452020,45,45202030,D,USA,334118,3577, , ,C,CA,I/O MAGIC CORP,IOMG
62597, , ,10/31/13,Irvine,I/O Magic Corp,4520,452020,45,45202030,D,USA,334118,3577, , ,C,CA,I/O MAGIC CORP,IOMG
62612, , ,1/31/10,Denver,Qualmark Corp,4520,452030,45,45203010,D,USA,334519,3829,230,940,B-,CO,QUALMARK CORP,QMRK
62612, , ,2/28/10,Denver,Qualmark Corp,4520,452030,45,45203010,D,USA,334519,3829,230,940,B-,CO,QUALMARK CORP,QMRK
62612, , ,3/31/10,Denver,Qualmark Corp,4520,452030,45,45203010,D,USA,334519,3829,230,940,B-,CO,QUALMARK CORP,QMRK
62612, , ,4/30/10,Denver,Qualmark Corp,4520,452030,45,45203010,D,USA,334519,3829,230,940,B-,CO,QUALMARK CORP,QMRK
62612, , ,5/31/10,Denver,Qualmark Corp,4520,452030,45,45203010,D,USA,334519,3829,230,940,B-,CO,QUALMARK CORP,QMRK
62612, , ,6/30/10,Denver,Qualmark Corp,4520,452030,45,45203010,D,USA,334519,3829,230,940,B-,CO,QUALMARK CORP,QMRK
62612, , ,7/31/10,Denver,Qualmark Corp,4520,452030,45,45203010,D,USA,334519,3829,230,940,B-,CO,QUALMARK CORP,QMRK
62612, , ,8/31/10,Denver,Qualmark Corp,4520,452030,45,45203010,D,USA,334519,3829,230,940,B-,CO,QUALMARK CORP,QMRK
62612, , ,9/30/10,Denver,Qualmark Corp,4520,452030,45,45203010,D,USA,334519,3829,230,940,B-,CO,QUALMARK CORP,QMRK
62612, , ,10/31/10,Denver,Qualmark Corp,4520,452030,45,45203010,D,USA,334519,3829,230,940,B-,CO,QUALMARK CORP,QMRK
62612, , ,11/30/10,Denver,Qualmark Corp,4520,452030,45,45203010,D,USA,334519,3829,230,940,B-,CO,QUALMARK CORP,QMRK
62612, , ,12/31/10,Denver,Qualmark Corp,4520,452030,45,45203010,D,USA,334519,3829,230,940,B-,CO,QUALMARK CORP,QMRK
62612, , ,1/31/11,Denver,Qualmark Corp,4520,452030,45,45203010,D,USA,334519,3829,230,940,B-,CO,QUALMARK CORP,QMRK
62612, , ,2/28/11,Denver,Qualmark Corp,4520,452030,45,45203010,D,USA,334519,3829,230,940,B-,CO,QUALMARK CORP,QMRK
62612, , ,3/31/11,Denver,Qualmark Corp,4520,452030,45,45203010,D,USA,334519,3829,230,940,B-,CO,QUALMARK CORP,QMRK
62612, , ,4/30/11,Denver,Qualmark Corp,4520,452030,45,45203010,D,USA,334519,3829,230,940,B-,CO,QUALMARK CORP,QMRK
62612, , ,5/31/11,Denver,Qualmark Corp,4520,452030,45,45203010,D,USA,334519,3829,230,940,B-,CO,QUALMARK CORP,QMRK
62612, , ,6/30/11,Denver,Qualmark Corp,4520,452030,45,45203010,D,USA,334519,3829,230,940,B-,CO,QUALMARK CORP,QMRK
62612, , ,7/31/11,Denver,Qualmark Corp,4520,452030,45,45203010,D,USA,334519,3829,230,940,B-,CO,QUALMARK CORP,QMRK
62612, , ,8/31/11,Denver,Qualmark Corp,4520,452030,45,45203010,D,USA,334519,3829,230,940,B-,CO,QUALMARK CORP,QMRK
62612, , ,9/30/11,Denver,Qualmark Corp,4520,452030,45,45203010,D,USA,334519,3829,230,940,B-,CO,QUALMARK CORP,QMRK
62612, , ,10/31/11,Denver,Qualmark Corp,4520,452030,45,45203010,D,USA,334519,3829,230,940,B-,CO,QUALMARK CORP,QMRK
62612, , ,11/30/11,Denver,Qualmark Corp,4520,452030,45,45203010,D,USA,334519,3829,230,940,B-,CO,QUALMARK CORP,QMRK
62612, , ,12/31/11,Denver,Qualmark Corp,4520,452030,45,45203010,D,USA,334519,3829,230,940,B-,CO,QUALMARK CORP,QMRK
62612, , ,1/31/12,Denver,Qualmark Corp,4520,452030,45,45203010,D,USA,334519,3829,230,940,B-,CO,QUALMARK CORP,QMRK
62612, , ,2/29/12,Denver,Qualmark Corp,4520,452030,45,45203010,D,USA,334519,3829,230,940,B-,CO,QUALMARK CORP,QMRK
62612, , ,3/31/12,Denver,Qualmark Corp,4520,452030,45,45203010,D,USA,334519,3829,230,940,B-,CO,QUALMARK CORP,QMRK
62612, , ,4/30/12,Denver,Qualmark Corp,4520,452030,45,45203010,D,USA,334519,3829,230,940,B-,CO,QUALMARK CORP,QMRK
62612, , ,5/31/12,Denver,Qualmark Corp,4520,452030,45,45203010,D,USA,334519,3829,230,940,B-,CO,QUALMARK CORP,QMRK
62612, , ,6/30/12,Denver,Qualmark Corp,4520,452030,45,45203010,D,USA,334519,3829,230,940,B-,CO,QUALMARK CORP,QMRK
62612, , ,7/31/12,Denver,Qualmark Corp,4520,452030,45,45203010,D,USA,334519,3829,230,940,B-,CO,QUALMARK CORP,QMRK
62612, , ,8/31/12,Denver,Qualmark Corp,4520,452030,45,45203010,D,USA,334519,3829,230,940,B-,CO,QUALMARK CORP,QMRK
62612, , ,9/30/12,Denver,Qualmark Corp,4520,452030,45,45203010,D,USA,334519,3829,230,940,B-,CO,QUALMARK CORP,QMRK
62612, , ,10/31/12,Denver,Qualmark Corp,4520,452030,45,45203010,D,USA,334519,3829,230,940,B-,CO,QUALMARK CORP,QMRK
62612, , ,11/30/12,Denver,Qualmark Corp,4520,452030,45,45203010,D,USA,334519,3829,230,940,B-,CO,QUALMARK CORP,QMRK
62612, , ,12/31/12,Denver,Qualmark Corp,4520,452030,45,45203010,D,USA,334519,3829,230,940,B-,CO,QUALMARK CORP,QMRK
62612, , ,1/31/13,Denver,Qualmark Corp,4520,452030,45,45203010,D,USA,334519,3829,230,940,B-,CO,QUALMARK CORP,QMRK
62612, , ,2/28/13,Denver,Qualmark Corp,4520,452030,45,45203010,D,USA,334519,3829,230,940,B-,CO,QUALMARK CORP,QMRK
62612, , ,3/31/13,Denver,Qualmark Corp,4520,452030,45,45203010,D,USA,334519,3829,230,940,B-,CO,QUALMARK CORP,QMRK
62612, , ,4/30/13,Denver,Qualmark Corp,4520,452030,45,45203010,D,USA,334519,3829,230,940,B-,CO,QUALMARK CORP,QMRK
62612, , ,5/31/13,Denver,Qualmark Corp,4520,452030,45,45203010,D,USA,334519,3829,230,940,B-,CO,QUALMARK CORP,QMRK
62612, , ,6/30/13,Denver,Qualmark Corp,4520,452030,45,45203010,D,USA,334519,3829,230,940,B-,CO,QUALMARK CORP,QMRK
62612, , ,7/31/13,Denver,Qualmark Corp,4520,452030,45,45203010,D,USA,334519,3829,230,940,B-,CO,QUALMARK CORP,QMRK
62612, , ,8/31/13,Denver,Qualmark Corp,4520,452030,45,45203010,D,USA,334519,3829,230,940,B-,CO,QUALMARK CORP,QMRK
62612, , ,9/30/13,Denver,Qualmark Corp,4520,452030,45,45203010,D,USA,334519,3829,230,940,B-,CO,QUALMARK CORP,QMRK
62612, , ,10/31/13,Denver,Qualmark Corp,4520,452030,45,45203010,D,USA,334519,3829,230,940,B-,CO,QUALMARK CORP,QMRK
62613, , ,1/31/10,Huntingdon Valley,Wireless Xcessories Group Inc,4520,452030,45,45203030,D,USA,423610,5063,222,940,B-,PA,WIRELESS XCESSORIES GRP INC,WIRX
62613, , ,2/28/10,Huntingdon Valley,Wireless Xcessories Group Inc,4520,452030,45,45203030,D,USA,423610,5063,222,940,B-,PA,WIRELESS XCESSORIES GRP INC,WIRX
62613, , ,3/31/10,Huntingdon Valley,Wireless Xcessories Group Inc,4520,452030,45,45203030,D,USA,423610,5063,222,940,B-,PA,WIRELESS XCESSORIES GRP INC,WIRX
62613, , ,4/30/10,Huntingdon Valley,Wireless Xcessories Group Inc,4520,452030,45,45203030,D,USA,423610,5063,222,940,B-,PA,WIRELESS XCESSORIES GRP INC,WIRX
62613, , ,5/31/10,Huntingdon Valley,Wireless Xcessories Group Inc,4520,452030,45,45203030,D,USA,423610,5063,222,940,B-,PA,WIRELESS XCESSORIES GRP INC,WIRX
62613, , ,6/30/10,Huntingdon Valley,Wireless Xcessories Group Inc,4520,452030,45,45203030,D,USA,423610,5063,222,940,B-,PA,WIRELESS XCESSORIES GRP INC,WIRX
62613, , ,7/31/10,Huntingdon Valley,Wireless Xcessories Group Inc,4520,452030,45,45203030,D,USA,423610,5063,222,940,B-,PA,WIRELESS XCESSORIES GRP INC,WIRX
62613, , ,8/31/10,Huntingdon Valley,Wireless Xcessories Group Inc,4520,452030,45,45203030,D,USA,423610,5063,222,940,B-,PA,WIRELESS XCESSORIES GRP INC,WIRX
62613, , ,9/30/10,Huntingdon Valley,Wireless Xcessories Group Inc,4520,452030,45,45203030,D,USA,423610,5063,222,940,B-,PA,WIRELESS XCESSORIES GRP INC,WIRX
62613, , ,10/31/10,Huntingdon Valley,Wireless Xcessories Group Inc,4520,452030,45,45203030,D,USA,423610,5063,222,940,B-,PA,WIRELESS XCESSORIES GRP INC,WIRX
62613, , ,11/30/10,Huntingdon Valley,Wireless Xcessories Group Inc,4520,452030,45,45203030,D,USA,423610,5063,222,940,B-,PA,WIRELESS XCESSORIES GRP INC,WIRX
62613, , ,12/31/10,Huntingdon Valley,Wireless Xcessories Group Inc,4520,452030,45,45203030,D,USA,423610,5063,222,940,B-,PA,WIRELESS XCESSORIES GRP INC,WIRX
62613, , ,1/31/11,Huntingdon Valley,Wireless Xcessories Group Inc,4520,452030,45,45203030,D,USA,423610,5063,222,940,B-,PA,WIRELESS XCESSORIES GRP INC,WIRX
62613, , ,2/28/11,Huntingdon Valley,Wireless Xcessories Group Inc,4520,452030,45,45203030,D,USA,423610,5063,222,940,B-,PA,WIRELESS XCESSORIES GRP INC,WIRX
62613, , ,3/31/11,Huntingdon Valley,Wireless Xcessories Group Inc,4520,452030,45,45203030,D,USA,423610,5063,222,940,B-,PA,WIRELESS XCESSORIES GRP INC,WIRX
62613, , ,4/30/11,Huntingdon Valley,Wireless Xcessories Group Inc,4520,452030,45,45203030,D,USA,423610,5063,222,940,B-,PA,WIRELESS XCESSORIES GRP INC,WIRX
62613, , ,5/31/11,Huntingdon Valley,Wireless Xcessories Group Inc,4520,452030,45,45203030,D,USA,423610,5063,222,940,B-,PA,WIRELESS XCESSORIES GRP INC,WIRX
62613, , ,6/30/11,Huntingdon Valley,Wireless Xcessories Group Inc,4520,452030,45,45203030,D,USA,423610,5063,222,940,B-,PA,WIRELESS XCESSORIES GRP INC,WIRX
62613, , ,7/31/11,Huntingdon Valley,Wireless Xcessories Group Inc,4520,452030,45,45203030,D,USA,423610,5063,222,940,B-,PA,WIRELESS XCESSORIES GRP INC,WIRX
62613, , ,8/31/11,Huntingdon Valley,Wireless Xcessories Group Inc,4520,452030,45,45203030,D,USA,423610,5063,222,940,B-,PA,WIRELESS XCESSORIES GRP INC,WIRX
62613, , ,9/30/11,Huntingdon Valley,Wireless Xcessories Group Inc,4520,452030,45,45203030,D,USA,423610,5063,222,940,B-,PA,WIRELESS XCESSORIES GRP INC,WIRX
62613, , ,10/31/11,Huntingdon Valley,Wireless Xcessories Group Inc,4520,452030,45,45203030,D,USA,423610,5063,222,940,B-,PA,WIRELESS XCESSORIES GRP INC,WIRX
62613, , ,11/30/11,Huntingdon Valley,Wireless Xcessories Group Inc,4520,452030,45,45203030,D,USA,423610,5063,222,940,B-,PA,WIRELESS XCESSORIES GRP INC,WIRX
62613, , ,12/31/11,Huntingdon Valley,Wireless Xcessories Group Inc,4520,452030,45,45203030,D,USA,423610,5063,222,940,B-,PA,WIRELESS XCESSORIES GRP INC,WIRX
62613, , ,1/31/12,Huntingdon Valley,Wireless Xcessories Group Inc,4520,452030,45,45203030,D,USA,423610,5063,222,940,B-,PA,WIRELESS XCESSORIES GRP INC,WIRX
62613, , ,2/29/12,Huntingdon Valley,Wireless Xcessories Group Inc,4520,452030,45,45203030,D,USA,423610,5063,222,940,B-,PA,WIRELESS XCESSORIES GRP INC,WIRX
62613, , ,3/31/12,Huntingdon Valley,Wireless Xcessories Group Inc,4520,452030,45,45203030,D,USA,423610,5063,222,940,B-,PA,WIRELESS XCESSORIES GRP INC,WIRX
62613, , ,4/30/12,Huntingdon Valley,Wireless Xcessories Group Inc,4520,452030,45,45203030,D,USA,423610,5063,222,940,B-,PA,WIRELESS XCESSORIES GRP INC,WIRX
62613, , ,5/31/12,Huntingdon Valley,Wireless Xcessories Group Inc,4520,452030,45,45203030,D,USA,423610,5063,222,940,B-,PA,WIRELESS XCESSORIES GRP INC,WIRX
62613, , ,6/30/12,Huntingdon Valley,Wireless Xcessories Group Inc,4520,452030,45,45203030,D,USA,423610,5063,222,940,B-,PA,WIRELESS XCESSORIES GRP INC,WIRX
62613, , ,7/31/12,Huntingdon Valley,Wireless Xcessories Group Inc,4520,452030,45,45203030,D,USA,423610,5063,222,940,B-,PA,WIRELESS XCESSORIES GRP INC,WIRX
62613, , ,8/31/12,Huntingdon Valley,Wireless Xcessories Group Inc,4520,452030,45,45203030,D,USA,423610,5063,222,940,B-,PA,WIRELESS XCESSORIES GRP INC,WIRX
62613, , ,9/30/12,Huntingdon Valley,Wireless Xcessories Group Inc,4520,452030,45,45203030,D,USA,423610,5063,222,940,B-,PA,WIRELESS XCESSORIES GRP INC,WIRX
62613, , ,10/31/12,Huntingdon Valley,Wireless Xcessories Group Inc,4520,452030,45,45203030,D,USA,423610,5063,222,940,B-,PA,WIRELESS XCESSORIES GRP INC,WIRX
62613, , ,11/30/12,Huntingdon Valley,Wireless Xcessories Group Inc,4520,452030,45,45203030,D,USA,423610,5063,222,940,B-,PA,WIRELESS XCESSORIES GRP INC,WIRX
62613, , ,12/31/12,Huntingdon Valley,Wireless Xcessories Group Inc,4520,452030,45,45203030,D,USA,423610,5063,222,940,B-,PA,WIRELESS XCESSORIES GRP INC,WIRX
62613, , ,1/31/13,Huntingdon Valley,Wireless Xcessories Group Inc,4520,452030,45,45203030,D,USA,423610,5063,222,940,B-,PA,WIRELESS XCESSORIES GRP INC,WIRX
62613, , ,2/28/13,Huntingdon Valley,Wireless Xcessories Group Inc,4520,452030,45,45203030,D,USA,423610,5063,222,940,B-,PA,WIRELESS XCESSORIES GRP INC,WIRX
62613, , ,3/31/13,Huntingdon Valley,Wireless Xcessories Group Inc,4520,452030,45,45203030,D,USA,423610,5063,222,940,B-,PA,WIRELESS XCESSORIES GRP INC,WIRX
62613, , ,4/30/13,Huntingdon Valley,Wireless Xcessories Group Inc,4520,452030,45,45203030,D,USA,423610,5063,222,940,B-,PA,WIRELESS XCESSORIES GRP INC,WIRX
62613, , ,5/31/13,Huntingdon Valley,Wireless Xcessories Group Inc,4520,452030,45,45203030,D,USA,423610,5063,222,940,B-,PA,WIRELESS XCESSORIES GRP INC,WIRX
62613, , ,6/30/13,Huntingdon Valley,Wireless Xcessories Group Inc,4520,452030,45,45203030,D,USA,423610,5063,222,940,B-,PA,WIRELESS XCESSORIES GRP INC,WIRX
62613, , ,7/31/13,Huntingdon Valley,Wireless Xcessories Group Inc,4520,452030,45,45203030,D,USA,423610,5063,222,940,B-,PA,WIRELESS XCESSORIES GRP INC,WIRX
62613, , ,8/31/13,Huntingdon Valley,Wireless Xcessories Group Inc,4520,452030,45,45203030,D,USA,423610,5063,222,940,B-,PA,WIRELESS XCESSORIES GRP INC,WIRX
62613, , ,9/30/13,Huntingdon Valley,Wireless Xcessories Group Inc,4520,452030,45,45203030,D,USA,423610,5063,222,940,B-,PA,WIRELESS XCESSORIES GRP INC,WIRX
62613, , ,10/31/13,Huntingdon Valley,Wireless Xcessories Group Inc,4520,452030,45,45203030,D,USA,423610,5063,222,940,B-,PA,WIRELESS XCESSORIES GRP INC,WIRX
62730, , ,1/31/10,San Jose,Polycom Inc,4520,452010,45,45201020,D,USA,334210,3661,180,940,B,CA,POLYCOM INC,PLCM
62730, , ,2/28/10,San Jose,Polycom Inc,4520,452010,45,45201020,D,USA,334210,3661,180,940,B,CA,POLYCOM INC,PLCM
62730, , ,3/31/10,San Jose,Polycom Inc,4520,452010,45,45201020,D,USA,334210,3661,180,940,B,CA,POLYCOM INC,PLCM
62730, , ,4/30/10,San Jose,Polycom Inc,4520,452010,45,45201020,D,USA,334210,3661,180,940,B,CA,POLYCOM INC,PLCM
62730, , ,5/31/10,San Jose,Polycom Inc,4520,452010,45,45201020,D,USA,334210,3661,180,940,B,CA,POLYCOM INC,PLCM
62730, , ,6/30/10,San Jose,Polycom Inc,4520,452010,45,45201020,D,USA,334210,3661,180,940,B,CA,POLYCOM INC,PLCM
62730, , ,7/31/10,San Jose,Polycom Inc,4520,452010,45,45201020,D,USA,334210,3661,180,940,B,CA,POLYCOM INC,PLCM
62730, , ,8/31/10,San Jose,Polycom Inc,4520,452010,45,45201020,D,USA,334210,3661,180,940,B,CA,POLYCOM INC,PLCM
62730, , ,9/30/10,San Jose,Polycom Inc,4520,452010,45,45201020,D,USA,334210,3661,180,940,B,CA,POLYCOM INC,PLCM
62730, , ,10/31/10,San Jose,Polycom Inc,4520,452010,45,45201020,D,USA,334210,3661,180,940,B,CA,POLYCOM INC,PLCM
62730, , ,11/30/10,San Jose,Polycom Inc,4520,452010,45,45201020,D,USA,334210,3661,180,940,B,CA,POLYCOM INC,PLCM
62730, , ,12/31/10,San Jose,Polycom Inc,4520,452010,45,45201020,D,USA,334210,3661,180,940,B,CA,POLYCOM INC,PLCM
62730, , ,1/31/11,San Jose,Polycom Inc,4520,452010,45,45201020,D,USA,334210,3661,180,940,B,CA,POLYCOM INC,PLCM
62730, , ,2/28/11,San Jose,Polycom Inc,4520,452010,45,45201020,D,USA,334210,3661,180,940,B,CA,POLYCOM INC,PLCM
62730, , ,3/31/11,San Jose,Polycom Inc,4520,452010,45,45201020,D,USA,334210,3661,180,940,B,CA,POLYCOM INC,PLCM
62730, , ,4/30/11,San Jose,Polycom Inc,4520,452010,45,45201020,D,USA,334210,3661,180,940,B,CA,POLYCOM INC,PLCM
62730, , ,5/31/11,San Jose,Polycom Inc,4520,452010,45,45201020,D,USA,334210,3661,180,940,B,CA,POLYCOM INC,PLCM
62730, , ,6/30/11,San Jose,Polycom Inc,4520,452010,45,45201020,D,USA,334210,3661,180,940,B,CA,POLYCOM INC,PLCM
62730, , ,7/31/11,San Jose,Polycom Inc,4520,452010,45,45201020,D,USA,334210,3661,180,940,B,CA,POLYCOM INC,PLCM
62730, , ,8/31/11,San Jose,Polycom Inc,4520,452010,45,45201020,D,USA,334210,3661,180,940,B,CA,POLYCOM INC,PLCM
62730, , ,9/30/11,San Jose,Polycom Inc,4520,452010,45,45201020,D,USA,334210,3661,180,940,B,CA,POLYCOM INC,PLCM
62730, , ,10/31/11,San Jose,Polycom Inc,4520,452010,45,45201020,D,USA,334210,3661,180,940,B,CA,POLYCOM INC,PLCM
62730, , ,11/30/11,San Jose,Polycom Inc,4520,452010,45,45201020,D,USA,334210,3661,180,940,B,CA,POLYCOM INC,PLCM
62730, , ,12/31/11,San Jose,Polycom Inc,4520,452010,45,45201020,D,USA,334210,3661,180,940,B,CA,POLYCOM INC,PLCM
62730, , ,1/31/12,San Jose,Polycom Inc,4520,452010,45,45201020,D,USA,334210,3661,180,940,B,CA,POLYCOM INC,PLCM
62730, , ,2/29/12,San Jose,Polycom Inc,4520,452010,45,45201020,D,USA,334210,3661,180,940,B,CA,POLYCOM INC,PLCM
62730, , ,3/31/12,San Jose,Polycom Inc,4520,452010,45,45201020,D,USA,334210,3661,180,940,B,CA,POLYCOM INC,PLCM
62730, , ,4/30/12,San Jose,Polycom Inc,4520,452010,45,45201020,D,USA,334210,3661,180,940,B,CA,POLYCOM INC,PLCM
62730, , ,5/31/12,San Jose,Polycom Inc,4520,452010,45,45201020,D,USA,334210,3661,180,940,B,CA,POLYCOM INC,PLCM
62730, , ,6/30/12,San Jose,Polycom Inc,4520,452010,45,45201020,D,USA,334210,3661,180,940,B,CA,POLYCOM INC,PLCM
62730, , ,7/31/12,San Jose,Polycom Inc,4520,452010,45,45201020,D,USA,334210,3661,180,940,B,CA,POLYCOM INC,PLCM
62730, , ,8/31/12,San Jose,Polycom Inc,4520,452010,45,45201020,D,USA,334210,3661,180,940,B,CA,POLYCOM INC,PLCM
62730, , ,9/30/12,San Jose,Polycom Inc,4520,452010,45,45201020,D,USA,334210,3661,180,940,B,CA,POLYCOM INC,PLCM
62730, , ,10/31/12,San Jose,Polycom Inc,4520,452010,45,45201020,D,USA,334210,3661,180,940,B,CA,POLYCOM INC,PLCM
62730, , ,11/30/12,San Jose,Polycom Inc,4520,452010,45,45201020,D,USA,334210,3661,180,940,B,CA,POLYCOM INC,PLCM
62730, , ,12/31/12,San Jose,Polycom Inc,4520,452010,45,45201020,D,USA,334210,3661,180,940,B,CA,POLYCOM INC,PLCM
62730, , ,1/31/13,San Jose,Polycom Inc,4520,452010,45,45201020,D,USA,334210,3661,180,940,B,CA,POLYCOM INC,PLCM
62730, , ,2/28/13,San Jose,Polycom Inc,4520,452010,45,45201020,D,USA,334210,3661,180,940,B,CA,POLYCOM INC,PLCM
62730, , ,3/31/13,San Jose,Polycom Inc,4520,452010,45,45201020,D,USA,334210,3661,180,940,B,CA,POLYCOM INC,PLCM
62730, , ,4/30/13,San Jose,Polycom Inc,4520,452010,45,45201020,D,USA,334210,3661,180,940,B,CA,POLYCOM INC,PLCM
62730, , ,5/31/13,San Jose,Polycom Inc,4520,452010,45,45201020,D,USA,334210,3661,180,940,B,CA,POLYCOM INC,PLCM
62730, , ,6/30/13,San Jose,Polycom Inc,4520,452010,45,45201020,D,USA,334210,3661,180,940,B,CA,POLYCOM INC,PLCM
62730, , ,7/31/13,San Jose,Polycom Inc,4520,452010,45,45201020,D,USA,334210,3661,180,940,B,CA,POLYCOM INC,PLCM
62730, , ,8/31/13,San Jose,Polycom Inc,4520,452010,45,45201020,D,USA,334210,3661,180,940,B,CA,POLYCOM INC,PLCM
62730, , ,9/30/13,San Jose,Polycom Inc,4520,452010,45,45201020,D,USA,334210,3661,180,940,B,CA,POLYCOM INC,PLCM
62730, , ,10/31/13,San Jose,Polycom Inc,4520,452010,45,45201020,D,USA,334210,3661,180,940,B,CA,POLYCOM INC,PLCM
62768, , ,1/31/10,Groveport,Pinnacle Data Systems Inc.,4520,452030,45,45203020,D,USA,334412,3672,185,940,C,OH,PINNACLE DATA SYSTEMS INC,PNS
62768, , ,2/28/10,Groveport,Pinnacle Data Systems Inc.,4520,452030,45,45203020,D,USA,334412,3672,185,940,C,OH,PINNACLE DATA SYSTEMS INC,PNS
62768, , ,3/31/10,Groveport,Pinnacle Data Systems Inc.,4520,452030,45,45203020,D,USA,334412,3672,185,940,C,OH,PINNACLE DATA SYSTEMS INC,PNS
62768, , ,4/30/10,Groveport,Pinnacle Data Systems Inc.,4520,452030,45,45203020,D,USA,334412,3672,185,940,C,OH,PINNACLE DATA SYSTEMS INC,PNS
62768, , ,5/31/10,Groveport,Pinnacle Data Systems Inc.,4520,452030,45,45203020,D,USA,334412,3672,185,940,C,OH,PINNACLE DATA SYSTEMS INC,PNS
62768, , ,6/30/10,Groveport,Pinnacle Data Systems Inc.,4520,452030,45,45203020,D,USA,334412,3672,185,940,C,OH,PINNACLE DATA SYSTEMS INC,PNS
62768, , ,7/31/10,Groveport,Pinnacle Data Systems Inc.,4520,452030,45,45203020,D,USA,334412,3672,185,940,C,OH,PINNACLE DATA SYSTEMS INC,PNS
62768, , ,8/31/10,Groveport,Pinnacle Data Systems Inc.,4520,452030,45,45203020,D,USA,334412,3672,185,940,C,OH,PINNACLE DATA SYSTEMS INC,PNS
62768, , ,9/30/10,Groveport,Pinnacle Data Systems Inc.,4520,452030,45,45203020,D,USA,334412,3672,185,940,C,OH,PINNACLE DATA SYSTEMS INC,PNS
62768, , ,10/31/10,Groveport,Pinnacle Data Systems Inc.,4520,452030,45,45203020,D,USA,334412,3672,185,940,C,OH,PINNACLE DATA SYSTEMS INC,PNS
62768, , ,11/30/10,Groveport,Pinnacle Data Systems Inc.,4520,452030,45,45203020,D,USA,334412,3672,185,940,C,OH,PINNACLE DATA SYSTEMS INC,PNS
62768, , ,12/31/10,Groveport,Pinnacle Data Systems Inc.,4520,452030,45,45203020,D,USA,334412,3672,185,940,C,OH,PINNACLE DATA SYSTEMS INC,PNS
62768, , ,1/31/11,Groveport,Pinnacle Data Systems Inc.,4520,452030,45,45203020,D,USA,334412,3672,185,940,C,OH,PINNACLE DATA SYSTEMS INC,PNS
62768, , ,2/28/11,Groveport,Pinnacle Data Systems Inc.,4520,452030,45,45203020,D,USA,334412,3672,185,940,C,OH,PINNACLE DATA SYSTEMS INC,PNS
62768, , ,3/31/11,Groveport,Pinnacle Data Systems Inc.,4520,452030,45,45203020,D,USA,334412,3672,185,940,C,OH,PINNACLE DATA SYSTEMS INC,PNS
62768, , ,4/30/11,Groveport,Pinnacle Data Systems Inc.,4520,452030,45,45203020,D,USA,334412,3672,185,940,C,OH,PINNACLE DATA SYSTEMS INC,PNS
62768, , ,5/31/11,Groveport,Pinnacle Data Systems Inc.,4520,452030,45,45203020,D,USA,334412,3672,185,940,C,OH,PINNACLE DATA SYSTEMS INC,PNS
62768, , ,6/30/11,Groveport,Pinnacle Data Systems Inc.,4520,452030,45,45203020,D,USA,334412,3672,185,940,C,OH,PINNACLE DATA SYSTEMS INC,PNS
62768, , ,7/31/11,Groveport,Pinnacle Data Systems Inc.,4520,452030,45,45203020,D,USA,334412,3672,185,940,C,OH,PINNACLE DATA SYSTEMS INC,PNS
62768, , ,8/31/11,Groveport,Pinnacle Data Systems Inc.,4520,452030,45,45203020,D,USA,334412,3672,185,940,C,OH,PINNACLE DATA SYSTEMS INC,PNS
62768, , ,9/30/11,Groveport,Pinnacle Data Systems Inc.,4520,452030,45,45203020,D,USA,334412,3672,185,940,C,OH,PINNACLE DATA SYSTEMS INC,PNS
62768, , ,10/31/11,Groveport,Pinnacle Data Systems Inc.,4520,452030,45,45203020,D,USA,334412,3672,185,940,C,OH,PINNACLE DATA SYSTEMS INC,PNS
62768, , ,11/30/11,Groveport,Pinnacle Data Systems Inc.,4520,452030,45,45203020,D,USA,334412,3672,185,940,C,OH,PINNACLE DATA SYSTEMS INC,PNS
62768, , ,12/31/11,Groveport,Pinnacle Data Systems Inc.,4520,452030,45,45203020,D,USA,334412,3672,185,940,C,OH,PINNACLE DATA SYSTEMS INC,PNS
62768, , ,1/31/12,Groveport,Pinnacle Data Systems Inc.,4520,452030,45,45203020,D,USA,334412,3672,185,940,C,OH,PINNACLE DATA SYSTEMS INC,PNS
62902, , ,1/31/10,Waterloo,DALSA Corp,4520,452030,45,45203015,D,CAN,334413,3674,403,940,B-,ON,DALSA CORP,DSA.
62902, , ,2/28/10,Waterloo,DALSA Corp,4520,452030,45,45203015,D,CAN,334413,3674,403,940,B-,ON,DALSA CORP,DSA.
62902, , ,3/31/10,Waterloo,DALSA Corp,4520,452030,45,45203015,D,CAN,334413,3674,403,940,B-,ON,DALSA CORP,DSA.
62902, , ,4/30/10,Waterloo,DALSA Corp,4520,452030,45,45203015,D,CAN,334413,3674,403,940,B-,ON,DALSA CORP,DSA.
62902, , ,5/31/10,Waterloo,DALSA Corp,4520,452030,45,45203015,D,CAN,334413,3674,403,940,B-,ON,DALSA CORP,DSA.
62902, , ,6/30/10,Waterloo,DALSA Corp,4520,452030,45,45203015,D,CAN,334413,3674,403,940,B-,ON,DALSA CORP,DSA.
62902, , ,7/31/10,Waterloo,DALSA Corp,4520,452030,45,45203015,D,CAN,334413,3674,403,940,B-,ON,DALSA CORP,DSA.
62902, , ,8/31/10,Waterloo,DALSA Corp,4520,452030,45,45203015,D,CAN,334413,3674,403,940,B-,ON,DALSA CORP,DSA.
62902, , ,9/30/10,Waterloo,DALSA Corp,4520,452030,45,45203015,D,CAN,334413,3674,403,940,B-,ON,DALSA CORP,DSA.
62902, , ,10/31/10,Waterloo,DALSA Corp,4520,452030,45,45203015,D,CAN,334413,3674,403,940,B-,ON,DALSA CORP,DSA.
62902, , ,11/30/10,Waterloo,DALSA Corp,4520,452030,45,45203015,D,CAN,334413,3674,403,940,B-,ON,DALSA CORP,DSA.
62902, , ,12/31/10,Waterloo,DALSA Corp,4520,452030,45,45203015,D,CAN,334413,3674,403,940,B-,ON,DALSA CORP,DSA.
62902, , ,1/31/11,Waterloo,DALSA Corp,4520,452030,45,45203015,D,CAN,334413,3674,403,940,B-,ON,DALSA CORP,DSA.
62902, , ,2/28/11,Waterloo,DALSA Corp,4520,452030,45,45203015,D,CAN,334413,3674,403,940,B-,ON,DALSA CORP,DSA.
62956, , ,1/31/10,Rishon LeZion,B.O.S. Better Online Solutions Ltd,4520,452010,45,45201020,D,ISR,334413,3674,190,940, , ,BOS BETTER ONLINE SOLUTIONS,BOSC
62956, , ,2/28/10,Rishon LeZion,B.O.S. Better Online Solutions Ltd,4520,452010,45,45201020,D,ISR,334413,3674,190,940, , ,BOS BETTER ONLINE SOLUTIONS,BOSC
62956, , ,3/31/10,Rishon LeZion,B.O.S. Better Online Solutions Ltd,4520,452010,45,45201020,D,ISR,334413,3674,190,940, , ,BOS BETTER ONLINE SOLUTIONS,BOSC
62956, , ,4/30/10,Rishon LeZion,B.O.S. Better Online Solutions Ltd,4520,452010,45,45201020,D,ISR,334413,3674,190,940, , ,BOS BETTER ONLINE SOLUTIONS,BOSC
62956, , ,5/31/10,Rishon LeZion,B.O.S. Better Online Solutions Ltd,4520,452010,45,45201020,D,ISR,334413,3674,190,940, , ,BOS BETTER ONLINE SOLUTIONS,BOSC
62956, , ,6/30/10,Rishon LeZion,B.O.S. Better Online Solutions Ltd,4520,452010,45,45201020,D,ISR,334413,3674,190,940, , ,BOS BETTER ONLINE SOLUTIONS,BOSC
62956, , ,7/31/10,Rishon LeZion,B.O.S. Better Online Solutions Ltd,4520,452010,45,45201020,D,ISR,334413,3674,190,940, , ,BOS BETTER ONLINE SOLUTIONS,BOSC
62956, , ,8/31/10,Rishon LeZion,B.O.S. Better Online Solutions Ltd,4520,452010,45,45201020,D,ISR,334413,3674,190,940, , ,BOS BETTER ONLINE SOLUTIONS,BOSC
62956, , ,9/30/10,Rishon LeZion,B.O.S. Better Online Solutions Ltd,4520,452010,45,45201020,D,ISR,334413,3674,190,940, , ,BOS BETTER ONLINE SOLUTIONS,BOSC
62956, , ,10/31/10,Rishon LeZion,B.O.S. Better Online Solutions Ltd,4520,452010,45,45201020,D,ISR,334413,3674,190,940, , ,BOS BETTER ONLINE SOLUTIONS,BOSC
62956, , ,11/30/10,Rishon LeZion,B.O.S. Better Online Solutions Ltd,4520,452010,45,45201020,D,ISR,334413,3674,190,940, , ,BOS BETTER ONLINE SOLUTIONS,BOSC
62956, , ,12/31/10,Rishon LeZion,B.O.S. Better Online Solutions Ltd,4520,452010,45,45201020,D,ISR,334413,3674,190,940, , ,BOS BETTER ONLINE SOLUTIONS,BOSC
62956, , ,1/31/11,Rishon LeZion,B.O.S. Better Online Solutions Ltd,4520,452010,45,45201020,D,ISR,334413,3674,190,940, , ,BOS BETTER ONLINE SOLUTIONS,BOSC
62956, , ,2/28/11,Rishon LeZion,B.O.S. Better Online Solutions Ltd,4520,452010,45,45201020,D,ISR,334413,3674,190,940, , ,BOS BETTER ONLINE SOLUTIONS,BOSC
62956, , ,3/31/11,Rishon LeZion,B.O.S. Better Online Solutions Ltd,4520,452010,45,45201020,D,ISR,334413,3674,190,940, , ,BOS BETTER ONLINE SOLUTIONS,BOSC
62956, , ,4/30/11,Rishon LeZion,B.O.S. Better Online Solutions Ltd,4520,452010,45,45201020,D,ISR,334413,3674,190,940, , ,BOS BETTER ONLINE SOLUTIONS,BOSC
62956, , ,5/31/11,Rishon LeZion,B.O.S. Better Online Solutions Ltd,4520,452010,45,45201020,D,ISR,334413,3674,190,940, , ,BOS BETTER ONLINE SOLUTIONS,BOSC
62956, , ,6/30/11,Rishon LeZion,B.O.S. Better Online Solutions Ltd,4520,452010,45,45201020,D,ISR,334413,3674,190,940, , ,BOS BETTER ONLINE SOLUTIONS,BOSC
62956, , ,7/31/11,Rishon LeZion,B.O.S. Better Online Solutions Ltd,4520,452010,45,45201020,D,ISR,334413,3674,190,940, , ,BOS BETTER ONLINE SOLUTIONS,BOSC
62956, , ,8/31/11,Rishon LeZion,B.O.S. Better Online Solutions Ltd,4520,452010,45,45201020,D,ISR,334413,3674,190,940, , ,BOS BETTER ONLINE SOLUTIONS,BOSC
62956, , ,9/30/11,Rishon LeZion,B.O.S. Better Online Solutions Ltd,4520,452010,45,45201020,D,ISR,334413,3674,190,940, , ,BOS BETTER ONLINE SOLUTIONS,BOSC
62956, , ,10/31/11,Rishon LeZion,B.O.S. Better Online Solutions Ltd,4520,452010,45,45201020,D,ISR,334413,3674,190,940, , ,BOS BETTER ONLINE SOLUTIONS,BOSC
62956, , ,11/30/11,Rishon LeZion,B.O.S. Better Online Solutions Ltd,4520,452010,45,45201020,D,ISR,334413,3674,190,940, , ,BOS BETTER ONLINE SOLUTIONS,BOSC
62956, , ,12/31/11,Rishon LeZion,B.O.S. Better Online Solutions Ltd,4520,452010,45,45201020,D,ISR,334413,3674,190,940, , ,BOS BETTER ONLINE SOLUTIONS,BOSC
62956, , ,1/31/12,Rishon LeZion,B.O.S. Better Online Solutions Ltd,4520,452010,45,45201020,D,ISR,334413,3674,190,940, , ,BOS BETTER ONLINE SOLUTIONS,BOSC
62956, , ,2/29/12,Rishon LeZion,B.O.S. Better Online Solutions Ltd,4520,452010,45,45201020,D,ISR,334413,3674,190,940, , ,BOS BETTER ONLINE SOLUTIONS,BOSC
62956, , ,3/31/12,Rishon LeZion,B.O.S. Better Online Solutions Ltd,4520,452010,45,45201020,D,ISR,334413,3674,190,940, , ,BOS BETTER ONLINE SOLUTIONS,BOSC
62956, , ,4/30/12,Rishon LeZion,B.O.S. Better Online Solutions Ltd,4520,452010,45,45201020,D,ISR,334413,3674,190,940, , ,BOS BETTER ONLINE SOLUTIONS,BOSC
62956, , ,5/31/12,Rishon LeZion,B.O.S. Better Online Solutions Ltd,4520,452010,45,45201020,D,ISR,334413,3674,190,940, , ,BOS BETTER ONLINE SOLUTIONS,BOSC
62956, , ,6/30/12,Rishon LeZion,B.O.S. Better Online Solutions Ltd,4520,452010,45,45201020,D,ISR,334413,3674,190,940, , ,BOS BETTER ONLINE SOLUTIONS,BOSC
62956, , ,7/31/12,Rishon LeZion,B.O.S. Better Online Solutions Ltd,4520,452010,45,45201020,D,ISR,334413,3674,190,940, , ,BOS BETTER ONLINE SOLUTIONS,BOSC
62956, , ,8/31/12,Rishon LeZion,B.O.S. Better Online Solutions Ltd,4520,452010,45,45201020,D,ISR,334413,3674,190,940, , ,BOS BETTER ONLINE SOLUTIONS,BOSC
62956, , ,9/30/12,Rishon LeZion,B.O.S. Better Online Solutions Ltd,4520,452010,45,45201020,D,ISR,334413,3674,190,940, , ,BOS BETTER ONLINE SOLUTIONS,BOSC
62956, , ,10/31/12,Rishon LeZion,B.O.S. Better Online Solutions Ltd,4520,452010,45,45201020,D,ISR,334413,3674,190,940, , ,BOS BETTER ONLINE SOLUTIONS,BOSC
62956, , ,11/30/12,Rishon LeZion,B.O.S. Better Online Solutions Ltd,4520,452010,45,45201020,D,ISR,334413,3674,190,940, , ,BOS BETTER ONLINE SOLUTIONS,BOSC
62956, , ,12/31/12,Rishon LeZion,B.O.S. Better Online Solutions Ltd,4520,452010,45,45201020,D,ISR,334413,3674,190,940, , ,BOS BETTER ONLINE SOLUTIONS,BOSC
62956, , ,1/31/13,Rishon LeZion,B.O.S. Better Online Solutions Ltd,4520,452010,45,45201020,D,ISR,334413,3674,190,940, , ,BOS BETTER ONLINE SOLUTIONS,BOSC
62956, , ,2/28/13,Rishon LeZion,B.O.S. Better Online Solutions Ltd,4520,452010,45,45201020,D,ISR,334413,3674,190,940, , ,BOS BETTER ONLINE SOLUTIONS,BOSC
62956, , ,3/31/13,Rishon LeZion,B.O.S. Better Online Solutions Ltd,4520,452010,45,45201020,D,ISR,334413,3674,190,940, , ,BOS BETTER ONLINE SOLUTIONS,BOSC
62956, , ,4/30/13,Rishon LeZion,B.O.S. Better Online Solutions Ltd,4520,452010,45,45201020,D,ISR,334413,3674,190,940, , ,BOS BETTER ONLINE SOLUTIONS,BOSC
62956, , ,5/31/13,Rishon LeZion,B.O.S. Better Online Solutions Ltd,4520,452010,45,45201020,D,ISR,334413,3674,190,940, , ,BOS BETTER ONLINE SOLUTIONS,BOSC
62956, , ,6/30/13,Rishon LeZion,B.O.S. Better Online Solutions Ltd,4520,452010,45,45201020,D,ISR,334413,3674,190,940, , ,BOS BETTER ONLINE SOLUTIONS,BOSC
62956, , ,7/31/13,Rishon LeZion,B.O.S. Better Online Solutions Ltd,4520,452010,45,45201020,D,ISR,334413,3674,190,940, , ,BOS BETTER ONLINE SOLUTIONS,BOSC
62956, , ,8/31/13,Rishon LeZion,B.O.S. Better Online Solutions Ltd,4520,452010,45,45201020,D,ISR,334413,3674,190,940, , ,BOS BETTER ONLINE SOLUTIONS,BOSC
62956, , ,9/30/13,Rishon LeZion,B.O.S. Better Online Solutions Ltd,4520,452010,45,45201020,D,ISR,334413,3674,190,940, , ,BOS BETTER ONLINE SOLUTIONS,BOSC
62956, , ,10/31/13,Rishon LeZion,B.O.S. Better Online Solutions Ltd,4520,452010,45,45201020,D,ISR,334413,3674,190,940, , ,BOS BETTER ONLINE SOLUTIONS,BOSC
63138, , ,1/31/10,Oakdale,Imation Corp.,4520,452020,45,45202030,D,USA,334613,3695,403,940,C,MN,IMATION CORP,IMN
63138, , ,2/28/10,Oakdale,Imation Corp.,4520,452020,45,45202030,D,USA,334613,3695,403,940,C,MN,IMATION CORP,IMN
63138, , ,3/31/10,Oakdale,Imation Corp.,4520,452020,45,45202030,D,USA,334613,3695,403,940,C,MN,IMATION CORP,IMN
63138, , ,4/30/10,Oakdale,Imation Corp.,4520,452020,45,45202030,D,USA,334613,3695,403,940,C,MN,IMATION CORP,IMN
63138, , ,5/31/10,Oakdale,Imation Corp.,4520,452020,45,45202030,D,USA,334613,3695,403,940,C,MN,IMATION CORP,IMN
63138, , ,6/30/10,Oakdale,Imation Corp.,4520,452020,45,45202030,D,USA,334613,3695,403,940,C,MN,IMATION CORP,IMN
63138, , ,7/31/10,Oakdale,Imation Corp.,4520,452020,45,45202030,D,USA,334613,3695,403,940,C,MN,IMATION CORP,IMN
63138, , ,8/31/10,Oakdale,Imation Corp.,4520,452020,45,45202030,D,USA,334613,3695,403,940,C,MN,IMATION CORP,IMN
63138, , ,9/30/10,Oakdale,Imation Corp.,4520,452020,45,45202030,D,USA,334613,3695,403,940,C,MN,IMATION CORP,IMN
63138, , ,10/31/10,Oakdale,Imation Corp.,4520,452020,45,45202030,D,USA,334613,3695,403,940,C,MN,IMATION CORP,IMN
63138, , ,11/30/10,Oakdale,Imation Corp.,4520,452020,45,45202030,D,USA,334613,3695,403,940,C,MN,IMATION CORP,IMN
63138, , ,12/31/10,Oakdale,Imation Corp.,4520,452020,45,45202030,D,USA,334613,3695,403,940,C,MN,IMATION CORP,IMN
63138, , ,1/31/11,Oakdale,Imation Corp.,4520,452020,45,45202030,D,USA,334613,3695,403,940,C,MN,IMATION CORP,IMN
63138, , ,2/28/11,Oakdale,Imation Corp.,4520,452020,45,45202030,D,USA,334613,3695,403,940,C,MN,IMATION CORP,IMN
63138, , ,3/31/11,Oakdale,Imation Corp.,4520,452020,45,45202030,D,USA,334613,3695,403,940,C,MN,IMATION CORP,IMN
63138, , ,4/30/11,Oakdale,Imation Corp.,4520,452020,45,45202030,D,USA,334613,3695,403,940,C,MN,IMATION CORP,IMN
63138, , ,5/31/11,Oakdale,Imation Corp.,4520,452020,45,45202030,D,USA,334613,3695,403,940,C,MN,IMATION CORP,IMN
63138, , ,6/30/11,Oakdale,Imation Corp.,4520,452020,45,45202030,D,USA,334613,3695,403,940,C,MN,IMATION CORP,IMN
63138, , ,7/31/11,Oakdale,Imation Corp.,4520,452020,45,45202030,D,USA,334613,3695,403,940,C,MN,IMATION CORP,IMN
63138, , ,8/31/11,Oakdale,Imation Corp.,4520,452020,45,45202030,D,USA,334613,3695,403,940,C,MN,IMATION CORP,IMN
63138, , ,9/30/11,Oakdale,Imation Corp.,4520,452020,45,45202030,D,USA,334613,3695,403,940,C,MN,IMATION CORP,IMN
63138, , ,10/31/11,Oakdale,Imation Corp.,4520,452020,45,45202030,D,USA,334613,3695,403,940,C,MN,IMATION CORP,IMN
63138, , ,11/30/11,Oakdale,Imation Corp.,4520,452020,45,45202030,D,USA,334613,3695,403,940,C,MN,IMATION CORP,IMN
63138, , ,12/31/11,Oakdale,Imation Corp.,4520,452020,45,45202030,D,USA,334613,3695,403,940,C,MN,IMATION CORP,IMN
63138, , ,1/31/12,Oakdale,Imation Corp.,4520,452020,45,45202030,D,USA,334613,3695,403,940,C,MN,IMATION CORP,IMN
63138, , ,2/29/12,Oakdale,Imation Corp.,4520,452020,45,45202030,D,USA,334613,3695,403,940,C,MN,IMATION CORP,IMN
63138, , ,3/31/12,Oakdale,Imation Corp.,4520,452020,45,45202030,D,USA,334613,3695,403,940,C,MN,IMATION CORP,IMN
63138, , ,4/30/12,Oakdale,Imation Corp.,4520,452020,45,45202030,D,USA,334613,3695,403,940,C,MN,IMATION CORP,IMN
63138, , ,5/31/12,Oakdale,Imation Corp.,4520,452020,45,45202030,D,USA,334613,3695,403,940,C,MN,IMATION CORP,IMN
63138, , ,6/30/12,Oakdale,Imation Corp.,4520,452020,45,45202030,D,USA,334613,3695,403,940,C,MN,IMATION CORP,IMN
63138, , ,7/31/12,Oakdale,Imation Corp.,4520,452020,45,45202030,D,USA,334613,3695,403,940,C,MN,IMATION CORP,IMN
63138, , ,8/31/12,Oakdale,Imation Corp.,4520,452020,45,45202030,D,USA,334613,3695,403,940,C,MN,IMATION CORP,IMN
63138, , ,9/30/12,Oakdale,Imation Corp.,4520,452020,45,45202030,D,USA,334613,3695,403,940,C,MN,IMATION CORP,IMN
63138, , ,10/31/12,Oakdale,Imation Corp.,4520,452020,45,45202030,D,USA,334613,3695,403,940,C,MN,IMATION CORP,IMN
63138, , ,11/30/12,Oakdale,Imation Corp.,4520,452020,45,45202030,D,USA,334613,3695,403,940,C,MN,IMATION CORP,IMN
63138, , ,12/31/12,Oakdale,Imation Corp.,4520,452020,45,45202030,D,USA,334613,3695,403,940,C,MN,IMATION CORP,IMN
63138, , ,1/31/13,Oakdale,Imation Corp.,4520,452020,45,45202030,D,USA,334613,3695,403,940,C,MN,IMATION CORP,IMN
63138, , ,2/28/13,Oakdale,Imation Corp.,4520,452020,45,45202030,D,USA,334613,3695,403,940,C,MN,IMATION CORP,IMN
63138, , ,3/31/13,Oakdale,Imation Corp.,4520,452020,45,45202030,D,USA,334613,3695,403,940,C,MN,IMATION CORP,IMN
63138, , ,4/30/13,Oakdale,Imation Corp.,4520,452020,45,45202030,D,USA,334613,3695,403,940,C,MN,IMATION CORP,IMN
63138, , ,5/31/13,Oakdale,Imation Corp.,4520,452020,45,45202030,D,USA,334613,3695,403,940,C,MN,IMATION CORP,IMN
63138, , ,6/30/13,Oakdale,Imation Corp.,4520,452020,45,45202030,D,USA,334613,3695,403,940,C,MN,IMATION CORP,IMN
63138, , ,7/31/13,Oakdale,Imation Corp.,4520,452020,45,45202030,D,USA,334613,3695,403,940,C,MN,IMATION CORP,IMN
63138, , ,8/31/13,Oakdale,Imation Corp.,4520,452020,45,45202030,D,USA,334613,3695,403,940,C,MN,IMATION CORP,IMN
63138, , ,9/30/13,Oakdale,Imation Corp.,4520,452020,45,45202030,D,USA,334613,3695,403,940,C,MN,IMATION CORP,IMN
63138, , ,10/31/13,Oakdale,Imation Corp.,4520,452020,45,45202030,D,USA,334613,3695,403,940,C,MN,IMATION CORP,IMN
63195, , ,1/31/10,Temecula,Channell Commercial Corp,4520,452010,45,45201020,D,USA,326199,3089,325,978,C,CA,CHANNELL COMMERCIAL CORP,CHNL
63195, , ,2/28/10,Temecula,Channell Commercial Corp,4520,452010,45,45201020,D,USA,326199,3089,325,978,C,CA,CHANNELL COMMERCIAL CORP,CHNL
63195, , ,3/31/10,Temecula,Channell Commercial Corp,4520,452010,45,45201020,D,USA,326199,3089,325,978,C,CA,CHANNELL COMMERCIAL CORP,CHNL
63195, , ,4/30/10,Temecula,Channell Commercial Corp,4520,452010,45,45201020,D,USA,326199,3089,325,978,C,CA,CHANNELL COMMERCIAL CORP,CHNL
63195, , ,5/31/10,Temecula,Channell Commercial Corp,4520,452010,45,45201020,D,USA,326199,3089,325,978,C,CA,CHANNELL COMMERCIAL CORP,CHNL
63195, , ,6/30/10,Temecula,Channell Commercial Corp,4520,452010,45,45201020,D,USA,326199,3089,325,978,C,CA,CHANNELL COMMERCIAL CORP,CHNL
63195, , ,7/31/10,Temecula,Channell Commercial Corp,4520,452010,45,45201020,D,USA,326199,3089,325,978,C,CA,CHANNELL COMMERCIAL CORP,CHNL
63195, , ,8/31/10,Temecula,Channell Commercial Corp,4520,452010,45,45201020,D,USA,326199,3089,325,978,C,CA,CHANNELL COMMERCIAL CORP,CHNL
63195, , ,9/30/10,Temecula,Channell Commercial Corp,4520,452010,45,45201020,D,USA,326199,3089,325,978,C,CA,CHANNELL COMMERCIAL CORP,CHNL
63195, , ,10/31/10,Temecula,Channell Commercial Corp,4520,452010,45,45201020,D,USA,326199,3089,325,978,C,CA,CHANNELL COMMERCIAL CORP,CHNL
63195, , ,11/30/10,Temecula,Channell Commercial Corp,4520,452010,45,45201020,D,USA,326199,3089,325,978,C,CA,CHANNELL COMMERCIAL CORP,CHNL
63195, , ,12/31/10,Temecula,Channell Commercial Corp,4520,452010,45,45201020,D,USA,326199,3089,325,978,C,CA,CHANNELL COMMERCIAL CORP,CHNL
63195, , ,1/31/11,Temecula,Channell Commercial Corp,4520,452010,45,45201020,D,USA,326199,3089,325,978,C,CA,CHANNELL COMMERCIAL CORP,CHNL
63195, , ,2/28/11,Temecula,Channell Commercial Corp,4520,452010,45,45201020,D,USA,326199,3089,325,978,C,CA,CHANNELL COMMERCIAL CORP,CHNL
63195, , ,3/31/11,Temecula,Channell Commercial Corp,4520,452010,45,45201020,D,USA,326199,3089,325,978,C,CA,CHANNELL COMMERCIAL CORP,CHNL
63195, , ,4/30/11,Temecula,Channell Commercial Corp,4520,452010,45,45201020,D,USA,326199,3089,325,978,C,CA,CHANNELL COMMERCIAL CORP,CHNL
63195, , ,5/31/11,Temecula,Channell Commercial Corp,4520,452010,45,45201020,D,USA,326199,3089,325,978,C,CA,CHANNELL COMMERCIAL CORP,CHNL
63195, , ,6/30/11,Temecula,Channell Commercial Corp,4520,452010,45,45201020,D,USA,326199,3089,325,978,C,CA,CHANNELL COMMERCIAL CORP,CHNL
63195, , ,7/31/11,Temecula,Channell Commercial Corp,4520,452010,45,45201020,D,USA,326199,3089,325,978,C,CA,CHANNELL COMMERCIAL CORP,CHNL
63195, , ,8/31/11,Temecula,Channell Commercial Corp,4520,452010,45,45201020,D,USA,326199,3089,325,978,C,CA,CHANNELL COMMERCIAL CORP,CHNL
63195, , ,9/30/11,Temecula,Channell Commercial Corp,4520,452010,45,45201020,D,USA,326199,3089,325,978,C,CA,CHANNELL COMMERCIAL CORP,CHNL
63195, , ,10/31/11,Temecula,Channell Commercial Corp,4520,452010,45,45201020,D,USA,326199,3089,325,978,C,CA,CHANNELL COMMERCIAL CORP,CHNL
63195, , ,11/30/11,Temecula,Channell Commercial Corp,4520,452010,45,45201020,D,USA,326199,3089,325,978,C,CA,CHANNELL COMMERCIAL CORP,CHNL
63195, , ,12/31/11,Temecula,Channell Commercial Corp,4520,452010,45,45201020,D,USA,326199,3089,325,978,C,CA,CHANNELL COMMERCIAL CORP,CHNL
63195, , ,1/31/12,Temecula,Channell Commercial Corp,4520,452010,45,45201020,D,USA,326199,3089,325,978,C,CA,CHANNELL COMMERCIAL CORP,CHNL
63195, , ,2/29/12,Temecula,Channell Commercial Corp,4520,452010,45,45201020,D,USA,326199,3089,325,978,C,CA,CHANNELL COMMERCIAL CORP,CHNL
63195, , ,3/31/12,Temecula,Channell Commercial Corp,4520,452010,45,45201020,D,USA,326199,3089,325,978,C,CA,CHANNELL COMMERCIAL CORP,CHNL
63240, , ,1/31/10,Toronto,Mitec Technologies Inc,4520,452010,45,45201020,D,CAN,334220,3663,180,940,C,ON,MITEC TECHNOLOGIES INC,MTTIF
63240, , ,2/28/10,Toronto,Mitec Technologies Inc,4520,452010,45,45201020,D,CAN,334220,3663,180,940,C,ON,MITEC TECHNOLOGIES INC,MTTIF
63240, , ,3/31/10,Toronto,Mitec Technologies Inc,4520,452010,45,45201020,D,CAN,334220,3663,180,940,C,ON,MITEC TECHNOLOGIES INC,MTTIF
63240, , ,4/30/10,Toronto,Mitec Technologies Inc,4520,452010,45,45201020,D,CAN,334220,3663,180,940,C,ON,MITEC TECHNOLOGIES INC,MTTIF
63240, , ,5/31/10,Toronto,Mitec Technologies Inc,4520,452010,45,45201020,D,CAN,334220,3663,180,940,C,ON,MITEC TECHNOLOGIES INC,MTTIF
63240, , ,6/30/10,Toronto,Mitec Technologies Inc,4520,452010,45,45201020,D,CAN,334220,3663,180,940,C,ON,MITEC TECHNOLOGIES INC,MTTIF
63240, , ,7/31/10,Toronto,Mitec Technologies Inc,4520,452010,45,45201020,D,CAN,334220,3663,180,940,C,ON,MITEC TECHNOLOGIES INC,MTTIF
63240, , ,8/31/10,Toronto,Mitec Technologies Inc,4520,452010,45,45201020,D,CAN,334220,3663,180,940,C,ON,MITEC TECHNOLOGIES INC,MTTIF
63240, , ,9/30/10,Toronto,Mitec Technologies Inc,4520,452010,45,45201020,D,CAN,334220,3663,180,940,C,ON,MITEC TECHNOLOGIES INC,MTTIF
63240, , ,10/31/10,Toronto,Mitec Technologies Inc,4520,452010,45,45201020,D,CAN,334220,3663,180,940,C,ON,MITEC TECHNOLOGIES INC,MTTIF
63240, , ,11/30/10,Toronto,Mitec Technologies Inc,4520,452010,45,45201020,D,CAN,334220,3663,180,940,C,ON,MITEC TECHNOLOGIES INC,MTTIF
63240, , ,12/31/10,Toronto,Mitec Technologies Inc,4520,452010,45,45201020,D,CAN,334220,3663,180,940,C,ON,MITEC TECHNOLOGIES INC,MTTIF
63240, , ,1/31/11,Toronto,Mitec Technologies Inc,4520,452010,45,45201020,D,CAN,334220,3663,180,940,C,ON,MITEC TECHNOLOGIES INC,MTTIF
63240, , ,2/28/11,Toronto,Mitec Technologies Inc,4520,452010,45,45201020,D,CAN,334220,3663,180,940,C,ON,MITEC TECHNOLOGIES INC,MTTIF
63240, , ,3/31/11,Toronto,Mitec Technologies Inc,4520,452010,45,45201020,D,CAN,334220,3663,180,940,C,ON,MITEC TECHNOLOGIES INC,MTTIF
63240, , ,4/30/11,Toronto,Mitec Technologies Inc,4520,452010,45,45201020,D,CAN,334220,3663,180,940,C,ON,MITEC TECHNOLOGIES INC,MTTIF
63240, , ,5/31/11,Toronto,Mitec Technologies Inc,4520,452010,45,45201020,D,CAN,334220,3663,180,940,C,ON,MITEC TECHNOLOGIES INC,MTTIF
63240, , ,6/30/11,Toronto,Mitec Technologies Inc,4520,452010,45,45201020,D,CAN,334220,3663,180,940,C,ON,MITEC TECHNOLOGIES INC,MTTIF
63240, , ,7/31/11,Toronto,Mitec Technologies Inc,4520,452010,45,45201020,D,CAN,334220,3663,180,940,C,ON,MITEC TECHNOLOGIES INC,MTTIF
63240, , ,8/31/11,Toronto,Mitec Technologies Inc,4520,452010,45,45201020,D,CAN,334220,3663,180,940,C,ON,MITEC TECHNOLOGIES INC,MTTIF
63240, , ,9/30/11,Toronto,Mitec Technologies Inc,4520,452010,45,45201020,D,CAN,334220,3663,180,940,C,ON,MITEC TECHNOLOGIES INC,MTTIF
63240, , ,10/31/11,Toronto,Mitec Technologies Inc,4520,452010,45,45201020,D,CAN,334220,3663,180,940,C,ON,MITEC TECHNOLOGIES INC,MTTIF
63240, , ,11/30/11,Toronto,Mitec Technologies Inc,4520,452010,45,45201020,D,CAN,334220,3663,180,940,C,ON,MITEC TECHNOLOGIES INC,MTTIF
63240, , ,12/31/11,Toronto,Mitec Technologies Inc,4520,452010,45,45201020,D,CAN,334220,3663,180,940,C,ON,MITEC TECHNOLOGIES INC,MTTIF
63240, , ,1/31/12,Toronto,Mitec Technologies Inc,4520,452010,45,45201020,D,CAN,334220,3663,180,940,C,ON,MITEC TECHNOLOGIES INC,MTTIF
63240, , ,2/29/12,Toronto,Mitec Technologies Inc,4520,452010,45,45201020,D,CAN,334220,3663,180,940,C,ON,MITEC TECHNOLOGIES INC,MTTIF
63240, , ,3/31/12,Toronto,Mitec Technologies Inc,4520,452010,45,45201020,D,CAN,334220,3663,180,940,C,ON,MITEC TECHNOLOGIES INC,MTTIF
63240, , ,4/30/12,Toronto,Mitec Technologies Inc,4520,452010,45,45201020,D,CAN,334220,3663,180,940,C,ON,MITEC TECHNOLOGIES INC,MTTIF
63240, , ,5/31/12,Toronto,Mitec Technologies Inc,4520,452010,45,45201020,D,CAN,334220,3663,180,940,C,ON,MITEC TECHNOLOGIES INC,MTTIF
63240, , ,6/30/12,Toronto,Mitec Technologies Inc,4520,452010,45,45201020,D,CAN,334220,3663,180,940,C,ON,MITEC TECHNOLOGIES INC,MTTIF
63240, , ,7/31/12,Toronto,Mitec Technologies Inc,4520,452010,45,45201020,D,CAN,334220,3663,180,940,C,ON,MITEC TECHNOLOGIES INC,MTTIF
63240, , ,8/31/12,Toronto,Mitec Technologies Inc,4520,452010,45,45201020,D,CAN,334220,3663,180,940,C,ON,MITEC TECHNOLOGIES INC,MTTIF
63240, , ,9/30/12,Toronto,Mitec Technologies Inc,4520,452010,45,45201020,D,CAN,334220,3663,180,940,C,ON,MITEC TECHNOLOGIES INC,MTTIF
63240, , ,10/31/12,Toronto,Mitec Technologies Inc,4520,452010,45,45201020,D,CAN,334220,3663,180,940,C,ON,MITEC TECHNOLOGIES INC,MTTIF
63240, , ,11/30/12,Toronto,Mitec Technologies Inc,4520,452010,45,45201020,D,CAN,334220,3663,180,940,C,ON,MITEC TECHNOLOGIES INC,MTTIF
63240, , ,12/31/12,Toronto,Mitec Technologies Inc,4520,452010,45,45201020,D,CAN,334220,3663,180,940,C,ON,MITEC TECHNOLOGIES INC,MTTIF
63240, , ,1/31/13,Toronto,Mitec Technologies Inc,4520,452010,45,45201020,D,CAN,334220,3663,180,940,C,ON,MITEC TECHNOLOGIES INC,MTTIF
63240, , ,2/28/13,Toronto,Mitec Technologies Inc,4520,452010,45,45201020,D,CAN,334220,3663,180,940,C,ON,MITEC TECHNOLOGIES INC,MTTIF
63240, , ,3/31/13,Toronto,Mitec Technologies Inc,4520,452010,45,45201020,D,CAN,334220,3663,180,940,C,ON,MITEC TECHNOLOGIES INC,MTTIF
63240, , ,4/30/13,Toronto,Mitec Technologies Inc,4520,452010,45,45201020,D,CAN,334220,3663,180,940,C,ON,MITEC TECHNOLOGIES INC,MTTIF
63240, , ,5/31/13,Toronto,Mitec Technologies Inc,4520,452010,45,45201020,D,CAN,334220,3663,180,940,C,ON,MITEC TECHNOLOGIES INC,MTTIF
63240, , ,6/30/13,Toronto,Mitec Technologies Inc,4520,452010,45,45201020,D,CAN,334220,3663,180,940,C,ON,MITEC TECHNOLOGIES INC,MTTIF
63240, , ,7/31/13,Toronto,Mitec Technologies Inc,4520,452010,45,45201020,D,CAN,334220,3663,180,940,C,ON,MITEC TECHNOLOGIES INC,MTTIF
63240, , ,8/31/13,Toronto,Mitec Technologies Inc,4520,452010,45,45201020,D,CAN,334220,3663,180,940,C,ON,MITEC TECHNOLOGIES INC,MTTIF
63240, , ,9/30/13,Toronto,Mitec Technologies Inc,4520,452010,45,45201020,D,CAN,334220,3663,180,940,C,ON,MITEC TECHNOLOGIES INC,MTTIF
63240, , ,10/31/13,Toronto,Mitec Technologies Inc,4520,452010,45,45201020,D,CAN,334220,3663,180,940,C,ON,MITEC TECHNOLOGIES INC,MTTIF
63450, , ,1/31/10,Tokyo,Solopoint Inc,4520,452010,45,45201020,D,JPN,334210,3661,180,940, , ,SOLOPOINT INC,SLPT
63450, , ,2/28/10,Tokyo,Solopoint Inc,4520,452010,45,45201020,D,JPN,334210,3661,180,940, , ,SOLOPOINT INC,SLPT
63450, , ,3/31/10,Tokyo,Solopoint Inc,4520,452010,45,45201020,D,JPN,334210,3661,180,940, , ,SOLOPOINT INC,SLPT
63450, , ,4/30/10,Tokyo,Solopoint Inc,4520,452010,45,45201020,D,JPN,334210,3661,180,940, , ,SOLOPOINT INC,SLPT
63450, , ,5/31/10,Tokyo,Solopoint Inc,4520,452010,45,45201020,D,JPN,334210,3661,180,940, , ,SOLOPOINT INC,SLPT
63450, , ,6/30/10,Tokyo,Solopoint Inc,4520,452010,45,45201020,D,JPN,334210,3661,180,940, , ,SOLOPOINT INC,SLPT
63450, , ,7/31/10,Tokyo,Solopoint Inc,4520,452010,45,45201020,D,JPN,334210,3661,180,940, , ,SOLOPOINT INC,SLPT
63450, , ,8/31/10,Tokyo,Solopoint Inc,4520,452010,45,45201020,D,JPN,334210,3661,180,940, , ,SOLOPOINT INC,SLPT
63450, , ,9/30/10,Tokyo,Solopoint Inc,4520,452010,45,45201020,D,JPN,334210,3661,180,940, , ,SOLOPOINT INC,SLPT
63450, , ,10/31/10,Tokyo,Solopoint Inc,4520,452010,45,45201020,D,JPN,334210,3661,180,940, , ,SOLOPOINT INC,SLPT
63450, , ,11/30/10,Tokyo,Solopoint Inc,4520,452010,45,45201020,D,JPN,334210,3661,180,940, , ,SOLOPOINT INC,SLPT
63450, , ,12/31/10,Tokyo,Solopoint Inc,4520,452010,45,45201020,D,JPN,334210,3661,180,940, , ,SOLOPOINT INC,SLPT
63450, , ,1/31/11,Tokyo,Solopoint Inc,4520,452010,45,45201020,D,JPN,334210,3661,180,940, , ,SOLOPOINT INC,SLPT
63520, , ,1/31/10,Hamden,TransAct Technologies Inc,4520,452020,45,45202030,D,USA,334118,3577,188,940,B,CT,TRANSACT TECHNOLOGIES INC,TACT
63520, , ,2/28/10,Hamden,TransAct Technologies Inc,4520,452020,45,45202030,D,USA,334118,3577,188,940,B,CT,TRANSACT TECHNOLOGIES INC,TACT
63520, , ,3/31/10,Hamden,TransAct Technologies Inc,4520,452020,45,45202030,D,USA,334118,3577,188,940,B,CT,TRANSACT TECHNOLOGIES INC,TACT
63520, , ,4/30/10,Hamden,TransAct Technologies Inc,4520,452020,45,45202030,D,USA,334118,3577,188,940,B,CT,TRANSACT TECHNOLOGIES INC,TACT
63520, , ,5/31/10,Hamden,TransAct Technologies Inc,4520,452020,45,45202030,D,USA,334118,3577,188,940,B,CT,TRANSACT TECHNOLOGIES INC,TACT
63520, , ,6/30/10,Hamden,TransAct Technologies Inc,4520,452020,45,45202030,D,USA,334118,3577,188,940,B,CT,TRANSACT TECHNOLOGIES INC,TACT
63520, , ,7/31/10,Hamden,TransAct Technologies Inc,4520,452020,45,45202030,D,USA,334118,3577,188,940,B,CT,TRANSACT TECHNOLOGIES INC,TACT
63520, , ,8/31/10,Hamden,TransAct Technologies Inc,4520,452020,45,45202030,D,USA,334118,3577,188,940,B,CT,TRANSACT TECHNOLOGIES INC,TACT
63520, , ,9/30/10,Hamden,TransAct Technologies Inc,4520,452020,45,45202030,D,USA,334118,3577,188,940,B,CT,TRANSACT TECHNOLOGIES INC,TACT
63520, , ,10/31/10,Hamden,TransAct Technologies Inc,4520,452020,45,45202030,D,USA,334118,3577,188,940,B,CT,TRANSACT TECHNOLOGIES INC,TACT
63520, , ,11/30/10,Hamden,TransAct Technologies Inc,4520,452020,45,45202030,D,USA,334118,3577,188,940,B,CT,TRANSACT TECHNOLOGIES INC,TACT
63520, , ,12/31/10,Hamden,TransAct Technologies Inc,4520,452020,45,45202030,D,USA,334118,3577,188,940,B,CT,TRANSACT TECHNOLOGIES INC,TACT
63520, , ,1/31/11,Hamden,TransAct Technologies Inc,4520,452020,45,45202030,D,USA,334118,3577,188,940,B,CT,TRANSACT TECHNOLOGIES INC,TACT
63520, , ,2/28/11,Hamden,TransAct Technologies Inc,4520,452020,45,45202030,D,USA,334118,3577,188,940,B,CT,TRANSACT TECHNOLOGIES INC,TACT
63520, , ,3/31/11,Hamden,TransAct Technologies Inc,4520,452020,45,45202030,D,USA,334118,3577,188,940,B,CT,TRANSACT TECHNOLOGIES INC,TACT
63520, , ,4/30/11,Hamden,TransAct Technologies Inc,4520,452020,45,45202030,D,USA,334118,3577,188,940,B,CT,TRANSACT TECHNOLOGIES INC,TACT
63520, , ,5/31/11,Hamden,TransAct Technologies Inc,4520,452020,45,45202030,D,USA,334118,3577,188,940,B,CT,TRANSACT TECHNOLOGIES INC,TACT
63520, , ,6/30/11,Hamden,TransAct Technologies Inc,4520,452020,45,45202030,D,USA,334118,3577,188,940,B,CT,TRANSACT TECHNOLOGIES INC,TACT
63520, , ,7/31/11,Hamden,TransAct Technologies Inc,4520,452020,45,45202030,D,USA,334118,3577,188,940,B,CT,TRANSACT TECHNOLOGIES INC,TACT
63520, , ,8/31/11,Hamden,TransAct Technologies Inc,4520,452020,45,45202030,D,USA,334118,3577,188,940,B,CT,TRANSACT TECHNOLOGIES INC,TACT
63520, , ,9/30/11,Hamden,TransAct Technologies Inc,4520,452020,45,45202030,D,USA,334118,3577,188,940,B,CT,TRANSACT TECHNOLOGIES INC,TACT
63520, , ,10/31/11,Hamden,TransAct Technologies Inc,4520,452020,45,45202030,D,USA,334118,3577,188,940,B,CT,TRANSACT TECHNOLOGIES INC,TACT
63520, , ,11/30/11,Hamden,TransAct Technologies Inc,4520,452020,45,45202030,D,USA,334118,3577,188,940,B,CT,TRANSACT TECHNOLOGIES INC,TACT
63520, , ,12/31/11,Hamden,TransAct Technologies Inc,4520,452020,45,45202030,D,USA,334118,3577,188,940,B,CT,TRANSACT TECHNOLOGIES INC,TACT
63520, , ,1/31/12,Hamden,TransAct Technologies Inc,4520,452020,45,45202030,D,USA,334118,3577,188,940,B,CT,TRANSACT TECHNOLOGIES INC,TACT
63520, , ,2/29/12,Hamden,TransAct Technologies Inc,4520,452020,45,45202030,D,USA,334118,3577,188,940,B,CT,TRANSACT TECHNOLOGIES INC,TACT
63520, , ,3/31/12,Hamden,TransAct Technologies Inc,4520,452020,45,45202030,D,USA,334118,3577,188,940,B,CT,TRANSACT TECHNOLOGIES INC,TACT
63520, , ,4/30/12,Hamden,TransAct Technologies Inc,4520,452020,45,45202030,D,USA,334118,3577,188,940,B,CT,TRANSACT TECHNOLOGIES INC,TACT
63520, , ,5/31/12,Hamden,TransAct Technologies Inc,4520,452020,45,45202030,D,USA,334118,3577,188,940,B,CT,TRANSACT TECHNOLOGIES INC,TACT
63520, , ,6/30/12,Hamden,TransAct Technologies Inc,4520,452020,45,45202030,D,USA,334118,3577,188,940,B,CT,TRANSACT TECHNOLOGIES INC,TACT
63520, , ,7/31/12,Hamden,TransAct Technologies Inc,4520,452020,45,45202030,D,USA,334118,3577,188,940,B,CT,TRANSACT TECHNOLOGIES INC,TACT
63520, , ,8/31/12,Hamden,TransAct Technologies Inc,4520,452020,45,45202030,D,USA,334118,3577,188,940,B,CT,TRANSACT TECHNOLOGIES INC,TACT
63520, , ,9/30/12,Hamden,TransAct Technologies Inc,4520,452020,45,45202030,D,USA,334118,3577,188,940,B,CT,TRANSACT TECHNOLOGIES INC,TACT
63520, , ,10/31/12,Hamden,TransAct Technologies Inc,4520,452020,45,45202030,D,USA,334118,3577,188,940,B,CT,TRANSACT TECHNOLOGIES INC,TACT
63520, , ,11/30/12,Hamden,TransAct Technologies Inc,4520,452020,45,45202030,D,USA,334118,3577,188,940,B,CT,TRANSACT TECHNOLOGIES INC,TACT
63520, , ,12/31/12,Hamden,TransAct Technologies Inc,4520,452020,45,45202030,D,USA,334118,3577,188,940,B,CT,TRANSACT TECHNOLOGIES INC,TACT
63520, , ,1/31/13,Hamden,TransAct Technologies Inc,4520,452020,45,45202030,D,USA,334118,3577,188,940,B,CT,TRANSACT TECHNOLOGIES INC,TACT
63520, , ,2/28/13,Hamden,TransAct Technologies Inc,4520,452020,45,45202030,D,USA,334118,3577,188,940,B,CT,TRANSACT TECHNOLOGIES INC,TACT
63520, , ,3/31/13,Hamden,TransAct Technologies Inc,4520,452020,45,45202030,D,USA,334118,3577,188,940,B,CT,TRANSACT TECHNOLOGIES INC,TACT
63520, , ,4/30/13,Hamden,TransAct Technologies Inc,4520,452020,45,45202030,D,USA,334118,3577,188,940,B,CT,TRANSACT TECHNOLOGIES INC,TACT
63520, , ,5/31/13,Hamden,TransAct Technologies Inc,4520,452020,45,45202030,D,USA,334118,3577,188,940,B,CT,TRANSACT TECHNOLOGIES INC,TACT
63520, , ,6/30/13,Hamden,TransAct Technologies Inc,4520,452020,45,45202030,D,USA,334118,3577,188,940,B,CT,TRANSACT TECHNOLOGIES INC,TACT
63520, , ,7/31/13,Hamden,TransAct Technologies Inc,4520,452020,45,45202030,D,USA,334118,3577,188,940,B,CT,TRANSACT TECHNOLOGIES INC,TACT
63520, , ,8/31/13,Hamden,TransAct Technologies Inc,4520,452020,45,45202030,D,USA,334118,3577,188,940,B,CT,TRANSACT TECHNOLOGIES INC,TACT
63520, , ,9/30/13,Hamden,TransAct Technologies Inc,4520,452020,45,45202030,D,USA,334118,3577,188,940,B,CT,TRANSACT TECHNOLOGIES INC,TACT
63520, , ,10/31/13,Hamden,TransAct Technologies Inc,4520,452020,45,45202030,D,USA,334118,3577,188,940,B,CT,TRANSACT TECHNOLOGIES INC,TACT
63531, , ,1/31/10,Redmond,Microvision Inc WA,4520,452030,45,45203010,B,USA,334419,3679,292,905,C,WA,MICROVISION INC,MVIS
63531, , ,2/28/10,Redmond,Microvision Inc WA,4520,452030,45,45203010,B,USA,334419,3679,292,905,C,WA,MICROVISION INC,MVIS
63531, , ,3/31/10,Redmond,Microvision Inc WA,4520,452030,45,45203010,B,USA,334419,3679,292,905,C,WA,MICROVISION INC,MVIS
63531, , ,4/30/10,Redmond,Microvision Inc WA,4520,452030,45,45203010,B,USA,334419,3679,292,905,C,WA,MICROVISION INC,MVIS
63531, , ,5/31/10,Redmond,Microvision Inc WA,4520,452030,45,45203010,B,USA,334419,3679,292,905,C,WA,MICROVISION INC,MVIS
63531, , ,6/30/10,Redmond,Microvision Inc WA,4520,452030,45,45203010,B,USA,334419,3679,292,905,C,WA,MICROVISION INC,MVIS
63531, , ,7/31/10,Redmond,Microvision Inc WA,4520,452030,45,45203010,B,USA,334419,3679,292,905,C,WA,MICROVISION INC,MVIS
63531, , ,8/31/10,Redmond,Microvision Inc WA,4520,452030,45,45203010,B,USA,334419,3679,292,905,C,WA,MICROVISION INC,MVIS
63531, , ,9/30/10,Redmond,Microvision Inc WA,4520,452030,45,45203010,B,USA,334419,3679,292,905,C,WA,MICROVISION INC,MVIS
63531, , ,10/31/10,Redmond,Microvision Inc WA,4520,452030,45,45203010,B,USA,334419,3679,292,905,C,WA,MICROVISION INC,MVIS
63531, , ,11/30/10,Redmond,Microvision Inc WA,4520,452030,45,45203010,B,USA,334419,3679,292,905,C,WA,MICROVISION INC,MVIS
63531, , ,12/31/10,Redmond,Microvision Inc WA,4520,452030,45,45203010,B,USA,334419,3679,292,905,C,WA,MICROVISION INC,MVIS
63531, , ,1/31/11,Redmond,Microvision Inc WA,4520,452030,45,45203010,B,USA,334419,3679,292,905,C,WA,MICROVISION INC,MVIS
63531, , ,2/28/11,Redmond,Microvision Inc WA,4520,452030,45,45203010,B,USA,334419,3679,292,905,C,WA,MICROVISION INC,MVIS
63531, , ,3/31/11,Redmond,Microvision Inc WA,4520,452030,45,45203010,B,USA,334419,3679,292,905,C,WA,MICROVISION INC,MVIS
63531, , ,4/30/11,Redmond,Microvision Inc WA,4520,452030,45,45203010,B,USA,334419,3679,292,905,C,WA,MICROVISION INC,MVIS
63531, , ,5/31/11,Redmond,Microvision Inc WA,4520,452030,45,45203010,B,USA,334419,3679,292,905,C,WA,MICROVISION INC,MVIS
63531, , ,6/30/11,Redmond,Microvision Inc WA,4520,452030,45,45203010,B,USA,334419,3679,292,905,C,WA,MICROVISION INC,MVIS
63531, , ,7/31/11,Redmond,Microvision Inc WA,4520,452030,45,45203010,B,USA,334419,3679,292,905,C,WA,MICROVISION INC,MVIS
63531, , ,8/31/11,Redmond,Microvision Inc WA,4520,452030,45,45203010,B,USA,334419,3679,292,905,C,WA,MICROVISION INC,MVIS
63531, , ,9/30/11,Redmond,Microvision Inc WA,4520,452030,45,45203010,B,USA,334419,3679,292,905,C,WA,MICROVISION INC,MVIS
63531, , ,10/31/11,Redmond,Microvision Inc WA,4520,452030,45,45203010,B,USA,334419,3679,292,905,C,WA,MICROVISION INC,MVIS
63531, , ,11/30/11,Redmond,Microvision Inc WA,4520,452030,45,45203010,B,USA,334419,3679,292,905,C,WA,MICROVISION INC,MVIS
63531, , ,12/31/11,Redmond,Microvision Inc WA,4520,452030,45,45203010,B,USA,334419,3679,292,905,C,WA,MICROVISION INC,MVIS
63531, , ,1/31/12,Redmond,Microvision Inc WA,4520,452030,45,45203010,B,USA,334419,3679,292,905,C,WA,MICROVISION INC,MVIS
63531, , ,2/29/12,Redmond,Microvision Inc WA,4520,452030,45,45203010,B,USA,334419,3679,292,905,C,WA,MICROVISION INC,MVIS
63531, , ,3/31/12,Redmond,Microvision Inc WA,4520,452030,45,45203010,B,USA,334419,3679,292,905,C,WA,MICROVISION INC,MVIS
63531, , ,4/30/12,Redmond,Microvision Inc WA,4520,452030,45,45203010,B,USA,334419,3679,292,905,C,WA,MICROVISION INC,MVIS
63531, , ,5/31/12,Redmond,Microvision Inc WA,4520,452030,45,45203010,B,USA,334419,3679,292,905,C,WA,MICROVISION INC,MVIS
63531, , ,6/30/12,Redmond,Microvision Inc WA,4520,452030,45,45203010,B,USA,334419,3679,292,905,C,WA,MICROVISION INC,MVIS
63531, , ,7/31/12,Redmond,Microvision Inc WA,4520,452030,45,45203010,B,USA,334419,3679,292,905,C,WA,MICROVISION INC,MVIS
63531, , ,8/31/12,Redmond,Microvision Inc WA,4520,452030,45,45203010,B,USA,334419,3679,292,905,C,WA,MICROVISION INC,MVIS
63531, , ,9/30/12,Redmond,Microvision Inc WA,4520,452030,45,45203010,B,USA,334419,3679,292,905,C,WA,MICROVISION INC,MVIS
63531, , ,10/31/12,Redmond,Microvision Inc WA,4520,452030,45,45203010,B,USA,334419,3679,292,905,C,WA,MICROVISION INC,MVIS
63531, , ,11/30/12,Redmond,Microvision Inc WA,4520,452030,45,45203010,B,USA,334419,3679,292,905,C,WA,MICROVISION INC,MVIS
63531, , ,12/31/12,Redmond,Microvision Inc WA,4520,452030,45,45203010,B,USA,334419,3679,292,905,C,WA,MICROVISION INC,MVIS
63531, , ,1/31/13,Redmond,Microvision Inc WA,4520,452030,45,45203010,B,USA,334419,3679,292,905,C,WA,MICROVISION INC,MVIS
63531, , ,2/28/13,Redmond,Microvision Inc WA,4520,452030,45,45203010,B,USA,334419,3679,292,905,C,WA,MICROVISION INC,MVIS
63531, , ,3/31/13,Redmond,Microvision Inc WA,4520,452030,45,45203010,B,USA,334419,3679,292,905,C,WA,MICROVISION INC,MVIS
63531, , ,4/30/13,Redmond,Microvision Inc WA,4520,452030,45,45203010,B,USA,334419,3679,292,905,C,WA,MICROVISION INC,MVIS
63531, , ,5/31/13,Redmond,Microvision Inc WA,4520,452030,45,45203010,B,USA,334419,3679,292,905,C,WA,MICROVISION INC,MVIS
63531, , ,6/30/13,Redmond,Microvision Inc WA,4520,452030,45,45203010,B,USA,334419,3679,292,905,C,WA,MICROVISION INC,MVIS
63531, , ,7/31/13,Redmond,Microvision Inc WA,4520,452030,45,45203010,B,USA,334419,3679,292,905,C,WA,MICROVISION INC,MVIS
63531, , ,8/31/13,Redmond,Microvision Inc WA,4520,452030,45,45203010,B,USA,334419,3679,292,905,C,WA,MICROVISION INC,MVIS
63531, , ,9/30/13,Redmond,Microvision Inc WA,4520,452030,45,45203010,B,USA,334419,3679,292,905,C,WA,MICROVISION INC,MVIS
63531, , ,10/31/13,Redmond,Microvision Inc WA,4520,452030,45,45203010,B,USA,334419,3679,292,905,C,WA,MICROVISION INC,MVIS
63651, , ,1/31/10,Plymouth,Rofin Sinar Technologies Inc,4520,452030,45,45203010,B,USA,333318,3690,220,925,B,MI,ROFIN SINAR TECHNOLOGIES INC,RSTI
63651, , ,2/28/10,Plymouth,Rofin Sinar Technologies Inc,4520,452030,45,45203010,B,USA,333318,3690,220,925,B,MI,ROFIN SINAR TECHNOLOGIES INC,RSTI
63651, , ,3/31/10,Plymouth,Rofin Sinar Technologies Inc,4520,452030,45,45203010,B,USA,333318,3690,220,925,B,MI,ROFIN SINAR TECHNOLOGIES INC,RSTI
63651, , ,4/30/10,Plymouth,Rofin Sinar Technologies Inc,4520,452030,45,45203010,B,USA,333318,3690,220,925,B,MI,ROFIN SINAR TECHNOLOGIES INC,RSTI
63651, , ,5/31/10,Plymouth,Rofin Sinar Technologies Inc,4520,452030,45,45203010,B,USA,333318,3690,220,925,B,MI,ROFIN SINAR TECHNOLOGIES INC,RSTI
63651, , ,6/30/10,Plymouth,Rofin Sinar Technologies Inc,4520,452030,45,45203010,B,USA,333318,3690,220,925,B,MI,ROFIN SINAR TECHNOLOGIES INC,RSTI
63651, , ,7/31/10,Plymouth,Rofin Sinar Technologies Inc,4520,452030,45,45203010,B,USA,333318,3690,220,925,B,MI,ROFIN SINAR TECHNOLOGIES INC,RSTI
63651, , ,8/31/10,Plymouth,Rofin Sinar Technologies Inc,4520,452030,45,45203010,B,USA,333318,3690,220,925,B,MI,ROFIN SINAR TECHNOLOGIES INC,RSTI
63651, , ,9/30/10,Plymouth,Rofin Sinar Technologies Inc,4520,452030,45,45203010,B,USA,333318,3690,220,925,B,MI,ROFIN SINAR TECHNOLOGIES INC,RSTI
63651, , ,10/31/10,Plymouth,Rofin Sinar Technologies Inc,4520,452030,45,45203010,B,USA,333318,3690,220,925,B,MI,ROFIN SINAR TECHNOLOGIES INC,RSTI
63651, , ,11/30/10,Plymouth,Rofin Sinar Technologies Inc,4520,452030,45,45203010,B,USA,333318,3690,220,925,B,MI,ROFIN SINAR TECHNOLOGIES INC,RSTI
63651, , ,12/31/10,Plymouth,Rofin Sinar Technologies Inc,4520,452030,45,45203010,B,USA,333318,3690,220,925,B,MI,ROFIN SINAR TECHNOLOGIES INC,RSTI
63651, , ,1/31/11,Plymouth,Rofin Sinar Technologies Inc,4520,452030,45,45203010,B,USA,333318,3690,220,925,B,MI,ROFIN SINAR TECHNOLOGIES INC,RSTI
63651, , ,2/28/11,Plymouth,Rofin Sinar Technologies Inc,4520,452030,45,45203010,B,USA,333318,3690,220,925,B,MI,ROFIN SINAR TECHNOLOGIES INC,RSTI
63651, , ,3/31/11,Plymouth,Rofin Sinar Technologies Inc,4520,452030,45,45203010,B,USA,333318,3690,220,925,B,MI,ROFIN SINAR TECHNOLOGIES INC,RSTI
63651, , ,4/30/11,Plymouth,Rofin Sinar Technologies Inc,4520,452030,45,45203010,B,USA,333318,3690,220,925,B,MI,ROFIN SINAR TECHNOLOGIES INC,RSTI
63651, , ,5/31/11,Plymouth,Rofin Sinar Technologies Inc,4520,452030,45,45203010,B,USA,333318,3690,220,925,B,MI,ROFIN SINAR TECHNOLOGIES INC,RSTI
63651, , ,6/30/11,Plymouth,Rofin Sinar Technologies Inc,4520,452030,45,45203010,B,USA,333318,3690,220,925,B,MI,ROFIN SINAR TECHNOLOGIES INC,RSTI
63651, , ,7/31/11,Plymouth,Rofin Sinar Technologies Inc,4520,452030,45,45203010,B,USA,333318,3690,220,925,B,MI,ROFIN SINAR TECHNOLOGIES INC,RSTI
63651, , ,8/31/11,Plymouth,Rofin Sinar Technologies Inc,4520,452030,45,45203010,B,USA,333318,3690,220,925,B,MI,ROFIN SINAR TECHNOLOGIES INC,RSTI
63651, , ,9/30/11,Plymouth,Rofin Sinar Technologies Inc,4520,452030,45,45203010,B,USA,333318,3690,220,925,B,MI,ROFIN SINAR TECHNOLOGIES INC,RSTI
63651, , ,10/31/11,Plymouth,Rofin Sinar Technologies Inc,4520,452030,45,45203010,B,USA,333318,3690,220,925,B,MI,ROFIN SINAR TECHNOLOGIES INC,RSTI
63651, , ,11/30/11,Plymouth,Rofin Sinar Technologies Inc,4520,452030,45,45203010,B,USA,333318,3690,220,925,B,MI,ROFIN SINAR TECHNOLOGIES INC,RSTI
63651, , ,12/31/11,Plymouth,Rofin Sinar Technologies Inc,4520,452030,45,45203010,B,USA,333318,3690,220,925,B,MI,ROFIN SINAR TECHNOLOGIES INC,RSTI
63651, , ,1/31/12,Plymouth,Rofin Sinar Technologies Inc,4520,452030,45,45203010,B,USA,333318,3690,220,925,B,MI,ROFIN SINAR TECHNOLOGIES INC,RSTI
63651, , ,2/29/12,Plymouth,Rofin Sinar Technologies Inc,4520,452030,45,45203010,B,USA,333318,3690,220,925,B,MI,ROFIN SINAR TECHNOLOGIES INC,RSTI
63651, , ,3/31/12,Plymouth,Rofin Sinar Technologies Inc,4520,452030,45,45203010,B,USA,333318,3690,220,925,B,MI,ROFIN SINAR TECHNOLOGIES INC,RSTI
63651, , ,4/30/12,Plymouth,Rofin Sinar Technologies Inc,4520,452030,45,45203010,B,USA,333318,3690,220,925,B,MI,ROFIN SINAR TECHNOLOGIES INC,RSTI
63651, , ,5/31/12,Plymouth,Rofin Sinar Technologies Inc,4520,452030,45,45203010,B,USA,333318,3690,220,925,B,MI,ROFIN SINAR TECHNOLOGIES INC,RSTI
63651, , ,6/30/12,Plymouth,Rofin Sinar Technologies Inc,4520,452030,45,45203010,B,USA,333318,3690,220,925,B,MI,ROFIN SINAR TECHNOLOGIES INC,RSTI
63651, , ,7/31/12,Plymouth,Rofin Sinar Technologies Inc,4520,452030,45,45203010,B,USA,333318,3690,220,925,B,MI,ROFIN SINAR TECHNOLOGIES INC,RSTI
63651, , ,8/31/12,Plymouth,Rofin Sinar Technologies Inc,4520,452030,45,45203010,B,USA,333318,3690,220,925,B,MI,ROFIN SINAR TECHNOLOGIES INC,RSTI
63651, , ,9/30/12,Plymouth,Rofin Sinar Technologies Inc,4520,452030,45,45203010,B,USA,333318,3690,220,925,B,MI,ROFIN SINAR TECHNOLOGIES INC,RSTI
63651, , ,10/31/12,Plymouth,Rofin Sinar Technologies Inc,4520,452030,45,45203010,B,USA,333318,3690,220,925,B,MI,ROFIN SINAR TECHNOLOGIES INC,RSTI
63651, , ,11/30/12,Plymouth,Rofin Sinar Technologies Inc,4520,452030,45,45203010,B,USA,333318,3690,220,925,B,MI,ROFIN SINAR TECHNOLOGIES INC,RSTI
63651, , ,12/31/12,Plymouth,Rofin Sinar Technologies Inc,4520,452030,45,45203010,B,USA,333318,3690,220,925,B,MI,ROFIN SINAR TECHNOLOGIES INC,RSTI
63651, , ,1/31/13,Plymouth,Rofin Sinar Technologies Inc,4520,452030,45,45203010,B,USA,333318,3690,220,925,B,MI,ROFIN SINAR TECHNOLOGIES INC,RSTI
63651, , ,2/28/13,Plymouth,Rofin Sinar Technologies Inc,4520,452030,45,45203010,B,USA,333318,3690,220,925,B,MI,ROFIN SINAR TECHNOLOGIES INC,RSTI
63651, , ,3/31/13,Plymouth,Rofin Sinar Technologies Inc,4520,452030,45,45203010,B,USA,333318,3690,220,925,B,MI,ROFIN SINAR TECHNOLOGIES INC,RSTI
63651, , ,4/30/13,Plymouth,Rofin Sinar Technologies Inc,4520,452030,45,45203010,B,USA,333318,3690,220,925,B,MI,ROFIN SINAR TECHNOLOGIES INC,RSTI
63651, , ,5/31/13,Plymouth,Rofin Sinar Technologies Inc,4520,452030,45,45203010,B,USA,333318,3690,220,925,B,MI,ROFIN SINAR TECHNOLOGIES INC,RSTI
63651, , ,6/30/13,Plymouth,Rofin Sinar Technologies Inc,4520,452030,45,45203010,B,USA,333318,3690,220,925,B,MI,ROFIN SINAR TECHNOLOGIES INC,RSTI
63651, , ,7/31/13,Plymouth,Rofin Sinar Technologies Inc,4520,452030,45,45203010,B,USA,333318,3690,220,925,B,MI,ROFIN SINAR TECHNOLOGIES INC,RSTI
63651, , ,8/31/13,Plymouth,Rofin Sinar Technologies Inc,4520,452030,45,45203010,B,USA,333318,3690,220,925,B,MI,ROFIN SINAR TECHNOLOGIES INC,RSTI
63651, , ,9/30/13,Plymouth,Rofin Sinar Technologies Inc,4520,452030,45,45203010,B,USA,333318,3690,220,925,B,MI,ROFIN SINAR TECHNOLOGIES INC,RSTI
63651, , ,10/31/13,Plymouth,Rofin Sinar Technologies Inc,4520,452030,45,45203010,B,USA,333318,3690,220,925,B,MI,ROFIN SINAR TECHNOLOGIES INC,RSTI
63671, , ,1/31/10,Tel-Aviv,Orckit Communications Ltd,4520,452010,45,45201020,B,ISR,334210,3661,180,940, , ,ORCKIT COMMUNICATI,3ORCT
63671, , ,2/28/10,Tel-Aviv,Orckit Communications Ltd,4520,452010,45,45201020,B,ISR,334210,3661,180,940, , ,ORCKIT COMMUNICATI,3ORCT
63671, , ,3/31/10,Tel-Aviv,Orckit Communications Ltd,4520,452010,45,45201020,B,ISR,334210,3661,180,940, , ,ORCKIT COMMUNICATI,3ORCT
63671, , ,4/30/10,Tel-Aviv,Orckit Communications Ltd,4520,452010,45,45201020,B,ISR,334210,3661,180,940, , ,ORCKIT COMMUNICATI,3ORCT
63671, , ,5/31/10,Tel-Aviv,Orckit Communications Ltd,4520,452010,45,45201020,B,ISR,334210,3661,180,940, , ,ORCKIT COMMUNICATI,3ORCT
63671, , ,6/30/10,Tel-Aviv,Orckit Communications Ltd,4520,452010,45,45201020,B,ISR,334210,3661,180,940, , ,ORCKIT COMMUNICATI,3ORCT
63671, , ,7/31/10,Tel-Aviv,Orckit Communications Ltd,4520,452010,45,45201020,B,ISR,334210,3661,180,940, , ,ORCKIT COMMUNICATI,3ORCT
63671, , ,8/31/10,Tel-Aviv,Orckit Communications Ltd,4520,452010,45,45201020,B,ISR,334210,3661,180,940, , ,ORCKIT COMMUNICATI,3ORCT
63671, , ,9/30/10,Tel-Aviv,Orckit Communications Ltd,4520,452010,45,45201020,B,ISR,334210,3661,180,940, , ,ORCKIT COMMUNICATI,3ORCT
63671, , ,10/31/10,Tel-Aviv,Orckit Communications Ltd,4520,452010,45,45201020,B,ISR,334210,3661,180,940, , ,ORCKIT COMMUNICATI,3ORCT
63671, , ,11/30/10,Tel-Aviv,Orckit Communications Ltd,4520,452010,45,45201020,B,ISR,334210,3661,180,940, , ,ORCKIT COMMUNICATI,3ORCT
63671, , ,12/31/10,Tel-Aviv,Orckit Communications Ltd,4520,452010,45,45201020,B,ISR,334210,3661,180,940, , ,ORCKIT COMMUNICATI,3ORCT
63671, , ,1/31/11,Tel-Aviv,Orckit Communications Ltd,4520,452010,45,45201020,B,ISR,334210,3661,180,940, , ,ORCKIT COMMUNICATI,3ORCT
63671, , ,2/28/11,Tel-Aviv,Orckit Communications Ltd,4520,452010,45,45201020,B,ISR,334210,3661,180,940, , ,ORCKIT COMMUNICATI,3ORCT
63671, , ,3/31/11,Tel-Aviv,Orckit Communications Ltd,4520,452010,45,45201020,B,ISR,334210,3661,180,940, , ,ORCKIT COMMUNICATI,3ORCT
63671, , ,4/30/11,Tel-Aviv,Orckit Communications Ltd,4520,452010,45,45201020,B,ISR,334210,3661,180,940, , ,ORCKIT COMMUNICATI,3ORCT
63671, , ,5/31/11,Tel-Aviv,Orckit Communications Ltd,4520,452010,45,45201020,B,ISR,334210,3661,180,940, , ,ORCKIT COMMUNICATI,3ORCT
63671, , ,6/30/11,Tel-Aviv,Orckit Communications Ltd,4520,452010,45,45201020,B,ISR,334210,3661,180,940, , ,ORCKIT COMMUNICATI,3ORCT
63671, , ,7/31/11,Tel-Aviv,Orckit Communications Ltd,4520,452010,45,45201020,B,ISR,334210,3661,180,940, , ,ORCKIT COMMUNICATI,3ORCT
63671, , ,8/31/11,Tel-Aviv,Orckit Communications Ltd,4520,452010,45,45201020,B,ISR,334210,3661,180,940, , ,ORCKIT COMMUNICATI,3ORCT
63671, , ,9/30/11,Tel-Aviv,Orckit Communications Ltd,4520,452010,45,45201020,B,ISR,334210,3661,180,940, , ,ORCKIT COMMUNICATI,3ORCT
63671, , ,10/31/11,Tel-Aviv,Orckit Communications Ltd,4520,452010,45,45201020,B,ISR,334210,3661,180,940, , ,ORCKIT COMMUNICATI,3ORCT
63671, , ,11/30/11,Tel-Aviv,Orckit Communications Ltd,4520,452010,45,45201020,B,ISR,334210,3661,180,940, , ,ORCKIT COMMUNICATI,3ORCT
63671, , ,12/31/11,Tel-Aviv,Orckit Communications Ltd,4520,452010,45,45201020,B,ISR,334210,3661,180,940, , ,ORCKIT COMMUNICATI,3ORCT
63671, , ,1/31/12,Tel-Aviv,Orckit Communications Ltd,4520,452010,45,45201020,B,ISR,334210,3661,180,940, , ,ORCKIT COMMUNICATI,3ORCT
63671, , ,2/29/12,Tel-Aviv,Orckit Communications Ltd,4520,452010,45,45201020,B,ISR,334210,3661,180,940, , ,ORCKIT COMMUNICATI,3ORCT
63671, , ,3/31/12,Tel-Aviv,Orckit Communications Ltd,4520,452010,45,45201020,B,ISR,334210,3661,180,940, , ,ORCKIT COMMUNICATI,3ORCT
63671, , ,4/30/12,Tel-Aviv,Orckit Communications Ltd,4520,452010,45,45201020,B,ISR,334210,3661,180,940, , ,ORCKIT COMMUNICATI,3ORCT
63671, , ,5/31/12,Tel-Aviv,Orckit Communications Ltd,4520,452010,45,45201020,B,ISR,334210,3661,180,940, , ,ORCKIT COMMUNICATI,3ORCT
63671, , ,6/30/12,Tel-Aviv,Orckit Communications Ltd,4520,452010,45,45201020,B,ISR,334210,3661,180,940, , ,ORCKIT COMMUNICATI,3ORCT
63671, , ,7/31/12,Tel-Aviv,Orckit Communications Ltd,4520,452010,45,45201020,B,ISR,334210,3661,180,940, , ,ORCKIT COMMUNICATI,3ORCT
63671, , ,8/31/12,Tel-Aviv,Orckit Communications Ltd,4520,452010,45,45201020,B,ISR,334210,3661,180,940, , ,ORCKIT COMMUNICATI,3ORCT
63671, , ,9/30/12,Tel-Aviv,Orckit Communications Ltd,4520,452010,45,45201020,B,ISR,334210,3661,180,940, , ,ORCKIT COMMUNICATI,3ORCT
63671, , ,10/31/12,Tel-Aviv,Orckit Communications Ltd,4520,452010,45,45201020,B,ISR,334210,3661,180,940, , ,ORCKIT COMMUNICATI,3ORCT
63671, , ,11/30/12,Tel-Aviv,Orckit Communications Ltd,4520,452010,45,45201020,B,ISR,334210,3661,180,940, , ,ORCKIT COMMUNICATI,3ORCT
63671, , ,12/31/12,Tel-Aviv,Orckit Communications Ltd,4520,452010,45,45201020,B,ISR,334210,3661,180,940, , ,ORCKIT COMMUNICATI,3ORCT
63671, , ,1/31/13,Tel-Aviv,Orckit Communications Ltd,4520,452010,45,45201020,B,ISR,334210,3661,180,940, , ,ORCKIT COMMUNICATI,3ORCT
63671, , ,2/28/13,Tel-Aviv,Orckit Communications Ltd,4520,452010,45,45201020,B,ISR,334210,3661,180,940, , ,ORCKIT COMMUNICATI,3ORCT
63671, , ,3/31/13,Tel-Aviv,Orckit Communications Ltd,4520,452010,45,45201020,B,ISR,334210,3661,180,940, , ,ORCKIT COMMUNICATI,3ORCT
63671, , ,4/30/13,Tel-Aviv,Orckit Communications Ltd,4520,452010,45,45201020,B,ISR,334210,3661,180,940, , ,ORCKIT COMMUNICATI,3ORCT
63671, , ,5/31/13,Tel-Aviv,Orckit Communications Ltd,4520,452010,45,45201020,B,ISR,334210,3661,180,940, , ,ORCKIT COMMUNICATI,3ORCT
63671, , ,6/30/13,Tel-Aviv,Orckit Communications Ltd,4520,452010,45,45201020,B,ISR,334210,3661,180,940, , ,ORCKIT COMMUNICATI,3ORCT
63671, , ,7/31/13,Tel-Aviv,Orckit Communications Ltd,4520,452010,45,45201020,B,ISR,334210,3661,180,940, , ,ORCKIT COMMUNICATI,3ORCT
63671, , ,8/31/13,Tel-Aviv,Orckit Communications Ltd,4520,452010,45,45201020,B,ISR,334210,3661,180,940, , ,ORCKIT COMMUNICATI,3ORCT
63671, , ,9/30/13,Tel-Aviv,Orckit Communications Ltd,4520,452010,45,45201020,B,ISR,334210,3661,180,940, , ,ORCKIT COMMUNICATI,3ORCT
63671, , ,10/31/13,Tel-Aviv,Orckit Communications Ltd,4520,452010,45,45201020,B,ISR,334210,3661,180,940, , ,ORCKIT COMMUNICATI,3ORCT
63859, , ,1/31/10,Dublin,Smartalk Teleservices Inc,4520,452010,45,45201020,D,USA,513390,4899,463,974, ,OH,SMARTALK TELESERVICES INC,STKTQ
63859, , ,2/28/10,Dublin,Smartalk Teleservices Inc,4520,452010,45,45201020,D,USA,513390,4899,463,974, ,OH,SMARTALK TELESERVICES INC,STKTQ
63859, , ,3/31/10,Dublin,Smartalk Teleservices Inc,4520,452010,45,45201020,D,USA,513390,4899,463,974, ,OH,SMARTALK TELESERVICES INC,STKTQ
63859, , ,4/30/10,Dublin,Smartalk Teleservices Inc,4520,452010,45,45201020,D,USA,513390,4899,463,974, ,OH,SMARTALK TELESERVICES INC,STKTQ
63859, , ,5/31/10,Dublin,Smartalk Teleservices Inc,4520,452010,45,45201020,D,USA,513390,4899,463,974, ,OH,SMARTALK TELESERVICES INC,STKTQ
63859, , ,6/30/10,Dublin,Smartalk Teleservices Inc,4520,452010,45,45201020,D,USA,513390,4899,463,974, ,OH,SMARTALK TELESERVICES INC,STKTQ
63859, , ,7/31/10,Dublin,Smartalk Teleservices Inc,4520,452010,45,45201020,D,USA,513390,4899,463,974, ,OH,SMARTALK TELESERVICES INC,STKTQ
63859, , ,8/31/10,Dublin,Smartalk Teleservices Inc,4520,452010,45,45201020,D,USA,513390,4899,463,974, ,OH,SMARTALK TELESERVICES INC,STKTQ
63859, , ,9/30/10,Dublin,Smartalk Teleservices Inc,4520,452010,45,45201020,D,USA,513390,4899,463,974, ,OH,SMARTALK TELESERVICES INC,STKTQ
63859, , ,10/31/10,Dublin,Smartalk Teleservices Inc,4520,452010,45,45201020,D,USA,513390,4899,463,974, ,OH,SMARTALK TELESERVICES INC,STKTQ
63859, , ,11/30/10,Dublin,Smartalk Teleservices Inc,4520,452010,45,45201020,D,USA,513390,4899,463,974, ,OH,SMARTALK TELESERVICES INC,STKTQ
63859, , ,12/31/10,Dublin,Smartalk Teleservices Inc,4520,452010,45,45201020,D,USA,513390,4899,463,974, ,OH,SMARTALK TELESERVICES INC,STKTQ
63859, , ,1/31/11,Dublin,Smartalk Teleservices Inc,4520,452010,45,45201020,D,USA,513390,4899,463,974, ,OH,SMARTALK TELESERVICES INC,STKTQ
63859, , ,2/28/11,Dublin,Smartalk Teleservices Inc,4520,452010,45,45201020,D,USA,513390,4899,463,974, ,OH,SMARTALK TELESERVICES INC,STKTQ
63859, , ,3/31/11,Dublin,Smartalk Teleservices Inc,4520,452010,45,45201020,D,USA,513390,4899,463,974, ,OH,SMARTALK TELESERVICES INC,STKTQ
63859, , ,4/30/11,Dublin,Smartalk Teleservices Inc,4520,452010,45,45201020,D,USA,513390,4899,463,974, ,OH,SMARTALK TELESERVICES INC,STKTQ
63859, , ,5/31/11,Dublin,Smartalk Teleservices Inc,4520,452010,45,45201020,D,USA,513390,4899,463,974, ,OH,SMARTALK TELESERVICES INC,STKTQ
63859, , ,6/30/11,Dublin,Smartalk Teleservices Inc,4520,452010,45,45201020,D,USA,513390,4899,463,974, ,OH,SMARTALK TELESERVICES INC,STKTQ
63859, , ,7/31/11,Dublin,Smartalk Teleservices Inc,4520,452010,45,45201020,D,USA,513390,4899,463,974, ,OH,SMARTALK TELESERVICES INC,STKTQ
63859, , ,8/31/11,Dublin,Smartalk Teleservices Inc,4520,452010,45,45201020,D,USA,513390,4899,463,974, ,OH,SMARTALK TELESERVICES INC,STKTQ
63859, , ,9/30/11,Dublin,Smartalk Teleservices Inc,4520,452010,45,45201020,D,USA,513390,4899,463,974, ,OH,SMARTALK TELESERVICES INC,STKTQ
63859, , ,10/31/11,Dublin,Smartalk Teleservices Inc,4520,452010,45,45201020,D,USA,513390,4899,463,974, ,OH,SMARTALK TELESERVICES INC,STKTQ
63859, , ,11/30/11,Dublin,Smartalk Teleservices Inc,4520,452010,45,45201020,D,USA,513390,4899,463,974, ,OH,SMARTALK TELESERVICES INC,STKTQ
63859, , ,12/31/11,Dublin,Smartalk Teleservices Inc,4520,452010,45,45201020,D,USA,513390,4899,463,974, ,OH,SMARTALK TELESERVICES INC,STKTQ
63859, , ,1/31/12,Dublin,Smartalk Teleservices Inc,4520,452010,45,45201020,D,USA,513390,4899,463,974, ,OH,SMARTALK TELESERVICES INC,STKTQ
63859, , ,2/29/12,Dublin,Smartalk Teleservices Inc,4520,452010,45,45201020,D,USA,513390,4899,463,974, ,OH,SMARTALK TELESERVICES INC,STKTQ
63859, , ,3/31/12,Dublin,Smartalk Teleservices Inc,4520,452010,45,45201020,D,USA,513390,4899,463,974, ,OH,SMARTALK TELESERVICES INC,STKTQ
63859, , ,4/30/12,Dublin,Smartalk Teleservices Inc,4520,452010,45,45201020,D,USA,513390,4899,463,974, ,OH,SMARTALK TELESERVICES INC,STKTQ
63859, , ,5/31/12,Dublin,Smartalk Teleservices Inc,4520,452010,45,45201020,D,USA,513390,4899,463,974, ,OH,SMARTALK TELESERVICES INC,STKTQ
63859, , ,6/30/12,Dublin,Smartalk Teleservices Inc,4520,452010,45,45201020,D,USA,513390,4899,463,974, ,OH,SMARTALK TELESERVICES INC,STKTQ
63859, , ,7/31/12,Dublin,Smartalk Teleservices Inc,4520,452010,45,45201020,D,USA,513390,4899,463,974, ,OH,SMARTALK TELESERVICES INC,STKTQ
63859, , ,10/31/12,Dublin,Smartalk Teleservices Inc,4520,452010,45,45201020,D,USA,513390,4899,463,974, ,OH,SMARTALK TELESERVICES INC,STKTQ
63859, , ,7/31/13,Dublin,Smartalk Teleservices Inc,4520,452010,45,45201020,D,USA,513390,4899,463,974, ,OH,SMARTALK TELESERVICES INC,STKTQ
63888, , ,1/31/10,Bellevue,Sequel Technology Corp,4520,452030,45,45203010,D,USA,541512,7373,454,940, ,WA,SEQUEL TECHNOLOGY CORP,SEQL
63888, , ,2/28/10,Bellevue,Sequel Technology Corp,4520,452030,45,45203010,D,USA,541512,7373,454,940, ,WA,SEQUEL TECHNOLOGY CORP,SEQL
63888, , ,3/31/10,Bellevue,Sequel Technology Corp,4520,452030,45,45203010,D,USA,541512,7373,454,940, ,WA,SEQUEL TECHNOLOGY CORP,SEQL
63888, , ,4/30/10,Bellevue,Sequel Technology Corp,4520,452030,45,45203010,D,USA,541512,7373,454,940, ,WA,SEQUEL TECHNOLOGY CORP,SEQL
63888, , ,5/31/10,Bellevue,Sequel Technology Corp,4520,452030,45,45203010,D,USA,541512,7373,454,940, ,WA,SEQUEL TECHNOLOGY CORP,SEQL
63888, , ,6/30/10,Bellevue,Sequel Technology Corp,4520,452030,45,45203010,D,USA,541512,7373,454,940, ,WA,SEQUEL TECHNOLOGY CORP,SEQL
63888, , ,7/31/10,Bellevue,Sequel Technology Corp,4520,452030,45,45203010,D,USA,541512,7373,454,940, ,WA,SEQUEL TECHNOLOGY CORP,SEQL
63888, , ,8/31/10,Bellevue,Sequel Technology Corp,4520,452030,45,45203010,D,USA,541512,7373,454,940, ,WA,SEQUEL TECHNOLOGY CORP,SEQL
63888, , ,9/30/10,Bellevue,Sequel Technology Corp,4520,452030,45,45203010,D,USA,541512,7373,454,940, ,WA,SEQUEL TECHNOLOGY CORP,SEQL
63888, , ,10/31/10,Bellevue,Sequel Technology Corp,4520,452030,45,45203010,D,USA,541512,7373,454,940, ,WA,SEQUEL TECHNOLOGY CORP,SEQL
63888, , ,11/30/10,Bellevue,Sequel Technology Corp,4520,452030,45,45203010,D,USA,541512,7373,454,940, ,WA,SEQUEL TECHNOLOGY CORP,SEQL
63888, , ,12/31/10,Bellevue,Sequel Technology Corp,4520,452030,45,45203010,D,USA,541512,7373,454,940, ,WA,SEQUEL TECHNOLOGY CORP,SEQL
63888, , ,1/31/11,Bellevue,Sequel Technology Corp,4520,452030,45,45203010,D,USA,541512,7373,454,940, ,WA,SEQUEL TECHNOLOGY CORP,SEQL
63888, , ,2/28/11,Bellevue,Sequel Technology Corp,4520,452030,45,45203010,D,USA,541512,7373,454,940, ,WA,SEQUEL TECHNOLOGY CORP,SEQL
63888, , ,3/31/11,Bellevue,Sequel Technology Corp,4520,452030,45,45203010,D,USA,541512,7373,454,940, ,WA,SEQUEL TECHNOLOGY CORP,SEQL
63888, , ,4/30/11,Bellevue,Sequel Technology Corp,4520,452030,45,45203010,D,USA,541512,7373,454,940, ,WA,SEQUEL TECHNOLOGY CORP,SEQL
63888, , ,5/31/11,Bellevue,Sequel Technology Corp,4520,452030,45,45203010,D,USA,541512,7373,454,940, ,WA,SEQUEL TECHNOLOGY CORP,SEQL
63888, , ,6/30/11,Bellevue,Sequel Technology Corp,4520,452030,45,45203010,D,USA,541512,7373,454,940, ,WA,SEQUEL TECHNOLOGY CORP,SEQL
63888, , ,7/31/11,Bellevue,Sequel Technology Corp,4520,452030,45,45203010,D,USA,541512,7373,454,940, ,WA,SEQUEL TECHNOLOGY CORP,SEQL
63888, , ,8/31/11,Bellevue,Sequel Technology Corp,4520,452030,45,45203010,D,USA,541512,7373,454,940, ,WA,SEQUEL TECHNOLOGY CORP,SEQL
63888, , ,9/30/11,Bellevue,Sequel Technology Corp,4520,452030,45,45203010,D,USA,541512,7373,454,940, ,WA,SEQUEL TECHNOLOGY CORP,SEQL
63888, , ,10/31/11,Bellevue,Sequel Technology Corp,4520,452030,45,45203010,D,USA,541512,7373,454,940, ,WA,SEQUEL TECHNOLOGY CORP,SEQL
63888, , ,11/30/11,Bellevue,Sequel Technology Corp,4520,452030,45,45203010,D,USA,541512,7373,454,940, ,WA,SEQUEL TECHNOLOGY CORP,SEQL
63888, , ,12/31/11,Bellevue,Sequel Technology Corp,4520,452030,45,45203010,D,USA,541512,7373,454,940, ,WA,SEQUEL TECHNOLOGY CORP,SEQL
63888, , ,1/31/12,Bellevue,Sequel Technology Corp,4520,452030,45,45203010,D,USA,541512,7373,454,940, ,WA,SEQUEL TECHNOLOGY CORP,SEQL
63888, , ,2/29/12,Bellevue,Sequel Technology Corp,4520,452030,45,45203010,D,USA,541512,7373,454,940, ,WA,SEQUEL TECHNOLOGY CORP,SEQL
63888, , ,3/31/12,Bellevue,Sequel Technology Corp,4520,452030,45,45203010,D,USA,541512,7373,454,940, ,WA,SEQUEL TECHNOLOGY CORP,SEQL
63888, , ,4/30/12,Bellevue,Sequel Technology Corp,4520,452030,45,45203010,D,USA,541512,7373,454,940, ,WA,SEQUEL TECHNOLOGY CORP,SEQL
63888, , ,5/31/12,Bellevue,Sequel Technology Corp,4520,452030,45,45203010,D,USA,541512,7373,454,940, ,WA,SEQUEL TECHNOLOGY CORP,SEQL
63888, , ,7/31/12,Bellevue,Sequel Technology Corp,4520,452030,45,45203010,D,USA,541512,7373,454,940, ,WA,SEQUEL TECHNOLOGY CORP,SEQL
63890, , ,1/31/10,Arvada,Aspeon Inc,4520,452020,45,45202010,D,USA,334119,3578,370,925, ,CO,ASPEON INC,ASZP
63890, , ,2/28/10,Arvada,Aspeon Inc,4520,452020,45,45202010,D,USA,334119,3578,370,925, ,CO,ASPEON INC,ASZP
63890, , ,3/31/10,Arvada,Aspeon Inc,4520,452020,45,45202010,D,USA,334119,3578,370,925, ,CO,ASPEON INC,ASZP
63890, , ,4/30/10,Arvada,Aspeon Inc,4520,452020,45,45202010,D,USA,334119,3578,370,925, ,CO,ASPEON INC,ASZP
63890, , ,5/31/10,Arvada,Aspeon Inc,4520,452020,45,45202010,D,USA,334119,3578,370,925, ,CO,ASPEON INC,ASZP
63890, , ,6/30/10,Arvada,Aspeon Inc,4520,452020,45,45202010,D,USA,334119,3578,370,925, ,CO,ASPEON INC,ASZP
63890, , ,7/31/10,Arvada,Aspeon Inc,4520,452020,45,45202010,D,USA,334119,3578,370,925, ,CO,ASPEON INC,ASZP
63890, , ,8/31/10,Arvada,Aspeon Inc,4520,452020,45,45202010,D,USA,334119,3578,370,925, ,CO,ASPEON INC,ASZP
63890, , ,9/30/10,Arvada,Aspeon Inc,4520,452020,45,45202010,D,USA,334119,3578,370,925, ,CO,ASPEON INC,ASZP
63890, , ,10/31/10,Arvada,Aspeon Inc,4520,452020,45,45202010,D,USA,334119,3578,370,925, ,CO,ASPEON INC,ASZP
63890, , ,11/30/10,Arvada,Aspeon Inc,4520,452020,45,45202010,D,USA,334119,3578,370,925, ,CO,ASPEON INC,ASZP
63890, , ,12/31/10,Arvada,Aspeon Inc,4520,452020,45,45202010,D,USA,334119,3578,370,925, ,CO,ASPEON INC,ASZP
63890, , ,1/31/11,Arvada,Aspeon Inc,4520,452020,45,45202010,D,USA,334119,3578,370,925, ,CO,ASPEON INC,ASZP
63890, , ,2/28/11,Arvada,Aspeon Inc,4520,452020,45,45202010,D,USA,334119,3578,370,925, ,CO,ASPEON INC,ASZP
63890, , ,3/31/11,Arvada,Aspeon Inc,4520,452020,45,45202010,D,USA,334119,3578,370,925, ,CO,ASPEON INC,ASZP
63890, , ,4/30/11,Arvada,Aspeon Inc,4520,452020,45,45202010,D,USA,334119,3578,370,925, ,CO,ASPEON INC,ASZP
63890, , ,5/31/11,Arvada,Aspeon Inc,4520,452020,45,45202010,D,USA,334119,3578,370,925, ,CO,ASPEON INC,ASZP
63890, , ,6/30/11,Arvada,Aspeon Inc,4520,452020,45,45202010,D,USA,334119,3578,370,925, ,CO,ASPEON INC,ASZP
63890, , ,7/31/11,Arvada,Aspeon Inc,4520,452020,45,45202010,D,USA,334119,3578,370,925, ,CO,ASPEON INC,ASZP
63890, , ,8/31/11,Arvada,Aspeon Inc,4520,452020,45,45202010,D,USA,334119,3578,370,925, ,CO,ASPEON INC,ASZP
63890, , ,9/30/11,Arvada,Aspeon Inc,4520,452020,45,45202010,D,USA,334119,3578,370,925, ,CO,ASPEON INC,ASZP
63890, , ,10/31/11,Arvada,Aspeon Inc,4520,452020,45,45202010,D,USA,334119,3578,370,925, ,CO,ASPEON INC,ASZP
63890, , ,11/30/11,Arvada,Aspeon Inc,4520,452020,45,45202010,D,USA,334119,3578,370,925, ,CO,ASPEON INC,ASZP
63890, , ,12/31/11,Arvada,Aspeon Inc,4520,452020,45,45202010,D,USA,334119,3578,370,925, ,CO,ASPEON INC,ASZP
63890, , ,1/31/12,Arvada,Aspeon Inc,4520,452020,45,45202010,D,USA,334119,3578,370,925, ,CO,ASPEON INC,ASZP
63890, , ,2/29/12,Arvada,Aspeon Inc,4520,452020,45,45202010,D,USA,334119,3578,370,925, ,CO,ASPEON INC,ASZP
63890, , ,3/31/12,Arvada,Aspeon Inc,4520,452020,45,45202010,D,USA,334119,3578,370,925, ,CO,ASPEON INC,ASZP
63890, , ,4/30/12,Arvada,Aspeon Inc,4520,452020,45,45202010,D,USA,334119,3578,370,925, ,CO,ASPEON INC,ASZP
63890, , ,5/31/12,Arvada,Aspeon Inc,4520,452020,45,45202010,D,USA,334119,3578,370,925, ,CO,ASPEON INC,ASZP
63890, , ,6/30/12,Arvada,Aspeon Inc,4520,452020,45,45202010,D,USA,334119,3578,370,925, ,CO,ASPEON INC,ASZP
63919,BBB-, ,1/31/10,Santa Ana,Ingram Micro Inc.,4520,452030,45,45203030,D,USA,423430,5045,190,940,B,CA,INGRAM MICRO INC,IM
63919,BBB-, ,2/28/10,Santa Ana,Ingram Micro Inc.,4520,452030,45,45203030,D,USA,423430,5045,190,940,B,CA,INGRAM MICRO INC,IM
63919,BBB-, ,3/31/10,Santa Ana,Ingram Micro Inc.,4520,452030,45,45203030,D,USA,423430,5045,190,940,B,CA,INGRAM MICRO INC,IM
63919,BBB-, ,4/30/10,Santa Ana,Ingram Micro Inc.,4520,452030,45,45203030,D,USA,423430,5045,190,940,B,CA,INGRAM MICRO INC,IM
63919,BBB-, ,5/31/10,Santa Ana,Ingram Micro Inc.,4520,452030,45,45203030,D,USA,423430,5045,190,940,B,CA,INGRAM MICRO INC,IM
63919,BBB-, ,6/30/10,Santa Ana,Ingram Micro Inc.,4520,452030,45,45203030,D,USA,423430,5045,190,940,B,CA,INGRAM MICRO INC,IM
63919,BBB-, ,7/31/10,Santa Ana,Ingram Micro Inc.,4520,452030,45,45203030,D,USA,423430,5045,190,940,B,CA,INGRAM MICRO INC,IM
63919,BBB-, ,8/31/10,Santa Ana,Ingram Micro Inc.,4520,452030,45,45203030,D,USA,423430,5045,190,940,B,CA,INGRAM MICRO INC,IM
63919,BBB-, ,9/30/10,Santa Ana,Ingram Micro Inc.,4520,452030,45,45203030,D,USA,423430,5045,190,940,B,CA,INGRAM MICRO INC,IM
63919,BBB-, ,10/31/10,Santa Ana,Ingram Micro Inc.,4520,452030,45,45203030,D,USA,423430,5045,190,940,B,CA,INGRAM MICRO INC,IM
63919,BBB-, ,11/30/10,Santa Ana,Ingram Micro Inc.,4520,452030,45,45203030,D,USA,423430,5045,190,940,B,CA,INGRAM MICRO INC,IM
63919,BBB-, ,12/31/10,Santa Ana,Ingram Micro Inc.,4520,452030,45,45203030,D,USA,423430,5045,190,940,B,CA,INGRAM MICRO INC,IM
63919,BBB-, ,1/31/11,Santa Ana,Ingram Micro Inc.,4520,452030,45,45203030,D,USA,423430,5045,190,940,B,CA,INGRAM MICRO INC,IM
63919,BBB-, ,2/28/11,Santa Ana,Ingram Micro Inc.,4520,452030,45,45203030,D,USA,423430,5045,190,940,B,CA,INGRAM MICRO INC,IM
63919,BBB-, ,3/31/11,Santa Ana,Ingram Micro Inc.,4520,452030,45,45203030,D,USA,423430,5045,190,940,B,CA,INGRAM MICRO INC,IM
63919,BBB-, ,4/30/11,Santa Ana,Ingram Micro Inc.,4520,452030,45,45203030,D,USA,423430,5045,190,940,B,CA,INGRAM MICRO INC,IM
63919,BBB-, ,5/31/11,Santa Ana,Ingram Micro Inc.,4520,452030,45,45203030,D,USA,423430,5045,190,940,B,CA,INGRAM MICRO INC,IM
63919,BBB-, ,6/30/11,Santa Ana,Ingram Micro Inc.,4520,452030,45,45203030,D,USA,423430,5045,190,940,B,CA,INGRAM MICRO INC,IM
63919,BBB-, ,7/31/11,Santa Ana,Ingram Micro Inc.,4520,452030,45,45203030,D,USA,423430,5045,190,940,B,CA,INGRAM MICRO INC,IM
63919,BBB-, ,8/31/11,Santa Ana,Ingram Micro Inc.,4520,452030,45,45203030,D,USA,423430,5045,190,940,B,CA,INGRAM MICRO INC,IM
63919,BBB-, ,9/30/11,Santa Ana,Ingram Micro Inc.,4520,452030,45,45203030,D,USA,423430,5045,190,940,B,CA,INGRAM MICRO INC,IM
63919,BBB-, ,10/31/11,Santa Ana,Ingram Micro Inc.,4520,452030,45,45203030,D,USA,423430,5045,190,940,B,CA,INGRAM MICRO INC,IM
63919,BBB-, ,11/30/11,Santa Ana,Ingram Micro Inc.,4520,452030,45,45203030,D,USA,423430,5045,190,940,B,CA,INGRAM MICRO INC,IM
63919,BBB-, ,12/31/11,Santa Ana,Ingram Micro Inc.,4520,452030,45,45203030,D,USA,423430,5045,190,940,B,CA,INGRAM MICRO INC,IM
63919,BBB-, ,1/31/12,Santa Ana,Ingram Micro Inc.,4520,452030,45,45203030,D,USA,423430,5045,190,940,B,CA,INGRAM MICRO INC,IM
63919,BBB-, ,2/29/12,Santa Ana,Ingram Micro Inc.,4520,452030,45,45203030,D,USA,423430,5045,190,940,B,CA,INGRAM MICRO INC,IM
63919,BBB-, ,3/31/12,Santa Ana,Ingram Micro Inc.,4520,452030,45,45203030,D,USA,423430,5045,190,940,B,CA,INGRAM MICRO INC,IM
63919,BBB-, ,4/30/12,Santa Ana,Ingram Micro Inc.,4520,452030,45,45203030,D,USA,423430,5045,190,940,B,CA,INGRAM MICRO INC,IM
63919,BBB-, ,5/31/12,Santa Ana,Ingram Micro Inc.,4520,452030,45,45203030,D,USA,423430,5045,190,940,B,CA,INGRAM MICRO INC,IM
63919,BBB-, ,6/30/12,Santa Ana,Ingram Micro Inc.,4520,452030,45,45203030,D,USA,423430,5045,190,940,B,CA,INGRAM MICRO INC,IM
63919,BBB-, ,7/31/12,Santa Ana,Ingram Micro Inc.,4520,452030,45,45203030,D,USA,423430,5045,190,940,B,CA,INGRAM MICRO INC,IM
63919,BBB-, ,8/31/12,Santa Ana,Ingram Micro Inc.,4520,452030,45,45203030,D,USA,423430,5045,190,940,B,CA,INGRAM MICRO INC,IM
63919,BBB-, ,9/30/12,Santa Ana,Ingram Micro Inc.,4520,452030,45,45203030,D,USA,423430,5045,190,940,B,CA,INGRAM MICRO INC,IM
63919,BBB-, ,10/31/12,Santa Ana,Ingram Micro Inc.,4520,452030,45,45203030,D,USA,423430,5045,190,940,B,CA,INGRAM MICRO INC,IM
63919,BBB-, ,11/30/12,Santa Ana,Ingram Micro Inc.,4520,452030,45,45203030,D,USA,423430,5045,190,940,B,CA,INGRAM MICRO INC,IM
63919,BBB-, ,12/31/12,Santa Ana,Ingram Micro Inc.,4520,452030,45,45203030,D,USA,423430,5045,190,940,B,CA,INGRAM MICRO INC,IM
63919,BBB-, ,1/31/13,Santa Ana,Ingram Micro Inc.,4520,452030,45,45203030,D,USA,423430,5045,190,940,B,CA,INGRAM MICRO INC,IM
63919,BBB-, ,2/28/13,Santa Ana,Ingram Micro Inc.,4520,452030,45,45203030,D,USA,423430,5045,190,940,B,CA,INGRAM MICRO INC,IM
63919,BBB-, ,3/31/13,Santa Ana,Ingram Micro Inc.,4520,452030,45,45203030,D,USA,423430,5045,190,940,B,CA,INGRAM MICRO INC,IM
63919,BBB-, ,4/30/13,Santa Ana,Ingram Micro Inc.,4520,452030,45,45203030,D,USA,423430,5045,190,940,B,CA,INGRAM MICRO INC,IM
63919,BBB-, ,5/31/13,Santa Ana,Ingram Micro Inc.,4520,452030,45,45203030,D,USA,423430,5045,190,940,B,CA,INGRAM MICRO INC,IM
63919,BBB-, ,6/30/13,Santa Ana,Ingram Micro Inc.,4520,452030,45,45203030,D,USA,423430,5045,190,940,B,CA,INGRAM MICRO INC,IM
63919,BBB-, ,7/31/13,Santa Ana,Ingram Micro Inc.,4520,452030,45,45203030,D,USA,423430,5045,190,940,B,CA,INGRAM MICRO INC,IM
63919,BBB-, ,8/31/13,Santa Ana,Ingram Micro Inc.,4520,452030,45,45203030,D,USA,423430,5045,190,940,B,CA,INGRAM MICRO INC,IM
63919,BBB-, ,9/30/13,Santa Ana,Ingram Micro Inc.,4520,452030,45,45203030,D,USA,423430,5045,190,940,B,CA,INGRAM MICRO INC,IM
63919,BBB-, ,10/31/13,Santa Ana,Ingram Micro Inc.,4520,452030,45,45203030,D,USA,423430,5045,190,940,B,CA,INGRAM MICRO INC,IM
63919,BBB-, ,11/30/13,Santa Ana,Ingram Micro Inc.,4520,452030,45,45203030,D,USA,423430,5045,190,940,B,CA,INGRAM MICRO INC,IM
63919,BBB-, ,12/31/13,Santa Ana,Ingram Micro Inc.,4520,452030,45,45203030,D,USA,423430,5045,190,940,B,CA,INGRAM MICRO INC,IM
63919,BBB-, ,1/31/14,Santa Ana,Ingram Micro Inc.,4520,452030,45,45203030,D,USA,423430,5045,190,940,B,CA,INGRAM MICRO INC,IM
63919,BBB-, ,2/28/14,Santa Ana,Ingram Micro Inc.,4520,452030,45,45203030,D,USA,423430,5045,190,940,B,CA,INGRAM MICRO INC,IM
63919,BBB-, ,3/31/14,Santa Ana,Ingram Micro Inc.,4520,452030,45,45203030,D,USA,423430,5045,190,940,B,CA,INGRAM MICRO INC,IM
63919,BBB-, ,4/30/14,Santa Ana,Ingram Micro Inc.,4520,452030,45,45203030,D,USA,423430,5045,190,940,B,CA,INGRAM MICRO INC,IM
63919,BBB-, ,5/31/14,Santa Ana,Ingram Micro Inc.,4520,452030,45,45203030,D,USA,423430,5045,190,940,B,CA,INGRAM MICRO INC,IM
63919,BBB-, ,6/30/14,Santa Ana,Ingram Micro Inc.,4520,452030,45,45203030,D,USA,423430,5045,190,940,B,CA,INGRAM MICRO INC,IM
63959,B+, ,1/31/10,Billerica,L-1 Identity Solutions Inc,4520,452030,45,45203010,D,USA,541512,7373,454,940,C,MA,L-1 IDENTITY SOLUTIONS INC,ID
63959,B+, ,2/28/10,Billerica,L-1 Identity Solutions Inc,4520,452030,45,45203010,D,USA,541512,7373,454,940,C,MA,L-1 IDENTITY SOLUTIONS INC,ID
63959,B+, ,3/31/10,Billerica,L-1 Identity Solutions Inc,4520,452030,45,45203010,D,USA,541512,7373,454,940,C,MA,L-1 IDENTITY SOLUTIONS INC,ID
63959,B+, ,4/30/10,Billerica,L-1 Identity Solutions Inc,4520,452030,45,45203010,D,USA,541512,7373,454,940,C,MA,L-1 IDENTITY SOLUTIONS INC,ID
63959,B+, ,5/31/10,Billerica,L-1 Identity Solutions Inc,4520,452030,45,45203010,D,USA,541512,7373,454,940,C,MA,L-1 IDENTITY SOLUTIONS INC,ID
63959,B+, ,6/30/10,Billerica,L-1 Identity Solutions Inc,4520,452030,45,45203010,D,USA,541512,7373,454,940,C,MA,L-1 IDENTITY SOLUTIONS INC,ID
63959,B+, ,7/31/10,Billerica,L-1 Identity Solutions Inc,4520,452030,45,45203010,D,USA,541512,7373,454,940,C,MA,L-1 IDENTITY SOLUTIONS INC,ID
63959,B+, ,8/31/10,Billerica,L-1 Identity Solutions Inc,4520,452030,45,45203010,D,USA,541512,7373,454,940,C,MA,L-1 IDENTITY SOLUTIONS INC,ID
63959,B+, ,9/30/10,Billerica,L-1 Identity Solutions Inc,4520,452030,45,45203010,D,USA,541512,7373,454,940,C,MA,L-1 IDENTITY SOLUTIONS INC,ID
63959,B+, ,10/31/10,Billerica,L-1 Identity Solutions Inc,4520,452030,45,45203010,D,USA,541512,7373,454,940,C,MA,L-1 IDENTITY SOLUTIONS INC,ID
63959,B+, ,11/30/10,Billerica,L-1 Identity Solutions Inc,4520,452030,45,45203010,D,USA,541512,7373,454,940,C,MA,L-1 IDENTITY SOLUTIONS INC,ID
63959,B+, ,12/31/10,Billerica,L-1 Identity Solutions Inc,4520,452030,45,45203010,D,USA,541512,7373,454,940,C,MA,L-1 IDENTITY SOLUTIONS INC,ID
63959,B+, ,1/31/11,Billerica,L-1 Identity Solutions Inc,4520,452030,45,45203010,D,USA,541512,7373,454,940,C,MA,L-1 IDENTITY SOLUTIONS INC,ID
63959,B+, ,2/28/11,Billerica,L-1 Identity Solutions Inc,4520,452030,45,45203010,D,USA,541512,7373,454,940,C,MA,L-1 IDENTITY SOLUTIONS INC,ID
63959,B+, ,3/31/11,Billerica,L-1 Identity Solutions Inc,4520,452030,45,45203010,D,USA,541512,7373,454,940,C,MA,L-1 IDENTITY SOLUTIONS INC,ID
63959,B+, ,4/30/11,Billerica,L-1 Identity Solutions Inc,4520,452030,45,45203010,D,USA,541512,7373,454,940,C,MA,L-1 IDENTITY SOLUTIONS INC,ID
63959,B+, ,5/31/11,Billerica,L-1 Identity Solutions Inc,4520,452030,45,45203010,D,USA,541512,7373,454,940,C,MA,L-1 IDENTITY SOLUTIONS INC,ID
63959,B, ,6/30/11,Billerica,L-1 Identity Solutions Inc,4520,452030,45,45203010,D,USA,541512,7373,454,940,C,MA,L-1 IDENTITY SOLUTIONS INC,ID
63959, , ,7/31/11,Billerica,L-1 Identity Solutions Inc,4520,452030,45,45203010,D,USA,541512,7373,454,940,C,MA,L-1 IDENTITY SOLUTIONS INC,ID
64088,B, ,1/31/10,Carlsbad,ViaSat Inc.,4520,452010,45,45201020,D,USA,334220,3663,180,940, ,CA,VIASAT INC,VSAT
64088,B, ,2/28/10,Carlsbad,ViaSat Inc.,4520,452010,45,45201020,D,USA,334220,3663,180,940, ,CA,VIASAT INC,VSAT
64088,B, ,3/31/10,Carlsbad,ViaSat Inc.,4520,452010,45,45201020,D,USA,334220,3663,180,940, ,CA,VIASAT INC,VSAT
64088,B, ,4/30/10,Carlsbad,ViaSat Inc.,4520,452010,45,45201020,D,USA,334220,3663,180,940, ,CA,VIASAT INC,VSAT
64088,B, ,5/31/10,Carlsbad,ViaSat Inc.,4520,452010,45,45201020,D,USA,334220,3663,180,940, ,CA,VIASAT INC,VSAT
64088,B, ,6/30/10,Carlsbad,ViaSat Inc.,4520,452010,45,45201020,D,USA,334220,3663,180,940, ,CA,VIASAT INC,VSAT
64088,B, ,7/31/10,Carlsbad,ViaSat Inc.,4520,452010,45,45201020,D,USA,334220,3663,180,940, ,CA,VIASAT INC,VSAT
64088,B, ,8/31/10,Carlsbad,ViaSat Inc.,4520,452010,45,45201020,D,USA,334220,3663,180,940, ,CA,VIASAT INC,VSAT
64088,B, ,9/30/10,Carlsbad,ViaSat Inc.,4520,452010,45,45201020,D,USA,334220,3663,180,940, ,CA,VIASAT INC,VSAT
64088,B, ,10/31/10,Carlsbad,ViaSat Inc.,4520,452010,45,45201020,D,USA,334220,3663,180,940, ,CA,VIASAT INC,VSAT
64088,B, ,11/30/10,Carlsbad,ViaSat Inc.,4520,452010,45,45201020,D,USA,334220,3663,180,940, ,CA,VIASAT INC,VSAT
64088,B, ,12/31/10,Carlsbad,ViaSat Inc.,4520,452010,45,45201020,D,USA,334220,3663,180,940, ,CA,VIASAT INC,VSAT
64088,B, ,1/31/11,Carlsbad,ViaSat Inc.,4520,452010,45,45201020,D,USA,334220,3663,180,940, ,CA,VIASAT INC,VSAT
64088,B, ,2/28/11,Carlsbad,ViaSat Inc.,4520,452010,45,45201020,D,USA,334220,3663,180,940, ,CA,VIASAT INC,VSAT
64088,B, ,3/31/11,Carlsbad,ViaSat Inc.,4520,452010,45,45201020,D,USA,334220,3663,180,940, ,CA,VIASAT INC,VSAT
64088,B, ,4/30/11,Carlsbad,ViaSat Inc.,4520,452010,45,45201020,D,USA,334220,3663,180,940, ,CA,VIASAT INC,VSAT
64088,B, ,5/31/11,Carlsbad,ViaSat Inc.,4520,452010,45,45201020,D,USA,334220,3663,180,940, ,CA,VIASAT INC,VSAT
64088,B, ,6/30/11,Carlsbad,ViaSat Inc.,4520,452010,45,45201020,D,USA,334220,3663,180,940, ,CA,VIASAT INC,VSAT
64088,B, ,7/31/11,Carlsbad,ViaSat Inc.,4520,452010,45,45201020,D,USA,334220,3663,180,940, ,CA,VIASAT INC,VSAT
64088,B, ,8/31/11,Carlsbad,ViaSat Inc.,4520,452010,45,45201020,D,USA,334220,3663,180,940, ,CA,VIASAT INC,VSAT
64088,B, ,9/30/11,Carlsbad,ViaSat Inc.,4520,452010,45,45201020,D,USA,334220,3663,180,940, ,CA,VIASAT INC,VSAT
64088,B, ,10/31/11,Carlsbad,ViaSat Inc.,4520,452010,45,45201020,D,USA,334220,3663,180,940, ,CA,VIASAT INC,VSAT
64088,B, ,11/30/11,Carlsbad,ViaSat Inc.,4520,452010,45,45201020,D,USA,334220,3663,180,940, ,CA,VIASAT INC,VSAT
64088,B, ,12/31/11,Carlsbad,ViaSat Inc.,4520,452010,45,45201020,D,USA,334220,3663,180,940, ,CA,VIASAT INC,VSAT
64088,B, ,1/31/12,Carlsbad,ViaSat Inc.,4520,452010,45,45201020,D,USA,334220,3663,180,940, ,CA,VIASAT INC,VSAT
64088,B+, ,2/29/12,Carlsbad,ViaSat Inc.,4520,452010,45,45201020,D,USA,334220,3663,180,940, ,CA,VIASAT INC,VSAT
64088,B+, ,3/31/12,Carlsbad,ViaSat Inc.,4520,452010,45,45201020,D,USA,334220,3663,180,940, ,CA,VIASAT INC,VSAT
64088,B+, ,4/30/12,Carlsbad,ViaSat Inc.,4520,452010,45,45201020,D,USA,334220,3663,180,940, ,CA,VIASAT INC,VSAT
64088,B+, ,5/31/12,Carlsbad,ViaSat Inc.,4520,452010,45,45201020,D,USA,334220,3663,180,940, ,CA,VIASAT INC,VSAT
64088,B+, ,6/30/12,Carlsbad,ViaSat Inc.,4520,452010,45,45201020,D,USA,334220,3663,180,940, ,CA,VIASAT INC,VSAT
64088,B+, ,7/31/12,Carlsbad,ViaSat Inc.,4520,452010,45,45201020,D,USA,334220,3663,180,940, ,CA,VIASAT INC,VSAT
64088,B+, ,8/31/12,Carlsbad,ViaSat Inc.,4520,452010,45,45201020,D,USA,334220,3663,180,940, ,CA,VIASAT INC,VSAT
64088,B+, ,9/30/12,Carlsbad,ViaSat Inc.,4520,452010,45,45201020,D,USA,334220,3663,180,940, ,CA,VIASAT INC,VSAT
64088,B+, ,10/31/12,Carlsbad,ViaSat Inc.,4520,452010,45,45201020,D,USA,334220,3663,180,940, ,CA,VIASAT INC,VSAT
64088,B+, ,11/30/12,Carlsbad,ViaSat Inc.,4520,452010,45,45201020,D,USA,334220,3663,180,940, ,CA,VIASAT INC,VSAT
64088,B+, ,12/31/12,Carlsbad,ViaSat Inc.,4520,452010,45,45201020,D,USA,334220,3663,180,940, ,CA,VIASAT INC,VSAT
64088,B+, ,1/31/13,Carlsbad,ViaSat Inc.,4520,452010,45,45201020,D,USA,334220,3663,180,940, ,CA,VIASAT INC,VSAT
64088,B+, ,2/28/13,Carlsbad,ViaSat Inc.,4520,452010,45,45201020,D,USA,334220,3663,180,940, ,CA,VIASAT INC,VSAT
64088,B+, ,3/31/13,Carlsbad,ViaSat Inc.,4520,452010,45,45201020,D,USA,334220,3663,180,940, ,CA,VIASAT INC,VSAT
64088,B+, ,4/30/13,Carlsbad,ViaSat Inc.,4520,452010,45,45201020,D,USA,334220,3663,180,940, ,CA,VIASAT INC,VSAT
64088,B+, ,5/31/13,Carlsbad,ViaSat Inc.,4520,452010,45,45201020,D,USA,334220,3663,180,940, ,CA,VIASAT INC,VSAT
64088,B+, ,6/30/13,Carlsbad,ViaSat Inc.,4520,452010,45,45201020,D,USA,334220,3663,180,940, ,CA,VIASAT INC,VSAT
64088,B+, ,7/31/13,Carlsbad,ViaSat Inc.,4520,452010,45,45201020,D,USA,334220,3663,180,940, ,CA,VIASAT INC,VSAT
64088,B+, ,8/31/13,Carlsbad,ViaSat Inc.,4520,452010,45,45201020,D,USA,334220,3663,180,940, ,CA,VIASAT INC,VSAT
64088,B+, ,9/30/13,Carlsbad,ViaSat Inc.,4520,452010,45,45201020,D,USA,334220,3663,180,940, ,CA,VIASAT INC,VSAT
64088,B+, ,10/31/13,Carlsbad,ViaSat Inc.,4520,452010,45,45201020,D,USA,334220,3663,180,940, ,CA,VIASAT INC,VSAT
64088,B+, ,11/30/13,Carlsbad,ViaSat Inc.,4520,452010,45,45201020,D,USA,334220,3663,180,940, ,CA,VIASAT INC,VSAT
64088,B+, ,12/31/13,Carlsbad,ViaSat Inc.,4520,452010,45,45201020,D,USA,334220,3663,180,940, ,CA,VIASAT INC,VSAT
64088,B+, ,1/31/14,Carlsbad,ViaSat Inc.,4520,452010,45,45201020,D,USA,334220,3663,180,940, ,CA,VIASAT INC,VSAT
64088,B+, ,2/28/14,Carlsbad,ViaSat Inc.,4520,452010,45,45201020,D,USA,334220,3663,180,940, ,CA,VIASAT INC,VSAT
64088,B+, ,3/31/14,Carlsbad,ViaSat Inc.,4520,452010,45,45201020,D,USA,334220,3663,180,940, ,CA,VIASAT INC,VSAT
64088,B+, ,4/30/14,Carlsbad,ViaSat Inc.,4520,452010,45,45201020,D,USA,334220,3663,180,940, ,CA,VIASAT INC,VSAT
64088,B+, ,5/31/14,Carlsbad,ViaSat Inc.,4520,452010,45,45201020,D,USA,334220,3663,180,940, ,CA,VIASAT INC,VSAT
64088,B+, ,6/30/14,Carlsbad,ViaSat Inc.,4520,452010,45,45201020,D,USA,334220,3663,180,940, ,CA,VIASAT INC,VSAT
64103, , ,1/31/10,Santa Ana,Powerwave Technologies Inc,4520,452010,45,45201020,B,USA,334220,3663,462,974,D,CA,POWERWAVE TECHNOLOGIES INC,PWAVQ
64103, , ,2/28/10,Santa Ana,Powerwave Technologies Inc,4520,452010,45,45201020,B,USA,334220,3663,462,974,D,CA,POWERWAVE TECHNOLOGIES INC,PWAVQ
64103, , ,3/31/10,Santa Ana,Powerwave Technologies Inc,4520,452010,45,45201020,B,USA,334220,3663,462,974,D,CA,POWERWAVE TECHNOLOGIES INC,PWAVQ
64103, , ,4/30/10,Santa Ana,Powerwave Technologies Inc,4520,452010,45,45201020,B,USA,334220,3663,462,974,D,CA,POWERWAVE TECHNOLOGIES INC,PWAVQ
64103, , ,5/31/10,Santa Ana,Powerwave Technologies Inc,4520,452010,45,45201020,B,USA,334220,3663,462,974,D,CA,POWERWAVE TECHNOLOGIES INC,PWAVQ
64103, , ,6/30/10,Santa Ana,Powerwave Technologies Inc,4520,452010,45,45201020,B,USA,334220,3663,462,974,D,CA,POWERWAVE TECHNOLOGIES INC,PWAVQ
64103, , ,7/31/10,Santa Ana,Powerwave Technologies Inc,4520,452010,45,45201020,B,USA,334220,3663,462,974,D,CA,POWERWAVE TECHNOLOGIES INC,PWAVQ
64103, , ,8/31/10,Santa Ana,Powerwave Technologies Inc,4520,452010,45,45201020,B,USA,334220,3663,462,974,D,CA,POWERWAVE TECHNOLOGIES INC,PWAVQ
64103, , ,9/30/10,Santa Ana,Powerwave Technologies Inc,4520,452010,45,45201020,B,USA,334220,3663,462,974,D,CA,POWERWAVE TECHNOLOGIES INC,PWAVQ
64103, , ,10/31/10,Santa Ana,Powerwave Technologies Inc,4520,452010,45,45201020,B,USA,334220,3663,462,974,D,CA,POWERWAVE TECHNOLOGIES INC,PWAVQ
64103, , ,11/30/10,Santa Ana,Powerwave Technologies Inc,4520,452010,45,45201020,B,USA,334220,3663,462,974,D,CA,POWERWAVE TECHNOLOGIES INC,PWAVQ
64103, , ,12/31/10,Santa Ana,Powerwave Technologies Inc,4520,452010,45,45201020,B,USA,334220,3663,462,974,D,CA,POWERWAVE TECHNOLOGIES INC,PWAVQ
64103, , ,1/31/11,Santa Ana,Powerwave Technologies Inc,4520,452010,45,45201020,B,USA,334220,3663,462,974,D,CA,POWERWAVE TECHNOLOGIES INC,PWAVQ
64103, , ,2/28/11,Santa Ana,Powerwave Technologies Inc,4520,452010,45,45201020,B,USA,334220,3663,462,974,D,CA,POWERWAVE TECHNOLOGIES INC,PWAVQ
64103, , ,3/31/11,Santa Ana,Powerwave Technologies Inc,4520,452010,45,45201020,B,USA,334220,3663,462,974,D,CA,POWERWAVE TECHNOLOGIES INC,PWAVQ
64103, , ,4/30/11,Santa Ana,Powerwave Technologies Inc,4520,452010,45,45201020,B,USA,334220,3663,462,974,D,CA,POWERWAVE TECHNOLOGIES INC,PWAVQ
64103, , ,5/31/11,Santa Ana,Powerwave Technologies Inc,4520,452010,45,45201020,B,USA,334220,3663,462,974,D,CA,POWERWAVE TECHNOLOGIES INC,PWAVQ
64103, , ,6/30/11,Santa Ana,Powerwave Technologies Inc,4520,452010,45,45201020,B,USA,334220,3663,462,974,D,CA,POWERWAVE TECHNOLOGIES INC,PWAVQ
64103, , ,7/31/11,Santa Ana,Powerwave Technologies Inc,4520,452010,45,45201020,B,USA,334220,3663,462,974,D,CA,POWERWAVE TECHNOLOGIES INC,PWAVQ
64103, , ,8/31/11,Santa Ana,Powerwave Technologies Inc,4520,452010,45,45201020,B,USA,334220,3663,462,974,D,CA,POWERWAVE TECHNOLOGIES INC,PWAVQ
64103, , ,9/30/11,Santa Ana,Powerwave Technologies Inc,4520,452010,45,45201020,B,USA,334220,3663,462,974,D,CA,POWERWAVE TECHNOLOGIES INC,PWAVQ
64103, , ,10/31/11,Santa Ana,Powerwave Technologies Inc,4520,452010,45,45201020,B,USA,334220,3663,462,974,D,CA,POWERWAVE TECHNOLOGIES INC,PWAVQ
64103, , ,11/30/11,Santa Ana,Powerwave Technologies Inc,4520,452010,45,45201020,B,USA,334220,3663,462,974,D,CA,POWERWAVE TECHNOLOGIES INC,PWAVQ
64103, , ,12/31/11,Santa Ana,Powerwave Technologies Inc,4520,452010,45,45201020,B,USA,334220,3663,462,974,D,CA,POWERWAVE TECHNOLOGIES INC,PWAVQ
64103, , ,1/31/12,Santa Ana,Powerwave Technologies Inc,4520,452010,45,45201020,B,USA,334220,3663,462,974,D,CA,POWERWAVE TECHNOLOGIES INC,PWAVQ
64103, , ,2/29/12,Santa Ana,Powerwave Technologies Inc,4520,452010,45,45201020,B,USA,334220,3663,462,974,D,CA,POWERWAVE TECHNOLOGIES INC,PWAVQ
64103, , ,3/31/12,Santa Ana,Powerwave Technologies Inc,4520,452010,45,45201020,B,USA,334220,3663,462,974,D,CA,POWERWAVE TECHNOLOGIES INC,PWAVQ
64103, , ,4/30/12,Santa Ana,Powerwave Technologies Inc,4520,452010,45,45201020,B,USA,334220,3663,462,974,D,CA,POWERWAVE TECHNOLOGIES INC,PWAVQ
64103, , ,5/31/12,Santa Ana,Powerwave Technologies Inc,4520,452010,45,45201020,B,USA,334220,3663,462,974,D,CA,POWERWAVE TECHNOLOGIES INC,PWAVQ
64103, , ,6/30/12,Santa Ana,Powerwave Technologies Inc,4520,452010,45,45201020,B,USA,334220,3663,462,974,D,CA,POWERWAVE TECHNOLOGIES INC,PWAVQ
64103, , ,7/31/12,Santa Ana,Powerwave Technologies Inc,4520,452010,45,45201020,B,USA,334220,3663,462,974,D,CA,POWERWAVE TECHNOLOGIES INC,PWAVQ
64103, , ,8/31/12,Santa Ana,Powerwave Technologies Inc,4520,452010,45,45201020,B,USA,334220,3663,462,974,D,CA,POWERWAVE TECHNOLOGIES INC,PWAVQ
64103, , ,9/30/12,Santa Ana,Powerwave Technologies Inc,4520,452010,45,45201020,B,USA,334220,3663,462,974,D,CA,POWERWAVE TECHNOLOGIES INC,PWAVQ
64103, , ,10/31/12,Santa Ana,Powerwave Technologies Inc,4520,452010,45,45201020,B,USA,334220,3663,462,974,D,CA,POWERWAVE TECHNOLOGIES INC,PWAVQ
64103, , ,11/30/12,Santa Ana,Powerwave Technologies Inc,4520,452010,45,45201020,B,USA,334220,3663,462,974,D,CA,POWERWAVE TECHNOLOGIES INC,PWAVQ
64103, , ,12/31/12,Santa Ana,Powerwave Technologies Inc,4520,452010,45,45201020,B,USA,334220,3663,462,974,D,CA,POWERWAVE TECHNOLOGIES INC,PWAVQ
64103, , ,1/31/13,Santa Ana,Powerwave Technologies Inc,4520,452010,45,45201020,B,USA,334220,3663,462,974,D,CA,POWERWAVE TECHNOLOGIES INC,PWAVQ
64103, , ,2/28/13,Santa Ana,Powerwave Technologies Inc,4520,452010,45,45201020,B,USA,334220,3663,462,974,D,CA,POWERWAVE TECHNOLOGIES INC,PWAVQ
64103, , ,3/31/13,Santa Ana,Powerwave Technologies Inc,4520,452010,45,45201020,B,USA,334220,3663,462,974,D,CA,POWERWAVE TECHNOLOGIES INC,PWAVQ
64103, , ,4/30/13,Santa Ana,Powerwave Technologies Inc,4520,452010,45,45201020,B,USA,334220,3663,462,974,D,CA,POWERWAVE TECHNOLOGIES INC,PWAVQ
64103, , ,5/31/13,Santa Ana,Powerwave Technologies Inc,4520,452010,45,45201020,B,USA,334220,3663,462,974,D,CA,POWERWAVE TECHNOLOGIES INC,PWAVQ
64103, , ,6/30/13,Santa Ana,Powerwave Technologies Inc,4520,452010,45,45201020,B,USA,334220,3663,462,974,D,CA,POWERWAVE TECHNOLOGIES INC,PWAVQ
64103, , ,7/31/13,Santa Ana,Powerwave Technologies Inc,4520,452010,45,45201020,B,USA,334220,3663,462,974,D,CA,POWERWAVE TECHNOLOGIES INC,PWAVQ
64103, , ,8/31/13,Santa Ana,Powerwave Technologies Inc,4520,452010,45,45201020,B,USA,334220,3663,462,974,D,CA,POWERWAVE TECHNOLOGIES INC,PWAVQ
64103, , ,9/30/13,Santa Ana,Powerwave Technologies Inc,4520,452010,45,45201020,B,USA,334220,3663,462,974,D,CA,POWERWAVE TECHNOLOGIES INC,PWAVQ
64103, , ,10/31/13,Santa Ana,Powerwave Technologies Inc,4520,452010,45,45201020,B,USA,334220,3663,462,974,D,CA,POWERWAVE TECHNOLOGIES INC,PWAVQ
64111, , ,1/31/10,Cambridge,COM DEV International Ltd,4520,452010,45,45201020,D,CAN,334220,3663,180,940, ,ON,COM DEV INTERNATIONAL LTD,CDVIF
64111, , ,2/28/10,Cambridge,COM DEV International Ltd,4520,452010,45,45201020,D,CAN,334220,3663,180,940, ,ON,COM DEV INTERNATIONAL LTD,CDVIF
64111, , ,3/31/10,Cambridge,COM DEV International Ltd,4520,452010,45,45201020,D,CAN,334220,3663,180,940, ,ON,COM DEV INTERNATIONAL LTD,CDVIF
64111, , ,4/30/10,Cambridge,COM DEV International Ltd,4520,452010,45,45201020,D,CAN,334220,3663,180,940, ,ON,COM DEV INTERNATIONAL LTD,CDVIF
64111, , ,5/31/10,Cambridge,COM DEV International Ltd,4520,452010,45,45201020,D,CAN,334220,3663,180,940, ,ON,COM DEV INTERNATIONAL LTD,CDVIF
64111, , ,6/30/10,Cambridge,COM DEV International Ltd,4520,452010,45,45201020,D,CAN,334220,3663,180,940, ,ON,COM DEV INTERNATIONAL LTD,CDVIF
64111, , ,7/31/10,Cambridge,COM DEV International Ltd,4520,452010,45,45201020,D,CAN,334220,3663,180,940, ,ON,COM DEV INTERNATIONAL LTD,CDVIF
64111, , ,8/31/10,Cambridge,COM DEV International Ltd,4520,452010,45,45201020,D,CAN,334220,3663,180,940, ,ON,COM DEV INTERNATIONAL LTD,CDVIF
64111, , ,9/30/10,Cambridge,COM DEV International Ltd,4520,452010,45,45201020,D,CAN,334220,3663,180,940, ,ON,COM DEV INTERNATIONAL LTD,CDVIF
64111, , ,10/31/10,Cambridge,COM DEV International Ltd,4520,452010,45,45201020,D,CAN,334220,3663,180,940, ,ON,COM DEV INTERNATIONAL LTD,CDVIF
64111, , ,11/30/10,Cambridge,COM DEV International Ltd,4520,452010,45,45201020,D,CAN,334220,3663,180,940, ,ON,COM DEV INTERNATIONAL LTD,CDVIF
64111, , ,12/31/10,Cambridge,COM DEV International Ltd,4520,452010,45,45201020,D,CAN,334220,3663,180,940, ,ON,COM DEV INTERNATIONAL LTD,CDVIF
64111, , ,1/31/11,Cambridge,COM DEV International Ltd,4520,452010,45,45201020,D,CAN,334220,3663,180,940, ,ON,COM DEV INTERNATIONAL LTD,CDVIF
64111, , ,2/28/11,Cambridge,COM DEV International Ltd,4520,452010,45,45201020,D,CAN,334220,3663,180,940, ,ON,COM DEV INTERNATIONAL LTD,CDVIF
64111, , ,3/31/11,Cambridge,COM DEV International Ltd,4520,452010,45,45201020,D,CAN,334220,3663,180,940, ,ON,COM DEV INTERNATIONAL LTD,CDVIF
64111, , ,4/30/11,Cambridge,COM DEV International Ltd,4520,452010,45,45201020,D,CAN,334220,3663,180,940, ,ON,COM DEV INTERNATIONAL LTD,CDVIF
64111, , ,5/31/11,Cambridge,COM DEV International Ltd,4520,452010,45,45201020,D,CAN,334220,3663,180,940, ,ON,COM DEV INTERNATIONAL LTD,CDVIF
64111, , ,6/30/11,Cambridge,COM DEV International Ltd,4520,452010,45,45201020,D,CAN,334220,3663,180,940, ,ON,COM DEV INTERNATIONAL LTD,CDVIF
64111, , ,7/31/11,Cambridge,COM DEV International Ltd,4520,452010,45,45201020,D,CAN,334220,3663,180,940, ,ON,COM DEV INTERNATIONAL LTD,CDVIF
64111, , ,8/31/11,Cambridge,COM DEV International Ltd,4520,452010,45,45201020,D,CAN,334220,3663,180,940, ,ON,COM DEV INTERNATIONAL LTD,CDVIF
64111, , ,9/30/11,Cambridge,COM DEV International Ltd,4520,452010,45,45201020,D,CAN,334220,3663,180,940, ,ON,COM DEV INTERNATIONAL LTD,CDVIF
64111, , ,10/31/11,Cambridge,COM DEV International Ltd,4520,452010,45,45201020,D,CAN,334220,3663,180,940, ,ON,COM DEV INTERNATIONAL LTD,CDVIF
64111, , ,11/30/11,Cambridge,COM DEV International Ltd,4520,452010,45,45201020,D,CAN,334220,3663,180,940, ,ON,COM DEV INTERNATIONAL LTD,CDVIF
64111, , ,12/31/11,Cambridge,COM DEV International Ltd,4520,452010,45,45201020,D,CAN,334220,3663,180,940, ,ON,COM DEV INTERNATIONAL LTD,CDVIF
64111, , ,1/31/12,Cambridge,COM DEV International Ltd,4520,452010,45,45201020,D,CAN,334220,3663,180,940, ,ON,COM DEV INTERNATIONAL LTD,CDVIF
64111, , ,2/29/12,Cambridge,COM DEV International Ltd,4520,452010,45,45201020,D,CAN,334220,3663,180,940, ,ON,COM DEV INTERNATIONAL LTD,CDVIF
64111, , ,3/31/12,Cambridge,COM DEV International Ltd,4520,452010,45,45201020,D,CAN,334220,3663,180,940, ,ON,COM DEV INTERNATIONAL LTD,CDVIF
64111, , ,4/30/12,Cambridge,COM DEV International Ltd,4520,452010,45,45201020,D,CAN,334220,3663,180,940, ,ON,COM DEV INTERNATIONAL LTD,CDVIF
64111, , ,5/31/12,Cambridge,COM DEV International Ltd,4520,452010,45,45201020,D,CAN,334220,3663,180,940, ,ON,COM DEV INTERNATIONAL LTD,CDVIF
64111, , ,6/30/12,Cambridge,COM DEV International Ltd,4520,452010,45,45201020,D,CAN,334220,3663,180,940, ,ON,COM DEV INTERNATIONAL LTD,CDVIF
64111, , ,7/31/12,Cambridge,COM DEV International Ltd,4520,452010,45,45201020,D,CAN,334220,3663,180,940, ,ON,COM DEV INTERNATIONAL LTD,CDVIF
64111, , ,8/31/12,Cambridge,COM DEV International Ltd,4520,452010,45,45201020,D,CAN,334220,3663,180,940, ,ON,COM DEV INTERNATIONAL LTD,CDVIF
64111, , ,9/30/12,Cambridge,COM DEV International Ltd,4520,452010,45,45201020,D,CAN,334220,3663,180,940, ,ON,COM DEV INTERNATIONAL LTD,CDVIF
64111, , ,10/31/12,Cambridge,COM DEV International Ltd,4520,452010,45,45201020,D,CAN,334220,3663,180,940, ,ON,COM DEV INTERNATIONAL LTD,CDVIF
64111, , ,11/30/12,Cambridge,COM DEV International Ltd,4520,452010,45,45201020,D,CAN,334220,3663,180,940, ,ON,COM DEV INTERNATIONAL LTD,CDVIF
64111, , ,12/31/12,Cambridge,COM DEV International Ltd,4520,452010,45,45201020,D,CAN,334220,3663,180,940, ,ON,COM DEV INTERNATIONAL LTD,CDVIF
64111, , ,1/31/13,Cambridge,COM DEV International Ltd,4520,452010,45,45201020,D,CAN,334220,3663,180,940, ,ON,COM DEV INTERNATIONAL LTD,CDVIF
64111, , ,2/28/13,Cambridge,COM DEV International Ltd,4520,452010,45,45201020,D,CAN,334220,3663,180,940, ,ON,COM DEV INTERNATIONAL LTD,CDVIF
64111, , ,3/31/13,Cambridge,COM DEV International Ltd,4520,452010,45,45201020,D,CAN,334220,3663,180,940, ,ON,COM DEV INTERNATIONAL LTD,CDVIF
64111, , ,4/30/13,Cambridge,COM DEV International Ltd,4520,452010,45,45201020,D,CAN,334220,3663,180,940, ,ON,COM DEV INTERNATIONAL LTD,CDVIF
64111, , ,5/31/13,Cambridge,COM DEV International Ltd,4520,452010,45,45201020,D,CAN,334220,3663,180,940, ,ON,COM DEV INTERNATIONAL LTD,CDVIF
64111, , ,6/30/13,Cambridge,COM DEV International Ltd,4520,452010,45,45201020,D,CAN,334220,3663,180,940, ,ON,COM DEV INTERNATIONAL LTD,CDVIF
64111, , ,7/31/13,Cambridge,COM DEV International Ltd,4520,452010,45,45201020,D,CAN,334220,3663,180,940, ,ON,COM DEV INTERNATIONAL LTD,CDVIF
64111, , ,8/31/13,Cambridge,COM DEV International Ltd,4520,452010,45,45201020,D,CAN,334220,3663,180,940, ,ON,COM DEV INTERNATIONAL LTD,CDVIF
64111, , ,9/30/13,Cambridge,COM DEV International Ltd,4520,452010,45,45201020,D,CAN,334220,3663,180,940, ,ON,COM DEV INTERNATIONAL LTD,CDVIF
64111, , ,10/31/13,Cambridge,COM DEV International Ltd,4520,452010,45,45201020,D,CAN,334220,3663,180,940, ,ON,COM DEV INTERNATIONAL LTD,CDVIF
64278, , ,1/31/10,Petach Tikva,Eltek Ltd,4520,452030,45,45203015,D,ISR,334412,3672,220,925, , ,ELTEK LTD,ELTK
64278, , ,2/28/10,Petach Tikva,Eltek Ltd,4520,452030,45,45203015,D,ISR,334412,3672,220,925, , ,ELTEK LTD,ELTK
64278, , ,3/31/10,Petach Tikva,Eltek Ltd,4520,452030,45,45203015,D,ISR,334412,3672,220,925, , ,ELTEK LTD,ELTK
64278, , ,4/30/10,Petach Tikva,Eltek Ltd,4520,452030,45,45203015,D,ISR,334412,3672,220,925, , ,ELTEK LTD,ELTK
64278, , ,5/31/10,Petach Tikva,Eltek Ltd,4520,452030,45,45203015,D,ISR,334412,3672,220,925, , ,ELTEK LTD,ELTK
64278, , ,6/30/10,Petach Tikva,Eltek Ltd,4520,452030,45,45203015,D,ISR,334412,3672,220,925, , ,ELTEK LTD,ELTK
64278, , ,7/31/10,Petach Tikva,Eltek Ltd,4520,452030,45,45203015,D,ISR,334412,3672,220,925, , ,ELTEK LTD,ELTK
64278, , ,8/31/10,Petach Tikva,Eltek Ltd,4520,452030,45,45203015,D,ISR,334412,3672,220,925, , ,ELTEK LTD,ELTK
64278, , ,9/30/10,Petach Tikva,Eltek Ltd,4520,452030,45,45203015,D,ISR,334412,3672,220,925, , ,ELTEK LTD,ELTK
64278, , ,10/31/10,Petach Tikva,Eltek Ltd,4520,452030,45,45203015,D,ISR,334412,3672,220,925, , ,ELTEK LTD,ELTK
64278, , ,11/30/10,Petach Tikva,Eltek Ltd,4520,452030,45,45203015,D,ISR,334412,3672,220,925, , ,ELTEK LTD,ELTK
64278, , ,12/31/10,Petach Tikva,Eltek Ltd,4520,452030,45,45203015,D,ISR,334412,3672,220,925, , ,ELTEK LTD,ELTK
64278, , ,1/31/11,Petach Tikva,Eltek Ltd,4520,452030,45,45203015,D,ISR,334412,3672,220,925, , ,ELTEK LTD,ELTK
64278, , ,2/28/11,Petach Tikva,Eltek Ltd,4520,452030,45,45203015,D,ISR,334412,3672,220,925, , ,ELTEK LTD,ELTK
64278, , ,3/31/11,Petach Tikva,Eltek Ltd,4520,452030,45,45203015,D,ISR,334412,3672,220,925, , ,ELTEK LTD,ELTK
64278, , ,4/30/11,Petach Tikva,Eltek Ltd,4520,452030,45,45203015,D,ISR,334412,3672,220,925, , ,ELTEK LTD,ELTK
64278, , ,5/31/11,Petach Tikva,Eltek Ltd,4520,452030,45,45203015,D,ISR,334412,3672,220,925, , ,ELTEK LTD,ELTK
64278, , ,6/30/11,Petach Tikva,Eltek Ltd,4520,452030,45,45203015,D,ISR,334412,3672,220,925, , ,ELTEK LTD,ELTK
64278, , ,7/31/11,Petach Tikva,Eltek Ltd,4520,452030,45,45203015,D,ISR,334412,3672,220,925, , ,ELTEK LTD,ELTK
64278, , ,8/31/11,Petach Tikva,Eltek Ltd,4520,452030,45,45203015,D,ISR,334412,3672,220,925, , ,ELTEK LTD,ELTK
64278, , ,9/30/11,Petach Tikva,Eltek Ltd,4520,452030,45,45203015,D,ISR,334412,3672,220,925, , ,ELTEK LTD,ELTK
64278, , ,10/31/11,Petach Tikva,Eltek Ltd,4520,452030,45,45203015,D,ISR,334412,3672,220,925, , ,ELTEK LTD,ELTK
64278, , ,11/30/11,Petach Tikva,Eltek Ltd,4520,452030,45,45203015,D,ISR,334412,3672,220,925, , ,ELTEK LTD,ELTK
64278, , ,12/31/11,Petach Tikva,Eltek Ltd,4520,452030,45,45203015,D,ISR,334412,3672,220,925, , ,ELTEK LTD,ELTK
64278, , ,1/31/12,Petach Tikva,Eltek Ltd,4520,452030,45,45203015,D,ISR,334412,3672,220,925, , ,ELTEK LTD,ELTK
64278, , ,2/29/12,Petach Tikva,Eltek Ltd,4520,452030,45,45203015,D,ISR,334412,3672,220,925, , ,ELTEK LTD,ELTK
64278, , ,3/31/12,Petach Tikva,Eltek Ltd,4520,452030,45,45203015,D,ISR,334412,3672,220,925, , ,ELTEK LTD,ELTK
64278, , ,4/30/12,Petach Tikva,Eltek Ltd,4520,452030,45,45203015,D,ISR,334412,3672,220,925, , ,ELTEK LTD,ELTK
64278, , ,5/31/12,Petach Tikva,Eltek Ltd,4520,452030,45,45203015,D,ISR,334412,3672,220,925, , ,ELTEK LTD,ELTK
64278, , ,6/30/12,Petach Tikva,Eltek Ltd,4520,452030,45,45203015,D,ISR,334412,3672,220,925, , ,ELTEK LTD,ELTK
64278, , ,7/31/12,Petach Tikva,Eltek Ltd,4520,452030,45,45203015,D,ISR,334412,3672,220,925, , ,ELTEK LTD,ELTK
64278, , ,8/31/12,Petach Tikva,Eltek Ltd,4520,452030,45,45203015,D,ISR,334412,3672,220,925, , ,ELTEK LTD,ELTK
64278, , ,9/30/12,Petach Tikva,Eltek Ltd,4520,452030,45,45203015,D,ISR,334412,3672,220,925, , ,ELTEK LTD,ELTK
64278, , ,10/31/12,Petach Tikva,Eltek Ltd,4520,452030,45,45203015,D,ISR,334412,3672,220,925, , ,ELTEK LTD,ELTK
64278, , ,11/30/12,Petach Tikva,Eltek Ltd,4520,452030,45,45203015,D,ISR,334412,3672,220,925, , ,ELTEK LTD,ELTK
64278, , ,12/31/12,Petach Tikva,Eltek Ltd,4520,452030,45,45203015,D,ISR,334412,3672,220,925, , ,ELTEK LTD,ELTK
64278, , ,1/31/13,Petach Tikva,Eltek Ltd,4520,452030,45,45203015,D,ISR,334412,3672,220,925, , ,ELTEK LTD,ELTK
64278, , ,2/28/13,Petach Tikva,Eltek Ltd,4520,452030,45,45203015,D,ISR,334412,3672,220,925, , ,ELTEK LTD,ELTK
64278, , ,3/31/13,Petach Tikva,Eltek Ltd,4520,452030,45,45203015,D,ISR,334412,3672,220,925, , ,ELTEK LTD,ELTK
64278, , ,4/30/13,Petach Tikva,Eltek Ltd,4520,452030,45,45203015,D,ISR,334412,3672,220,925, , ,ELTEK LTD,ELTK
64278, , ,5/31/13,Petach Tikva,Eltek Ltd,4520,452030,45,45203015,D,ISR,334412,3672,220,925, , ,ELTEK LTD,ELTK
64278, , ,6/30/13,Petach Tikva,Eltek Ltd,4520,452030,45,45203015,D,ISR,334412,3672,220,925, , ,ELTEK LTD,ELTK
64278, , ,7/31/13,Petach Tikva,Eltek Ltd,4520,452030,45,45203015,D,ISR,334412,3672,220,925, , ,ELTEK LTD,ELTK
64278, , ,8/31/13,Petach Tikva,Eltek Ltd,4520,452030,45,45203015,D,ISR,334412,3672,220,925, , ,ELTEK LTD,ELTK
64278, , ,9/30/13,Petach Tikva,Eltek Ltd,4520,452030,45,45203015,D,ISR,334412,3672,220,925, , ,ELTEK LTD,ELTK
64278, , ,10/31/13,Petach Tikva,Eltek Ltd,4520,452030,45,45203015,D,ISR,334412,3672,220,925, , ,ELTEK LTD,ELTK
64279, , ,1/31/10,Raritan,Wi-Tron Inc,4520,452010,45,45201020,D,USA,334220,3663,180,940,C,NJ,WI-TRON INC,WTRO
64279, , ,2/28/10,Raritan,Wi-Tron Inc,4520,452010,45,45201020,D,USA,334220,3663,180,940,C,NJ,WI-TRON INC,WTRO
64279, , ,3/31/10,Raritan,Wi-Tron Inc,4520,452010,45,45201020,D,USA,334220,3663,180,940,C,NJ,WI-TRON INC,WTRO
64279, , ,4/30/10,Raritan,Wi-Tron Inc,4520,452010,45,45201020,D,USA,334220,3663,180,940,C,NJ,WI-TRON INC,WTRO
64279, , ,5/31/10,Raritan,Wi-Tron Inc,4520,452010,45,45201020,D,USA,334220,3663,180,940,C,NJ,WI-TRON INC,WTRO
64279, , ,6/30/10,Raritan,Wi-Tron Inc,4520,452010,45,45201020,D,USA,334220,3663,180,940,C,NJ,WI-TRON INC,WTRO
64279, , ,7/31/10,Raritan,Wi-Tron Inc,4520,452010,45,45201020,D,USA,334220,3663,180,940,C,NJ,WI-TRON INC,WTRO
64279, , ,8/31/10,Raritan,Wi-Tron Inc,4520,452010,45,45201020,D,USA,334220,3663,180,940,C,NJ,WI-TRON INC,WTRO
64279, , ,9/30/10,Raritan,Wi-Tron Inc,4520,452010,45,45201020,D,USA,334220,3663,180,940,C,NJ,WI-TRON INC,WTRO
64279, , ,10/31/10,Raritan,Wi-Tron Inc,4520,452010,45,45201020,D,USA,334220,3663,180,940,C,NJ,WI-TRON INC,WTRO
64279, , ,11/30/10,Raritan,Wi-Tron Inc,4520,452010,45,45201020,D,USA,334220,3663,180,940,C,NJ,WI-TRON INC,WTRO
64279, , ,12/31/10,Raritan,Wi-Tron Inc,4520,452010,45,45201020,D,USA,334220,3663,180,940,C,NJ,WI-TRON INC,WTRO
64279, , ,1/31/11,Raritan,Wi-Tron Inc,4520,452010,45,45201020,D,USA,334220,3663,180,940,C,NJ,WI-TRON INC,WTRO
64279, , ,2/28/11,Raritan,Wi-Tron Inc,4520,452010,45,45201020,D,USA,334220,3663,180,940,C,NJ,WI-TRON INC,WTRO
64279, , ,3/31/11,Raritan,Wi-Tron Inc,4520,452010,45,45201020,D,USA,334220,3663,180,940,C,NJ,WI-TRON INC,WTRO
64279, , ,4/30/11,Raritan,Wi-Tron Inc,4520,452010,45,45201020,D,USA,334220,3663,180,940,C,NJ,WI-TRON INC,WTRO
64279, , ,5/31/11,Raritan,Wi-Tron Inc,4520,452010,45,45201020,D,USA,334220,3663,180,940,C,NJ,WI-TRON INC,WTRO
64279, , ,6/30/11,Raritan,Wi-Tron Inc,4520,452010,45,45201020,D,USA,334220,3663,180,940,C,NJ,WI-TRON INC,WTRO
64279, , ,7/31/11,Raritan,Wi-Tron Inc,4520,452010,45,45201020,D,USA,334220,3663,180,940,C,NJ,WI-TRON INC,WTRO
64279, , ,8/31/11,Raritan,Wi-Tron Inc,4520,452010,45,45201020,D,USA,334220,3663,180,940,C,NJ,WI-TRON INC,WTRO
64279, , ,9/30/11,Raritan,Wi-Tron Inc,4520,452010,45,45201020,D,USA,334220,3663,180,940,C,NJ,WI-TRON INC,WTRO
64279, , ,10/31/11,Raritan,Wi-Tron Inc,4520,452010,45,45201020,D,USA,334220,3663,180,940,C,NJ,WI-TRON INC,WTRO
64279, , ,11/30/11,Raritan,Wi-Tron Inc,4520,452010,45,45201020,D,USA,334220,3663,180,940,C,NJ,WI-TRON INC,WTRO
64279, , ,12/31/11,Raritan,Wi-Tron Inc,4520,452010,45,45201020,D,USA,334220,3663,180,940,C,NJ,WI-TRON INC,WTRO
64279, , ,1/31/12,Raritan,Wi-Tron Inc,4520,452010,45,45201020,D,USA,334220,3663,180,940,C,NJ,WI-TRON INC,WTRO
64279, , ,2/29/12,Raritan,Wi-Tron Inc,4520,452010,45,45201020,D,USA,334220,3663,180,940,C,NJ,WI-TRON INC,WTRO
64279, , ,3/31/12,Raritan,Wi-Tron Inc,4520,452010,45,45201020,D,USA,334220,3663,180,940,C,NJ,WI-TRON INC,WTRO
64279, , ,4/30/12,Raritan,Wi-Tron Inc,4520,452010,45,45201020,D,USA,334220,3663,180,940,C,NJ,WI-TRON INC,WTRO
64279, , ,5/31/12,Raritan,Wi-Tron Inc,4520,452010,45,45201020,D,USA,334220,3663,180,940,C,NJ,WI-TRON INC,WTRO
64279, , ,6/30/12,Raritan,Wi-Tron Inc,4520,452010,45,45201020,D,USA,334220,3663,180,940,C,NJ,WI-TRON INC,WTRO
64279, , ,7/31/12,Raritan,Wi-Tron Inc,4520,452010,45,45201020,D,USA,334220,3663,180,940,C,NJ,WI-TRON INC,WTRO
64279, , ,8/31/12,Raritan,Wi-Tron Inc,4520,452010,45,45201020,D,USA,334220,3663,180,940,C,NJ,WI-TRON INC,WTRO
64279, , ,9/30/12,Raritan,Wi-Tron Inc,4520,452010,45,45201020,D,USA,334220,3663,180,940,C,NJ,WI-TRON INC,WTRO
64279, , ,10/31/12,Raritan,Wi-Tron Inc,4520,452010,45,45201020,D,USA,334220,3663,180,940,C,NJ,WI-TRON INC,WTRO
64279, , ,11/30/12,Raritan,Wi-Tron Inc,4520,452010,45,45201020,D,USA,334220,3663,180,940,C,NJ,WI-TRON INC,WTRO
64279, , ,12/31/12,Raritan,Wi-Tron Inc,4520,452010,45,45201020,D,USA,334220,3663,180,940,C,NJ,WI-TRON INC,WTRO
64279, , ,1/31/13,Raritan,Wi-Tron Inc,4520,452010,45,45201020,D,USA,334220,3663,180,940,C,NJ,WI-TRON INC,WTRO
64279, , ,2/28/13,Raritan,Wi-Tron Inc,4520,452010,45,45201020,D,USA,334220,3663,180,940,C,NJ,WI-TRON INC,WTRO
64279, , ,3/31/13,Raritan,Wi-Tron Inc,4520,452010,45,45201020,D,USA,334220,3663,180,940,C,NJ,WI-TRON INC,WTRO
64279, , ,4/30/13,Raritan,Wi-Tron Inc,4520,452010,45,45201020,D,USA,334220,3663,180,940,C,NJ,WI-TRON INC,WTRO
64279, , ,5/31/13,Raritan,Wi-Tron Inc,4520,452010,45,45201020,D,USA,334220,3663,180,940,C,NJ,WI-TRON INC,WTRO
64282, , ,1/31/10,Irving,EFJohnson Technologies Inc,4520,452010,45,45201020,D,USA,334220,3663,180,940,B-,TX,EFJOHNSON TECHNOLOGIES INC,EFJI
64282, , ,2/28/10,Irving,EFJohnson Technologies Inc,4520,452010,45,45201020,D,USA,334220,3663,180,940,B-,TX,EFJOHNSON TECHNOLOGIES INC,EFJI
64282, , ,3/31/10,Irving,EFJohnson Technologies Inc,4520,452010,45,45201020,D,USA,334220,3663,180,940,B-,TX,EFJOHNSON TECHNOLOGIES INC,EFJI
64282, , ,4/30/10,Irving,EFJohnson Technologies Inc,4520,452010,45,45201020,D,USA,334220,3663,180,940,B-,TX,EFJOHNSON TECHNOLOGIES INC,EFJI
64282, , ,5/31/10,Irving,EFJohnson Technologies Inc,4520,452010,45,45201020,D,USA,334220,3663,180,940,B-,TX,EFJOHNSON TECHNOLOGIES INC,EFJI
64282, , ,6/30/10,Irving,EFJohnson Technologies Inc,4520,452010,45,45201020,D,USA,334220,3663,180,940,B-,TX,EFJOHNSON TECHNOLOGIES INC,EFJI
64282, , ,7/31/10,Irving,EFJohnson Technologies Inc,4520,452010,45,45201020,D,USA,334220,3663,180,940,B-,TX,EFJOHNSON TECHNOLOGIES INC,EFJI
64282, , ,8/31/10,Irving,EFJohnson Technologies Inc,4520,452010,45,45201020,D,USA,334220,3663,180,940,B-,TX,EFJOHNSON TECHNOLOGIES INC,EFJI
64351, , ,1/31/10,St. Petersburg,Digital Lightwave Inc,4520,452010,45,45201020,D,USA,334290,3669,180,940,C,FL,DIGITAL LIGHTWAVE INC,DIGL
64356,B, ,1/31/10,Hanover,Ciena Corp,4520,452010,45,45201020,D,USA,334210,3661,180,940,B,MD,CIENA CORP,CIEN
64356,B, ,2/28/10,Hanover,Ciena Corp,4520,452010,45,45201020,D,USA,334210,3661,180,940,B,MD,CIENA CORP,CIEN
64356,B, ,3/31/10,Hanover,Ciena Corp,4520,452010,45,45201020,D,USA,334210,3661,180,940,B,MD,CIENA CORP,CIEN
64356,B, ,4/30/10,Hanover,Ciena Corp,4520,452010,45,45201020,D,USA,334210,3661,180,940,B,MD,CIENA CORP,CIEN
64356,B, ,5/31/10,Hanover,Ciena Corp,4520,452010,45,45201020,D,USA,334210,3661,180,940,B,MD,CIENA CORP,CIEN
64356,B, ,6/30/10,Hanover,Ciena Corp,4520,452010,45,45201020,D,USA,334210,3661,180,940,B,MD,CIENA CORP,CIEN
64356,B, ,7/31/10,Hanover,Ciena Corp,4520,452010,45,45201020,D,USA,334210,3661,180,940,B,MD,CIENA CORP,CIEN
64356,B, ,8/31/10,Hanover,Ciena Corp,4520,452010,45,45201020,D,USA,334210,3661,180,940,B,MD,CIENA CORP,CIEN
64356,B, ,9/30/10,Hanover,Ciena Corp,4520,452010,45,45201020,D,USA,334210,3661,180,940,B,MD,CIENA CORP,CIEN
64356,B, ,10/31/10,Hanover,Ciena Corp,4520,452010,45,45201020,D,USA,334210,3661,180,940,B,MD,CIENA CORP,CIEN
64356,B, ,11/30/10,Hanover,Ciena Corp,4520,452010,45,45201020,D,USA,334210,3661,180,940,B,MD,CIENA CORP,CIEN
64356,B, ,12/31/10,Hanover,Ciena Corp,4520,452010,45,45201020,D,USA,334210,3661,180,940,B,MD,CIENA CORP,CIEN
64356,B, ,1/31/11,Hanover,Ciena Corp,4520,452010,45,45201020,D,USA,334210,3661,180,940,B,MD,CIENA CORP,CIEN
64356,B, ,2/28/11,Hanover,Ciena Corp,4520,452010,45,45201020,D,USA,334210,3661,180,940,B,MD,CIENA CORP,CIEN
64356,B, ,3/31/11,Hanover,Ciena Corp,4520,452010,45,45201020,D,USA,334210,3661,180,940,B,MD,CIENA CORP,CIEN
64356,B, ,4/30/11,Hanover,Ciena Corp,4520,452010,45,45201020,D,USA,334210,3661,180,940,B,MD,CIENA CORP,CIEN
64356,B, ,5/31/11,Hanover,Ciena Corp,4520,452010,45,45201020,D,USA,334210,3661,180,940,B,MD,CIENA CORP,CIEN
64356,B, ,6/30/11,Hanover,Ciena Corp,4520,452010,45,45201020,D,USA,334210,3661,180,940,B,MD,CIENA CORP,CIEN
64356,B, ,7/31/11,Hanover,Ciena Corp,4520,452010,45,45201020,D,USA,334210,3661,180,940,B,MD,CIENA CORP,CIEN
64356,B, ,8/31/11,Hanover,Ciena Corp,4520,452010,45,45201020,D,USA,334210,3661,180,940,B,MD,CIENA CORP,CIEN
64356,B, ,9/30/11,Hanover,Ciena Corp,4520,452010,45,45201020,D,USA,334210,3661,180,940,B,MD,CIENA CORP,CIEN
64356,B, ,10/31/11,Hanover,Ciena Corp,4520,452010,45,45201020,D,USA,334210,3661,180,940,B,MD,CIENA CORP,CIEN
64356,B, ,11/30/11,Hanover,Ciena Corp,4520,452010,45,45201020,D,USA,334210,3661,180,940,B,MD,CIENA CORP,CIEN
64356,B, ,12/31/11,Hanover,Ciena Corp,4520,452010,45,45201020,D,USA,334210,3661,180,940,B,MD,CIENA CORP,CIEN
64356,B, ,1/31/12,Hanover,Ciena Corp,4520,452010,45,45201020,D,USA,334210,3661,180,940,B,MD,CIENA CORP,CIEN
64356,B, ,2/29/12,Hanover,Ciena Corp,4520,452010,45,45201020,D,USA,334210,3661,180,940,B,MD,CIENA CORP,CIEN
64356,B, ,3/31/12,Hanover,Ciena Corp,4520,452010,45,45201020,D,USA,334210,3661,180,940,B,MD,CIENA CORP,CIEN
64356,B, ,4/30/12,Hanover,Ciena Corp,4520,452010,45,45201020,D,USA,334210,3661,180,940,B,MD,CIENA CORP,CIEN
64356,B, ,5/31/12,Hanover,Ciena Corp,4520,452010,45,45201020,D,USA,334210,3661,180,940,B,MD,CIENA CORP,CIEN
64356,B, ,6/30/12,Hanover,Ciena Corp,4520,452010,45,45201020,D,USA,334210,3661,180,940,B,MD,CIENA CORP,CIEN
64356,B, ,7/31/12,Hanover,Ciena Corp,4520,452010,45,45201020,D,USA,334210,3661,180,940,B,MD,CIENA CORP,CIEN
64356,B, ,8/31/12,Hanover,Ciena Corp,4520,452010,45,45201020,D,USA,334210,3661,180,940,B,MD,CIENA CORP,CIEN
64356,B, ,9/30/12,Hanover,Ciena Corp,4520,452010,45,45201020,D,USA,334210,3661,180,940,B,MD,CIENA CORP,CIEN
64356,B, ,10/31/12,Hanover,Ciena Corp,4520,452010,45,45201020,D,USA,334210,3661,180,940,B,MD,CIENA CORP,CIEN
64356,B, ,11/30/12,Hanover,Ciena Corp,4520,452010,45,45201020,D,USA,334210,3661,180,940,B,MD,CIENA CORP,CIEN
64356,B, ,12/31/12,Hanover,Ciena Corp,4520,452010,45,45201020,D,USA,334210,3661,180,940,B,MD,CIENA CORP,CIEN
64356,B, ,1/31/13,Hanover,Ciena Corp,4520,452010,45,45201020,D,USA,334210,3661,180,940,B,MD,CIENA CORP,CIEN
64356,B, ,2/28/13,Hanover,Ciena Corp,4520,452010,45,45201020,D,USA,334210,3661,180,940,B,MD,CIENA CORP,CIEN
64356,B, ,3/31/13,Hanover,Ciena Corp,4520,452010,45,45201020,D,USA,334210,3661,180,940,B,MD,CIENA CORP,CIEN
64356,B, ,4/30/13,Hanover,Ciena Corp,4520,452010,45,45201020,D,USA,334210,3661,180,940,B,MD,CIENA CORP,CIEN
64356,B, ,5/31/13,Hanover,Ciena Corp,4520,452010,45,45201020,D,USA,334210,3661,180,940,B,MD,CIENA CORP,CIEN
64356,B, ,6/30/13,Hanover,Ciena Corp,4520,452010,45,45201020,D,USA,334210,3661,180,940,B,MD,CIENA CORP,CIEN
64356,B, ,7/31/13,Hanover,Ciena Corp,4520,452010,45,45201020,D,USA,334210,3661,180,940,B,MD,CIENA CORP,CIEN
64356,B, ,8/31/13,Hanover,Ciena Corp,4520,452010,45,45201020,D,USA,334210,3661,180,940,B,MD,CIENA CORP,CIEN
64356,B, ,9/30/13,Hanover,Ciena Corp,4520,452010,45,45201020,D,USA,334210,3661,180,940,B,MD,CIENA CORP,CIEN
64356,B, ,10/31/13,Hanover,Ciena Corp,4520,452010,45,45201020,D,USA,334210,3661,180,940,B,MD,CIENA CORP,CIEN
64356,B, ,11/30/13,Hanover,Ciena Corp,4520,452010,45,45201020,D,USA,334210,3661,180,940,B,MD,CIENA CORP,CIEN
64356,B, ,12/31/13,Hanover,Ciena Corp,4520,452010,45,45201020,D,USA,334210,3661,180,940,B,MD,CIENA CORP,CIEN
64356,B, ,1/31/14,Hanover,Ciena Corp,4520,452010,45,45201020,D,USA,334210,3661,180,940,B,MD,CIENA CORP,CIEN
64356,B, ,2/28/14,Hanover,Ciena Corp,4520,452010,45,45201020,D,USA,334210,3661,180,940,B,MD,CIENA CORP,CIEN
64356,B, ,3/31/14,Hanover,Ciena Corp,4520,452010,45,45201020,D,USA,334210,3661,180,940,B,MD,CIENA CORP,CIEN
64356,B, ,4/30/14,Hanover,Ciena Corp,4520,452010,45,45201020,D,USA,334210,3661,180,940,B,MD,CIENA CORP,CIEN
64356,B, ,5/31/14,Hanover,Ciena Corp,4520,452010,45,45201020,D,USA,334210,3661,180,940,B,MD,CIENA CORP,CIEN
64356,B, ,6/30/14,Hanover,Ciena Corp,4520,452010,45,45201020,D,USA,334210,3661,180,940,B,MD,CIENA CORP,CIEN
64408, , ,1/31/10,San Diego,Overland Storage Inc,4520,452020,45,45202030,D,USA,334112,3572,188,940,C,CA,OVERLAND STORAGE INC,OVRL
64408, , ,2/28/10,San Diego,Overland Storage Inc,4520,452020,45,45202030,D,USA,334112,3572,188,940,C,CA,OVERLAND STORAGE INC,OVRL
64408, , ,3/31/10,San Diego,Overland Storage Inc,4520,452020,45,45202030,D,USA,334112,3572,188,940,C,CA,OVERLAND STORAGE INC,OVRL
64408, , ,4/30/10,San Diego,Overland Storage Inc,4520,452020,45,45202030,D,USA,334112,3572,188,940,C,CA,OVERLAND STORAGE INC,OVRL
64408, , ,5/31/10,San Diego,Overland Storage Inc,4520,452020,45,45202030,D,USA,334112,3572,188,940,C,CA,OVERLAND STORAGE INC,OVRL
64408, , ,6/30/10,San Diego,Overland Storage Inc,4520,452020,45,45202030,D,USA,334112,3572,188,940,C,CA,OVERLAND STORAGE INC,OVRL
64408, , ,7/31/10,San Diego,Overland Storage Inc,4520,452020,45,45202030,D,USA,334112,3572,188,940,C,CA,OVERLAND STORAGE INC,OVRL
64408, , ,8/31/10,San Diego,Overland Storage Inc,4520,452020,45,45202030,D,USA,334112,3572,188,940,C,CA,OVERLAND STORAGE INC,OVRL
64408, , ,9/30/10,San Diego,Overland Storage Inc,4520,452020,45,45202030,D,USA,334112,3572,188,940,C,CA,OVERLAND STORAGE INC,OVRL
64408, , ,10/31/10,San Diego,Overland Storage Inc,4520,452020,45,45202030,D,USA,334112,3572,188,940,C,CA,OVERLAND STORAGE INC,OVRL
64408, , ,11/30/10,San Diego,Overland Storage Inc,4520,452020,45,45202030,D,USA,334112,3572,188,940,C,CA,OVERLAND STORAGE INC,OVRL
64408, , ,12/31/10,San Diego,Overland Storage Inc,4520,452020,45,45202030,D,USA,334112,3572,188,940,C,CA,OVERLAND STORAGE INC,OVRL
64408, , ,1/31/11,San Diego,Overland Storage Inc,4520,452020,45,45202030,D,USA,334112,3572,188,940,C,CA,OVERLAND STORAGE INC,OVRL
64408, , ,2/28/11,San Diego,Overland Storage Inc,4520,452020,45,45202030,D,USA,334112,3572,188,940,C,CA,OVERLAND STORAGE INC,OVRL
64408, , ,3/31/11,San Diego,Overland Storage Inc,4520,452020,45,45202030,D,USA,334112,3572,188,940,C,CA,OVERLAND STORAGE INC,OVRL
64408, , ,4/30/11,San Diego,Overland Storage Inc,4520,452020,45,45202030,D,USA,334112,3572,188,940,C,CA,OVERLAND STORAGE INC,OVRL
64408, , ,5/31/11,San Diego,Overland Storage Inc,4520,452020,45,45202030,D,USA,334112,3572,188,940,C,CA,OVERLAND STORAGE INC,OVRL
64408, , ,6/30/11,San Diego,Overland Storage Inc,4520,452020,45,45202030,D,USA,334112,3572,188,940,C,CA,OVERLAND STORAGE INC,OVRL
64408, , ,7/31/11,San Diego,Overland Storage Inc,4520,452020,45,45202030,D,USA,334112,3572,188,940,C,CA,OVERLAND STORAGE INC,OVRL
64408, , ,8/31/11,San Diego,Overland Storage Inc,4520,452020,45,45202030,D,USA,334112,3572,188,940,C,CA,OVERLAND STORAGE INC,OVRL
64408, , ,9/30/11,San Diego,Overland Storage Inc,4520,452020,45,45202030,D,USA,334112,3572,188,940,C,CA,OVERLAND STORAGE INC,OVRL
64408, , ,10/31/11,San Diego,Overland Storage Inc,4520,452020,45,45202030,D,USA,334112,3572,188,940,C,CA,OVERLAND STORAGE INC,OVRL
64408, , ,11/30/11,San Diego,Overland Storage Inc,4520,452020,45,45202030,D,USA,334112,3572,188,940,C,CA,OVERLAND STORAGE INC,OVRL
64408, , ,12/31/11,San Diego,Overland Storage Inc,4520,452020,45,45202030,D,USA,334112,3572,188,940,C,CA,OVERLAND STORAGE INC,OVRL
64408, , ,1/31/12,San Diego,Overland Storage Inc,4520,452020,45,45202030,D,USA,334112,3572,188,940,C,CA,OVERLAND STORAGE INC,OVRL
64408, , ,2/29/12,San Diego,Overland Storage Inc,4520,452020,45,45202030,D,USA,334112,3572,188,940,C,CA,OVERLAND STORAGE INC,OVRL
64408, , ,3/31/12,San Diego,Overland Storage Inc,4520,452020,45,45202030,D,USA,334112,3572,188,940,C,CA,OVERLAND STORAGE INC,OVRL
64408, , ,4/30/12,San Diego,Overland Storage Inc,4520,452020,45,45202030,D,USA,334112,3572,188,940,C,CA,OVERLAND STORAGE INC,OVRL
64408, , ,5/31/12,San Diego,Overland Storage Inc,4520,452020,45,45202030,D,USA,334112,3572,188,940,C,CA,OVERLAND STORAGE INC,OVRL
64408, , ,6/30/12,San Diego,Overland Storage Inc,4520,452020,45,45202030,D,USA,334112,3572,188,940,C,CA,OVERLAND STORAGE INC,OVRL
64408, , ,7/31/12,San Diego,Overland Storage Inc,4520,452020,45,45202030,D,USA,334112,3572,188,940,C,CA,OVERLAND STORAGE INC,OVRL
64408, , ,8/31/12,San Diego,Overland Storage Inc,4520,452020,45,45202030,D,USA,334112,3572,188,940,C,CA,OVERLAND STORAGE INC,OVRL
64408, , ,9/30/12,San Diego,Overland Storage Inc,4520,452020,45,45202030,D,USA,334112,3572,188,940,C,CA,OVERLAND STORAGE INC,OVRL
64408, , ,10/31/12,San Diego,Overland Storage Inc,4520,452020,45,45202030,D,USA,334112,3572,188,940,C,CA,OVERLAND STORAGE INC,OVRL
64408, , ,11/30/12,San Diego,Overland Storage Inc,4520,452020,45,45202030,D,USA,334112,3572,188,940,C,CA,OVERLAND STORAGE INC,OVRL
64408, , ,12/31/12,San Diego,Overland Storage Inc,4520,452020,45,45202030,D,USA,334112,3572,188,940,C,CA,OVERLAND STORAGE INC,OVRL
64408, , ,1/31/13,San Diego,Overland Storage Inc,4520,452020,45,45202030,D,USA,334112,3572,188,940,C,CA,OVERLAND STORAGE INC,OVRL
64408, , ,2/28/13,San Diego,Overland Storage Inc,4520,452020,45,45202030,D,USA,334112,3572,188,940,C,CA,OVERLAND STORAGE INC,OVRL
64408, , ,3/31/13,San Diego,Overland Storage Inc,4520,452020,45,45202030,D,USA,334112,3572,188,940,C,CA,OVERLAND STORAGE INC,OVRL
64408, , ,4/30/13,San Diego,Overland Storage Inc,4520,452020,45,45202030,D,USA,334112,3572,188,940,C,CA,OVERLAND STORAGE INC,OVRL
64408, , ,5/31/13,San Diego,Overland Storage Inc,4520,452020,45,45202030,D,USA,334112,3572,188,940,C,CA,OVERLAND STORAGE INC,OVRL
64408, , ,6/30/13,San Diego,Overland Storage Inc,4520,452020,45,45202030,D,USA,334112,3572,188,940,C,CA,OVERLAND STORAGE INC,OVRL
64408, , ,7/31/13,San Diego,Overland Storage Inc,4520,452020,45,45202030,D,USA,334112,3572,188,940,C,CA,OVERLAND STORAGE INC,OVRL
64408, , ,8/31/13,San Diego,Overland Storage Inc,4520,452020,45,45202030,D,USA,334112,3572,188,940,C,CA,OVERLAND STORAGE INC,OVRL
64408, , ,9/30/13,San Diego,Overland Storage Inc,4520,452020,45,45202030,D,USA,334112,3572,188,940,C,CA,OVERLAND STORAGE INC,OVRL
64408, , ,10/31/13,San Diego,Overland Storage Inc,4520,452020,45,45202030,D,USA,334112,3572,188,940,C,CA,OVERLAND STORAGE INC,OVRL
64620, , ,1/31/10,Plano,Viewcast.Com Inc,4520,452020,45,45202030,D,USA,334220,3663,180,940,C,TX,VIEWCAST.COM INC,VCST
64620, , ,2/28/10,Plano,Viewcast.Com Inc,4520,452020,45,45202030,D,USA,334220,3663,180,940,C,TX,VIEWCAST.COM INC,VCST
64620, , ,3/31/10,Plano,Viewcast.Com Inc,4520,452020,45,45202030,D,USA,334220,3663,180,940,C,TX,VIEWCAST.COM INC,VCST
64620, , ,4/30/10,Plano,Viewcast.Com Inc,4520,452020,45,45202030,D,USA,334220,3663,180,940,C,TX,VIEWCAST.COM INC,VCST
64620, , ,5/31/10,Plano,Viewcast.Com Inc,4520,452020,45,45202030,D,USA,334220,3663,180,940,C,TX,VIEWCAST.COM INC,VCST
64620, , ,6/30/10,Plano,Viewcast.Com Inc,4520,452020,45,45202030,D,USA,334220,3663,180,940,C,TX,VIEWCAST.COM INC,VCST
64620, , ,7/31/10,Plano,Viewcast.Com Inc,4520,452020,45,45202030,D,USA,334220,3663,180,940,C,TX,VIEWCAST.COM INC,VCST
64620, , ,8/31/10,Plano,Viewcast.Com Inc,4520,452020,45,45202030,D,USA,334220,3663,180,940,C,TX,VIEWCAST.COM INC,VCST
64620, , ,9/30/10,Plano,Viewcast.Com Inc,4520,452020,45,45202030,D,USA,334220,3663,180,940,C,TX,VIEWCAST.COM INC,VCST
64620, , ,10/31/10,Plano,Viewcast.Com Inc,4520,452020,45,45202030,D,USA,334220,3663,180,940,C,TX,VIEWCAST.COM INC,VCST
64620, , ,11/30/10,Plano,Viewcast.Com Inc,4520,452020,45,45202030,D,USA,334220,3663,180,940,C,TX,VIEWCAST.COM INC,VCST
64620, , ,12/31/10,Plano,Viewcast.Com Inc,4520,452020,45,45202030,D,USA,334220,3663,180,940,C,TX,VIEWCAST.COM INC,VCST
64620, , ,1/31/11,Plano,Viewcast.Com Inc,4520,452020,45,45202030,D,USA,334220,3663,180,940,C,TX,VIEWCAST.COM INC,VCST
64620, , ,2/28/11,Plano,Viewcast.Com Inc,4520,452020,45,45202030,D,USA,334220,3663,180,940,C,TX,VIEWCAST.COM INC,VCST
64620, , ,3/31/11,Plano,Viewcast.Com Inc,4520,452020,45,45202030,D,USA,334220,3663,180,940,C,TX,VIEWCAST.COM INC,VCST
64620, , ,4/30/11,Plano,Viewcast.Com Inc,4520,452020,45,45202030,D,USA,334220,3663,180,940,C,TX,VIEWCAST.COM INC,VCST
64620, , ,5/31/11,Plano,Viewcast.Com Inc,4520,452020,45,45202030,D,USA,334220,3663,180,940,C,TX,VIEWCAST.COM INC,VCST
64620, , ,6/30/11,Plano,Viewcast.Com Inc,4520,452020,45,45202030,D,USA,334220,3663,180,940,C,TX,VIEWCAST.COM INC,VCST
64620, , ,7/31/11,Plano,Viewcast.Com Inc,4520,452020,45,45202030,D,USA,334220,3663,180,940,C,TX,VIEWCAST.COM INC,VCST
64620, , ,8/31/11,Plano,Viewcast.Com Inc,4520,452020,45,45202030,D,USA,334220,3663,180,940,C,TX,VIEWCAST.COM INC,VCST
64620, , ,9/30/11,Plano,Viewcast.Com Inc,4520,452020,45,45202030,D,USA,334220,3663,180,940,C,TX,VIEWCAST.COM INC,VCST
64620, , ,10/31/11,Plano,Viewcast.Com Inc,4520,452020,45,45202030,D,USA,334220,3663,180,940,C,TX,VIEWCAST.COM INC,VCST
64620, , ,11/30/11,Plano,Viewcast.Com Inc,4520,452020,45,45202030,D,USA,334220,3663,180,940,C,TX,VIEWCAST.COM INC,VCST
64620, , ,12/31/11,Plano,Viewcast.Com Inc,4520,452020,45,45202030,D,USA,334220,3663,180,940,C,TX,VIEWCAST.COM INC,VCST
64620, , ,1/31/12,Plano,Viewcast.Com Inc,4520,452020,45,45202030,D,USA,334220,3663,180,940,C,TX,VIEWCAST.COM INC,VCST
64620, , ,2/29/12,Plano,Viewcast.Com Inc,4520,452020,45,45202030,D,USA,334220,3663,180,940,C,TX,VIEWCAST.COM INC,VCST
64620, , ,3/31/12,Plano,Viewcast.Com Inc,4520,452020,45,45202030,D,USA,334220,3663,180,940,C,TX,VIEWCAST.COM INC,VCST
64620, , ,4/30/12,Plano,Viewcast.Com Inc,4520,452020,45,45202030,D,USA,334220,3663,180,940,C,TX,VIEWCAST.COM INC,VCST
64620, , ,5/31/12,Plano,Viewcast.Com Inc,4520,452020,45,45202030,D,USA,334220,3663,180,940,C,TX,VIEWCAST.COM INC,VCST
64620, , ,6/30/12,Plano,Viewcast.Com Inc,4520,452020,45,45202030,D,USA,334220,3663,180,940,C,TX,VIEWCAST.COM INC,VCST
64620, , ,7/31/12,Plano,Viewcast.Com Inc,4520,452020,45,45202030,D,USA,334220,3663,180,940,C,TX,VIEWCAST.COM INC,VCST
64620, , ,8/31/12,Plano,Viewcast.Com Inc,4520,452020,45,45202030,D,USA,334220,3663,180,940,C,TX,VIEWCAST.COM INC,VCST
64620, , ,9/30/12,Plano,Viewcast.Com Inc,4520,452020,45,45202030,D,USA,334220,3663,180,940,C,TX,VIEWCAST.COM INC,VCST
64620, , ,10/31/12,Plano,Viewcast.Com Inc,4520,452020,45,45202030,D,USA,334220,3663,180,940,C,TX,VIEWCAST.COM INC,VCST
64620, , ,11/30/12,Plano,Viewcast.Com Inc,4520,452020,45,45202030,D,USA,334220,3663,180,940,C,TX,VIEWCAST.COM INC,VCST
64620, , ,12/31/12,Plano,Viewcast.Com Inc,4520,452020,45,45202030,D,USA,334220,3663,180,940,C,TX,VIEWCAST.COM INC,VCST
64620, , ,1/31/13,Plano,Viewcast.Com Inc,4520,452020,45,45202030,D,USA,334220,3663,180,940,C,TX,VIEWCAST.COM INC,VCST
64620, , ,2/28/13,Plano,Viewcast.Com Inc,4520,452020,45,45202030,D,USA,334220,3663,180,940,C,TX,VIEWCAST.COM INC,VCST
64620, , ,3/31/13,Plano,Viewcast.Com Inc,4520,452020,45,45202030,D,USA,334220,3663,180,940,C,TX,VIEWCAST.COM INC,VCST
64620, , ,4/30/13,Plano,Viewcast.Com Inc,4520,452020,45,45202030,D,USA,334220,3663,180,940,C,TX,VIEWCAST.COM INC,VCST
64620, , ,5/31/13,Plano,Viewcast.Com Inc,4520,452020,45,45202030,D,USA,334220,3663,180,940,C,TX,VIEWCAST.COM INC,VCST
64620, , ,6/30/13,Plano,Viewcast.Com Inc,4520,452020,45,45202030,D,USA,334220,3663,180,940,C,TX,VIEWCAST.COM INC,VCST
64620, , ,7/31/13,Plano,Viewcast.Com Inc,4520,452020,45,45202030,D,USA,334220,3663,180,940,C,TX,VIEWCAST.COM INC,VCST
64620, , ,8/31/13,Plano,Viewcast.Com Inc,4520,452020,45,45202030,D,USA,334220,3663,180,940,C,TX,VIEWCAST.COM INC,VCST
64620, , ,9/30/13,Plano,Viewcast.Com Inc,4520,452020,45,45202030,D,USA,334220,3663,180,940,C,TX,VIEWCAST.COM INC,VCST
64620, , ,10/31/13,Plano,Viewcast.Com Inc,4520,452020,45,45202030,D,USA,334220,3663,180,940,C,TX,VIEWCAST.COM INC,VCST
64637, , ,1/31/10,Albuquerque,EMCORE Corp,4520,452010,45,45201020,D,USA,334413,3674,247,940,C,NM,EMCORE CORP,EMKR
64637, , ,2/28/10,Albuquerque,EMCORE Corp,4520,452010,45,45201020,D,USA,334413,3674,247,940,C,NM,EMCORE CORP,EMKR
64637, , ,3/31/10,Albuquerque,EMCORE Corp,4520,452010,45,45201020,D,USA,334413,3674,247,940,C,NM,EMCORE CORP,EMKR
64637, , ,4/30/10,Albuquerque,EMCORE Corp,4520,452010,45,45201020,D,USA,334413,3674,247,940,C,NM,EMCORE CORP,EMKR
64637, , ,5/31/10,Albuquerque,EMCORE Corp,4520,452010,45,45201020,D,USA,334413,3674,247,940,C,NM,EMCORE CORP,EMKR
64637, , ,6/30/10,Albuquerque,EMCORE Corp,4520,452010,45,45201020,D,USA,334413,3674,247,940,C,NM,EMCORE CORP,EMKR
64637, , ,7/31/10,Albuquerque,EMCORE Corp,4520,452010,45,45201020,D,USA,334413,3674,247,940,C,NM,EMCORE CORP,EMKR
64637, , ,8/31/10,Albuquerque,EMCORE Corp,4520,452010,45,45201020,D,USA,334413,3674,247,940,C,NM,EMCORE CORP,EMKR
64637, , ,9/30/10,Albuquerque,EMCORE Corp,4520,452010,45,45201020,D,USA,334413,3674,247,940,C,NM,EMCORE CORP,EMKR
64637, , ,10/31/10,Albuquerque,EMCORE Corp,4520,452010,45,45201020,D,USA,334413,3674,247,940,C,NM,EMCORE CORP,EMKR
64637, , ,11/30/10,Albuquerque,EMCORE Corp,4520,452010,45,45201020,D,USA,334413,3674,247,940,C,NM,EMCORE CORP,EMKR
64637, , ,12/31/10,Albuquerque,EMCORE Corp,4520,452010,45,45201020,D,USA,334413,3674,247,940,C,NM,EMCORE CORP,EMKR
64637, , ,1/31/11,Albuquerque,EMCORE Corp,4520,452010,45,45201020,D,USA,334413,3674,247,940,C,NM,EMCORE CORP,EMKR
64637, , ,2/28/11,Albuquerque,EMCORE Corp,4520,452010,45,45201020,D,USA,334413,3674,247,940,C,NM,EMCORE CORP,EMKR
64637, , ,3/31/11,Albuquerque,EMCORE Corp,4520,452010,45,45201020,D,USA,334413,3674,247,940,C,NM,EMCORE CORP,EMKR
64637, , ,4/30/11,Albuquerque,EMCORE Corp,4520,452010,45,45201020,D,USA,334413,3674,247,940,C,NM,EMCORE CORP,EMKR
64637, , ,5/31/11,Albuquerque,EMCORE Corp,4520,452010,45,45201020,D,USA,334413,3674,247,940,C,NM,EMCORE CORP,EMKR
64637, , ,6/30/11,Albuquerque,EMCORE Corp,4520,452010,45,45201020,D,USA,334413,3674,247,940,C,NM,EMCORE CORP,EMKR
64637, , ,7/31/11,Albuquerque,EMCORE Corp,4520,452010,45,45201020,D,USA,334413,3674,247,940,C,NM,EMCORE CORP,EMKR
64637, , ,8/31/11,Albuquerque,EMCORE Corp,4520,452010,45,45201020,D,USA,334413,3674,247,940,C,NM,EMCORE CORP,EMKR
64637, , ,9/30/11,Albuquerque,EMCORE Corp,4520,452010,45,45201020,D,USA,334413,3674,247,940,C,NM,EMCORE CORP,EMKR
64637, , ,10/31/11,Albuquerque,EMCORE Corp,4520,452010,45,45201020,D,USA,334413,3674,247,940,C,NM,EMCORE CORP,EMKR
64637, , ,11/30/11,Albuquerque,EMCORE Corp,4520,452010,45,45201020,D,USA,334413,3674,247,940,C,NM,EMCORE CORP,EMKR
64637, , ,12/31/11,Albuquerque,EMCORE Corp,4520,452010,45,45201020,D,USA,334413,3674,247,940,C,NM,EMCORE CORP,EMKR
64637, , ,1/31/12,Albuquerque,EMCORE Corp,4520,452010,45,45201020,D,USA,334413,3674,247,940,C,NM,EMCORE CORP,EMKR
64637, , ,2/29/12,Albuquerque,EMCORE Corp,4520,452010,45,45201020,D,USA,334413,3674,247,940,C,NM,EMCORE CORP,EMKR
64637, , ,3/31/12,Albuquerque,EMCORE Corp,4520,452010,45,45201020,D,USA,334413,3674,247,940,C,NM,EMCORE CORP,EMKR
64637, , ,4/30/12,Albuquerque,EMCORE Corp,4520,452010,45,45201020,D,USA,334413,3674,247,940,C,NM,EMCORE CORP,EMKR
64637, , ,5/31/12,Albuquerque,EMCORE Corp,4520,452010,45,45201020,D,USA,334413,3674,247,940,C,NM,EMCORE CORP,EMKR
64637, , ,6/30/12,Albuquerque,EMCORE Corp,4520,452010,45,45201020,D,USA,334413,3674,247,940,C,NM,EMCORE CORP,EMKR
64637, , ,7/31/12,Albuquerque,EMCORE Corp,4520,452010,45,45201020,D,USA,334413,3674,247,940,C,NM,EMCORE CORP,EMKR
64637, , ,8/31/12,Albuquerque,EMCORE Corp,4520,452010,45,45201020,D,USA,334413,3674,247,940,C,NM,EMCORE CORP,EMKR
64637, , ,9/30/12,Albuquerque,EMCORE Corp,4520,452010,45,45201020,D,USA,334413,3674,247,940,C,NM,EMCORE CORP,EMKR
64637, , ,10/31/12,Albuquerque,EMCORE Corp,4520,452010,45,45201020,D,USA,334413,3674,247,940,C,NM,EMCORE CORP,EMKR
64637, , ,11/30/12,Albuquerque,EMCORE Corp,4520,452010,45,45201020,D,USA,334413,3674,247,940,C,NM,EMCORE CORP,EMKR
64637, , ,12/31/12,Albuquerque,EMCORE Corp,4520,452010,45,45201020,D,USA,334413,3674,247,940,C,NM,EMCORE CORP,EMKR
64637, , ,1/31/13,Albuquerque,EMCORE Corp,4520,452010,45,45201020,D,USA,334413,3674,247,940,C,NM,EMCORE CORP,EMKR
64637, , ,2/28/13,Albuquerque,EMCORE Corp,4520,452010,45,45201020,D,USA,334413,3674,247,940,C,NM,EMCORE CORP,EMKR
64637, , ,3/31/13,Albuquerque,EMCORE Corp,4520,452010,45,45201020,D,USA,334413,3674,247,940,C,NM,EMCORE CORP,EMKR
64637, , ,4/30/13,Albuquerque,EMCORE Corp,4520,452010,45,45201020,D,USA,334413,3674,247,940,C,NM,EMCORE CORP,EMKR
64637, , ,5/31/13,Albuquerque,EMCORE Corp,4520,452010,45,45201020,D,USA,334413,3674,247,940,C,NM,EMCORE CORP,EMKR
64637, , ,6/30/13,Albuquerque,EMCORE Corp,4520,452010,45,45201020,D,USA,334413,3674,247,940,C,NM,EMCORE CORP,EMKR
64637, , ,7/31/13,Albuquerque,EMCORE Corp,4520,452010,45,45201020,D,USA,334413,3674,247,940,C,NM,EMCORE CORP,EMKR
64637, , ,8/31/13,Albuquerque,EMCORE Corp,4520,452010,45,45201020,D,USA,334413,3674,247,940,C,NM,EMCORE CORP,EMKR
64637, , ,9/30/13,Albuquerque,EMCORE Corp,4520,452010,45,45201020,D,USA,334413,3674,247,940,C,NM,EMCORE CORP,EMKR
64637, , ,10/31/13,Albuquerque,EMCORE Corp,4520,452010,45,45201020,D,USA,334413,3674,247,940,C,NM,EMCORE CORP,EMKR
64663, , ,1/31/10,Ashburn,SteelCloud Inc,4520,452020,45,45202030,D,USA,334111,3571,190,940,C,VA,STEELCLOUD INC,SCLD
64663, , ,2/28/10,Ashburn,SteelCloud Inc,4520,452020,45,45202030,D,USA,334111,3571,190,940,C,VA,STEELCLOUD INC,SCLD
64663, , ,3/31/10,Ashburn,SteelCloud Inc,4520,452020,45,45202030,D,USA,334111,3571,190,940,C,VA,STEELCLOUD INC,SCLD
64663, , ,4/30/10,Ashburn,SteelCloud Inc,4520,452020,45,45202030,D,USA,334111,3571,190,940,C,VA,STEELCLOUD INC,SCLD
64663, , ,5/31/10,Ashburn,SteelCloud Inc,4520,452020,45,45202030,D,USA,334111,3571,190,940,C,VA,STEELCLOUD INC,SCLD
64663, , ,6/30/10,Ashburn,SteelCloud Inc,4520,452020,45,45202030,D,USA,334111,3571,190,940,C,VA,STEELCLOUD INC,SCLD
64663, , ,7/31/10,Ashburn,SteelCloud Inc,4520,452020,45,45202030,D,USA,334111,3571,190,940,C,VA,STEELCLOUD INC,SCLD
64663, , ,8/31/10,Ashburn,SteelCloud Inc,4520,452020,45,45202030,D,USA,334111,3571,190,940,C,VA,STEELCLOUD INC,SCLD
64663, , ,9/30/10,Ashburn,SteelCloud Inc,4520,452020,45,45202030,D,USA,334111,3571,190,940,C,VA,STEELCLOUD INC,SCLD
64663, , ,10/31/10,Ashburn,SteelCloud Inc,4520,452020,45,45202030,D,USA,334111,3571,190,940,C,VA,STEELCLOUD INC,SCLD
64663, , ,11/30/10,Ashburn,SteelCloud Inc,4520,452020,45,45202030,D,USA,334111,3571,190,940,C,VA,STEELCLOUD INC,SCLD
64663, , ,12/31/10,Ashburn,SteelCloud Inc,4520,452020,45,45202030,D,USA,334111,3571,190,940,C,VA,STEELCLOUD INC,SCLD
64663, , ,1/31/11,Ashburn,SteelCloud Inc,4520,452020,45,45202030,D,USA,334111,3571,190,940,C,VA,STEELCLOUD INC,SCLD
64663, , ,2/28/11,Ashburn,SteelCloud Inc,4520,452020,45,45202030,D,USA,334111,3571,190,940,C,VA,STEELCLOUD INC,SCLD
64663, , ,3/31/11,Ashburn,SteelCloud Inc,4520,452020,45,45202030,D,USA,334111,3571,190,940,C,VA,STEELCLOUD INC,SCLD
64663, , ,4/30/11,Ashburn,SteelCloud Inc,4520,452020,45,45202030,D,USA,334111,3571,190,940,C,VA,STEELCLOUD INC,SCLD
64663, , ,5/31/11,Ashburn,SteelCloud Inc,4520,452020,45,45202030,D,USA,334111,3571,190,940,C,VA,STEELCLOUD INC,SCLD
64663, , ,6/30/11,Ashburn,SteelCloud Inc,4520,452020,45,45202030,D,USA,334111,3571,190,940,C,VA,STEELCLOUD INC,SCLD
64663, , ,7/31/11,Ashburn,SteelCloud Inc,4520,452020,45,45202030,D,USA,334111,3571,190,940,C,VA,STEELCLOUD INC,SCLD
64663, , ,8/31/11,Ashburn,SteelCloud Inc,4520,452020,45,45202030,D,USA,334111,3571,190,940,C,VA,STEELCLOUD INC,SCLD
64663, , ,9/30/11,Ashburn,SteelCloud Inc,4520,452020,45,45202030,D,USA,334111,3571,190,940,C,VA,STEELCLOUD INC,SCLD
64663, , ,10/31/11,Ashburn,SteelCloud Inc,4520,452020,45,45202030,D,USA,334111,3571,190,940,C,VA,STEELCLOUD INC,SCLD
64663, , ,11/30/11,Ashburn,SteelCloud Inc,4520,452020,45,45202030,D,USA,334111,3571,190,940,C,VA,STEELCLOUD INC,SCLD
64663, , ,12/31/11,Ashburn,SteelCloud Inc,4520,452020,45,45202030,D,USA,334111,3571,190,940,C,VA,STEELCLOUD INC,SCLD
64663, , ,1/31/12,Ashburn,SteelCloud Inc,4520,452020,45,45202030,D,USA,334111,3571,190,940,C,VA,STEELCLOUD INC,SCLD
64663, , ,2/29/12,Ashburn,SteelCloud Inc,4520,452020,45,45202030,D,USA,334111,3571,190,940,C,VA,STEELCLOUD INC,SCLD
64663, , ,3/31/12,Ashburn,SteelCloud Inc,4520,452020,45,45202030,D,USA,334111,3571,190,940,C,VA,STEELCLOUD INC,SCLD
64663, , ,4/30/12,Ashburn,SteelCloud Inc,4520,452020,45,45202030,D,USA,334111,3571,190,940,C,VA,STEELCLOUD INC,SCLD
64663, , ,5/31/12,Ashburn,SteelCloud Inc,4520,452020,45,45202030,D,USA,334111,3571,190,940,C,VA,STEELCLOUD INC,SCLD
64663, , ,6/30/12,Ashburn,SteelCloud Inc,4520,452020,45,45202030,D,USA,334111,3571,190,940,C,VA,STEELCLOUD INC,SCLD
64663, , ,7/31/12,Ashburn,SteelCloud Inc,4520,452020,45,45202030,D,USA,334111,3571,190,940,C,VA,STEELCLOUD INC,SCLD
64663, , ,8/31/12,Ashburn,SteelCloud Inc,4520,452020,45,45202030,D,USA,334111,3571,190,940,C,VA,STEELCLOUD INC,SCLD
64663, , ,9/30/12,Ashburn,SteelCloud Inc,4520,452020,45,45202030,D,USA,334111,3571,190,940,C,VA,STEELCLOUD INC,SCLD
64663, , ,10/31/12,Ashburn,SteelCloud Inc,4520,452020,45,45202030,D,USA,334111,3571,190,940,C,VA,STEELCLOUD INC,SCLD
64663, , ,11/30/12,Ashburn,SteelCloud Inc,4520,452020,45,45202030,D,USA,334111,3571,190,940,C,VA,STEELCLOUD INC,SCLD
64663, , ,12/31/12,Ashburn,SteelCloud Inc,4520,452020,45,45202030,D,USA,334111,3571,190,940,C,VA,STEELCLOUD INC,SCLD
64663, , ,1/31/13,Ashburn,SteelCloud Inc,4520,452020,45,45202030,D,USA,334111,3571,190,940,C,VA,STEELCLOUD INC,SCLD
64663, , ,2/28/13,Ashburn,SteelCloud Inc,4520,452020,45,45202030,D,USA,334111,3571,190,940,C,VA,STEELCLOUD INC,SCLD
64663, , ,3/31/13,Ashburn,SteelCloud Inc,4520,452020,45,45202030,D,USA,334111,3571,190,940,C,VA,STEELCLOUD INC,SCLD
64663, , ,4/30/13,Ashburn,SteelCloud Inc,4520,452020,45,45202030,D,USA,334111,3571,190,940,C,VA,STEELCLOUD INC,SCLD
64663, , ,5/31/13,Ashburn,SteelCloud Inc,4520,452020,45,45202030,D,USA,334111,3571,190,940,C,VA,STEELCLOUD INC,SCLD
64663, , ,6/30/13,Ashburn,SteelCloud Inc,4520,452020,45,45202030,D,USA,334111,3571,190,940,C,VA,STEELCLOUD INC,SCLD
64663, , ,7/31/13,Ashburn,SteelCloud Inc,4520,452020,45,45202030,D,USA,334111,3571,190,940,C,VA,STEELCLOUD INC,SCLD
64663, , ,8/31/13,Ashburn,SteelCloud Inc,4520,452020,45,45202030,D,USA,334111,3571,190,940,C,VA,STEELCLOUD INC,SCLD
64663, , ,9/30/13,Ashburn,SteelCloud Inc,4520,452020,45,45202030,D,USA,334111,3571,190,940,C,VA,STEELCLOUD INC,SCLD
64663, , ,10/31/13,Ashburn,SteelCloud Inc,4520,452020,45,45202030,D,USA,334111,3571,190,940,C,VA,STEELCLOUD INC,SCLD
64668, , ,3/31/10,Austin,Xplore Technologies Corp,4520,452020,45,45202030,D,USA,334111,3571,180,940, ,TX,XPLORE TECHNOLOGIES CORP,XPLR
64668, , ,4/30/10,Austin,Xplore Technologies Corp,4520,452020,45,45202030,D,USA,334111,3571,180,940, ,TX,XPLORE TECHNOLOGIES CORP,XPLR
64668, , ,5/31/10,Austin,Xplore Technologies Corp,4520,452020,45,45202030,D,USA,334111,3571,180,940, ,TX,XPLORE TECHNOLOGIES CORP,XPLR
64668, , ,6/30/10,Austin,Xplore Technologies Corp,4520,452020,45,45202030,D,USA,334111,3571,180,940, ,TX,XPLORE TECHNOLOGIES CORP,XPLR
64668, , ,7/31/10,Austin,Xplore Technologies Corp,4520,452020,45,45202030,D,USA,334111,3571,180,940, ,TX,XPLORE TECHNOLOGIES CORP,XPLR
64668, , ,8/31/10,Austin,Xplore Technologies Corp,4520,452020,45,45202030,D,USA,334111,3571,180,940, ,TX,XPLORE TECHNOLOGIES CORP,XPLR
64668, , ,9/30/10,Austin,Xplore Technologies Corp,4520,452020,45,45202030,D,USA,334111,3571,180,940, ,TX,XPLORE TECHNOLOGIES CORP,XPLR
64668, , ,10/31/10,Austin,Xplore Technologies Corp,4520,452020,45,45202030,D,USA,334111,3571,180,940, ,TX,XPLORE TECHNOLOGIES CORP,XPLR
64668, , ,11/30/10,Austin,Xplore Technologies Corp,4520,452020,45,45202030,D,USA,334111,3571,180,940, ,TX,XPLORE TECHNOLOGIES CORP,XPLR
64668, , ,12/31/10,Austin,Xplore Technologies Corp,4520,452020,45,45202030,D,USA,334111,3571,180,940, ,TX,XPLORE TECHNOLOGIES CORP,XPLR
64668, , ,1/31/11,Austin,Xplore Technologies Corp,4520,452020,45,45202030,D,USA,334111,3571,180,940, ,TX,XPLORE TECHNOLOGIES CORP,XPLR
64668, , ,2/28/11,Austin,Xplore Technologies Corp,4520,452020,45,45202030,D,USA,334111,3571,180,940, ,TX,XPLORE TECHNOLOGIES CORP,XPLR
64668, , ,3/31/11,Austin,Xplore Technologies Corp,4520,452020,45,45202030,D,USA,334111,3571,180,940, ,TX,XPLORE TECHNOLOGIES CORP,XPLR
64668, , ,4/30/11,Austin,Xplore Technologies Corp,4520,452020,45,45202030,D,USA,334111,3571,180,940, ,TX,XPLORE TECHNOLOGIES CORP,XPLR
64668, , ,5/31/11,Austin,Xplore Technologies Corp,4520,452020,45,45202030,D,USA,334111,3571,180,940, ,TX,XPLORE TECHNOLOGIES CORP,XPLR
64668, , ,6/30/11,Austin,Xplore Technologies Corp,4520,452020,45,45202030,D,USA,334111,3571,180,940, ,TX,XPLORE TECHNOLOGIES CORP,XPLR
64668, , ,7/31/11,Austin,Xplore Technologies Corp,4520,452020,45,45202030,D,USA,334111,3571,180,940, ,TX,XPLORE TECHNOLOGIES CORP,XPLR
64668, , ,8/31/11,Austin,Xplore Technologies Corp,4520,452020,45,45202030,D,USA,334111,3571,180,940, ,TX,XPLORE TECHNOLOGIES CORP,XPLR
64668, , ,9/30/11,Austin,Xplore Technologies Corp,4520,452020,45,45202030,D,USA,334111,3571,180,940, ,TX,XPLORE TECHNOLOGIES CORP,XPLR
64668, , ,10/31/11,Austin,Xplore Technologies Corp,4520,452020,45,45202030,D,USA,334111,3571,180,940, ,TX,XPLORE TECHNOLOGIES CORP,XPLR
64668, , ,11/30/11,Austin,Xplore Technologies Corp,4520,452020,45,45202030,D,USA,334111,3571,180,940, ,TX,XPLORE TECHNOLOGIES CORP,XPLR
64668, , ,12/31/11,Austin,Xplore Technologies Corp,4520,452020,45,45202030,D,USA,334111,3571,180,940, ,TX,XPLORE TECHNOLOGIES CORP,XPLR
64668, , ,1/31/12,Austin,Xplore Technologies Corp,4520,452020,45,45202030,D,USA,334111,3571,180,940, ,TX,XPLORE TECHNOLOGIES CORP,XPLR
64668, , ,2/29/12,Austin,Xplore Technologies Corp,4520,452020,45,45202030,D,USA,334111,3571,180,940, ,TX,XPLORE TECHNOLOGIES CORP,XPLR
64668, , ,3/31/12,Austin,Xplore Technologies Corp,4520,452020,45,45202030,D,USA,334111,3571,180,940, ,TX,XPLORE TECHNOLOGIES CORP,XPLR
64668, , ,4/30/12,Austin,Xplore Technologies Corp,4520,452020,45,45202030,D,USA,334111,3571,180,940, ,TX,XPLORE TECHNOLOGIES CORP,XPLR
64668, , ,5/31/12,Austin,Xplore Technologies Corp,4520,452020,45,45202030,D,USA,334111,3571,180,940, ,TX,XPLORE TECHNOLOGIES CORP,XPLR
64668, , ,6/30/12,Austin,Xplore Technologies Corp,4520,452020,45,45202030,D,USA,334111,3571,180,940, ,TX,XPLORE TECHNOLOGIES CORP,XPLR
64668, , ,7/31/12,Austin,Xplore Technologies Corp,4520,452020,45,45202030,D,USA,334111,3571,180,940, ,TX,XPLORE TECHNOLOGIES CORP,XPLR
64668, , ,8/31/12,Austin,Xplore Technologies Corp,4520,452020,45,45202030,D,USA,334111,3571,180,940, ,TX,XPLORE TECHNOLOGIES CORP,XPLR
64668, , ,9/30/12,Austin,Xplore Technologies Corp,4520,452020,45,45202030,D,USA,334111,3571,180,940, ,TX,XPLORE TECHNOLOGIES CORP,XPLR
64668, , ,10/31/12,Austin,Xplore Technologies Corp,4520,452020,45,45202030,D,USA,334111,3571,180,940, ,TX,XPLORE TECHNOLOGIES CORP,XPLR
64668, , ,11/30/12,Austin,Xplore Technologies Corp,4520,452020,45,45202030,D,USA,334111,3571,180,940, ,TX,XPLORE TECHNOLOGIES CORP,XPLR
64668, , ,12/31/12,Austin,Xplore Technologies Corp,4520,452020,45,45202030,D,USA,334111,3571,180,940, ,TX,XPLORE TECHNOLOGIES CORP,XPLR
64668, , ,1/31/13,Austin,Xplore Technologies Corp,4520,452020,45,45202030,D,USA,334111,3571,180,940, ,TX,XPLORE TECHNOLOGIES CORP,XPLR
64668, , ,2/28/13,Austin,Xplore Technologies Corp,4520,452020,45,45202030,D,USA,334111,3571,180,940, ,TX,XPLORE TECHNOLOGIES CORP,XPLR
64668, , ,3/31/13,Austin,Xplore Technologies Corp,4520,452020,45,45202030,D,USA,334111,3571,180,940, ,TX,XPLORE TECHNOLOGIES CORP,XPLR
64668, , ,4/30/13,Austin,Xplore Technologies Corp,4520,452020,45,45202030,D,USA,334111,3571,180,940, ,TX,XPLORE TECHNOLOGIES CORP,XPLR
64668, , ,5/31/13,Austin,Xplore Technologies Corp,4520,452020,45,45202030,D,USA,334111,3571,180,940, ,TX,XPLORE TECHNOLOGIES CORP,XPLR
64668, , ,6/30/13,Austin,Xplore Technologies Corp,4520,452020,45,45202030,D,USA,334111,3571,180,940, ,TX,XPLORE TECHNOLOGIES CORP,XPLR
64668, , ,7/31/13,Austin,Xplore Technologies Corp,4520,452020,45,45202030,D,USA,334111,3571,180,940, ,TX,XPLORE TECHNOLOGIES CORP,XPLR
64668, , ,8/31/13,Austin,Xplore Technologies Corp,4520,452020,45,45202030,D,USA,334111,3571,180,940, ,TX,XPLORE TECHNOLOGIES CORP,XPLR
64668, , ,9/30/13,Austin,Xplore Technologies Corp,4520,452020,45,45202030,D,USA,334111,3571,180,940, ,TX,XPLORE TECHNOLOGIES CORP,XPLR
64668, , ,10/31/13,Austin,Xplore Technologies Corp,4520,452020,45,45202030,D,USA,334111,3571,180,940, ,TX,XPLORE TECHNOLOGIES CORP,XPLR
64754, , ,1/31/10,Boca Raton,Biometrics Security Technology Inc,4520,452020,45,45202020,D,USA,334119,3576,190,940, ,FL,BIOMETRICS SECURITY TECH INC,BSYT
64796, , ,1/31/10,Ra'anana,MER Telemanagement Solutions Ltd,4520,452010,45,45201020,D,ISR,511210,7372,180,940, , ,MER TELEMGMT SOLUTIONS LTD,MTSL
64796, , ,2/28/10,Ra'anana,MER Telemanagement Solutions Ltd,4520,452010,45,45201020,D,ISR,511210,7372,180,940, , ,MER TELEMGMT SOLUTIONS LTD,MTSL
64796, , ,3/31/10,Ra'anana,MER Telemanagement Solutions Ltd,4520,452010,45,45201020,D,ISR,511210,7372,180,940, , ,MER TELEMGMT SOLUTIONS LTD,MTSL
64796, , ,4/30/10,Ra'anana,MER Telemanagement Solutions Ltd,4520,452010,45,45201020,D,ISR,511210,7372,180,940, , ,MER TELEMGMT SOLUTIONS LTD,MTSL
64796, , ,5/31/10,Ra'anana,MER Telemanagement Solutions Ltd,4520,452010,45,45201020,D,ISR,511210,7372,180,940, , ,MER TELEMGMT SOLUTIONS LTD,MTSL
64796, , ,6/30/10,Ra'anana,MER Telemanagement Solutions Ltd,4520,452010,45,45201020,D,ISR,511210,7372,180,940, , ,MER TELEMGMT SOLUTIONS LTD,MTSL
64796, , ,7/31/10,Ra'anana,MER Telemanagement Solutions Ltd,4520,452010,45,45201020,D,ISR,511210,7372,180,940, , ,MER TELEMGMT SOLUTIONS LTD,MTSL
64796, , ,8/31/10,Ra'anana,MER Telemanagement Solutions Ltd,4520,452010,45,45201020,D,ISR,511210,7372,180,940, , ,MER TELEMGMT SOLUTIONS LTD,MTSL
64796, , ,9/30/10,Ra'anana,MER Telemanagement Solutions Ltd,4520,452010,45,45201020,D,ISR,511210,7372,180,940, , ,MER TELEMGMT SOLUTIONS LTD,MTSL
64796, , ,10/31/10,Ra'anana,MER Telemanagement Solutions Ltd,4520,452010,45,45201020,D,ISR,511210,7372,180,940, , ,MER TELEMGMT SOLUTIONS LTD,MTSL
64796, , ,11/30/10,Ra'anana,MER Telemanagement Solutions Ltd,4520,452010,45,45201020,D,ISR,511210,7372,180,940, , ,MER TELEMGMT SOLUTIONS LTD,MTSL
64796, , ,12/31/10,Ra'anana,MER Telemanagement Solutions Ltd,4520,452010,45,45201020,D,ISR,511210,7372,180,940, , ,MER TELEMGMT SOLUTIONS LTD,MTSL
64796, , ,1/31/11,Ra'anana,MER Telemanagement Solutions Ltd,4520,452010,45,45201020,D,ISR,511210,7372,180,940, , ,MER TELEMGMT SOLUTIONS LTD,MTSL
64796, , ,2/28/11,Ra'anana,MER Telemanagement Solutions Ltd,4520,452010,45,45201020,D,ISR,511210,7372,180,940, , ,MER TELEMGMT SOLUTIONS LTD,MTSL
64796, , ,3/31/11,Ra'anana,MER Telemanagement Solutions Ltd,4520,452010,45,45201020,D,ISR,511210,7372,180,940, , ,MER TELEMGMT SOLUTIONS LTD,MTSL
64796, , ,4/30/11,Ra'anana,MER Telemanagement Solutions Ltd,4520,452010,45,45201020,D,ISR,511210,7372,180,940, , ,MER TELEMGMT SOLUTIONS LTD,MTSL
64796, , ,5/31/11,Ra'anana,MER Telemanagement Solutions Ltd,4520,452010,45,45201020,D,ISR,511210,7372,180,940, , ,MER TELEMGMT SOLUTIONS LTD,MTSL
64796, , ,6/30/11,Ra'anana,MER Telemanagement Solutions Ltd,4520,452010,45,45201020,D,ISR,511210,7372,180,940, , ,MER TELEMGMT SOLUTIONS LTD,MTSL
64796, , ,7/31/11,Ra'anana,MER Telemanagement Solutions Ltd,4520,452010,45,45201020,D,ISR,511210,7372,180,940, , ,MER TELEMGMT SOLUTIONS LTD,MTSL
64796, , ,8/31/11,Ra'anana,MER Telemanagement Solutions Ltd,4520,452010,45,45201020,D,ISR,511210,7372,180,940, , ,MER TELEMGMT SOLUTIONS LTD,MTSL
64796, , ,9/30/11,Ra'anana,MER Telemanagement Solutions Ltd,4520,452010,45,45201020,D,ISR,511210,7372,180,940, , ,MER TELEMGMT SOLUTIONS LTD,MTSL
64796, , ,10/31/11,Ra'anana,MER Telemanagement Solutions Ltd,4520,452010,45,45201020,D,ISR,511210,7372,180,940, , ,MER TELEMGMT SOLUTIONS LTD,MTSL
64796, , ,11/30/11,Ra'anana,MER Telemanagement Solutions Ltd,4520,452010,45,45201020,D,ISR,511210,7372,180,940, , ,MER TELEMGMT SOLUTIONS LTD,MTSL
64796, , ,12/31/11,Ra'anana,MER Telemanagement Solutions Ltd,4520,452010,45,45201020,D,ISR,511210,7372,180,940, , ,MER TELEMGMT SOLUTIONS LTD,MTSL
64796, , ,1/31/12,Ra'anana,MER Telemanagement Solutions Ltd,4520,452010,45,45201020,D,ISR,511210,7372,180,940, , ,MER TELEMGMT SOLUTIONS LTD,MTSL
64796, , ,2/29/12,Ra'anana,MER Telemanagement Solutions Ltd,4520,452010,45,45201020,D,ISR,511210,7372,180,940, , ,MER TELEMGMT SOLUTIONS LTD,MTSL
64796, , ,3/31/12,Ra'anana,MER Telemanagement Solutions Ltd,4520,452010,45,45201020,D,ISR,511210,7372,180,940, , ,MER TELEMGMT SOLUTIONS LTD,MTSL
64796, , ,4/30/12,Ra'anana,MER Telemanagement Solutions Ltd,4520,452010,45,45201020,D,ISR,511210,7372,180,940, , ,MER TELEMGMT SOLUTIONS LTD,MTSL
64796, , ,5/31/12,Ra'anana,MER Telemanagement Solutions Ltd,4520,452010,45,45201020,D,ISR,511210,7372,180,940, , ,MER TELEMGMT SOLUTIONS LTD,MTSL
64796, , ,6/30/12,Ra'anana,MER Telemanagement Solutions Ltd,4520,452010,45,45201020,D,ISR,511210,7372,180,940, , ,MER TELEMGMT SOLUTIONS LTD,MTSL
64796, , ,7/31/12,Ra'anana,MER Telemanagement Solutions Ltd,4520,452010,45,45201020,D,ISR,511210,7372,180,940, , ,MER TELEMGMT SOLUTIONS LTD,MTSL
64796, , ,8/31/12,Ra'anana,MER Telemanagement Solutions Ltd,4520,452010,45,45201020,D,ISR,511210,7372,180,940, , ,MER TELEMGMT SOLUTIONS LTD,MTSL
64796, , ,9/30/12,Ra'anana,MER Telemanagement Solutions Ltd,4520,452010,45,45201020,D,ISR,511210,7372,180,940, , ,MER TELEMGMT SOLUTIONS LTD,MTSL
64796, , ,10/31/12,Ra'anana,MER Telemanagement Solutions Ltd,4520,452010,45,45201020,D,ISR,511210,7372,180,940, , ,MER TELEMGMT SOLUTIONS LTD,MTSL
64796, , ,11/30/12,Ra'anana,MER Telemanagement Solutions Ltd,4520,452010,45,45201020,D,ISR,511210,7372,180,940, , ,MER TELEMGMT SOLUTIONS LTD,MTSL
64796, , ,12/31/12,Ra'anana,MER Telemanagement Solutions Ltd,4520,452010,45,45201020,D,ISR,511210,7372,180,940, , ,MER TELEMGMT SOLUTIONS LTD,MTSL
64796, , ,1/31/13,Ra'anana,MER Telemanagement Solutions Ltd,4520,452010,45,45201020,D,ISR,511210,7372,180,940, , ,MER TELEMGMT SOLUTIONS LTD,MTSL
64796, , ,2/28/13,Ra'anana,MER Telemanagement Solutions Ltd,4520,452010,45,45201020,D,ISR,511210,7372,180,940, , ,MER TELEMGMT SOLUTIONS LTD,MTSL
64796, , ,3/31/13,Ra'anana,MER Telemanagement Solutions Ltd,4520,452010,45,45201020,D,ISR,511210,7372,180,940, , ,MER TELEMGMT SOLUTIONS LTD,MTSL
64796, , ,4/30/13,Ra'anana,MER Telemanagement Solutions Ltd,4520,452010,45,45201020,D,ISR,511210,7372,180,940, , ,MER TELEMGMT SOLUTIONS LTD,MTSL
64796, , ,5/31/13,Ra'anana,MER Telemanagement Solutions Ltd,4520,452010,45,45201020,D,ISR,511210,7372,180,940, , ,MER TELEMGMT SOLUTIONS LTD,MTSL
64796, , ,6/30/13,Ra'anana,MER Telemanagement Solutions Ltd,4520,452010,45,45201020,D,ISR,511210,7372,180,940, , ,MER TELEMGMT SOLUTIONS LTD,MTSL
64796, , ,7/31/13,Ra'anana,MER Telemanagement Solutions Ltd,4520,452010,45,45201020,D,ISR,511210,7372,180,940, , ,MER TELEMGMT SOLUTIONS LTD,MTSL
64796, , ,8/31/13,Ra'anana,MER Telemanagement Solutions Ltd,4520,452010,45,45201020,D,ISR,511210,7372,180,940, , ,MER TELEMGMT SOLUTIONS LTD,MTSL
64796, , ,9/30/13,Ra'anana,MER Telemanagement Solutions Ltd,4520,452010,45,45201020,D,ISR,511210,7372,180,940, , ,MER TELEMGMT SOLUTIONS LTD,MTSL
64796, , ,10/31/13,Ra'anana,MER Telemanagement Solutions Ltd,4520,452010,45,45201020,D,ISR,511210,7372,180,940, , ,MER TELEMGMT SOLUTIONS LTD,MTSL
64918, , ,1/31/10,Horsham,ORBIT/FR Inc,4520,452010,45,45201020,D,USA,334515,3825,230,940,B,PA,ORBIT/FR INC,ORFR
64918, , ,2/28/10,Horsham,ORBIT/FR Inc,4520,452010,45,45201020,D,USA,334515,3825,230,940,B,PA,ORBIT/FR INC,ORFR
64918, , ,3/31/10,Horsham,ORBIT/FR Inc,4520,452010,45,45201020,D,USA,334515,3825,230,940,B,PA,ORBIT/FR INC,ORFR
64918, , ,4/30/10,Horsham,ORBIT/FR Inc,4520,452010,45,45201020,D,USA,334515,3825,230,940,B,PA,ORBIT/FR INC,ORFR
64918, , ,5/31/10,Horsham,ORBIT/FR Inc,4520,452010,45,45201020,D,USA,334515,3825,230,940,B,PA,ORBIT/FR INC,ORFR
64918, , ,6/30/10,Horsham,ORBIT/FR Inc,4520,452010,45,45201020,D,USA,334515,3825,230,940,B,PA,ORBIT/FR INC,ORFR
64918, , ,7/31/10,Horsham,ORBIT/FR Inc,4520,452010,45,45201020,D,USA,334515,3825,230,940,B,PA,ORBIT/FR INC,ORFR
64918, , ,8/31/10,Horsham,ORBIT/FR Inc,4520,452010,45,45201020,D,USA,334515,3825,230,940,B,PA,ORBIT/FR INC,ORFR
64918, , ,9/30/10,Horsham,ORBIT/FR Inc,4520,452010,45,45201020,D,USA,334515,3825,230,940,B,PA,ORBIT/FR INC,ORFR
64918, , ,10/31/10,Horsham,ORBIT/FR Inc,4520,452010,45,45201020,D,USA,334515,3825,230,940,B,PA,ORBIT/FR INC,ORFR
64918, , ,11/30/10,Horsham,ORBIT/FR Inc,4520,452010,45,45201020,D,USA,334515,3825,230,940,B,PA,ORBIT/FR INC,ORFR
64918, , ,12/31/10,Horsham,ORBIT/FR Inc,4520,452010,45,45201020,D,USA,334515,3825,230,940,B,PA,ORBIT/FR INC,ORFR
64918, , ,1/31/11,Horsham,ORBIT/FR Inc,4520,452010,45,45201020,D,USA,334515,3825,230,940,B,PA,ORBIT/FR INC,ORFR
64918, , ,2/28/11,Horsham,ORBIT/FR Inc,4520,452010,45,45201020,D,USA,334515,3825,230,940,B,PA,ORBIT/FR INC,ORFR
64918, , ,3/31/11,Horsham,ORBIT/FR Inc,4520,452010,45,45201020,D,USA,334515,3825,230,940,B,PA,ORBIT/FR INC,ORFR
64918, , ,4/30/11,Horsham,ORBIT/FR Inc,4520,452010,45,45201020,D,USA,334515,3825,230,940,B,PA,ORBIT/FR INC,ORFR
64918, , ,5/31/11,Horsham,ORBIT/FR Inc,4520,452010,45,45201020,D,USA,334515,3825,230,940,B,PA,ORBIT/FR INC,ORFR
64918, , ,6/30/11,Horsham,ORBIT/FR Inc,4520,452010,45,45201020,D,USA,334515,3825,230,940,B,PA,ORBIT/FR INC,ORFR
64918, , ,7/31/11,Horsham,ORBIT/FR Inc,4520,452010,45,45201020,D,USA,334515,3825,230,940,B,PA,ORBIT/FR INC,ORFR
64918, , ,8/31/11,Horsham,ORBIT/FR Inc,4520,452010,45,45201020,D,USA,334515,3825,230,940,B,PA,ORBIT/FR INC,ORFR
64918, , ,9/30/11,Horsham,ORBIT/FR Inc,4520,452010,45,45201020,D,USA,334515,3825,230,940,B,PA,ORBIT/FR INC,ORFR
64918, , ,10/31/11,Horsham,ORBIT/FR Inc,4520,452010,45,45201020,D,USA,334515,3825,230,940,B,PA,ORBIT/FR INC,ORFR
64918, , ,11/30/11,Horsham,ORBIT/FR Inc,4520,452010,45,45201020,D,USA,334515,3825,230,940,B,PA,ORBIT/FR INC,ORFR
64918, , ,12/31/11,Horsham,ORBIT/FR Inc,4520,452010,45,45201020,D,USA,334515,3825,230,940,B,PA,ORBIT/FR INC,ORFR
64918, , ,1/31/12,Horsham,ORBIT/FR Inc,4520,452010,45,45201020,D,USA,334515,3825,230,940,B,PA,ORBIT/FR INC,ORFR
64918, , ,2/29/12,Horsham,ORBIT/FR Inc,4520,452010,45,45201020,D,USA,334515,3825,230,940,B,PA,ORBIT/FR INC,ORFR
64918, , ,3/31/12,Horsham,ORBIT/FR Inc,4520,452010,45,45201020,D,USA,334515,3825,230,940,B,PA,ORBIT/FR INC,ORFR
64918, , ,4/30/12,Horsham,ORBIT/FR Inc,4520,452010,45,45201020,D,USA,334515,3825,230,940,B,PA,ORBIT/FR INC,ORFR
64918, , ,5/31/12,Horsham,ORBIT/FR Inc,4520,452010,45,45201020,D,USA,334515,3825,230,940,B,PA,ORBIT/FR INC,ORFR
64918, , ,6/30/12,Horsham,ORBIT/FR Inc,4520,452010,45,45201020,D,USA,334515,3825,230,940,B,PA,ORBIT/FR INC,ORFR
64918, , ,7/31/12,Horsham,ORBIT/FR Inc,4520,452010,45,45201020,D,USA,334515,3825,230,940,B,PA,ORBIT/FR INC,ORFR
64918, , ,8/31/12,Horsham,ORBIT/FR Inc,4520,452010,45,45201020,D,USA,334515,3825,230,940,B,PA,ORBIT/FR INC,ORFR
64918, , ,9/30/12,Horsham,ORBIT/FR Inc,4520,452010,45,45201020,D,USA,334515,3825,230,940,B,PA,ORBIT/FR INC,ORFR
64918, , ,10/31/12,Horsham,ORBIT/FR Inc,4520,452010,45,45201020,D,USA,334515,3825,230,940,B,PA,ORBIT/FR INC,ORFR
64918, , ,11/30/12,Horsham,ORBIT/FR Inc,4520,452010,45,45201020,D,USA,334515,3825,230,940,B,PA,ORBIT/FR INC,ORFR
64918, , ,12/31/12,Horsham,ORBIT/FR Inc,4520,452010,45,45201020,D,USA,334515,3825,230,940,B,PA,ORBIT/FR INC,ORFR
64918, , ,1/31/13,Horsham,ORBIT/FR Inc,4520,452010,45,45201020,D,USA,334515,3825,230,940,B,PA,ORBIT/FR INC,ORFR
64918, , ,2/28/13,Horsham,ORBIT/FR Inc,4520,452010,45,45201020,D,USA,334515,3825,230,940,B,PA,ORBIT/FR INC,ORFR
64918, , ,3/31/13,Horsham,ORBIT/FR Inc,4520,452010,45,45201020,D,USA,334515,3825,230,940,B,PA,ORBIT/FR INC,ORFR
64918, , ,4/30/13,Horsham,ORBIT/FR Inc,4520,452010,45,45201020,D,USA,334515,3825,230,940,B,PA,ORBIT/FR INC,ORFR
64918, , ,5/31/13,Horsham,ORBIT/FR Inc,4520,452010,45,45201020,D,USA,334515,3825,230,940,B,PA,ORBIT/FR INC,ORFR
64918, , ,6/30/13,Horsham,ORBIT/FR Inc,4520,452010,45,45201020,D,USA,334515,3825,230,940,B,PA,ORBIT/FR INC,ORFR
64918, , ,7/31/13,Horsham,ORBIT/FR Inc,4520,452010,45,45201020,D,USA,334515,3825,230,940,B,PA,ORBIT/FR INC,ORFR
64918, , ,8/31/13,Horsham,ORBIT/FR Inc,4520,452010,45,45201020,D,USA,334515,3825,230,940,B,PA,ORBIT/FR INC,ORFR
64918, , ,9/30/13,Horsham,ORBIT/FR Inc,4520,452010,45,45201020,D,USA,334515,3825,230,940,B,PA,ORBIT/FR INC,ORFR
64918, , ,10/31/13,Horsham,ORBIT/FR Inc,4520,452010,45,45201020,D,USA,334515,3825,230,940,B,PA,ORBIT/FR INC,ORFR
64984, , ,1/31/10,Palo Alto,3Dfx Interactive Inc,4520,452020,45,45202020,D,USA,999990,9995,175,976,D,CA,3DFX INTERACTIVE INC,TDFX
64984, , ,2/28/10,Palo Alto,3Dfx Interactive Inc,4520,452020,45,45202020,D,USA,999990,9995,175,976,D,CA,3DFX INTERACTIVE INC,TDFX
64984, , ,3/31/10,Palo Alto,3Dfx Interactive Inc,4520,452020,45,45202020,D,USA,999990,9995,175,976,D,CA,3DFX INTERACTIVE INC,TDFX
64984, , ,4/30/10,Palo Alto,3Dfx Interactive Inc,4520,452020,45,45202020,D,USA,999990,9995,175,976,D,CA,3DFX INTERACTIVE INC,TDFX
65130, , ,1/31/10,Tel Aviv,RIT Technologies Ltd,4520,452010,45,45201020,D,ISR,3342,3576,190,940, , ,RIT TECHNOLOGIES LTD,RITT
65130, , ,2/28/10,Tel Aviv,RIT Technologies Ltd,4520,452010,45,45201020,D,ISR,3342,3576,190,940, , ,RIT TECHNOLOGIES LTD,RITT
65130, , ,3/31/10,Tel Aviv,RIT Technologies Ltd,4520,452010,45,45201020,D,ISR,3342,3576,190,940, , ,RIT TECHNOLOGIES LTD,RITT
65130, , ,4/30/10,Tel Aviv,RIT Technologies Ltd,4520,452010,45,45201020,D,ISR,3342,3576,190,940, , ,RIT TECHNOLOGIES LTD,RITT
65130, , ,5/31/10,Tel Aviv,RIT Technologies Ltd,4520,452010,45,45201020,D,ISR,3342,3576,190,940, , ,RIT TECHNOLOGIES LTD,RITT
65130, , ,6/30/10,Tel Aviv,RIT Technologies Ltd,4520,452010,45,45201020,D,ISR,3342,3576,190,940, , ,RIT TECHNOLOGIES LTD,RITT
65130, , ,7/31/10,Tel Aviv,RIT Technologies Ltd,4520,452010,45,45201020,D,ISR,3342,3576,190,940, , ,RIT TECHNOLOGIES LTD,RITT
65130, , ,8/31/10,Tel Aviv,RIT Technologies Ltd,4520,452010,45,45201020,D,ISR,3342,3576,190,940, , ,RIT TECHNOLOGIES LTD,RITT
65130, , ,9/30/10,Tel Aviv,RIT Technologies Ltd,4520,452010,45,45201020,D,ISR,3342,3576,190,940, , ,RIT TECHNOLOGIES LTD,RITT
65130, , ,10/31/10,Tel Aviv,RIT Technologies Ltd,4520,452010,45,45201020,D,ISR,3342,3576,190,940, , ,RIT TECHNOLOGIES LTD,RITT
65130, , ,11/30/10,Tel Aviv,RIT Technologies Ltd,4520,452010,45,45201020,D,ISR,3342,3576,190,940, , ,RIT TECHNOLOGIES LTD,RITT
65130, , ,12/31/10,Tel Aviv,RIT Technologies Ltd,4520,452010,45,45201020,D,ISR,3342,3576,190,940, , ,RIT TECHNOLOGIES LTD,RITT
65130, , ,1/31/11,Tel Aviv,RIT Technologies Ltd,4520,452010,45,45201020,D,ISR,3342,3576,190,940, , ,RIT TECHNOLOGIES LTD,RITT
65130, , ,2/28/11,Tel Aviv,RIT Technologies Ltd,4520,452010,45,45201020,D,ISR,3342,3576,190,940, , ,RIT TECHNOLOGIES LTD,RITT
65130, , ,3/31/11,Tel Aviv,RIT Technologies Ltd,4520,452010,45,45201020,D,ISR,3342,3576,190,940, , ,RIT TECHNOLOGIES LTD,RITT
65130, , ,4/30/11,Tel Aviv,RIT Technologies Ltd,4520,452010,45,45201020,D,ISR,3342,3576,190,940, , ,RIT TECHNOLOGIES LTD,RITT
65130, , ,5/31/11,Tel Aviv,RIT Technologies Ltd,4520,452010,45,45201020,D,ISR,3342,3576,190,940, , ,RIT TECHNOLOGIES LTD,RITT
65130, , ,6/30/11,Tel Aviv,RIT Technologies Ltd,4520,452010,45,45201020,D,ISR,3342,3576,190,940, , ,RIT TECHNOLOGIES LTD,RITT
65130, , ,7/31/11,Tel Aviv,RIT Technologies Ltd,4520,452010,45,45201020,D,ISR,3342,3576,190,940, , ,RIT TECHNOLOGIES LTD,RITT
65130, , ,8/31/11,Tel Aviv,RIT Technologies Ltd,4520,452010,45,45201020,D,ISR,3342,3576,190,940, , ,RIT TECHNOLOGIES LTD,RITT
65130, , ,9/30/11,Tel Aviv,RIT Technologies Ltd,4520,452010,45,45201020,D,ISR,3342,3576,190,940, , ,RIT TECHNOLOGIES LTD,RITT
65130, , ,10/31/11,Tel Aviv,RIT Technologies Ltd,4520,452010,45,45201020,D,ISR,3342,3576,190,940, , ,RIT TECHNOLOGIES LTD,RITT
65130, , ,11/30/11,Tel Aviv,RIT Technologies Ltd,4520,452010,45,45201020,D,ISR,3342,3576,190,940, , ,RIT TECHNOLOGIES LTD,RITT
65130, , ,12/31/11,Tel Aviv,RIT Technologies Ltd,4520,452010,45,45201020,D,ISR,3342,3576,190,940, , ,RIT TECHNOLOGIES LTD,RITT
65130, , ,1/31/12,Tel Aviv,RIT Technologies Ltd,4520,452010,45,45201020,D,ISR,3342,3576,190,940, , ,RIT TECHNOLOGIES LTD,RITT
65130, , ,2/29/12,Tel Aviv,RIT Technologies Ltd,4520,452010,45,45201020,D,ISR,3342,3576,190,940, , ,RIT TECHNOLOGIES LTD,RITT
65130, , ,3/31/12,Tel Aviv,RIT Technologies Ltd,4520,452010,45,45201020,D,ISR,3342,3576,190,940, , ,RIT TECHNOLOGIES LTD,RITT
65130, , ,4/30/12,Tel Aviv,RIT Technologies Ltd,4520,452010,45,45201020,D,ISR,3342,3576,190,940, , ,RIT TECHNOLOGIES LTD,RITT
65130, , ,5/31/12,Tel Aviv,RIT Technologies Ltd,4520,452010,45,45201020,D,ISR,3342,3576,190,940, , ,RIT TECHNOLOGIES LTD,RITT
65130, , ,6/30/12,Tel Aviv,RIT Technologies Ltd,4520,452010,45,45201020,D,ISR,3342,3576,190,940, , ,RIT TECHNOLOGIES LTD,RITT
65130, , ,7/31/12,Tel Aviv,RIT Technologies Ltd,4520,452010,45,45201020,D,ISR,3342,3576,190,940, , ,RIT TECHNOLOGIES LTD,RITT
65130, , ,8/31/12,Tel Aviv,RIT Technologies Ltd,4520,452010,45,45201020,D,ISR,3342,3576,190,940, , ,RIT TECHNOLOGIES LTD,RITT
65130, , ,9/30/12,Tel Aviv,RIT Technologies Ltd,4520,452010,45,45201020,D,ISR,3342,3576,190,940, , ,RIT TECHNOLOGIES LTD,RITT
65130, , ,10/31/12,Tel Aviv,RIT Technologies Ltd,4520,452010,45,45201020,D,ISR,3342,3576,190,940, , ,RIT TECHNOLOGIES LTD,RITT
65130, , ,11/30/12,Tel Aviv,RIT Technologies Ltd,4520,452010,45,45201020,D,ISR,3342,3576,190,940, , ,RIT TECHNOLOGIES LTD,RITT
65130, , ,12/31/12,Tel Aviv,RIT Technologies Ltd,4520,452010,45,45201020,D,ISR,3342,3576,190,940, , ,RIT TECHNOLOGIES LTD,RITT
65130, , ,1/31/13,Tel Aviv,RIT Technologies Ltd,4520,452010,45,45201020,D,ISR,3342,3576,190,940, , ,RIT TECHNOLOGIES LTD,RITT
65130, , ,2/28/13,Tel Aviv,RIT Technologies Ltd,4520,452010,45,45201020,D,ISR,3342,3576,190,940, , ,RIT TECHNOLOGIES LTD,RITT
65130, , ,3/31/13,Tel Aviv,RIT Technologies Ltd,4520,452010,45,45201020,D,ISR,3342,3576,190,940, , ,RIT TECHNOLOGIES LTD,RITT
65130, , ,4/30/13,Tel Aviv,RIT Technologies Ltd,4520,452010,45,45201020,D,ISR,3342,3576,190,940, , ,RIT TECHNOLOGIES LTD,RITT
65130, , ,5/31/13,Tel Aviv,RIT Technologies Ltd,4520,452010,45,45201020,D,ISR,3342,3576,190,940, , ,RIT TECHNOLOGIES LTD,RITT
65130, , ,6/30/13,Tel Aviv,RIT Technologies Ltd,4520,452010,45,45201020,D,ISR,3342,3576,190,940, , ,RIT TECHNOLOGIES LTD,RITT
65130, , ,7/31/13,Tel Aviv,RIT Technologies Ltd,4520,452010,45,45201020,D,ISR,3342,3576,190,940, , ,RIT TECHNOLOGIES LTD,RITT
65130, , ,8/31/13,Tel Aviv,RIT Technologies Ltd,4520,452010,45,45201020,D,ISR,3342,3576,190,940, , ,RIT TECHNOLOGIES LTD,RITT
65130, , ,9/30/13,Tel Aviv,RIT Technologies Ltd,4520,452010,45,45201020,D,ISR,3342,3576,190,940, , ,RIT TECHNOLOGIES LTD,RITT
65130, , ,10/31/13,Tel Aviv,RIT Technologies Ltd,4520,452010,45,45201020,D,ISR,3342,3576,190,940, , ,RIT TECHNOLOGIES LTD,RITT
65137, , ,1/31/10,Baton Rouge,Vartech Systems  Inc,4520,452020,45,45202020,D,USA,454390,5960,449,976, ,LA,VARTECH SYSTEMS  INC,VRTK
65137, , ,2/28/10,Baton Rouge,Vartech Systems  Inc,4520,452020,45,45202020,D,USA,454390,5960,449,976, ,LA,VARTECH SYSTEMS  INC,VRTK
65137, , ,3/31/10,Baton Rouge,Vartech Systems  Inc,4520,452020,45,45202020,D,USA,454390,5960,449,976, ,LA,VARTECH SYSTEMS  INC,VRTK
65137, , ,4/30/10,Baton Rouge,Vartech Systems  Inc,4520,452020,45,45202020,D,USA,454390,5960,449,976, ,LA,VARTECH SYSTEMS  INC,VRTK
65137, , ,5/31/10,Baton Rouge,Vartech Systems  Inc,4520,452020,45,45202020,D,USA,454390,5960,449,976, ,LA,VARTECH SYSTEMS  INC,VRTK
65137, , ,6/30/10,Baton Rouge,Vartech Systems  Inc,4520,452020,45,45202020,D,USA,454390,5960,449,976, ,LA,VARTECH SYSTEMS  INC,VRTK
65137, , ,7/31/10,Baton Rouge,Vartech Systems  Inc,4520,452020,45,45202020,D,USA,454390,5960,449,976, ,LA,VARTECH SYSTEMS  INC,VRTK
65137, , ,8/31/10,Baton Rouge,Vartech Systems  Inc,4520,452020,45,45202020,D,USA,454390,5960,449,976, ,LA,VARTECH SYSTEMS  INC,VRTK
65137, , ,9/30/10,Baton Rouge,Vartech Systems  Inc,4520,452020,45,45202020,D,USA,454390,5960,449,976, ,LA,VARTECH SYSTEMS  INC,VRTK
65137, , ,10/31/10,Baton Rouge,Vartech Systems  Inc,4520,452020,45,45202020,D,USA,454390,5960,449,976, ,LA,VARTECH SYSTEMS  INC,VRTK
65137, , ,11/30/10,Baton Rouge,Vartech Systems  Inc,4520,452020,45,45202020,D,USA,454390,5960,449,976, ,LA,VARTECH SYSTEMS  INC,VRTK
65137, , ,12/31/10,Baton Rouge,Vartech Systems  Inc,4520,452020,45,45202020,D,USA,454390,5960,449,976, ,LA,VARTECH SYSTEMS  INC,VRTK
65137, , ,1/31/11,Baton Rouge,Vartech Systems  Inc,4520,452020,45,45202020,D,USA,454390,5960,449,976, ,LA,VARTECH SYSTEMS  INC,VRTK
65137, , ,2/28/11,Baton Rouge,Vartech Systems  Inc,4520,452020,45,45202020,D,USA,454390,5960,449,976, ,LA,VARTECH SYSTEMS  INC,VRTK
65137, , ,3/31/11,Baton Rouge,Vartech Systems  Inc,4520,452020,45,45202020,D,USA,454390,5960,449,976, ,LA,VARTECH SYSTEMS  INC,VRTK
65137, , ,4/30/11,Baton Rouge,Vartech Systems  Inc,4520,452020,45,45202020,D,USA,454390,5960,449,976, ,LA,VARTECH SYSTEMS  INC,VRTK
65137, , ,5/31/11,Baton Rouge,Vartech Systems  Inc,4520,452020,45,45202020,D,USA,454390,5960,449,976, ,LA,VARTECH SYSTEMS  INC,VRTK
65137, , ,6/30/11,Baton Rouge,Vartech Systems  Inc,4520,452020,45,45202020,D,USA,454390,5960,449,976, ,LA,VARTECH SYSTEMS  INC,VRTK
65137, , ,7/31/11,Baton Rouge,Vartech Systems  Inc,4520,452020,45,45202020,D,USA,454390,5960,449,976, ,LA,VARTECH SYSTEMS  INC,VRTK
65137, , ,8/31/11,Baton Rouge,Vartech Systems  Inc,4520,452020,45,45202020,D,USA,454390,5960,449,976, ,LA,VARTECH SYSTEMS  INC,VRTK
65137, , ,9/30/11,Baton Rouge,Vartech Systems  Inc,4520,452020,45,45202020,D,USA,454390,5960,449,976, ,LA,VARTECH SYSTEMS  INC,VRTK
65137, , ,10/31/11,Baton Rouge,Vartech Systems  Inc,4520,452020,45,45202020,D,USA,454390,5960,449,976, ,LA,VARTECH SYSTEMS  INC,VRTK
65137, , ,11/30/11,Baton Rouge,Vartech Systems  Inc,4520,452020,45,45202020,D,USA,454390,5960,449,976, ,LA,VARTECH SYSTEMS  INC,VRTK
65137, , ,12/31/11,Baton Rouge,Vartech Systems  Inc,4520,452020,45,45202020,D,USA,454390,5960,449,976, ,LA,VARTECH SYSTEMS  INC,VRTK
65137, , ,1/31/12,Baton Rouge,Vartech Systems  Inc,4520,452020,45,45202020,D,USA,454390,5960,449,976, ,LA,VARTECH SYSTEMS  INC,VRTK
65137, , ,2/29/12,Baton Rouge,Vartech Systems  Inc,4520,452020,45,45202020,D,USA,454390,5960,449,976, ,LA,VARTECH SYSTEMS  INC,VRTK
65137, , ,3/31/12,Baton Rouge,Vartech Systems  Inc,4520,452020,45,45202020,D,USA,454390,5960,449,976, ,LA,VARTECH SYSTEMS  INC,VRTK
65137, , ,4/30/12,Baton Rouge,Vartech Systems  Inc,4520,452020,45,45202020,D,USA,454390,5960,449,976, ,LA,VARTECH SYSTEMS  INC,VRTK
65137, , ,5/31/12,Baton Rouge,Vartech Systems  Inc,4520,452020,45,45202020,D,USA,454390,5960,449,976, ,LA,VARTECH SYSTEMS  INC,VRTK
65137, , ,6/30/12,Baton Rouge,Vartech Systems  Inc,4520,452020,45,45202020,D,USA,454390,5960,449,976, ,LA,VARTECH SYSTEMS  INC,VRTK
65137, , ,7/31/12,Baton Rouge,Vartech Systems  Inc,4520,452020,45,45202020,D,USA,454390,5960,449,976, ,LA,VARTECH SYSTEMS  INC,VRTK
65137, , ,8/31/12,Baton Rouge,Vartech Systems  Inc,4520,452020,45,45202020,D,USA,454390,5960,449,976, ,LA,VARTECH SYSTEMS  INC,VRTK
65137, , ,9/30/12,Baton Rouge,Vartech Systems  Inc,4520,452020,45,45202020,D,USA,454390,5960,449,976, ,LA,VARTECH SYSTEMS  INC,VRTK
65137, , ,10/31/12,Baton Rouge,Vartech Systems  Inc,4520,452020,45,45202020,D,USA,454390,5960,449,976, ,LA,VARTECH SYSTEMS  INC,VRTK
65137, , ,11/30/12,Baton Rouge,Vartech Systems  Inc,4520,452020,45,45202020,D,USA,454390,5960,449,976, ,LA,VARTECH SYSTEMS  INC,VRTK
65137, , ,12/31/12,Baton Rouge,Vartech Systems  Inc,4520,452020,45,45202020,D,USA,454390,5960,449,976, ,LA,VARTECH SYSTEMS  INC,VRTK
65137, , ,1/31/13,Baton Rouge,Vartech Systems  Inc,4520,452020,45,45202020,D,USA,454390,5960,449,976, ,LA,VARTECH SYSTEMS  INC,VRTK
65137, , ,2/28/13,Baton Rouge,Vartech Systems  Inc,4520,452020,45,45202020,D,USA,454390,5960,449,976, ,LA,VARTECH SYSTEMS  INC,VRTK
65137, , ,3/31/13,Baton Rouge,Vartech Systems  Inc,4520,452020,45,45202020,D,USA,454390,5960,449,976, ,LA,VARTECH SYSTEMS  INC,VRTK
65137, , ,4/30/13,Baton Rouge,Vartech Systems  Inc,4520,452020,45,45202020,D,USA,454390,5960,449,976, ,LA,VARTECH SYSTEMS  INC,VRTK
65137, , ,5/31/13,Baton Rouge,Vartech Systems  Inc,4520,452020,45,45202020,D,USA,454390,5960,449,976, ,LA,VARTECH SYSTEMS  INC,VRTK
65137, , ,6/30/13,Baton Rouge,Vartech Systems  Inc,4520,452020,45,45202020,D,USA,454390,5960,449,976, ,LA,VARTECH SYSTEMS  INC,VRTK
65137, , ,7/31/13,Baton Rouge,Vartech Systems  Inc,4520,452020,45,45202020,D,USA,454390,5960,449,976, ,LA,VARTECH SYSTEMS  INC,VRTK
65137, , ,8/31/13,Baton Rouge,Vartech Systems  Inc,4520,452020,45,45202020,D,USA,454390,5960,449,976, ,LA,VARTECH SYSTEMS  INC,VRTK
65137, , ,9/30/13,Baton Rouge,Vartech Systems  Inc,4520,452020,45,45202020,D,USA,454390,5960,449,976, ,LA,VARTECH SYSTEMS  INC,VRTK
65137, , ,10/31/13,Baton Rouge,Vartech Systems  Inc,4520,452020,45,45202020,D,USA,454390,5960,449,976, ,LA,VARTECH SYSTEMS  INC,VRTK
65142,BB-, ,1/31/10,Hickory,CommScope Inc.,4520,452010,45,45201020,D,USA,335921,3357,180,940,B-,NC,COMMSCOPE INC,CTV
65142,BB-, ,2/28/10,Hickory,CommScope Inc.,4520,452010,45,45201020,D,USA,335921,3357,180,940,B-,NC,COMMSCOPE INC,CTV
65142,BB-, ,3/31/10,Hickory,CommScope Inc.,4520,452010,45,45201020,D,USA,335921,3357,180,940,B-,NC,COMMSCOPE INC,CTV
65142,BB-, ,4/30/10,Hickory,CommScope Inc.,4520,452010,45,45201020,D,USA,335921,3357,180,940,B-,NC,COMMSCOPE INC,CTV
65142,BB-, ,5/31/10,Hickory,CommScope Inc.,4520,452010,45,45201020,D,USA,335921,3357,180,940,B-,NC,COMMSCOPE INC,CTV
65142,BB-, ,6/30/10,Hickory,CommScope Inc.,4520,452010,45,45201020,D,USA,335921,3357,180,940,B-,NC,COMMSCOPE INC,CTV
65142,BB-, ,7/31/10,Hickory,CommScope Inc.,4520,452010,45,45201020,D,USA,335921,3357,180,940,B-,NC,COMMSCOPE INC,CTV
65142,BB-, ,8/31/10,Hickory,CommScope Inc.,4520,452010,45,45201020,D,USA,335921,3357,180,940,B-,NC,COMMSCOPE INC,CTV
65142,BB-, ,9/30/10,Hickory,CommScope Inc.,4520,452010,45,45201020,D,USA,335921,3357,180,940,B-,NC,COMMSCOPE INC,CTV
65142,BB-, ,10/31/10,Hickory,CommScope Inc.,4520,452010,45,45201020,D,USA,335921,3357,180,940,B-,NC,COMMSCOPE INC,CTV
65142,BB-, ,11/30/10,Hickory,CommScope Inc.,4520,452010,45,45201020,D,USA,335921,3357,180,940,B-,NC,COMMSCOPE INC,CTV
65142,BB-, ,12/31/10,Hickory,CommScope Inc.,4520,452010,45,45201020,D,USA,335921,3357,180,940,B-,NC,COMMSCOPE INC,CTV
65142,B+, ,1/31/11,Hickory,CommScope Inc.,4520,452010,45,45201020,D,USA,335921,3357,180,940,B-,NC,COMMSCOPE INC,CTV
65142,B+, ,2/28/11,Hickory,CommScope Inc.,4520,452010,45,45201020,D,USA,335921,3357,180,940,B-,NC,COMMSCOPE INC,CTV
65244, , ,1/31/10,Hauppauge,Globecomm Systems Inc,4520,452010,45,45201020,D,USA,517919,4899,180,940,B,NY,GLOBECOMM SYSTEMS INC,GCOM
65244, , ,2/28/10,Hauppauge,Globecomm Systems Inc,4520,452010,45,45201020,D,USA,517919,4899,180,940,B,NY,GLOBECOMM SYSTEMS INC,GCOM
65244, , ,3/31/10,Hauppauge,Globecomm Systems Inc,4520,452010,45,45201020,D,USA,517919,4899,180,940,B,NY,GLOBECOMM SYSTEMS INC,GCOM
65244, , ,4/30/10,Hauppauge,Globecomm Systems Inc,4520,452010,45,45201020,D,USA,517919,4899,180,940,B,NY,GLOBECOMM SYSTEMS INC,GCOM
65244, , ,5/31/10,Hauppauge,Globecomm Systems Inc,4520,452010,45,45201020,D,USA,517919,4899,180,940,B,NY,GLOBECOMM SYSTEMS INC,GCOM
65244, , ,6/30/10,Hauppauge,Globecomm Systems Inc,4520,452010,45,45201020,D,USA,517919,4899,180,940,B,NY,GLOBECOMM SYSTEMS INC,GCOM
65244, , ,7/31/10,Hauppauge,Globecomm Systems Inc,4520,452010,45,45201020,D,USA,517919,4899,180,940,B,NY,GLOBECOMM SYSTEMS INC,GCOM
65244, , ,8/31/10,Hauppauge,Globecomm Systems Inc,4520,452010,45,45201020,D,USA,517919,4899,180,940,B,NY,GLOBECOMM SYSTEMS INC,GCOM
65244, , ,9/30/10,Hauppauge,Globecomm Systems Inc,4520,452010,45,45201020,D,USA,517919,4899,180,940,B,NY,GLOBECOMM SYSTEMS INC,GCOM
65244, , ,10/31/10,Hauppauge,Globecomm Systems Inc,4520,452010,45,45201020,D,USA,517919,4899,180,940,B,NY,GLOBECOMM SYSTEMS INC,GCOM
65244, , ,11/30/10,Hauppauge,Globecomm Systems Inc,4520,452010,45,45201020,D,USA,517919,4899,180,940,B,NY,GLOBECOMM SYSTEMS INC,GCOM
65244, , ,12/31/10,Hauppauge,Globecomm Systems Inc,4520,452010,45,45201020,D,USA,517919,4899,180,940,B,NY,GLOBECOMM SYSTEMS INC,GCOM
65244, , ,1/31/11,Hauppauge,Globecomm Systems Inc,4520,452010,45,45201020,D,USA,517919,4899,180,940,B,NY,GLOBECOMM SYSTEMS INC,GCOM
65244, , ,2/28/11,Hauppauge,Globecomm Systems Inc,4520,452010,45,45201020,D,USA,517919,4899,180,940,B,NY,GLOBECOMM SYSTEMS INC,GCOM
65244, , ,3/31/11,Hauppauge,Globecomm Systems Inc,4520,452010,45,45201020,D,USA,517919,4899,180,940,B,NY,GLOBECOMM SYSTEMS INC,GCOM
65244, , ,4/30/11,Hauppauge,Globecomm Systems Inc,4520,452010,45,45201020,D,USA,517919,4899,180,940,B,NY,GLOBECOMM SYSTEMS INC,GCOM
65244, , ,5/31/11,Hauppauge,Globecomm Systems Inc,4520,452010,45,45201020,D,USA,517919,4899,180,940,B,NY,GLOBECOMM SYSTEMS INC,GCOM
65244, , ,6/30/11,Hauppauge,Globecomm Systems Inc,4520,452010,45,45201020,D,USA,517919,4899,180,940,B,NY,GLOBECOMM SYSTEMS INC,GCOM
65244, , ,7/31/11,Hauppauge,Globecomm Systems Inc,4520,452010,45,45201020,D,USA,517919,4899,180,940,B,NY,GLOBECOMM SYSTEMS INC,GCOM
65244, , ,8/31/11,Hauppauge,Globecomm Systems Inc,4520,452010,45,45201020,D,USA,517919,4899,180,940,B,NY,GLOBECOMM SYSTEMS INC,GCOM
65244, , ,9/30/11,Hauppauge,Globecomm Systems Inc,4520,452010,45,45201020,D,USA,517919,4899,180,940,B,NY,GLOBECOMM SYSTEMS INC,GCOM
65244, , ,10/31/11,Hauppauge,Globecomm Systems Inc,4520,452010,45,45201020,D,USA,517919,4899,180,940,B,NY,GLOBECOMM SYSTEMS INC,GCOM
65244, , ,11/30/11,Hauppauge,Globecomm Systems Inc,4520,452010,45,45201020,D,USA,517919,4899,180,940,B,NY,GLOBECOMM SYSTEMS INC,GCOM
65244, , ,12/31/11,Hauppauge,Globecomm Systems Inc,4520,452010,45,45201020,D,USA,517919,4899,180,940,B,NY,GLOBECOMM SYSTEMS INC,GCOM
65244, , ,1/31/12,Hauppauge,Globecomm Systems Inc,4520,452010,45,45201020,D,USA,517919,4899,180,940,B,NY,GLOBECOMM SYSTEMS INC,GCOM
65244, , ,2/29/12,Hauppauge,Globecomm Systems Inc,4520,452010,45,45201020,D,USA,517919,4899,180,940,B,NY,GLOBECOMM SYSTEMS INC,GCOM
65244, , ,3/31/12,Hauppauge,Globecomm Systems Inc,4520,452010,45,45201020,D,USA,517919,4899,180,940,B,NY,GLOBECOMM SYSTEMS INC,GCOM
65244, , ,4/30/12,Hauppauge,Globecomm Systems Inc,4520,452010,45,45201020,D,USA,517919,4899,180,940,B,NY,GLOBECOMM SYSTEMS INC,GCOM
65244, , ,5/31/12,Hauppauge,Globecomm Systems Inc,4520,452010,45,45201020,D,USA,517919,4899,180,940,B,NY,GLOBECOMM SYSTEMS INC,GCOM
65244, , ,6/30/12,Hauppauge,Globecomm Systems Inc,4520,452010,45,45201020,D,USA,517919,4899,180,940,B,NY,GLOBECOMM SYSTEMS INC,GCOM
65244, , ,7/31/12,Hauppauge,Globecomm Systems Inc,4520,452010,45,45201020,D,USA,517919,4899,180,940,B,NY,GLOBECOMM SYSTEMS INC,GCOM
65244, , ,8/31/12,Hauppauge,Globecomm Systems Inc,4520,452010,45,45201020,D,USA,517919,4899,180,940,B,NY,GLOBECOMM SYSTEMS INC,GCOM
65244, , ,9/30/12,Hauppauge,Globecomm Systems Inc,4520,452010,45,45201020,D,USA,517919,4899,180,940,B,NY,GLOBECOMM SYSTEMS INC,GCOM
65244, , ,10/31/12,Hauppauge,Globecomm Systems Inc,4520,452010,45,45201020,D,USA,517919,4899,180,940,B,NY,GLOBECOMM SYSTEMS INC,GCOM
65244, , ,11/30/12,Hauppauge,Globecomm Systems Inc,4520,452010,45,45201020,D,USA,517919,4899,180,940,B,NY,GLOBECOMM SYSTEMS INC,GCOM
65244, , ,12/31/12,Hauppauge,Globecomm Systems Inc,4520,452010,45,45201020,D,USA,517919,4899,180,940,B,NY,GLOBECOMM SYSTEMS INC,GCOM
65244, , ,1/31/13,Hauppauge,Globecomm Systems Inc,4520,452010,45,45201020,D,USA,517919,4899,180,940,B,NY,GLOBECOMM SYSTEMS INC,GCOM
65244, , ,2/28/13,Hauppauge,Globecomm Systems Inc,4520,452010,45,45201020,D,USA,517919,4899,180,940,B,NY,GLOBECOMM SYSTEMS INC,GCOM
65244, , ,3/31/13,Hauppauge,Globecomm Systems Inc,4520,452010,45,45201020,D,USA,517919,4899,180,940,B,NY,GLOBECOMM SYSTEMS INC,GCOM
65244, , ,4/30/13,Hauppauge,Globecomm Systems Inc,4520,452010,45,45201020,D,USA,517919,4899,180,940,B,NY,GLOBECOMM SYSTEMS INC,GCOM
65244, , ,5/31/13,Hauppauge,Globecomm Systems Inc,4520,452010,45,45201020,D,USA,517919,4899,180,940,B,NY,GLOBECOMM SYSTEMS INC,GCOM
65244, , ,6/30/13,Hauppauge,Globecomm Systems Inc,4520,452010,45,45201020,D,USA,517919,4899,180,940,B,NY,GLOBECOMM SYSTEMS INC,GCOM
65244, , ,7/31/13,Hauppauge,Globecomm Systems Inc,4520,452010,45,45201020,D,USA,517919,4899,180,940,B,NY,GLOBECOMM SYSTEMS INC,GCOM
65244, , ,8/31/13,Hauppauge,Globecomm Systems Inc,4520,452010,45,45201020,D,USA,517919,4899,180,940,B,NY,GLOBECOMM SYSTEMS INC,GCOM
65244, , ,9/30/13,Hauppauge,Globecomm Systems Inc,4520,452010,45,45201020,D,USA,517919,4899,180,940,B,NY,GLOBECOMM SYSTEMS INC,GCOM
65244, , ,10/31/13,Hauppauge,Globecomm Systems Inc,4520,452010,45,45201020,D,USA,517919,4899,180,940,B,NY,GLOBECOMM SYSTEMS INC,GCOM
65413, , ,1/31/10,Longmont,Dot Hill Systems Corp.,4520,452020,45,45202030,D,USA,334112,3572,188,940,C,CO,DOT HILL SYSTEMS CORP,HILL
65413, , ,2/28/10,Longmont,Dot Hill Systems Corp.,4520,452020,45,45202030,D,USA,334112,3572,188,940,C,CO,DOT HILL SYSTEMS CORP,HILL
65413, , ,3/31/10,Longmont,Dot Hill Systems Corp.,4520,452020,45,45202030,D,USA,334112,3572,188,940,C,CO,DOT HILL SYSTEMS CORP,HILL
65413, , ,4/30/10,Longmont,Dot Hill Systems Corp.,4520,452020,45,45202030,D,USA,334112,3572,188,940,C,CO,DOT HILL SYSTEMS CORP,HILL
65413, , ,5/31/10,Longmont,Dot Hill Systems Corp.,4520,452020,45,45202030,D,USA,334112,3572,188,940,C,CO,DOT HILL SYSTEMS CORP,HILL
65413, , ,6/30/10,Longmont,Dot Hill Systems Corp.,4520,452020,45,45202030,D,USA,334112,3572,188,940,C,CO,DOT HILL SYSTEMS CORP,HILL
65413, , ,7/31/10,Longmont,Dot Hill Systems Corp.,4520,452020,45,45202030,D,USA,334112,3572,188,940,C,CO,DOT HILL SYSTEMS CORP,HILL
65413, , ,8/31/10,Longmont,Dot Hill Systems Corp.,4520,452020,45,45202030,D,USA,334112,3572,188,940,C,CO,DOT HILL SYSTEMS CORP,HILL
65413, , ,9/30/10,Longmont,Dot Hill Systems Corp.,4520,452020,45,45202030,D,USA,334112,3572,188,940,C,CO,DOT HILL SYSTEMS CORP,HILL
65413, , ,10/31/10,Longmont,Dot Hill Systems Corp.,4520,452020,45,45202030,D,USA,334112,3572,188,940,C,CO,DOT HILL SYSTEMS CORP,HILL
65413, , ,11/30/10,Longmont,Dot Hill Systems Corp.,4520,452020,45,45202030,D,USA,334112,3572,188,940,C,CO,DOT HILL SYSTEMS CORP,HILL
65413, , ,12/31/10,Longmont,Dot Hill Systems Corp.,4520,452020,45,45202030,D,USA,334112,3572,188,940,C,CO,DOT HILL SYSTEMS CORP,HILL
65413, , ,1/31/11,Longmont,Dot Hill Systems Corp.,4520,452020,45,45202030,D,USA,334112,3572,188,940,C,CO,DOT HILL SYSTEMS CORP,HILL
65413, , ,2/28/11,Longmont,Dot Hill Systems Corp.,4520,452020,45,45202030,D,USA,334112,3572,188,940,C,CO,DOT HILL SYSTEMS CORP,HILL
65413, , ,3/31/11,Longmont,Dot Hill Systems Corp.,4520,452020,45,45202030,D,USA,334112,3572,188,940,C,CO,DOT HILL SYSTEMS CORP,HILL
65413, , ,4/30/11,Longmont,Dot Hill Systems Corp.,4520,452020,45,45202030,D,USA,334112,3572,188,940,C,CO,DOT HILL SYSTEMS CORP,HILL
65413, , ,5/31/11,Longmont,Dot Hill Systems Corp.,4520,452020,45,45202030,D,USA,334112,3572,188,940,C,CO,DOT HILL SYSTEMS CORP,HILL
65413, , ,6/30/11,Longmont,Dot Hill Systems Corp.,4520,452020,45,45202030,D,USA,334112,3572,188,940,C,CO,DOT HILL SYSTEMS CORP,HILL
65413, , ,7/31/11,Longmont,Dot Hill Systems Corp.,4520,452020,45,45202030,D,USA,334112,3572,188,940,C,CO,DOT HILL SYSTEMS CORP,HILL
65413, , ,8/31/11,Longmont,Dot Hill Systems Corp.,4520,452020,45,45202030,D,USA,334112,3572,188,940,C,CO,DOT HILL SYSTEMS CORP,HILL
65413, , ,9/30/11,Longmont,Dot Hill Systems Corp.,4520,452020,45,45202030,D,USA,334112,3572,188,940,C,CO,DOT HILL SYSTEMS CORP,HILL
65413, , ,10/31/11,Longmont,Dot Hill Systems Corp.,4520,452020,45,45202030,D,USA,334112,3572,188,940,C,CO,DOT HILL SYSTEMS CORP,HILL
65413, , ,11/30/11,Longmont,Dot Hill Systems Corp.,4520,452020,45,45202030,D,USA,334112,3572,188,940,C,CO,DOT HILL SYSTEMS CORP,HILL
65413, , ,12/31/11,Longmont,Dot Hill Systems Corp.,4520,452020,45,45202030,D,USA,334112,3572,188,940,C,CO,DOT HILL SYSTEMS CORP,HILL
65413, , ,1/31/12,Longmont,Dot Hill Systems Corp.,4520,452020,45,45202030,D,USA,334112,3572,188,940,C,CO,DOT HILL SYSTEMS CORP,HILL
65413, , ,2/29/12,Longmont,Dot Hill Systems Corp.,4520,452020,45,45202030,D,USA,334112,3572,188,940,C,CO,DOT HILL SYSTEMS CORP,HILL
65413, , ,3/31/12,Longmont,Dot Hill Systems Corp.,4520,452020,45,45202030,D,USA,334112,3572,188,940,C,CO,DOT HILL SYSTEMS CORP,HILL
65413, , ,4/30/12,Longmont,Dot Hill Systems Corp.,4520,452020,45,45202030,D,USA,334112,3572,188,940,C,CO,DOT HILL SYSTEMS CORP,HILL
65413, , ,5/31/12,Longmont,Dot Hill Systems Corp.,4520,452020,45,45202030,D,USA,334112,3572,188,940,C,CO,DOT HILL SYSTEMS CORP,HILL
65413, , ,6/30/12,Longmont,Dot Hill Systems Corp.,4520,452020,45,45202030,D,USA,334112,3572,188,940,C,CO,DOT HILL SYSTEMS CORP,HILL
65413, , ,7/31/12,Longmont,Dot Hill Systems Corp.,4520,452020,45,45202030,D,USA,334112,3572,188,940,C,CO,DOT HILL SYSTEMS CORP,HILL
65413, , ,8/31/12,Longmont,Dot Hill Systems Corp.,4520,452020,45,45202030,D,USA,334112,3572,188,940,C,CO,DOT HILL SYSTEMS CORP,HILL
65413, , ,9/30/12,Longmont,Dot Hill Systems Corp.,4520,452020,45,45202030,D,USA,334112,3572,188,940,C,CO,DOT HILL SYSTEMS CORP,HILL
65413, , ,10/31/12,Longmont,Dot Hill Systems Corp.,4520,452020,45,45202030,D,USA,334112,3572,188,940,C,CO,DOT HILL SYSTEMS CORP,HILL
65413, , ,11/30/12,Longmont,Dot Hill Systems Corp.,4520,452020,45,45202030,D,USA,334112,3572,188,940,C,CO,DOT HILL SYSTEMS CORP,HILL
65413, , ,12/31/12,Longmont,Dot Hill Systems Corp.,4520,452020,45,45202030,D,USA,334112,3572,188,940,C,CO,DOT HILL SYSTEMS CORP,HILL
65413, , ,1/31/13,Longmont,Dot Hill Systems Corp.,4520,452020,45,45202030,D,USA,334112,3572,188,940,C,CO,DOT HILL SYSTEMS CORP,HILL
65413, , ,2/28/13,Longmont,Dot Hill Systems Corp.,4520,452020,45,45202030,D,USA,334112,3572,188,940,C,CO,DOT HILL SYSTEMS CORP,HILL
65413, , ,3/31/13,Longmont,Dot Hill Systems Corp.,4520,452020,45,45202030,D,USA,334112,3572,188,940,C,CO,DOT HILL SYSTEMS CORP,HILL
65413, , ,4/30/13,Longmont,Dot Hill Systems Corp.,4520,452020,45,45202030,D,USA,334112,3572,188,940,C,CO,DOT HILL SYSTEMS CORP,HILL
65413, , ,5/31/13,Longmont,Dot Hill Systems Corp.,4520,452020,45,45202030,D,USA,334112,3572,188,940,C,CO,DOT HILL SYSTEMS CORP,HILL
65413, , ,6/30/13,Longmont,Dot Hill Systems Corp.,4520,452020,45,45202030,D,USA,334112,3572,188,940,C,CO,DOT HILL SYSTEMS CORP,HILL
65413, , ,7/31/13,Longmont,Dot Hill Systems Corp.,4520,452020,45,45202030,D,USA,334112,3572,188,940,C,CO,DOT HILL SYSTEMS CORP,HILL
65413, , ,8/31/13,Longmont,Dot Hill Systems Corp.,4520,452020,45,45202030,D,USA,334112,3572,188,940,C,CO,DOT HILL SYSTEMS CORP,HILL
65413, , ,9/30/13,Longmont,Dot Hill Systems Corp.,4520,452020,45,45202030,D,USA,334112,3572,188,940,C,CO,DOT HILL SYSTEMS CORP,HILL
65413, , ,10/31/13,Longmont,Dot Hill Systems Corp.,4520,452020,45,45202030,D,USA,334112,3572,188,940,C,CO,DOT HILL SYSTEMS CORP,HILL
65421, , ,1/31/10,Lake Mary,FARO Technologies Inc,4520,452030,45,45203010,D,USA,334519,3829,230,940,B,FL,FARO TECHNOLOGIES INC,FARO
65421, , ,2/28/10,Lake Mary,FARO Technologies Inc,4520,452030,45,45203010,D,USA,334519,3829,230,940,B,FL,FARO TECHNOLOGIES INC,FARO
65421, , ,3/31/10,Lake Mary,FARO Technologies Inc,4520,452030,45,45203010,D,USA,334519,3829,230,940,B,FL,FARO TECHNOLOGIES INC,FARO
65421, , ,4/30/10,Lake Mary,FARO Technologies Inc,4520,452030,45,45203010,D,USA,334519,3829,230,940,B,FL,FARO TECHNOLOGIES INC,FARO
65421, , ,5/31/10,Lake Mary,FARO Technologies Inc,4520,452030,45,45203010,D,USA,334519,3829,230,940,B,FL,FARO TECHNOLOGIES INC,FARO
65421, , ,6/30/10,Lake Mary,FARO Technologies Inc,4520,452030,45,45203010,D,USA,334519,3829,230,940,B,FL,FARO TECHNOLOGIES INC,FARO
65421, , ,7/31/10,Lake Mary,FARO Technologies Inc,4520,452030,45,45203010,D,USA,334519,3829,230,940,B,FL,FARO TECHNOLOGIES INC,FARO
65421, , ,8/31/10,Lake Mary,FARO Technologies Inc,4520,452030,45,45203010,D,USA,334519,3829,230,940,B,FL,FARO TECHNOLOGIES INC,FARO
65421, , ,9/30/10,Lake Mary,FARO Technologies Inc,4520,452030,45,45203010,D,USA,334519,3829,230,940,B,FL,FARO TECHNOLOGIES INC,FARO
65421, , ,10/31/10,Lake Mary,FARO Technologies Inc,4520,452030,45,45203010,D,USA,334519,3829,230,940,B,FL,FARO TECHNOLOGIES INC,FARO
65421, , ,11/30/10,Lake Mary,FARO Technologies Inc,4520,452030,45,45203010,D,USA,334519,3829,230,940,B,FL,FARO TECHNOLOGIES INC,FARO
65421, , ,12/31/10,Lake Mary,FARO Technologies Inc,4520,452030,45,45203010,D,USA,334519,3829,230,940,B,FL,FARO TECHNOLOGIES INC,FARO
65421, , ,1/31/11,Lake Mary,FARO Technologies Inc,4520,452030,45,45203010,D,USA,334519,3829,230,940,B,FL,FARO TECHNOLOGIES INC,FARO
65421, , ,2/28/11,Lake Mary,FARO Technologies Inc,4520,452030,45,45203010,D,USA,334519,3829,230,940,B,FL,FARO TECHNOLOGIES INC,FARO
65421, , ,3/31/11,Lake Mary,FARO Technologies Inc,4520,452030,45,45203010,D,USA,334519,3829,230,940,B,FL,FARO TECHNOLOGIES INC,FARO
65421, , ,4/30/11,Lake Mary,FARO Technologies Inc,4520,452030,45,45203010,D,USA,334519,3829,230,940,B,FL,FARO TECHNOLOGIES INC,FARO
65421, , ,5/31/11,Lake Mary,FARO Technologies Inc,4520,452030,45,45203010,D,USA,334519,3829,230,940,B,FL,FARO TECHNOLOGIES INC,FARO
65421, , ,6/30/11,Lake Mary,FARO Technologies Inc,4520,452030,45,45203010,D,USA,334519,3829,230,940,B,FL,FARO TECHNOLOGIES INC,FARO
65421, , ,7/31/11,Lake Mary,FARO Technologies Inc,4520,452030,45,45203010,D,USA,334519,3829,230,940,B,FL,FARO TECHNOLOGIES INC,FARO
65421, , ,8/31/11,Lake Mary,FARO Technologies Inc,4520,452030,45,45203010,D,USA,334519,3829,230,940,B,FL,FARO TECHNOLOGIES INC,FARO
65421, , ,9/30/11,Lake Mary,FARO Technologies Inc,4520,452030,45,45203010,D,USA,334519,3829,230,940,B,FL,FARO TECHNOLOGIES INC,FARO
65421, , ,10/31/11,Lake Mary,FARO Technologies Inc,4520,452030,45,45203010,D,USA,334519,3829,230,940,B,FL,FARO TECHNOLOGIES INC,FARO
65421, , ,11/30/11,Lake Mary,FARO Technologies Inc,4520,452030,45,45203010,D,USA,334519,3829,230,940,B,FL,FARO TECHNOLOGIES INC,FARO
65421, , ,12/31/11,Lake Mary,FARO Technologies Inc,4520,452030,45,45203010,D,USA,334519,3829,230,940,B,FL,FARO TECHNOLOGIES INC,FARO
65421, , ,1/31/12,Lake Mary,FARO Technologies Inc,4520,452030,45,45203010,D,USA,334519,3829,230,940,B,FL,FARO TECHNOLOGIES INC,FARO
65421, , ,2/29/12,Lake Mary,FARO Technologies Inc,4520,452030,45,45203010,D,USA,334519,3829,230,940,B,FL,FARO TECHNOLOGIES INC,FARO
65421, , ,3/31/12,Lake Mary,FARO Technologies Inc,4520,452030,45,45203010,D,USA,334519,3829,230,940,B,FL,FARO TECHNOLOGIES INC,FARO
65421, , ,4/30/12,Lake Mary,FARO Technologies Inc,4520,452030,45,45203010,D,USA,334519,3829,230,940,B,FL,FARO TECHNOLOGIES INC,FARO
65421, , ,5/31/12,Lake Mary,FARO Technologies Inc,4520,452030,45,45203010,D,USA,334519,3829,230,940,B,FL,FARO TECHNOLOGIES INC,FARO
65421, , ,6/30/12,Lake Mary,FARO Technologies Inc,4520,452030,45,45203010,D,USA,334519,3829,230,940,B,FL,FARO TECHNOLOGIES INC,FARO
65421, , ,7/31/12,Lake Mary,FARO Technologies Inc,4520,452030,45,45203010,D,USA,334519,3829,230,940,B,FL,FARO TECHNOLOGIES INC,FARO
65421, , ,8/31/12,Lake Mary,FARO Technologies Inc,4520,452030,45,45203010,D,USA,334519,3829,230,940,B,FL,FARO TECHNOLOGIES INC,FARO
65421, , ,9/30/12,Lake Mary,FARO Technologies Inc,4520,452030,45,45203010,D,USA,334519,3829,230,940,B,FL,FARO TECHNOLOGIES INC,FARO
65421, , ,10/31/12,Lake Mary,FARO Technologies Inc,4520,452030,45,45203010,D,USA,334519,3829,230,940,B,FL,FARO TECHNOLOGIES INC,FARO
65421, , ,11/30/12,Lake Mary,FARO Technologies Inc,4520,452030,45,45203010,D,USA,334519,3829,230,940,B,FL,FARO TECHNOLOGIES INC,FARO
65421, , ,12/31/12,Lake Mary,FARO Technologies Inc,4520,452030,45,45203010,D,USA,334519,3829,230,940,B,FL,FARO TECHNOLOGIES INC,FARO
65421, , ,1/31/13,Lake Mary,FARO Technologies Inc,4520,452030,45,45203010,D,USA,334519,3829,230,940,B,FL,FARO TECHNOLOGIES INC,FARO
65421, , ,2/28/13,Lake Mary,FARO Technologies Inc,4520,452030,45,45203010,D,USA,334519,3829,230,940,B,FL,FARO TECHNOLOGIES INC,FARO
65421, , ,3/31/13,Lake Mary,FARO Technologies Inc,4520,452030,45,45203010,D,USA,334519,3829,230,940,B,FL,FARO TECHNOLOGIES INC,FARO
65421, , ,4/30/13,Lake Mary,FARO Technologies Inc,4520,452030,45,45203010,D,USA,334519,3829,230,940,B,FL,FARO TECHNOLOGIES INC,FARO
65421, , ,5/31/13,Lake Mary,FARO Technologies Inc,4520,452030,45,45203010,D,USA,334519,3829,230,940,B,FL,FARO TECHNOLOGIES INC,FARO
65421, , ,6/30/13,Lake Mary,FARO Technologies Inc,4520,452030,45,45203010,D,USA,334519,3829,230,940,B,FL,FARO TECHNOLOGIES INC,FARO
65421, , ,7/31/13,Lake Mary,FARO Technologies Inc,4520,452030,45,45203010,D,USA,334519,3829,230,940,B,FL,FARO TECHNOLOGIES INC,FARO
65421, , ,8/31/13,Lake Mary,FARO Technologies Inc,4520,452030,45,45203010,D,USA,334519,3829,230,940,B,FL,FARO TECHNOLOGIES INC,FARO
65421, , ,9/30/13,Lake Mary,FARO Technologies Inc,4520,452030,45,45203010,D,USA,334519,3829,230,940,B,FL,FARO TECHNOLOGIES INC,FARO
65421, , ,10/31/13,Lake Mary,FARO Technologies Inc,4520,452030,45,45203010,D,USA,334519,3829,230,940,B,FL,FARO TECHNOLOGIES INC,FARO
65460, , ,1/31/10,Tel Aviv,Radcom Ltd,4520,452010,45,45201020,B,ISR,3342,3576,190,940, , ,RADCOM,RDCM
65460, , ,2/28/10,Tel Aviv,Radcom Ltd,4520,452010,45,45201020,B,ISR,3342,3576,190,940, , ,RADCOM,RDCM
65460, , ,3/31/10,Tel Aviv,Radcom Ltd,4520,452010,45,45201020,B,ISR,3342,3576,190,940, , ,RADCOM,RDCM
65460, , ,4/30/10,Tel Aviv,Radcom Ltd,4520,452010,45,45201020,B,ISR,3342,3576,190,940, , ,RADCOM,RDCM
65460, , ,5/31/10,Tel Aviv,Radcom Ltd,4520,452010,45,45201020,B,ISR,3342,3576,190,940, , ,RADCOM,RDCM
65460, , ,6/30/10,Tel Aviv,Radcom Ltd,4520,452010,45,45201020,B,ISR,3342,3576,190,940, , ,RADCOM,RDCM
65460, , ,7/31/10,Tel Aviv,Radcom Ltd,4520,452010,45,45201020,B,ISR,3342,3576,190,940, , ,RADCOM,RDCM
65460, , ,8/31/10,Tel Aviv,Radcom Ltd,4520,452010,45,45201020,B,ISR,3342,3576,190,940, , ,RADCOM,RDCM
65460, , ,9/30/10,Tel Aviv,Radcom Ltd,4520,452010,45,45201020,B,ISR,3342,3576,190,940, , ,RADCOM,RDCM
65460, , ,10/31/10,Tel Aviv,Radcom Ltd,4520,452010,45,45201020,B,ISR,3342,3576,190,940, , ,RADCOM,RDCM
65460, , ,11/30/10,Tel Aviv,Radcom Ltd,4520,452010,45,45201020,B,ISR,3342,3576,190,940, , ,RADCOM,RDCM
65460, , ,12/31/10,Tel Aviv,Radcom Ltd,4520,452010,45,45201020,B,ISR,3342,3576,190,940, , ,RADCOM,RDCM
65460, , ,1/31/11,Tel Aviv,Radcom Ltd,4520,452010,45,45201020,B,ISR,3342,3576,190,940, , ,RADCOM,RDCM
65460, , ,2/28/11,Tel Aviv,Radcom Ltd,4520,452010,45,45201020,B,ISR,3342,3576,190,940, , ,RADCOM,RDCM
65460, , ,3/31/11,Tel Aviv,Radcom Ltd,4520,452010,45,45201020,B,ISR,3342,3576,190,940, , ,RADCOM,RDCM
65460, , ,4/30/11,Tel Aviv,Radcom Ltd,4520,452010,45,45201020,B,ISR,3342,3576,190,940, , ,RADCOM,RDCM
65460, , ,5/31/11,Tel Aviv,Radcom Ltd,4520,452010,45,45201020,B,ISR,3342,3576,190,940, , ,RADCOM,RDCM
65460, , ,6/30/11,Tel Aviv,Radcom Ltd,4520,452010,45,45201020,B,ISR,3342,3576,190,940, , ,RADCOM,RDCM
65460, , ,7/31/11,Tel Aviv,Radcom Ltd,4520,452010,45,45201020,B,ISR,3342,3576,190,940, , ,RADCOM,RDCM
65460, , ,8/31/11,Tel Aviv,Radcom Ltd,4520,452010,45,45201020,B,ISR,3342,3576,190,940, , ,RADCOM,RDCM
65460, , ,9/30/11,Tel Aviv,Radcom Ltd,4520,452010,45,45201020,B,ISR,3342,3576,190,940, , ,RADCOM,RDCM
65460, , ,10/31/11,Tel Aviv,Radcom Ltd,4520,452010,45,45201020,B,ISR,3342,3576,190,940, , ,RADCOM,RDCM
65460, , ,11/30/11,Tel Aviv,Radcom Ltd,4520,452010,45,45201020,B,ISR,3342,3576,190,940, , ,RADCOM,RDCM
65460, , ,12/31/11,Tel Aviv,Radcom Ltd,4520,452010,45,45201020,B,ISR,3342,3576,190,940, , ,RADCOM,RDCM
65460, , ,1/31/12,Tel Aviv,Radcom Ltd,4520,452010,45,45201020,B,ISR,3342,3576,190,940, , ,RADCOM,RDCM
65460, , ,2/29/12,Tel Aviv,Radcom Ltd,4520,452010,45,45201020,B,ISR,3342,3576,190,940, , ,RADCOM,RDCM
65460, , ,3/31/12,Tel Aviv,Radcom Ltd,4520,452010,45,45201020,B,ISR,3342,3576,190,940, , ,RADCOM,RDCM
65460, , ,4/30/12,Tel Aviv,Radcom Ltd,4520,452010,45,45201020,B,ISR,3342,3576,190,940, , ,RADCOM,RDCM
65460, , ,5/31/12,Tel Aviv,Radcom Ltd,4520,452010,45,45201020,B,ISR,3342,3576,190,940, , ,RADCOM,RDCM
65460, , ,6/30/12,Tel Aviv,Radcom Ltd,4520,452010,45,45201020,B,ISR,3342,3576,190,940, , ,RADCOM,RDCM
65460, , ,7/31/12,Tel Aviv,Radcom Ltd,4520,452010,45,45201020,B,ISR,3342,3576,190,940, , ,RADCOM,RDCM
65460, , ,8/31/12,Tel Aviv,Radcom Ltd,4520,452010,45,45201020,B,ISR,3342,3576,190,940, , ,RADCOM,RDCM
65460, , ,9/30/12,Tel Aviv,Radcom Ltd,4520,452010,45,45201020,B,ISR,3342,3576,190,940, , ,RADCOM,RDCM
65460, , ,10/31/12,Tel Aviv,Radcom Ltd,4520,452010,45,45201020,B,ISR,3342,3576,190,940, , ,RADCOM,RDCM
65460, , ,11/30/12,Tel Aviv,Radcom Ltd,4520,452010,45,45201020,B,ISR,3342,3576,190,940, , ,RADCOM,RDCM
65460, , ,12/31/12,Tel Aviv,Radcom Ltd,4520,452010,45,45201020,B,ISR,3342,3576,190,940, , ,RADCOM,RDCM
65460, , ,1/31/13,Tel Aviv,Radcom Ltd,4520,452010,45,45201020,B,ISR,3342,3576,190,940, , ,RADCOM,RDCM
65460, , ,2/28/13,Tel Aviv,Radcom Ltd,4520,452010,45,45201020,B,ISR,3342,3576,190,940, , ,RADCOM,RDCM
65460, , ,3/31/13,Tel Aviv,Radcom Ltd,4520,452010,45,45201020,B,ISR,3342,3576,190,940, , ,RADCOM,RDCM
65460, , ,4/30/13,Tel Aviv,Radcom Ltd,4520,452010,45,45201020,B,ISR,3342,3576,190,940, , ,RADCOM,RDCM
65460, , ,5/31/13,Tel Aviv,Radcom Ltd,4520,452010,45,45201020,B,ISR,3342,3576,190,940, , ,RADCOM,RDCM
65460, , ,6/30/13,Tel Aviv,Radcom Ltd,4520,452010,45,45201020,B,ISR,3342,3576,190,940, , ,RADCOM,RDCM
65460, , ,7/31/13,Tel Aviv,Radcom Ltd,4520,452010,45,45201020,B,ISR,3342,3576,190,940, , ,RADCOM,RDCM
65460, , ,8/31/13,Tel Aviv,Radcom Ltd,4520,452010,45,45201020,B,ISR,3342,3576,190,940, , ,RADCOM,RDCM
65460, , ,9/30/13,Tel Aviv,Radcom Ltd,4520,452010,45,45201020,B,ISR,3342,3576,190,940, , ,RADCOM,RDCM
65460, , ,10/31/13,Tel Aviv,Radcom Ltd,4520,452010,45,45201020,B,ISR,3342,3576,190,940, , ,RADCOM,RDCM
65475, , ,1/31/10,Road Town,Asia Electronics Holding Co Inc,4520,452050,45,45205020,D,VGB,334419,3679,220,925, , ,ASIA ELECTRONICS HOLDING CO,AEHZ
65475, , ,2/28/10,Road Town,Asia Electronics Holding Co Inc,4520,452050,45,45205020,D,VGB,334419,3679,220,925, , ,ASIA ELECTRONICS HOLDING CO,AEHZ
65475, , ,3/31/10,Road Town,Asia Electronics Holding Co Inc,4520,452050,45,45205020,D,VGB,334419,3679,220,925, , ,ASIA ELECTRONICS HOLDING CO,AEHZ
65475, , ,4/30/10,Road Town,Asia Electronics Holding Co Inc,4520,452050,45,45205020,D,VGB,334419,3679,220,925, , ,ASIA ELECTRONICS HOLDING CO,AEHZ
65475, , ,5/31/10,Road Town,Asia Electronics Holding Co Inc,4520,452050,45,45205020,D,VGB,334419,3679,220,925, , ,ASIA ELECTRONICS HOLDING CO,AEHZ
65475, , ,6/30/10,Road Town,Asia Electronics Holding Co Inc,4520,452050,45,45205020,D,VGB,334419,3679,220,925, , ,ASIA ELECTRONICS HOLDING CO,AEHZ
65527, , ,1/31/10,Scottsdale,Hypercom Corp,4520,452020,45,45202020,D,USA,334119,3578,370,925,C,AZ,HYPERCOM CORP,HYC
65527, , ,2/28/10,Scottsdale,Hypercom Corp,4520,452020,45,45202020,D,USA,334119,3578,370,925,C,AZ,HYPERCOM CORP,HYC
65527, , ,3/31/10,Scottsdale,Hypercom Corp,4520,452020,45,45202020,D,USA,334119,3578,370,925,C,AZ,HYPERCOM CORP,HYC
65527, , ,4/30/10,Scottsdale,Hypercom Corp,4520,452020,45,45202020,D,USA,334119,3578,370,925,C,AZ,HYPERCOM CORP,HYC
65527, , ,5/31/10,Scottsdale,Hypercom Corp,4520,452020,45,45202020,D,USA,334119,3578,370,925,C,AZ,HYPERCOM CORP,HYC
65527, , ,6/30/10,Scottsdale,Hypercom Corp,4520,452020,45,45202020,D,USA,334119,3578,370,925,C,AZ,HYPERCOM CORP,HYC
65527, , ,7/31/10,Scottsdale,Hypercom Corp,4520,452020,45,45202020,D,USA,334119,3578,370,925,C,AZ,HYPERCOM CORP,HYC
65527, , ,8/31/10,Scottsdale,Hypercom Corp,4520,452020,45,45202020,D,USA,334119,3578,370,925,C,AZ,HYPERCOM CORP,HYC
65527, , ,9/30/10,Scottsdale,Hypercom Corp,4520,452020,45,45202020,D,USA,334119,3578,370,925,C,AZ,HYPERCOM CORP,HYC
65527, , ,10/31/10,Scottsdale,Hypercom Corp,4520,452020,45,45202020,D,USA,334119,3578,370,925,C,AZ,HYPERCOM CORP,HYC
65527, , ,11/30/10,Scottsdale,Hypercom Corp,4520,452020,45,45202020,D,USA,334119,3578,370,925,C,AZ,HYPERCOM CORP,HYC
65527, , ,12/31/10,Scottsdale,Hypercom Corp,4520,452020,45,45202020,D,USA,334119,3578,370,925,C,AZ,HYPERCOM CORP,HYC
65527, , ,1/31/11,Scottsdale,Hypercom Corp,4520,452020,45,45202020,D,USA,334119,3578,370,925,C,AZ,HYPERCOM CORP,HYC
65527, , ,2/28/11,Scottsdale,Hypercom Corp,4520,452020,45,45202020,D,USA,334119,3578,370,925,C,AZ,HYPERCOM CORP,HYC
65527, , ,3/31/11,Scottsdale,Hypercom Corp,4520,452020,45,45202020,D,USA,334119,3578,370,925,C,AZ,HYPERCOM CORP,HYC
65527, , ,4/30/11,Scottsdale,Hypercom Corp,4520,452020,45,45202020,D,USA,334119,3578,370,925,C,AZ,HYPERCOM CORP,HYC
65527, , ,5/31/11,Scottsdale,Hypercom Corp,4520,452020,45,45202020,D,USA,334119,3578,370,925,C,AZ,HYPERCOM CORP,HYC
65527, , ,6/30/11,Scottsdale,Hypercom Corp,4520,452020,45,45202020,D,USA,334119,3578,370,925,C,AZ,HYPERCOM CORP,HYC
65527, , ,7/31/11,Scottsdale,Hypercom Corp,4520,452020,45,45202020,D,USA,334119,3578,370,925,C,AZ,HYPERCOM CORP,HYC
65527, , ,8/31/11,Scottsdale,Hypercom Corp,4520,452020,45,45202020,D,USA,334119,3578,370,925,C,AZ,HYPERCOM CORP,HYC
65544, , ,1/31/10,Migdal Ha-Emek,ACS Motion Control Ltd,4520,452030,45,45203015,D,ISR,541512,7373,454,940, , ,ACS MOTION CONTROL LTD,ACSEF
65544, , ,2/28/10,Migdal Ha-Emek,ACS Motion Control Ltd,4520,452030,45,45203015,D,ISR,541512,7373,454,940, , ,ACS MOTION CONTROL LTD,ACSEF
65544, , ,3/31/10,Migdal Ha-Emek,ACS Motion Control Ltd,4520,452030,45,45203015,D,ISR,541512,7373,454,940, , ,ACS MOTION CONTROL LTD,ACSEF
65544, , ,4/30/10,Migdal Ha-Emek,ACS Motion Control Ltd,4520,452030,45,45203015,D,ISR,541512,7373,454,940, , ,ACS MOTION CONTROL LTD,ACSEF
65544, , ,5/31/10,Migdal Ha-Emek,ACS Motion Control Ltd,4520,452030,45,45203015,D,ISR,541512,7373,454,940, , ,ACS MOTION CONTROL LTD,ACSEF
65544, , ,6/30/10,Migdal Ha-Emek,ACS Motion Control Ltd,4520,452030,45,45203015,D,ISR,541512,7373,454,940, , ,ACS MOTION CONTROL LTD,ACSEF
65544, , ,7/31/10,Migdal Ha-Emek,ACS Motion Control Ltd,4520,452030,45,45203015,D,ISR,541512,7373,454,940, , ,ACS MOTION CONTROL LTD,ACSEF
65544, , ,8/31/10,Migdal Ha-Emek,ACS Motion Control Ltd,4520,452030,45,45203015,D,ISR,541512,7373,454,940, , ,ACS MOTION CONTROL LTD,ACSEF
65544, , ,9/30/10,Migdal Ha-Emek,ACS Motion Control Ltd,4520,452030,45,45203015,D,ISR,541512,7373,454,940, , ,ACS MOTION CONTROL LTD,ACSEF
65544, , ,10/31/10,Migdal Ha-Emek,ACS Motion Control Ltd,4520,452030,45,45203015,D,ISR,541512,7373,454,940, , ,ACS MOTION CONTROL LTD,ACSEF
65544, , ,11/30/10,Migdal Ha-Emek,ACS Motion Control Ltd,4520,452030,45,45203015,D,ISR,541512,7373,454,940, , ,ACS MOTION CONTROL LTD,ACSEF
65544, , ,12/31/10,Migdal Ha-Emek,ACS Motion Control Ltd,4520,452030,45,45203015,D,ISR,541512,7373,454,940, , ,ACS MOTION CONTROL LTD,ACSEF
65544, , ,1/31/11,Migdal Ha-Emek,ACS Motion Control Ltd,4520,452030,45,45203015,D,ISR,541512,7373,454,940, , ,ACS MOTION CONTROL LTD,ACSEF
65544, , ,2/28/11,Migdal Ha-Emek,ACS Motion Control Ltd,4520,452030,45,45203015,D,ISR,541512,7373,454,940, , ,ACS MOTION CONTROL LTD,ACSEF
65544, , ,3/31/11,Migdal Ha-Emek,ACS Motion Control Ltd,4520,452030,45,45203015,D,ISR,541512,7373,454,940, , ,ACS MOTION CONTROL LTD,ACSEF
65544, , ,4/30/11,Migdal Ha-Emek,ACS Motion Control Ltd,4520,452030,45,45203015,D,ISR,541512,7373,454,940, , ,ACS MOTION CONTROL LTD,ACSEF
65544, , ,5/31/11,Migdal Ha-Emek,ACS Motion Control Ltd,4520,452030,45,45203015,D,ISR,541512,7373,454,940, , ,ACS MOTION CONTROL LTD,ACSEF
65544, , ,6/30/11,Migdal Ha-Emek,ACS Motion Control Ltd,4520,452030,45,45203015,D,ISR,541512,7373,454,940, , ,ACS MOTION CONTROL LTD,ACSEF
65544, , ,7/31/11,Migdal Ha-Emek,ACS Motion Control Ltd,4520,452030,45,45203015,D,ISR,541512,7373,454,940, , ,ACS MOTION CONTROL LTD,ACSEF
65544, , ,8/31/11,Migdal Ha-Emek,ACS Motion Control Ltd,4520,452030,45,45203015,D,ISR,541512,7373,454,940, , ,ACS MOTION CONTROL LTD,ACSEF
65544, , ,9/30/11,Migdal Ha-Emek,ACS Motion Control Ltd,4520,452030,45,45203015,D,ISR,541512,7373,454,940, , ,ACS MOTION CONTROL LTD,ACSEF
65544, , ,10/31/11,Migdal Ha-Emek,ACS Motion Control Ltd,4520,452030,45,45203015,D,ISR,541512,7373,454,940, , ,ACS MOTION CONTROL LTD,ACSEF
65544, , ,11/30/11,Migdal Ha-Emek,ACS Motion Control Ltd,4520,452030,45,45203015,D,ISR,541512,7373,454,940, , ,ACS MOTION CONTROL LTD,ACSEF
65544, , ,12/31/11,Migdal Ha-Emek,ACS Motion Control Ltd,4520,452030,45,45203015,D,ISR,541512,7373,454,940, , ,ACS MOTION CONTROL LTD,ACSEF
65544, , ,1/31/12,Migdal Ha-Emek,ACS Motion Control Ltd,4520,452030,45,45203015,D,ISR,541512,7373,454,940, , ,ACS MOTION CONTROL LTD,ACSEF
65544, , ,2/29/12,Migdal Ha-Emek,ACS Motion Control Ltd,4520,452030,45,45203015,D,ISR,541512,7373,454,940, , ,ACS MOTION CONTROL LTD,ACSEF
65544, , ,3/31/12,Migdal Ha-Emek,ACS Motion Control Ltd,4520,452030,45,45203015,D,ISR,541512,7373,454,940, , ,ACS MOTION CONTROL LTD,ACSEF
65544, , ,4/30/12,Migdal Ha-Emek,ACS Motion Control Ltd,4520,452030,45,45203015,D,ISR,541512,7373,454,940, , ,ACS MOTION CONTROL LTD,ACSEF
65544, , ,5/31/12,Migdal Ha-Emek,ACS Motion Control Ltd,4520,452030,45,45203015,D,ISR,541512,7373,454,940, , ,ACS MOTION CONTROL LTD,ACSEF
65544, , ,6/30/12,Migdal Ha-Emek,ACS Motion Control Ltd,4520,452030,45,45203015,D,ISR,541512,7373,454,940, , ,ACS MOTION CONTROL LTD,ACSEF
65544, , ,7/31/12,Migdal Ha-Emek,ACS Motion Control Ltd,4520,452030,45,45203015,D,ISR,541512,7373,454,940, , ,ACS MOTION CONTROL LTD,ACSEF
65544, , ,8/31/12,Migdal Ha-Emek,ACS Motion Control Ltd,4520,452030,45,45203015,D,ISR,541512,7373,454,940, , ,ACS MOTION CONTROL LTD,ACSEF
65544, , ,9/30/12,Migdal Ha-Emek,ACS Motion Control Ltd,4520,452030,45,45203015,D,ISR,541512,7373,454,940, , ,ACS MOTION CONTROL LTD,ACSEF
65544, , ,10/31/12,Migdal Ha-Emek,ACS Motion Control Ltd,4520,452030,45,45203015,D,ISR,541512,7373,454,940, , ,ACS MOTION CONTROL LTD,ACSEF
65544, , ,11/30/12,Migdal Ha-Emek,ACS Motion Control Ltd,4520,452030,45,45203015,D,ISR,541512,7373,454,940, , ,ACS MOTION CONTROL LTD,ACSEF
65544, , ,12/31/12,Migdal Ha-Emek,ACS Motion Control Ltd,4520,452030,45,45203015,D,ISR,541512,7373,454,940, , ,ACS MOTION CONTROL LTD,ACSEF
65544, , ,1/31/13,Migdal Ha-Emek,ACS Motion Control Ltd,4520,452030,45,45203015,D,ISR,541512,7373,454,940, , ,ACS MOTION CONTROL LTD,ACSEF
65544, , ,2/28/13,Migdal Ha-Emek,ACS Motion Control Ltd,4520,452030,45,45203015,D,ISR,541512,7373,454,940, , ,ACS MOTION CONTROL LTD,ACSEF
65544, , ,3/31/13,Migdal Ha-Emek,ACS Motion Control Ltd,4520,452030,45,45203015,D,ISR,541512,7373,454,940, , ,ACS MOTION CONTROL LTD,ACSEF
65544, , ,4/30/13,Migdal Ha-Emek,ACS Motion Control Ltd,4520,452030,45,45203015,D,ISR,541512,7373,454,940, , ,ACS MOTION CONTROL LTD,ACSEF
65544, , ,5/31/13,Migdal Ha-Emek,ACS Motion Control Ltd,4520,452030,45,45203015,D,ISR,541512,7373,454,940, , ,ACS MOTION CONTROL LTD,ACSEF
65544, , ,6/30/13,Migdal Ha-Emek,ACS Motion Control Ltd,4520,452030,45,45203015,D,ISR,541512,7373,454,940, , ,ACS MOTION CONTROL LTD,ACSEF
65544, , ,7/31/13,Migdal Ha-Emek,ACS Motion Control Ltd,4520,452030,45,45203015,D,ISR,541512,7373,454,940, , ,ACS MOTION CONTROL LTD,ACSEF
65544, , ,8/31/13,Migdal Ha-Emek,ACS Motion Control Ltd,4520,452030,45,45203015,D,ISR,541512,7373,454,940, , ,ACS MOTION CONTROL LTD,ACSEF
65544, , ,9/30/13,Migdal Ha-Emek,ACS Motion Control Ltd,4520,452030,45,45203015,D,ISR,541512,7373,454,940, , ,ACS MOTION CONTROL LTD,ACSEF
65544, , ,10/31/13,Migdal Ha-Emek,ACS Motion Control Ltd,4520,452030,45,45203015,D,ISR,541512,7373,454,940, , ,ACS MOTION CONTROL LTD,ACSEF
65552, , ,1/31/10,Fremont,Identiv Inc,4520,452030,45,45203010,B,USA,334118,3577,185,940,C,CA,IDENTIV INC,INVE
65552, , ,2/28/10,Fremont,Identiv Inc,4520,452030,45,45203010,B,USA,334118,3577,185,940,C,CA,IDENTIV INC,INVE
65552, , ,3/31/10,Fremont,Identiv Inc,4520,452030,45,45203010,B,USA,334118,3577,185,940,C,CA,IDENTIV INC,INVE
65552, , ,4/30/10,Fremont,Identiv Inc,4520,452030,45,45203010,B,USA,334118,3577,185,940,C,CA,IDENTIV INC,INVE
65552, , ,5/31/10,Fremont,Identiv Inc,4520,452030,45,45203010,B,USA,334118,3577,185,940,C,CA,IDENTIV INC,INVE
65552, , ,6/30/10,Fremont,Identiv Inc,4520,452030,45,45203010,B,USA,334118,3577,185,940,C,CA,IDENTIV INC,INVE
65552, , ,7/31/10,Fremont,Identiv Inc,4520,452030,45,45203010,B,USA,334118,3577,185,940,C,CA,IDENTIV INC,INVE
65552, , ,8/31/10,Fremont,Identiv Inc,4520,452030,45,45203010,B,USA,334118,3577,185,940,C,CA,IDENTIV INC,INVE
65552, , ,9/30/10,Fremont,Identiv Inc,4520,452030,45,45203010,B,USA,334118,3577,185,940,C,CA,IDENTIV INC,INVE
65552, , ,10/31/10,Fremont,Identiv Inc,4520,452030,45,45203010,B,USA,334118,3577,185,940,C,CA,IDENTIV INC,INVE
65552, , ,11/30/10,Fremont,Identiv Inc,4520,452030,45,45203010,B,USA,334118,3577,185,940,C,CA,IDENTIV INC,INVE
65552, , ,12/31/10,Fremont,Identiv Inc,4520,452030,45,45203010,B,USA,334118,3577,185,940,C,CA,IDENTIV INC,INVE
65552, , ,1/31/11,Fremont,Identiv Inc,4520,452030,45,45203010,B,USA,334118,3577,185,940,C,CA,IDENTIV INC,INVE
65552, , ,2/28/11,Fremont,Identiv Inc,4520,452030,45,45203010,B,USA,334118,3577,185,940,C,CA,IDENTIV INC,INVE
65552, , ,3/31/11,Fremont,Identiv Inc,4520,452030,45,45203010,B,USA,334118,3577,185,940,C,CA,IDENTIV INC,INVE
65552, , ,4/30/11,Fremont,Identiv Inc,4520,452030,45,45203010,B,USA,334118,3577,185,940,C,CA,IDENTIV INC,INVE
65552, , ,5/31/11,Fremont,Identiv Inc,4520,452030,45,45203010,B,USA,334118,3577,185,940,C,CA,IDENTIV INC,INVE
65552, , ,6/30/11,Fremont,Identiv Inc,4520,452030,45,45203010,B,USA,334118,3577,185,940,C,CA,IDENTIV INC,INVE
65552, , ,7/31/11,Fremont,Identiv Inc,4520,452030,45,45203010,B,USA,334118,3577,185,940,C,CA,IDENTIV INC,INVE
65552, , ,8/31/11,Fremont,Identiv Inc,4520,452030,45,45203010,B,USA,334118,3577,185,940,C,CA,IDENTIV INC,INVE
65552, , ,9/30/11,Fremont,Identiv Inc,4520,452030,45,45203010,B,USA,334118,3577,185,940,C,CA,IDENTIV INC,INVE
65552, , ,10/31/11,Fremont,Identiv Inc,4520,452030,45,45203010,B,USA,334118,3577,185,940,C,CA,IDENTIV INC,INVE
65552, , ,11/30/11,Fremont,Identiv Inc,4520,452030,45,45203010,B,USA,334118,3577,185,940,C,CA,IDENTIV INC,INVE
65552, , ,12/31/11,Fremont,Identiv Inc,4520,452030,45,45203010,B,USA,334118,3577,185,940,C,CA,IDENTIV INC,INVE
65552, , ,1/31/12,Fremont,Identiv Inc,4520,452030,45,45203010,B,USA,334118,3577,185,940,C,CA,IDENTIV INC,INVE
65552, , ,2/29/12,Fremont,Identiv Inc,4520,452030,45,45203010,B,USA,334118,3577,185,940,C,CA,IDENTIV INC,INVE
65552, , ,3/31/12,Fremont,Identiv Inc,4520,452030,45,45203010,B,USA,334118,3577,185,940,C,CA,IDENTIV INC,INVE
65552, , ,4/30/12,Fremont,Identiv Inc,4520,452030,45,45203010,B,USA,334118,3577,185,940,C,CA,IDENTIV INC,INVE
65552, , ,5/31/12,Fremont,Identiv Inc,4520,452030,45,45203010,B,USA,334118,3577,185,940,C,CA,IDENTIV INC,INVE
65552, , ,6/30/12,Fremont,Identiv Inc,4520,452030,45,45203010,B,USA,334118,3577,185,940,C,CA,IDENTIV INC,INVE
65552, , ,7/31/12,Fremont,Identiv Inc,4520,452030,45,45203010,B,USA,334118,3577,185,940,C,CA,IDENTIV INC,INVE
65552, , ,8/31/12,Fremont,Identiv Inc,4520,452030,45,45203010,B,USA,334118,3577,185,940,C,CA,IDENTIV INC,INVE
65552, , ,9/30/12,Fremont,Identiv Inc,4520,452030,45,45203010,B,USA,334118,3577,185,940,C,CA,IDENTIV INC,INVE
65552, , ,10/31/12,Fremont,Identiv Inc,4520,452030,45,45203010,B,USA,334118,3577,185,940,C,CA,IDENTIV INC,INVE
65552, , ,11/30/12,Fremont,Identiv Inc,4520,452030,45,45203010,B,USA,334118,3577,185,940,C,CA,IDENTIV INC,INVE
65552, , ,12/31/12,Fremont,Identiv Inc,4520,452030,45,45203010,B,USA,334118,3577,185,940,C,CA,IDENTIV INC,INVE
65552, , ,1/31/13,Fremont,Identiv Inc,4520,452030,45,45203010,B,USA,334118,3577,185,940,C,CA,IDENTIV INC,INVE
65552, , ,2/28/13,Fremont,Identiv Inc,4520,452030,45,45203010,B,USA,334118,3577,185,940,C,CA,IDENTIV INC,INVE
65552, , ,3/31/13,Fremont,Identiv Inc,4520,452030,45,45203010,B,USA,334118,3577,185,940,C,CA,IDENTIV INC,INVE
65552, , ,4/30/13,Fremont,Identiv Inc,4520,452030,45,45203010,B,USA,334118,3577,185,940,C,CA,IDENTIV INC,INVE
65552, , ,5/31/13,Fremont,Identiv Inc,4520,452030,45,45203010,B,USA,334118,3577,185,940,C,CA,IDENTIV INC,INVE
65552, , ,6/30/13,Fremont,Identiv Inc,4520,452030,45,45203010,B,USA,334118,3577,185,940,C,CA,IDENTIV INC,INVE
65552, , ,7/31/13,Fremont,Identiv Inc,4520,452030,45,45203010,B,USA,334118,3577,185,940,C,CA,IDENTIV INC,INVE
65552, , ,8/31/13,Fremont,Identiv Inc,4520,452030,45,45203010,B,USA,334118,3577,185,940,C,CA,IDENTIV INC,INVE
65552, , ,9/30/13,Fremont,Identiv Inc,4520,452030,45,45203010,B,USA,334118,3577,185,940,C,CA,IDENTIV INC,INVE
65552, , ,10/31/13,Fremont,Identiv Inc,4520,452030,45,45203010,B,USA,334118,3577,185,940,C,CA,IDENTIV INC,INVE
65554, , ,1/31/10,Camarillo,Power-One Inc.,4520,452030,45,45203015,D,USA,3344,3679,220,925,C,CA,POWER-ONE INC,PWER
65554, , ,2/28/10,Camarillo,Power-One Inc.,4520,452030,45,45203015,D,USA,3344,3679,220,925,C,CA,POWER-ONE INC,PWER
65554, , ,3/31/10,Camarillo,Power-One Inc.,4520,452030,45,45203015,D,USA,3344,3679,220,925,C,CA,POWER-ONE INC,PWER
65554, , ,4/30/10,Camarillo,Power-One Inc.,4520,452030,45,45203015,D,USA,3344,3679,220,925,C,CA,POWER-ONE INC,PWER
65554, , ,5/31/10,Camarillo,Power-One Inc.,4520,452030,45,45203015,D,USA,3344,3679,220,925,C,CA,POWER-ONE INC,PWER
65554, , ,6/30/10,Camarillo,Power-One Inc.,4520,452030,45,45203015,D,USA,3344,3679,220,925,C,CA,POWER-ONE INC,PWER
65554, , ,7/31/10,Camarillo,Power-One Inc.,4520,452030,45,45203015,D,USA,3344,3679,220,925,C,CA,POWER-ONE INC,PWER
65554, , ,8/31/10,Camarillo,Power-One Inc.,4520,452030,45,45203015,D,USA,3344,3679,220,925,C,CA,POWER-ONE INC,PWER
65554, , ,9/30/10,Camarillo,Power-One Inc.,4520,452030,45,45203015,D,USA,3344,3679,220,925,C,CA,POWER-ONE INC,PWER
65554, , ,10/31/10,Camarillo,Power-One Inc.,4520,452030,45,45203015,D,USA,3344,3679,220,925,C,CA,POWER-ONE INC,PWER
65554, , ,11/30/10,Camarillo,Power-One Inc.,4520,452030,45,45203015,D,USA,3344,3679,220,925,C,CA,POWER-ONE INC,PWER
65554, , ,12/31/10,Camarillo,Power-One Inc.,4520,452030,45,45203015,D,USA,3344,3679,220,925,C,CA,POWER-ONE INC,PWER
65554, , ,1/31/11,Camarillo,Power-One Inc.,4520,452030,45,45203015,D,USA,3344,3679,220,925,C,CA,POWER-ONE INC,PWER
65554, , ,2/28/11,Camarillo,Power-One Inc.,4520,452030,45,45203015,D,USA,3344,3679,220,925,C,CA,POWER-ONE INC,PWER
65554, , ,3/31/11,Camarillo,Power-One Inc.,4520,452030,45,45203015,D,USA,3344,3679,220,925,C,CA,POWER-ONE INC,PWER
65554, , ,4/30/11,Camarillo,Power-One Inc.,4520,452030,45,45203015,D,USA,3344,3679,220,925,C,CA,POWER-ONE INC,PWER
65554, , ,5/31/11,Camarillo,Power-One Inc.,4520,452030,45,45203015,D,USA,3344,3679,220,925,C,CA,POWER-ONE INC,PWER
65554, , ,6/30/11,Camarillo,Power-One Inc.,4520,452030,45,45203015,D,USA,3344,3679,220,925,C,CA,POWER-ONE INC,PWER
65554, , ,7/31/11,Camarillo,Power-One Inc.,4520,452030,45,45203015,D,USA,3344,3679,220,925,C,CA,POWER-ONE INC,PWER
65554, , ,8/31/11,Camarillo,Power-One Inc.,4520,452030,45,45203015,D,USA,3344,3679,220,925,C,CA,POWER-ONE INC,PWER
65554, , ,9/30/11,Camarillo,Power-One Inc.,4520,452030,45,45203015,D,USA,3344,3679,220,925,C,CA,POWER-ONE INC,PWER
65554, , ,10/31/11,Camarillo,Power-One Inc.,4520,452030,45,45203015,D,USA,3344,3679,220,925,C,CA,POWER-ONE INC,PWER
65554, , ,11/30/11,Camarillo,Power-One Inc.,4520,452030,45,45203015,D,USA,3344,3679,220,925,C,CA,POWER-ONE INC,PWER
65554, , ,12/31/11,Camarillo,Power-One Inc.,4520,452030,45,45203015,D,USA,3344,3679,220,925,C,CA,POWER-ONE INC,PWER
65554, , ,1/31/12,Camarillo,Power-One Inc.,4520,452030,45,45203015,D,USA,3344,3679,220,925,C,CA,POWER-ONE INC,PWER
65554, , ,2/29/12,Camarillo,Power-One Inc.,4520,452030,45,45203015,D,USA,3344,3679,220,925,C,CA,POWER-ONE INC,PWER
65554, , ,3/31/12,Camarillo,Power-One Inc.,4520,452030,45,45203015,D,USA,3344,3679,220,925,C,CA,POWER-ONE INC,PWER
65554, , ,4/30/12,Camarillo,Power-One Inc.,4520,452030,45,45203015,D,USA,3344,3679,220,925,C,CA,POWER-ONE INC,PWER
65554, , ,5/31/12,Camarillo,Power-One Inc.,4520,452030,45,45203015,D,USA,3344,3679,220,925,C,CA,POWER-ONE INC,PWER
65554, , ,6/30/12,Camarillo,Power-One Inc.,4520,452030,45,45203015,D,USA,3344,3679,220,925,C,CA,POWER-ONE INC,PWER
65554, , ,7/31/12,Camarillo,Power-One Inc.,4520,452030,45,45203015,D,USA,3344,3679,220,925,C,CA,POWER-ONE INC,PWER
65554, , ,8/31/12,Camarillo,Power-One Inc.,4520,452030,45,45203015,D,USA,3344,3679,220,925,C,CA,POWER-ONE INC,PWER
65554, , ,9/30/12,Camarillo,Power-One Inc.,4520,452030,45,45203015,D,USA,3344,3679,220,925,C,CA,POWER-ONE INC,PWER
65554, , ,10/31/12,Camarillo,Power-One Inc.,4520,452030,45,45203015,D,USA,3344,3679,220,925,C,CA,POWER-ONE INC,PWER
65554, , ,11/30/12,Camarillo,Power-One Inc.,4520,452030,45,45203015,D,USA,3344,3679,220,925,C,CA,POWER-ONE INC,PWER
65554, , ,12/31/12,Camarillo,Power-One Inc.,4520,452030,45,45203015,D,USA,3344,3679,220,925,C,CA,POWER-ONE INC,PWER
65554, , ,1/31/13,Camarillo,Power-One Inc.,4520,452030,45,45203015,D,USA,3344,3679,220,925,C,CA,POWER-ONE INC,PWER
65554, , ,2/28/13,Camarillo,Power-One Inc.,4520,452030,45,45203015,D,USA,3344,3679,220,925,C,CA,POWER-ONE INC,PWER
65554, , ,3/31/13,Camarillo,Power-One Inc.,4520,452030,45,45203015,D,USA,3344,3679,220,925,C,CA,POWER-ONE INC,PWER
65554, , ,4/30/13,Camarillo,Power-One Inc.,4520,452030,45,45203015,D,USA,3344,3679,220,925,C,CA,POWER-ONE INC,PWER
65554, , ,5/31/13,Camarillo,Power-One Inc.,4520,452030,45,45203015,D,USA,3344,3679,220,925,C,CA,POWER-ONE INC,PWER
65554, , ,6/30/13,Camarillo,Power-One Inc.,4520,452030,45,45203015,D,USA,3344,3679,220,925,C,CA,POWER-ONE INC,PWER
65554, , ,7/31/13,Camarillo,Power-One Inc.,4520,452030,45,45203015,D,USA,3344,3679,220,925,C,CA,POWER-ONE INC,PWER
65607, , ,1/31/10,Hawthorne,OSI Systems Inc,4520,452030,45,45203010,D,USA,334517,3844,180,940,B-,CA,OSI SYSTEMS INC,OSIS
65607, , ,2/28/10,Hawthorne,OSI Systems Inc,4520,452030,45,45203010,D,USA,334517,3844,180,940,B-,CA,OSI SYSTEMS INC,OSIS
65607, , ,3/31/10,Hawthorne,OSI Systems Inc,4520,452030,45,45203010,D,USA,334517,3844,180,940,B-,CA,OSI SYSTEMS INC,OSIS
65607, , ,4/30/10,Hawthorne,OSI Systems Inc,4520,452030,45,45203010,D,USA,334517,3844,180,940,B-,CA,OSI SYSTEMS INC,OSIS
65607, , ,5/31/10,Hawthorne,OSI Systems Inc,4520,452030,45,45203010,D,USA,334517,3844,180,940,B-,CA,OSI SYSTEMS INC,OSIS
65607, , ,6/30/10,Hawthorne,OSI Systems Inc,4520,452030,45,45203010,D,USA,334517,3844,180,940,B-,CA,OSI SYSTEMS INC,OSIS
65607, , ,7/31/10,Hawthorne,OSI Systems Inc,4520,452030,45,45203010,D,USA,334517,3844,180,940,B-,CA,OSI SYSTEMS INC,OSIS
65607, , ,8/31/10,Hawthorne,OSI Systems Inc,4520,452030,45,45203010,D,USA,334517,3844,180,940,B-,CA,OSI SYSTEMS INC,OSIS
65607, , ,9/30/10,Hawthorne,OSI Systems Inc,4520,452030,45,45203010,D,USA,334517,3844,180,940,B-,CA,OSI SYSTEMS INC,OSIS
65607, , ,10/31/10,Hawthorne,OSI Systems Inc,4520,452030,45,45203010,D,USA,334517,3844,180,940,B-,CA,OSI SYSTEMS INC,OSIS
65607, , ,11/30/10,Hawthorne,OSI Systems Inc,4520,452030,45,45203010,D,USA,334517,3844,180,940,B-,CA,OSI SYSTEMS INC,OSIS
65607, , ,12/31/10,Hawthorne,OSI Systems Inc,4520,452030,45,45203010,D,USA,334517,3844,180,940,B-,CA,OSI SYSTEMS INC,OSIS
65607, , ,1/31/11,Hawthorne,OSI Systems Inc,4520,452030,45,45203010,D,USA,334517,3844,180,940,B-,CA,OSI SYSTEMS INC,OSIS
65607, , ,2/28/11,Hawthorne,OSI Systems Inc,4520,452030,45,45203010,D,USA,334517,3844,180,940,B-,CA,OSI SYSTEMS INC,OSIS
65607, , ,3/31/11,Hawthorne,OSI Systems Inc,4520,452030,45,45203010,D,USA,334517,3844,180,940,B-,CA,OSI SYSTEMS INC,OSIS
65607, , ,4/30/11,Hawthorne,OSI Systems Inc,4520,452030,45,45203010,D,USA,334517,3844,180,940,B-,CA,OSI SYSTEMS INC,OSIS
65607, , ,5/31/11,Hawthorne,OSI Systems Inc,4520,452030,45,45203010,D,USA,334517,3844,180,940,B-,CA,OSI SYSTEMS INC,OSIS
65607, , ,6/30/11,Hawthorne,OSI Systems Inc,4520,452030,45,45203010,D,USA,334517,3844,180,940,B-,CA,OSI SYSTEMS INC,OSIS
65607, , ,7/31/11,Hawthorne,OSI Systems Inc,4520,452030,45,45203010,D,USA,334517,3844,180,940,B-,CA,OSI SYSTEMS INC,OSIS
65607, , ,8/31/11,Hawthorne,OSI Systems Inc,4520,452030,45,45203010,D,USA,334517,3844,180,940,B-,CA,OSI SYSTEMS INC,OSIS
65607, , ,9/30/11,Hawthorne,OSI Systems Inc,4520,452030,45,45203010,D,USA,334517,3844,180,940,B-,CA,OSI SYSTEMS INC,OSIS
65607, , ,10/31/11,Hawthorne,OSI Systems Inc,4520,452030,45,45203010,D,USA,334517,3844,180,940,B-,CA,OSI SYSTEMS INC,OSIS
65607, , ,11/30/11,Hawthorne,OSI Systems Inc,4520,452030,45,45203010,D,USA,334517,3844,180,940,B-,CA,OSI SYSTEMS INC,OSIS
65607, , ,12/31/11,Hawthorne,OSI Systems Inc,4520,452030,45,45203010,D,USA,334517,3844,180,940,B-,CA,OSI SYSTEMS INC,OSIS
65607, , ,1/31/12,Hawthorne,OSI Systems Inc,4520,452030,45,45203010,D,USA,334517,3844,180,940,B-,CA,OSI SYSTEMS INC,OSIS
65607, , ,2/29/12,Hawthorne,OSI Systems Inc,4520,452030,45,45203010,D,USA,334517,3844,180,940,B-,CA,OSI SYSTEMS INC,OSIS
65607, , ,3/31/12,Hawthorne,OSI Systems Inc,4520,452030,45,45203010,D,USA,334517,3844,180,940,B-,CA,OSI SYSTEMS INC,OSIS
65607, , ,4/30/12,Hawthorne,OSI Systems Inc,4520,452030,45,45203010,D,USA,334517,3844,180,940,B-,CA,OSI SYSTEMS INC,OSIS
65607, , ,5/31/12,Hawthorne,OSI Systems Inc,4520,452030,45,45203010,D,USA,334517,3844,180,940,B-,CA,OSI SYSTEMS INC,OSIS
65607, , ,6/30/12,Hawthorne,OSI Systems Inc,4520,452030,45,45203010,D,USA,334517,3844,180,940,B-,CA,OSI SYSTEMS INC,OSIS
65607, , ,7/31/12,Hawthorne,OSI Systems Inc,4520,452030,45,45203010,D,USA,334517,3844,180,940,B-,CA,OSI SYSTEMS INC,OSIS
65607, , ,8/31/12,Hawthorne,OSI Systems Inc,4520,452030,45,45203010,D,USA,334517,3844,180,940,B-,CA,OSI SYSTEMS INC,OSIS
65607, , ,9/30/12,Hawthorne,OSI Systems Inc,4520,452030,45,45203010,D,USA,334517,3844,180,940,B-,CA,OSI SYSTEMS INC,OSIS
65607, , ,10/31/12,Hawthorne,OSI Systems Inc,4520,452030,45,45203010,D,USA,334517,3844,180,940,B-,CA,OSI SYSTEMS INC,OSIS
65607, , ,11/30/12,Hawthorne,OSI Systems Inc,4520,452030,45,45203010,D,USA,334517,3844,180,940,B-,CA,OSI SYSTEMS INC,OSIS
65607, , ,12/31/12,Hawthorne,OSI Systems Inc,4520,452030,45,45203010,D,USA,334517,3844,180,940,B-,CA,OSI SYSTEMS INC,OSIS
65607, , ,1/31/13,Hawthorne,OSI Systems Inc,4520,452030,45,45203010,D,USA,334517,3844,180,940,B-,CA,OSI SYSTEMS INC,OSIS
65607, , ,2/28/13,Hawthorne,OSI Systems Inc,4520,452030,45,45203010,D,USA,334517,3844,180,940,B-,CA,OSI SYSTEMS INC,OSIS
65607, , ,3/31/13,Hawthorne,OSI Systems Inc,4520,452030,45,45203010,D,USA,334517,3844,180,940,B-,CA,OSI SYSTEMS INC,OSIS
65607, , ,4/30/13,Hawthorne,OSI Systems Inc,4520,452030,45,45203010,D,USA,334517,3844,180,940,B-,CA,OSI SYSTEMS INC,OSIS
65607, , ,5/31/13,Hawthorne,OSI Systems Inc,4520,452030,45,45203010,D,USA,334517,3844,180,940,B-,CA,OSI SYSTEMS INC,OSIS
65607, , ,6/30/13,Hawthorne,OSI Systems Inc,4520,452030,45,45203010,D,USA,334517,3844,180,940,B-,CA,OSI SYSTEMS INC,OSIS
65607, , ,7/31/13,Hawthorne,OSI Systems Inc,4520,452030,45,45203010,D,USA,334517,3844,180,940,B-,CA,OSI SYSTEMS INC,OSIS
65607, , ,8/31/13,Hawthorne,OSI Systems Inc,4520,452030,45,45203010,D,USA,334517,3844,180,940,B-,CA,OSI SYSTEMS INC,OSIS
65607, , ,9/30/13,Hawthorne,OSI Systems Inc,4520,452030,45,45203010,D,USA,334517,3844,180,940,B-,CA,OSI SYSTEMS INC,OSIS
65607, , ,10/31/13,Hawthorne,OSI Systems Inc,4520,452030,45,45203010,D,USA,334517,3844,180,940,B-,CA,OSI SYSTEMS INC,OSIS
65675, , ,1/31/10,Tualatin,CUI Global Inc,4520,452030,45,45203010,D,USA,3344,3670, , ,C,OR,CUI GLOBAL INC,CUI
65675, , ,2/28/10,Tualatin,CUI Global Inc,4520,452030,45,45203010,D,USA,3344,3670, , ,C,OR,CUI GLOBAL INC,CUI
65675, , ,3/31/10,Tualatin,CUI Global Inc,4520,452030,45,45203010,D,USA,3344,3670, , ,C,OR,CUI GLOBAL INC,CUI
65675, , ,4/30/10,Tualatin,CUI Global Inc,4520,452030,45,45203010,D,USA,3344,3670, , ,C,OR,CUI GLOBAL INC,CUI
65675, , ,5/31/10,Tualatin,CUI Global Inc,4520,452030,45,45203010,D,USA,3344,3670, , ,C,OR,CUI GLOBAL INC,CUI
65675, , ,6/30/10,Tualatin,CUI Global Inc,4520,452030,45,45203010,D,USA,3344,3670, , ,C,OR,CUI GLOBAL INC,CUI
65675, , ,7/31/10,Tualatin,CUI Global Inc,4520,452030,45,45203010,D,USA,3344,3670, , ,C,OR,CUI GLOBAL INC,CUI
65675, , ,8/31/10,Tualatin,CUI Global Inc,4520,452030,45,45203010,D,USA,3344,3670, , ,C,OR,CUI GLOBAL INC,CUI
65675, , ,9/30/10,Tualatin,CUI Global Inc,4520,452030,45,45203010,D,USA,3344,3670, , ,C,OR,CUI GLOBAL INC,CUI
65675, , ,10/31/10,Tualatin,CUI Global Inc,4520,452030,45,45203010,D,USA,3344,3670, , ,C,OR,CUI GLOBAL INC,CUI
65675, , ,11/30/10,Tualatin,CUI Global Inc,4520,452030,45,45203010,D,USA,3344,3670, , ,C,OR,CUI GLOBAL INC,CUI
65675, , ,12/31/10,Tualatin,CUI Global Inc,4520,452030,45,45203010,D,USA,3344,3670, , ,C,OR,CUI GLOBAL INC,CUI
65675, , ,1/31/11,Tualatin,CUI Global Inc,4520,452030,45,45203010,D,USA,3344,3670, , ,C,OR,CUI GLOBAL INC,CUI
65675, , ,2/28/11,Tualatin,CUI Global Inc,4520,452030,45,45203010,D,USA,3344,3670, , ,C,OR,CUI GLOBAL INC,CUI
65675, , ,3/31/11,Tualatin,CUI Global Inc,4520,452030,45,45203010,D,USA,3344,3670, , ,C,OR,CUI GLOBAL INC,CUI
65675, , ,4/30/11,Tualatin,CUI Global Inc,4520,452030,45,45203010,D,USA,3344,3670, , ,C,OR,CUI GLOBAL INC,CUI
65675, , ,5/31/11,Tualatin,CUI Global Inc,4520,452030,45,45203010,D,USA,3344,3670, , ,C,OR,CUI GLOBAL INC,CUI
65675, , ,6/30/11,Tualatin,CUI Global Inc,4520,452030,45,45203010,D,USA,3344,3670, , ,C,OR,CUI GLOBAL INC,CUI
65675, , ,7/31/11,Tualatin,CUI Global Inc,4520,452030,45,45203010,D,USA,3344,3670, , ,C,OR,CUI GLOBAL INC,CUI
65675, , ,8/31/11,Tualatin,CUI Global Inc,4520,452030,45,45203010,D,USA,3344,3670, , ,C,OR,CUI GLOBAL INC,CUI
65675, , ,9/30/11,Tualatin,CUI Global Inc,4520,452030,45,45203010,D,USA,3344,3670, , ,C,OR,CUI GLOBAL INC,CUI
65675, , ,10/31/11,Tualatin,CUI Global Inc,4520,452030,45,45203010,D,USA,3344,3670, , ,C,OR,CUI GLOBAL INC,CUI
65675, , ,11/30/11,Tualatin,CUI Global Inc,4520,452030,45,45203010,D,USA,3344,3670, , ,C,OR,CUI GLOBAL INC,CUI
65675, , ,12/31/11,Tualatin,CUI Global Inc,4520,452030,45,45203010,D,USA,3344,3670, , ,C,OR,CUI GLOBAL INC,CUI
65675, , ,1/31/12,Tualatin,CUI Global Inc,4520,452030,45,45203010,D,USA,3344,3670, , ,C,OR,CUI GLOBAL INC,CUI
65675, , ,2/29/12,Tualatin,CUI Global Inc,4520,452030,45,45203010,D,USA,3344,3670, , ,C,OR,CUI GLOBAL INC,CUI
65675, , ,3/31/12,Tualatin,CUI Global Inc,4520,452030,45,45203010,D,USA,3344,3670, , ,C,OR,CUI GLOBAL INC,CUI
65675, , ,4/30/12,Tualatin,CUI Global Inc,4520,452030,45,45203010,D,USA,3344,3670, , ,C,OR,CUI GLOBAL INC,CUI
65675, , ,5/31/12,Tualatin,CUI Global Inc,4520,452030,45,45203010,D,USA,3344,3670, , ,C,OR,CUI GLOBAL INC,CUI
65675, , ,6/30/12,Tualatin,CUI Global Inc,4520,452030,45,45203010,D,USA,3344,3670, , ,C,OR,CUI GLOBAL INC,CUI
65675, , ,7/31/12,Tualatin,CUI Global Inc,4520,452030,45,45203010,D,USA,3344,3670, , ,C,OR,CUI GLOBAL INC,CUI
65675, , ,8/31/12,Tualatin,CUI Global Inc,4520,452030,45,45203010,D,USA,3344,3670, , ,C,OR,CUI GLOBAL INC,CUI
65675, , ,9/30/12,Tualatin,CUI Global Inc,4520,452030,45,45203010,D,USA,3344,3670, , ,C,OR,CUI GLOBAL INC,CUI
65675, , ,10/31/12,Tualatin,CUI Global Inc,4520,452030,45,45203010,D,USA,3344,3670, , ,C,OR,CUI GLOBAL INC,CUI
65675, , ,11/30/12,Tualatin,CUI Global Inc,4520,452030,45,45203010,D,USA,3344,3670, , ,C,OR,CUI GLOBAL INC,CUI
65675, , ,12/31/12,Tualatin,CUI Global Inc,4520,452030,45,45203010,D,USA,3344,3670, , ,C,OR,CUI GLOBAL INC,CUI
65675, , ,1/31/13,Tualatin,CUI Global Inc,4520,452030,45,45203010,D,USA,3344,3670, , ,C,OR,CUI GLOBAL INC,CUI
65675, , ,2/28/13,Tualatin,CUI Global Inc,4520,452030,45,45203010,D,USA,3344,3670, , ,C,OR,CUI GLOBAL INC,CUI
65675, , ,3/31/13,Tualatin,CUI Global Inc,4520,452030,45,45203010,D,USA,3344,3670, , ,C,OR,CUI GLOBAL INC,CUI
65675, , ,4/30/13,Tualatin,CUI Global Inc,4520,452030,45,45203010,D,USA,3344,3670, , ,C,OR,CUI GLOBAL INC,CUI
65675, , ,5/31/13,Tualatin,CUI Global Inc,4520,452030,45,45203010,D,USA,3344,3670, , ,C,OR,CUI GLOBAL INC,CUI
65675, , ,6/30/13,Tualatin,CUI Global Inc,4520,452030,45,45203010,D,USA,3344,3670, , ,C,OR,CUI GLOBAL INC,CUI
65675, , ,7/31/13,Tualatin,CUI Global Inc,4520,452030,45,45203010,D,USA,3344,3670, , ,C,OR,CUI GLOBAL INC,CUI
65675, , ,8/31/13,Tualatin,CUI Global Inc,4520,452030,45,45203010,D,USA,3344,3670, , ,C,OR,CUI GLOBAL INC,CUI
65675, , ,9/30/13,Tualatin,CUI Global Inc,4520,452030,45,45203010,D,USA,3344,3670, , ,C,OR,CUI GLOBAL INC,CUI
65675, , ,10/31/13,Tualatin,CUI Global Inc,4520,452030,45,45203010,D,USA,3344,3670, , ,C,OR,CUI GLOBAL INC,CUI
65676, , ,1/31/10,Everett,Intermec Inc,4520,452020,45,45202020,D,USA,334118,3577,357,925,C,WA,INTERMEC INC,IN
65676, , ,2/28/10,Everett,Intermec Inc,4520,452020,45,45202020,D,USA,334118,3577,357,925,C,WA,INTERMEC INC,IN
65676, , ,3/31/10,Everett,Intermec Inc,4520,452020,45,45202020,D,USA,334118,3577,357,925,C,WA,INTERMEC INC,IN
65676, , ,4/30/10,Everett,Intermec Inc,4520,452020,45,45202020,D,USA,334118,3577,357,925,C,WA,INTERMEC INC,IN
65676, , ,5/31/10,Everett,Intermec Inc,4520,452020,45,45202020,D,USA,334118,3577,357,925,C,WA,INTERMEC INC,IN
65676, , ,6/30/10,Everett,Intermec Inc,4520,452020,45,45202020,D,USA,334118,3577,357,925,C,WA,INTERMEC INC,IN
65676, , ,7/31/10,Everett,Intermec Inc,4520,452020,45,45202020,D,USA,334118,3577,357,925,C,WA,INTERMEC INC,IN
65676, , ,8/31/10,Everett,Intermec Inc,4520,452020,45,45202020,D,USA,334118,3577,357,925,C,WA,INTERMEC INC,IN
65676, , ,9/30/10,Everett,Intermec Inc,4520,452020,45,45202020,D,USA,334118,3577,357,925,C,WA,INTERMEC INC,IN
65676, , ,10/31/10,Everett,Intermec Inc,4520,452020,45,45202020,D,USA,334118,3577,357,925,C,WA,INTERMEC INC,IN
65676, , ,11/30/10,Everett,Intermec Inc,4520,452020,45,45202020,D,USA,334118,3577,357,925,C,WA,INTERMEC INC,IN
65676, , ,12/31/10,Everett,Intermec Inc,4520,452020,45,45202020,D,USA,334118,3577,357,925,C,WA,INTERMEC INC,IN
65676, , ,1/31/11,Everett,Intermec Inc,4520,452020,45,45202020,D,USA,334118,3577,357,925,C,WA,INTERMEC INC,IN
65676, , ,2/28/11,Everett,Intermec Inc,4520,452020,45,45202020,D,USA,334118,3577,357,925,C,WA,INTERMEC INC,IN
65676, , ,3/31/11,Everett,Intermec Inc,4520,452020,45,45202020,D,USA,334118,3577,357,925,C,WA,INTERMEC INC,IN
65676, , ,4/30/11,Everett,Intermec Inc,4520,452020,45,45202020,D,USA,334118,3577,357,925,C,WA,INTERMEC INC,IN
65676, , ,5/31/11,Everett,Intermec Inc,4520,452020,45,45202020,D,USA,334118,3577,357,925,C,WA,INTERMEC INC,IN
65676, , ,6/30/11,Everett,Intermec Inc,4520,452020,45,45202020,D,USA,334118,3577,357,925,C,WA,INTERMEC INC,IN
65676, , ,7/31/11,Everett,Intermec Inc,4520,452020,45,45202020,D,USA,334118,3577,357,925,C,WA,INTERMEC INC,IN
65676, , ,8/31/11,Everett,Intermec Inc,4520,452020,45,45202020,D,USA,334118,3577,357,925,C,WA,INTERMEC INC,IN
65676, , ,9/30/11,Everett,Intermec Inc,4520,452020,45,45202020,D,USA,334118,3577,357,925,C,WA,INTERMEC INC,IN
65676, , ,10/31/11,Everett,Intermec Inc,4520,452020,45,45202020,D,USA,334118,3577,357,925,C,WA,INTERMEC INC,IN
65676, , ,11/30/11,Everett,Intermec Inc,4520,452020,45,45202020,D,USA,334118,3577,357,925,C,WA,INTERMEC INC,IN
65676, , ,12/31/11,Everett,Intermec Inc,4520,452020,45,45202020,D,USA,334118,3577,357,925,C,WA,INTERMEC INC,IN
65676, , ,1/31/12,Everett,Intermec Inc,4520,452020,45,45202020,D,USA,334118,3577,357,925,C,WA,INTERMEC INC,IN
65676, , ,2/29/12,Everett,Intermec Inc,4520,452020,45,45202020,D,USA,334118,3577,357,925,C,WA,INTERMEC INC,IN
65676, , ,3/31/12,Everett,Intermec Inc,4520,452020,45,45202020,D,USA,334118,3577,357,925,C,WA,INTERMEC INC,IN
65676, , ,4/30/12,Everett,Intermec Inc,4520,452020,45,45202020,D,USA,334118,3577,357,925,C,WA,INTERMEC INC,IN
65676, , ,5/31/12,Everett,Intermec Inc,4520,452020,45,45202020,D,USA,334118,3577,357,925,C,WA,INTERMEC INC,IN
65676, , ,6/30/12,Everett,Intermec Inc,4520,452020,45,45202020,D,USA,334118,3577,357,925,C,WA,INTERMEC INC,IN
65676, , ,7/31/12,Everett,Intermec Inc,4520,452020,45,45202020,D,USA,334118,3577,357,925,C,WA,INTERMEC INC,IN
65676, , ,8/31/12,Everett,Intermec Inc,4520,452020,45,45202020,D,USA,334118,3577,357,925,C,WA,INTERMEC INC,IN
65676, , ,9/30/12,Everett,Intermec Inc,4520,452020,45,45202020,D,USA,334118,3577,357,925,C,WA,INTERMEC INC,IN
65676, , ,10/31/12,Everett,Intermec Inc,4520,452020,45,45202020,D,USA,334118,3577,357,925,C,WA,INTERMEC INC,IN
65676, , ,11/30/12,Everett,Intermec Inc,4520,452020,45,45202020,D,USA,334118,3577,357,925,C,WA,INTERMEC INC,IN
65676, , ,12/31/12,Everett,Intermec Inc,4520,452020,45,45202020,D,USA,334118,3577,357,925,C,WA,INTERMEC INC,IN
65676, , ,1/31/13,Everett,Intermec Inc,4520,452020,45,45202020,D,USA,334118,3577,357,925,C,WA,INTERMEC INC,IN
65676, , ,2/28/13,Everett,Intermec Inc,4520,452020,45,45202020,D,USA,334118,3577,357,925,C,WA,INTERMEC INC,IN
65676, , ,3/31/13,Everett,Intermec Inc,4520,452020,45,45202020,D,USA,334118,3577,357,925,C,WA,INTERMEC INC,IN
65676, , ,4/30/13,Everett,Intermec Inc,4520,452020,45,45202020,D,USA,334118,3577,357,925,C,WA,INTERMEC INC,IN
65676, , ,5/31/13,Everett,Intermec Inc,4520,452020,45,45202020,D,USA,334118,3577,357,925,C,WA,INTERMEC INC,IN
65676, , ,6/30/13,Everett,Intermec Inc,4520,452020,45,45202020,D,USA,334118,3577,357,925,C,WA,INTERMEC INC,IN
65676, , ,7/31/13,Everett,Intermec Inc,4520,452020,45,45202020,D,USA,334118,3577,357,925,C,WA,INTERMEC INC,IN
65676, , ,8/31/13,Everett,Intermec Inc,4520,452020,45,45202020,D,USA,334118,3577,357,925,C,WA,INTERMEC INC,IN
65676, , ,9/30/13,Everett,Intermec Inc,4520,452020,45,45202020,D,USA,334118,3577,357,925,C,WA,INTERMEC INC,IN
65686, , ,1/31/10,League City,Eagle Broadband Inc.,4520,452010,45,45201020,D,USA,517910,4899,454,940, ,TX,EAGLE BROADBAND INC,EAGB
65686, , ,2/28/10,League City,Eagle Broadband Inc.,4520,452010,45,45201020,D,USA,517910,4899,454,940, ,TX,EAGLE BROADBAND INC,EAGB
65686, , ,3/31/10,League City,Eagle Broadband Inc.,4520,452010,45,45201020,D,USA,517910,4899,454,940, ,TX,EAGLE BROADBAND INC,EAGB
65686, , ,4/30/10,League City,Eagle Broadband Inc.,4520,452010,45,45201020,D,USA,517910,4899,454,940, ,TX,EAGLE BROADBAND INC,EAGB
65686, , ,5/31/10,League City,Eagle Broadband Inc.,4520,452010,45,45201020,D,USA,517910,4899,454,940, ,TX,EAGLE BROADBAND INC,EAGB
65686, , ,6/30/10,League City,Eagle Broadband Inc.,4520,452010,45,45201020,D,USA,517910,4899,454,940, ,TX,EAGLE BROADBAND INC,EAGB
65686, , ,7/31/10,League City,Eagle Broadband Inc.,4520,452010,45,45201020,D,USA,517910,4899,454,940, ,TX,EAGLE BROADBAND INC,EAGB
65686, , ,8/31/10,League City,Eagle Broadband Inc.,4520,452010,45,45201020,D,USA,517910,4899,454,940, ,TX,EAGLE BROADBAND INC,EAGB
65686, , ,9/30/10,League City,Eagle Broadband Inc.,4520,452010,45,45201020,D,USA,517910,4899,454,940, ,TX,EAGLE BROADBAND INC,EAGB
65686, , ,10/31/10,League City,Eagle Broadband Inc.,4520,452010,45,45201020,D,USA,517910,4899,454,940, ,TX,EAGLE BROADBAND INC,EAGB
65686, , ,11/30/10,League City,Eagle Broadband Inc.,4520,452010,45,45201020,D,USA,517910,4899,454,940, ,TX,EAGLE BROADBAND INC,EAGB
65686, , ,12/31/10,League City,Eagle Broadband Inc.,4520,452010,45,45201020,D,USA,517910,4899,454,940, ,TX,EAGLE BROADBAND INC,EAGB
65686, , ,1/31/11,League City,Eagle Broadband Inc.,4520,452010,45,45201020,D,USA,517910,4899,454,940, ,TX,EAGLE BROADBAND INC,EAGB
65686, , ,2/28/11,League City,Eagle Broadband Inc.,4520,452010,45,45201020,D,USA,517910,4899,454,940, ,TX,EAGLE BROADBAND INC,EAGB
65686, , ,3/31/11,League City,Eagle Broadband Inc.,4520,452010,45,45201020,D,USA,517910,4899,454,940, ,TX,EAGLE BROADBAND INC,EAGB
65686, , ,4/30/11,League City,Eagle Broadband Inc.,4520,452010,45,45201020,D,USA,517910,4899,454,940, ,TX,EAGLE BROADBAND INC,EAGB
65686, , ,5/31/11,League City,Eagle Broadband Inc.,4520,452010,45,45201020,D,USA,517910,4899,454,940, ,TX,EAGLE BROADBAND INC,EAGB
65686, , ,6/30/11,League City,Eagle Broadband Inc.,4520,452010,45,45201020,D,USA,517910,4899,454,940, ,TX,EAGLE BROADBAND INC,EAGB
65686, , ,7/31/11,League City,Eagle Broadband Inc.,4520,452010,45,45201020,D,USA,517910,4899,454,940, ,TX,EAGLE BROADBAND INC,EAGB
65686, , ,8/31/11,League City,Eagle Broadband Inc.,4520,452010,45,45201020,D,USA,517910,4899,454,940, ,TX,EAGLE BROADBAND INC,EAGB
65686, , ,9/30/11,League City,Eagle Broadband Inc.,4520,452010,45,45201020,D,USA,517910,4899,454,940, ,TX,EAGLE BROADBAND INC,EAGB
65686, , ,10/31/11,League City,Eagle Broadband Inc.,4520,452010,45,45201020,D,USA,517910,4899,454,940, ,TX,EAGLE BROADBAND INC,EAGB
65686, , ,11/30/11,League City,Eagle Broadband Inc.,4520,452010,45,45201020,D,USA,517910,4899,454,940, ,TX,EAGLE BROADBAND INC,EAGB
65686, , ,12/31/11,League City,Eagle Broadband Inc.,4520,452010,45,45201020,D,USA,517910,4899,454,940, ,TX,EAGLE BROADBAND INC,EAGB
65686, , ,1/31/12,League City,Eagle Broadband Inc.,4520,452010,45,45201020,D,USA,517910,4899,454,940, ,TX,EAGLE BROADBAND INC,EAGB
65686, , ,2/29/12,League City,Eagle Broadband Inc.,4520,452010,45,45201020,D,USA,517910,4899,454,940, ,TX,EAGLE BROADBAND INC,EAGB
65686, , ,3/31/12,League City,Eagle Broadband Inc.,4520,452010,45,45201020,D,USA,517910,4899,454,940, ,TX,EAGLE BROADBAND INC,EAGB
65686, , ,4/30/12,League City,Eagle Broadband Inc.,4520,452010,45,45201020,D,USA,517910,4899,454,940, ,TX,EAGLE BROADBAND INC,EAGB
65686, , ,5/31/12,League City,Eagle Broadband Inc.,4520,452010,45,45201020,D,USA,517910,4899,454,940, ,TX,EAGLE BROADBAND INC,EAGB
65686, , ,6/30/12,League City,Eagle Broadband Inc.,4520,452010,45,45201020,D,USA,517910,4899,454,940, ,TX,EAGLE BROADBAND INC,EAGB
65686, , ,7/31/12,League City,Eagle Broadband Inc.,4520,452010,45,45201020,D,USA,517910,4899,454,940, ,TX,EAGLE BROADBAND INC,EAGB
65686, , ,8/31/12,League City,Eagle Broadband Inc.,4520,452010,45,45201020,D,USA,517910,4899,454,940, ,TX,EAGLE BROADBAND INC,EAGB
65686, , ,9/30/12,League City,Eagle Broadband Inc.,4520,452010,45,45201020,D,USA,517910,4899,454,940, ,TX,EAGLE BROADBAND INC,EAGB
65686, , ,10/31/12,League City,Eagle Broadband Inc.,4520,452010,45,45201020,D,USA,517910,4899,454,940, ,TX,EAGLE BROADBAND INC,EAGB
65686, , ,11/30/12,League City,Eagle Broadband Inc.,4520,452010,45,45201020,D,USA,517910,4899,454,940, ,TX,EAGLE BROADBAND INC,EAGB
65686, , ,12/31/12,League City,Eagle Broadband Inc.,4520,452010,45,45201020,D,USA,517910,4899,454,940, ,TX,EAGLE BROADBAND INC,EAGB
65692, , ,1/31/10,Grand Island,Sense Technologies Inc,4520,452030,45,45203010,D,USA,334511,3812,220,925, ,NE,SENSE TECHNOLOGIES INC,SNSGF
65692, , ,2/28/10,Grand Island,Sense Technologies Inc,4520,452030,45,45203010,D,USA,334511,3812,220,925, ,NE,SENSE TECHNOLOGIES INC,SNSGF
65692, , ,3/31/10,Grand Island,Sense Technologies Inc,4520,452030,45,45203010,D,USA,334511,3812,220,925, ,NE,SENSE TECHNOLOGIES INC,SNSGF
65692, , ,4/30/10,Grand Island,Sense Technologies Inc,4520,452030,45,45203010,D,USA,334511,3812,220,925, ,NE,SENSE TECHNOLOGIES INC,SNSGF
65692, , ,5/31/10,Grand Island,Sense Technologies Inc,4520,452030,45,45203010,D,USA,334511,3812,220,925, ,NE,SENSE TECHNOLOGIES INC,SNSGF
65692, , ,6/30/10,Grand Island,Sense Technologies Inc,4520,452030,45,45203010,D,USA,334511,3812,220,925, ,NE,SENSE TECHNOLOGIES INC,SNSGF
65692, , ,7/31/10,Grand Island,Sense Technologies Inc,4520,452030,45,45203010,D,USA,334511,3812,220,925, ,NE,SENSE TECHNOLOGIES INC,SNSGF
65692, , ,8/31/10,Grand Island,Sense Technologies Inc,4520,452030,45,45203010,D,USA,334511,3812,220,925, ,NE,SENSE TECHNOLOGIES INC,SNSGF
65692, , ,9/30/10,Grand Island,Sense Technologies Inc,4520,452030,45,45203010,D,USA,334511,3812,220,925, ,NE,SENSE TECHNOLOGIES INC,SNSGF
65692, , ,10/31/10,Grand Island,Sense Technologies Inc,4520,452030,45,45203010,D,USA,334511,3812,220,925, ,NE,SENSE TECHNOLOGIES INC,SNSGF
65692, , ,11/30/10,Grand Island,Sense Technologies Inc,4520,452030,45,45203010,D,USA,334511,3812,220,925, ,NE,SENSE TECHNOLOGIES INC,SNSGF
65692, , ,12/31/10,Grand Island,Sense Technologies Inc,4520,452030,45,45203010,D,USA,334511,3812,220,925, ,NE,SENSE TECHNOLOGIES INC,SNSGF
65692, , ,1/31/11,Grand Island,Sense Technologies Inc,4520,452030,45,45203010,D,USA,334511,3812,220,925, ,NE,SENSE TECHNOLOGIES INC,SNSGF
65692, , ,2/28/11,Grand Island,Sense Technologies Inc,4520,452030,45,45203010,D,USA,334511,3812,220,925, ,NE,SENSE TECHNOLOGIES INC,SNSGF
65692, , ,3/31/11,Grand Island,Sense Technologies Inc,4520,452030,45,45203010,D,USA,334511,3812,220,925, ,NE,SENSE TECHNOLOGIES INC,SNSGF
65692, , ,4/30/11,Grand Island,Sense Technologies Inc,4520,452030,45,45203010,D,USA,334511,3812,220,925, ,NE,SENSE TECHNOLOGIES INC,SNSGF
65692, , ,5/31/11,Grand Island,Sense Technologies Inc,4520,452030,45,45203010,D,USA,334511,3812,220,925, ,NE,SENSE TECHNOLOGIES INC,SNSGF
65692, , ,6/30/11,Grand Island,Sense Technologies Inc,4520,452030,45,45203010,D,USA,334511,3812,220,925, ,NE,SENSE TECHNOLOGIES INC,SNSGF
65692, , ,7/31/11,Grand Island,Sense Technologies Inc,4520,452030,45,45203010,D,USA,334511,3812,220,925, ,NE,SENSE TECHNOLOGIES INC,SNSGF
65692, , ,8/31/11,Grand Island,Sense Technologies Inc,4520,452030,45,45203010,D,USA,334511,3812,220,925, ,NE,SENSE TECHNOLOGIES INC,SNSGF
65692, , ,9/30/11,Grand Island,Sense Technologies Inc,4520,452030,45,45203010,D,USA,334511,3812,220,925, ,NE,SENSE TECHNOLOGIES INC,SNSGF
65692, , ,10/31/11,Grand Island,Sense Technologies Inc,4520,452030,45,45203010,D,USA,334511,3812,220,925, ,NE,SENSE TECHNOLOGIES INC,SNSGF
65692, , ,11/30/11,Grand Island,Sense Technologies Inc,4520,452030,45,45203010,D,USA,334511,3812,220,925, ,NE,SENSE TECHNOLOGIES INC,SNSGF
65692, , ,12/31/11,Grand Island,Sense Technologies Inc,4520,452030,45,45203010,D,USA,334511,3812,220,925, ,NE,SENSE TECHNOLOGIES INC,SNSGF
65692, , ,1/31/12,Grand Island,Sense Technologies Inc,4520,452030,45,45203010,D,USA,334511,3812,220,925, ,NE,SENSE TECHNOLOGIES INC,SNSGF
65692, , ,2/29/12,Grand Island,Sense Technologies Inc,4520,452030,45,45203010,D,USA,334511,3812,220,925, ,NE,SENSE TECHNOLOGIES INC,SNSGF
65692, , ,3/31/12,Grand Island,Sense Technologies Inc,4520,452030,45,45203010,D,USA,334511,3812,220,925, ,NE,SENSE TECHNOLOGIES INC,SNSGF
65692, , ,4/30/12,Grand Island,Sense Technologies Inc,4520,452030,45,45203010,D,USA,334511,3812,220,925, ,NE,SENSE TECHNOLOGIES INC,SNSGF
65692, , ,5/31/12,Grand Island,Sense Technologies Inc,4520,452030,45,45203010,D,USA,334511,3812,220,925, ,NE,SENSE TECHNOLOGIES INC,SNSGF
65692, , ,6/30/12,Grand Island,Sense Technologies Inc,4520,452030,45,45203010,D,USA,334511,3812,220,925, ,NE,SENSE TECHNOLOGIES INC,SNSGF
65692, , ,7/31/12,Grand Island,Sense Technologies Inc,4520,452030,45,45203010,D,USA,334511,3812,220,925, ,NE,SENSE TECHNOLOGIES INC,SNSGF
65692, , ,8/31/12,Grand Island,Sense Technologies Inc,4520,452030,45,45203010,D,USA,334511,3812,220,925, ,NE,SENSE TECHNOLOGIES INC,SNSGF
65692, , ,9/30/12,Grand Island,Sense Technologies Inc,4520,452030,45,45203010,D,USA,334511,3812,220,925, ,NE,SENSE TECHNOLOGIES INC,SNSGF
65692, , ,10/31/12,Grand Island,Sense Technologies Inc,4520,452030,45,45203010,D,USA,334511,3812,220,925, ,NE,SENSE TECHNOLOGIES INC,SNSGF
65692, , ,11/30/12,Grand Island,Sense Technologies Inc,4520,452030,45,45203010,D,USA,334511,3812,220,925, ,NE,SENSE TECHNOLOGIES INC,SNSGF
65692, , ,12/31/12,Grand Island,Sense Technologies Inc,4520,452030,45,45203010,D,USA,334511,3812,220,925, ,NE,SENSE TECHNOLOGIES INC,SNSGF
65692, , ,1/31/13,Grand Island,Sense Technologies Inc,4520,452030,45,45203010,D,USA,334511,3812,220,925, ,NE,SENSE TECHNOLOGIES INC,SNSGF
65692, , ,2/28/13,Grand Island,Sense Technologies Inc,4520,452030,45,45203010,D,USA,334511,3812,220,925, ,NE,SENSE TECHNOLOGIES INC,SNSGF
65692, , ,3/31/13,Grand Island,Sense Technologies Inc,4520,452030,45,45203010,D,USA,334511,3812,220,925, ,NE,SENSE TECHNOLOGIES INC,SNSGF
65692, , ,4/30/13,Grand Island,Sense Technologies Inc,4520,452030,45,45203010,D,USA,334511,3812,220,925, ,NE,SENSE TECHNOLOGIES INC,SNSGF
65692, , ,5/31/13,Grand Island,Sense Technologies Inc,4520,452030,45,45203010,D,USA,334511,3812,220,925, ,NE,SENSE TECHNOLOGIES INC,SNSGF
65692, , ,6/30/13,Grand Island,Sense Technologies Inc,4520,452030,45,45203010,D,USA,334511,3812,220,925, ,NE,SENSE TECHNOLOGIES INC,SNSGF
65692, , ,7/31/13,Grand Island,Sense Technologies Inc,4520,452030,45,45203010,D,USA,334511,3812,220,925, ,NE,SENSE TECHNOLOGIES INC,SNSGF
65692, , ,8/31/13,Grand Island,Sense Technologies Inc,4520,452030,45,45203010,D,USA,334511,3812,220,925, ,NE,SENSE TECHNOLOGIES INC,SNSGF
65692, , ,9/30/13,Grand Island,Sense Technologies Inc,4520,452030,45,45203010,D,USA,334511,3812,220,925, ,NE,SENSE TECHNOLOGIES INC,SNSGF
65692, , ,10/31/13,Grand Island,Sense Technologies Inc,4520,452030,45,45203010,D,USA,334511,3812,220,925, ,NE,SENSE TECHNOLOGIES INC,SNSGF
65833, , ,1/31/10,Kunming,Max Internet Communications Inc,4520,452020,45,45202020,D,CHN,334119,3577,188,940, , ,MAX INTERNET COMM INC,CNHC
65833, , ,2/28/10,Kunming,Max Internet Communications Inc,4520,452020,45,45202020,D,CHN,334119,3577,188,940, , ,MAX INTERNET COMM INC,CNHC
65833, , ,3/31/10,Kunming,Max Internet Communications Inc,4520,452020,45,45202020,D,CHN,334119,3577,188,940, , ,MAX INTERNET COMM INC,CNHC
65833, , ,4/30/10,Kunming,Max Internet Communications Inc,4520,452020,45,45202020,D,CHN,334119,3577,188,940, , ,MAX INTERNET COMM INC,CNHC
65833, , ,5/31/10,Kunming,Max Internet Communications Inc,4520,452020,45,45202020,D,CHN,334119,3577,188,940, , ,MAX INTERNET COMM INC,CNHC
65833, , ,6/30/10,Kunming,Max Internet Communications Inc,4520,452020,45,45202020,D,CHN,334119,3577,188,940, , ,MAX INTERNET COMM INC,CNHC
65833, , ,7/31/10,Kunming,Max Internet Communications Inc,4520,452020,45,45202020,D,CHN,334119,3577,188,940, , ,MAX INTERNET COMM INC,CNHC
65833, , ,8/31/10,Kunming,Max Internet Communications Inc,4520,452020,45,45202020,D,CHN,334119,3577,188,940, , ,MAX INTERNET COMM INC,CNHC
65833, , ,9/30/10,Kunming,Max Internet Communications Inc,4520,452020,45,45202020,D,CHN,334119,3577,188,940, , ,MAX INTERNET COMM INC,CNHC
65833, , ,10/31/10,Kunming,Max Internet Communications Inc,4520,452020,45,45202020,D,CHN,334119,3577,188,940, , ,MAX INTERNET COMM INC,CNHC
65833, , ,11/30/10,Kunming,Max Internet Communications Inc,4520,452020,45,45202020,D,CHN,334119,3577,188,940, , ,MAX INTERNET COMM INC,CNHC
65833, , ,12/31/10,Kunming,Max Internet Communications Inc,4520,452020,45,45202020,D,CHN,334119,3577,188,940, , ,MAX INTERNET COMM INC,CNHC
65833, , ,1/31/11,Kunming,Max Internet Communications Inc,4520,452020,45,45202020,D,CHN,334119,3577,188,940, , ,MAX INTERNET COMM INC,CNHC
65833, , ,2/28/11,Kunming,Max Internet Communications Inc,4520,452020,45,45202020,D,CHN,334119,3577,188,940, , ,MAX INTERNET COMM INC,CNHC
65833, , ,3/31/11,Kunming,Max Internet Communications Inc,4520,452020,45,45202020,D,CHN,334119,3577,188,940, , ,MAX INTERNET COMM INC,CNHC
65833, , ,4/30/11,Kunming,Max Internet Communications Inc,4520,452020,45,45202020,D,CHN,334119,3577,188,940, , ,MAX INTERNET COMM INC,CNHC
65833, , ,5/31/11,Kunming,Max Internet Communications Inc,4520,452020,45,45202020,D,CHN,334119,3577,188,940, , ,MAX INTERNET COMM INC,CNHC
65833, , ,6/30/11,Kunming,Max Internet Communications Inc,4520,452020,45,45202020,D,CHN,334119,3577,188,940, , ,MAX INTERNET COMM INC,CNHC
65833, , ,7/31/11,Kunming,Max Internet Communications Inc,4520,452020,45,45202020,D,CHN,334119,3577,188,940, , ,MAX INTERNET COMM INC,CNHC
65833, , ,8/31/11,Kunming,Max Internet Communications Inc,4520,452020,45,45202020,D,CHN,334119,3577,188,940, , ,MAX INTERNET COMM INC,CNHC
65833, , ,9/30/11,Kunming,Max Internet Communications Inc,4520,452020,45,45202020,D,CHN,334119,3577,188,940, , ,MAX INTERNET COMM INC,CNHC
65833, , ,10/31/11,Kunming,Max Internet Communications Inc,4520,452020,45,45202020,D,CHN,334119,3577,188,940, , ,MAX INTERNET COMM INC,CNHC
65833, , ,11/30/11,Kunming,Max Internet Communications Inc,4520,452020,45,45202020,D,CHN,334119,3577,188,940, , ,MAX INTERNET COMM INC,CNHC
65833, , ,12/31/11,Kunming,Max Internet Communications Inc,4520,452020,45,45202020,D,CHN,334119,3577,188,940, , ,MAX INTERNET COMM INC,CNHC
65833, , ,1/31/12,Kunming,Max Internet Communications Inc,4520,452020,45,45202020,D,CHN,334119,3577,188,940, , ,MAX INTERNET COMM INC,CNHC
65833, , ,2/29/12,Kunming,Max Internet Communications Inc,4520,452020,45,45202020,D,CHN,334119,3577,188,940, , ,MAX INTERNET COMM INC,CNHC
65833, , ,3/31/12,Kunming,Max Internet Communications Inc,4520,452020,45,45202020,D,CHN,334119,3577,188,940, , ,MAX INTERNET COMM INC,CNHC
65833, , ,4/30/12,Kunming,Max Internet Communications Inc,4520,452020,45,45202020,D,CHN,334119,3577,188,940, , ,MAX INTERNET COMM INC,CNHC
65833, , ,5/31/12,Kunming,Max Internet Communications Inc,4520,452020,45,45202020,D,CHN,334119,3577,188,940, , ,MAX INTERNET COMM INC,CNHC
65833, , ,6/30/12,Kunming,Max Internet Communications Inc,4520,452020,45,45202020,D,CHN,334119,3577,188,940, , ,MAX INTERNET COMM INC,CNHC
65833, , ,7/31/12,Kunming,Max Internet Communications Inc,4520,452020,45,45202020,D,CHN,334119,3577,188,940, , ,MAX INTERNET COMM INC,CNHC
65833, , ,8/31/12,Kunming,Max Internet Communications Inc,4520,452020,45,45202020,D,CHN,334119,3577,188,940, , ,MAX INTERNET COMM INC,CNHC
65833, , ,9/30/12,Kunming,Max Internet Communications Inc,4520,452020,45,45202020,D,CHN,334119,3577,188,940, , ,MAX INTERNET COMM INC,CNHC
65833, , ,10/31/12,Kunming,Max Internet Communications Inc,4520,452020,45,45202020,D,CHN,334119,3577,188,940, , ,MAX INTERNET COMM INC,CNHC
65833, , ,11/30/12,Kunming,Max Internet Communications Inc,4520,452020,45,45202020,D,CHN,334119,3577,188,940, , ,MAX INTERNET COMM INC,CNHC
65833, , ,12/31/12,Kunming,Max Internet Communications Inc,4520,452020,45,45202020,D,CHN,334119,3577,188,940, , ,MAX INTERNET COMM INC,CNHC
65833, , ,1/31/13,Kunming,Max Internet Communications Inc,4520,452020,45,45202020,D,CHN,334119,3577,188,940, , ,MAX INTERNET COMM INC,CNHC
65833, , ,2/28/13,Kunming,Max Internet Communications Inc,4520,452020,45,45202020,D,CHN,334119,3577,188,940, , ,MAX INTERNET COMM INC,CNHC
65833, , ,3/31/13,Kunming,Max Internet Communications Inc,4520,452020,45,45202020,D,CHN,334119,3577,188,940, , ,MAX INTERNET COMM INC,CNHC
65833, , ,4/30/13,Kunming,Max Internet Communications Inc,4520,452020,45,45202020,D,CHN,334119,3577,188,940, , ,MAX INTERNET COMM INC,CNHC
65833, , ,5/31/13,Kunming,Max Internet Communications Inc,4520,452020,45,45202020,D,CHN,334119,3577,188,940, , ,MAX INTERNET COMM INC,CNHC
65833, , ,6/30/13,Kunming,Max Internet Communications Inc,4520,452020,45,45202020,D,CHN,334119,3577,188,940, , ,MAX INTERNET COMM INC,CNHC
65833, , ,7/31/13,Kunming,Max Internet Communications Inc,4520,452020,45,45202020,D,CHN,334119,3577,188,940, , ,MAX INTERNET COMM INC,CNHC
65833, , ,8/31/13,Kunming,Max Internet Communications Inc,4520,452020,45,45202020,D,CHN,334119,3577,188,940, , ,MAX INTERNET COMM INC,CNHC
65833, , ,9/30/13,Kunming,Max Internet Communications Inc,4520,452020,45,45202020,D,CHN,334119,3577,188,940, , ,MAX INTERNET COMM INC,CNHC
65833, , ,10/31/13,Kunming,Max Internet Communications Inc,4520,452020,45,45202020,D,CHN,334119,3577,188,940, , ,MAX INTERNET COMM INC,CNHC
65986, , ,1/31/10,Waterloo,BlackBerry Ltd,4520,452020,45,45202030,B,CAN,334220,3663,180,940,B, ,BLACKBERRY LTD,BBRY
65986, , ,2/28/10,Waterloo,BlackBerry Ltd,4520,452020,45,45202030,B,CAN,334220,3663,180,940,B, ,BLACKBERRY LTD,BBRY
65986, , ,3/31/10,Waterloo,BlackBerry Ltd,4520,452020,45,45202030,B,CAN,334220,3663,180,940,B, ,BLACKBERRY LTD,BBRY
65986, , ,4/30/10,Waterloo,BlackBerry Ltd,4520,452020,45,45202030,B,CAN,334220,3663,180,940,B, ,BLACKBERRY LTD,BBRY
65986, , ,5/31/10,Waterloo,BlackBerry Ltd,4520,452020,45,45202030,B,CAN,334220,3663,180,940,B, ,BLACKBERRY LTD,BBRY
65986, , ,6/30/10,Waterloo,BlackBerry Ltd,4520,452020,45,45202030,B,CAN,334220,3663,180,940,B, ,BLACKBERRY LTD,BBRY
65986, , ,7/31/10,Waterloo,BlackBerry Ltd,4520,452020,45,45202030,B,CAN,334220,3663,180,940,B, ,BLACKBERRY LTD,BBRY
65986, , ,8/31/10,Waterloo,BlackBerry Ltd,4520,452020,45,45202030,B,CAN,334220,3663,180,940,B, ,BLACKBERRY LTD,BBRY
65986, , ,9/30/10,Waterloo,BlackBerry Ltd,4520,452020,45,45202030,B,CAN,334220,3663,180,940,B, ,BLACKBERRY LTD,BBRY
65986, , ,10/31/10,Waterloo,BlackBerry Ltd,4520,452020,45,45202030,B,CAN,334220,3663,180,940,B, ,BLACKBERRY LTD,BBRY
65986, , ,11/30/10,Waterloo,BlackBerry Ltd,4520,452020,45,45202030,B,CAN,334220,3663,180,940,B, ,BLACKBERRY LTD,BBRY
65986, , ,12/31/10,Waterloo,BlackBerry Ltd,4520,452020,45,45202030,B,CAN,334220,3663,180,940,B, ,BLACKBERRY LTD,BBRY
65986, , ,1/31/11,Waterloo,BlackBerry Ltd,4520,452020,45,45202030,B,CAN,334220,3663,180,940,B, ,BLACKBERRY LTD,BBRY
65986, , ,2/28/11,Waterloo,BlackBerry Ltd,4520,452020,45,45202030,B,CAN,334220,3663,180,940,B, ,BLACKBERRY LTD,BBRY
65986, , ,3/31/11,Waterloo,BlackBerry Ltd,4520,452020,45,45202030,B,CAN,334220,3663,180,940,B, ,BLACKBERRY LTD,BBRY
65986, , ,4/30/11,Waterloo,BlackBerry Ltd,4520,452020,45,45202030,B,CAN,334220,3663,180,940,B, ,BLACKBERRY LTD,BBRY
65986, , ,5/31/11,Waterloo,BlackBerry Ltd,4520,452020,45,45202030,B,CAN,334220,3663,180,940,B, ,BLACKBERRY LTD,BBRY
65986, , ,6/30/11,Waterloo,BlackBerry Ltd,4520,452020,45,45202030,B,CAN,334220,3663,180,940,B, ,BLACKBERRY LTD,BBRY
65986, , ,7/31/11,Waterloo,BlackBerry Ltd,4520,452020,45,45202030,B,CAN,334220,3663,180,940,B, ,BLACKBERRY LTD,BBRY
65986, , ,8/31/11,Waterloo,BlackBerry Ltd,4520,452020,45,45202030,B,CAN,334220,3663,180,940,B, ,BLACKBERRY LTD,BBRY
65986, , ,9/30/11,Waterloo,BlackBerry Ltd,4520,452020,45,45202030,B,CAN,334220,3663,180,940,B, ,BLACKBERRY LTD,BBRY
65986, , ,10/31/11,Waterloo,BlackBerry Ltd,4520,452020,45,45202030,B,CAN,334220,3663,180,940,B, ,BLACKBERRY LTD,BBRY
65986, , ,11/30/11,Waterloo,BlackBerry Ltd,4520,452020,45,45202030,B,CAN,334220,3663,180,940,B, ,BLACKBERRY LTD,BBRY
65986, , ,12/31/11,Waterloo,BlackBerry Ltd,4520,452020,45,45202030,B,CAN,334220,3663,180,940,B, ,BLACKBERRY LTD,BBRY
65986, , ,1/31/12,Waterloo,BlackBerry Ltd,4520,452020,45,45202030,B,CAN,334220,3663,180,940,B, ,BLACKBERRY LTD,BBRY
65986, , ,2/29/12,Waterloo,BlackBerry Ltd,4520,452020,45,45202030,B,CAN,334220,3663,180,940,B, ,BLACKBERRY LTD,BBRY
65986, , ,3/31/12,Waterloo,BlackBerry Ltd,4520,452020,45,45202030,B,CAN,334220,3663,180,940,B, ,BLACKBERRY LTD,BBRY
65986, , ,4/30/12,Waterloo,BlackBerry Ltd,4520,452020,45,45202030,B,CAN,334220,3663,180,940,B, ,BLACKBERRY LTD,BBRY
65986, , ,5/31/12,Waterloo,BlackBerry Ltd,4520,452020,45,45202030,B,CAN,334220,3663,180,940,B, ,BLACKBERRY LTD,BBRY
65986, , ,6/30/12,Waterloo,BlackBerry Ltd,4520,452020,45,45202030,B,CAN,334220,3663,180,940,B, ,BLACKBERRY LTD,BBRY
65986, , ,7/31/12,Waterloo,BlackBerry Ltd,4520,452020,45,45202030,B,CAN,334220,3663,180,940,B, ,BLACKBERRY LTD,BBRY
65986, , ,8/31/12,Waterloo,BlackBerry Ltd,4520,452020,45,45202030,B,CAN,334220,3663,180,940,B, ,BLACKBERRY LTD,BBRY
65986, , ,9/30/12,Waterloo,BlackBerry Ltd,4520,452020,45,45202030,B,CAN,334220,3663,180,940,B, ,BLACKBERRY LTD,BBRY
65986, , ,10/31/12,Waterloo,BlackBerry Ltd,4520,452020,45,45202030,B,CAN,334220,3663,180,940,B, ,BLACKBERRY LTD,BBRY
65986, , ,11/30/12,Waterloo,BlackBerry Ltd,4520,452020,45,45202030,B,CAN,334220,3663,180,940,B, ,BLACKBERRY LTD,BBRY
65986, , ,12/31/12,Waterloo,BlackBerry Ltd,4520,452020,45,45202030,B,CAN,334220,3663,180,940,B, ,BLACKBERRY LTD,BBRY
65986, , ,1/31/13,Waterloo,BlackBerry Ltd,4520,452020,45,45202030,B,CAN,334220,3663,180,940,B, ,BLACKBERRY LTD,BBRY
65986, , ,2/28/13,Waterloo,BlackBerry Ltd,4520,452020,45,45202030,B,CAN,334220,3663,180,940,B, ,BLACKBERRY LTD,BBRY
65986, , ,3/31/13,Waterloo,BlackBerry Ltd,4520,452020,45,45202030,B,CAN,334220,3663,180,940,B, ,BLACKBERRY LTD,BBRY
65986, , ,4/30/13,Waterloo,BlackBerry Ltd,4520,452020,45,45202030,B,CAN,334220,3663,180,940,B, ,BLACKBERRY LTD,BBRY
65986, , ,5/31/13,Waterloo,BlackBerry Ltd,4520,452020,45,45202030,B,CAN,334220,3663,180,940,B, ,BLACKBERRY LTD,BBRY
65986, , ,6/30/13,Waterloo,BlackBerry Ltd,4520,452020,45,45202030,B,CAN,334220,3663,180,940,B, ,BLACKBERRY LTD,BBRY
65986, , ,7/31/13,Waterloo,BlackBerry Ltd,4520,452020,45,45202030,B,CAN,334220,3663,180,940,B, ,BLACKBERRY LTD,BBRY
65986, , ,8/31/13,Waterloo,BlackBerry Ltd,4520,452020,45,45202030,B,CAN,334220,3663,180,940,B, ,BLACKBERRY LTD,BBRY
65986, , ,9/30/13,Waterloo,BlackBerry Ltd,4520,452020,45,45202030,B,CAN,334220,3663,180,940,B, ,BLACKBERRY LTD,BBRY
65986, , ,10/31/13,Waterloo,BlackBerry Ltd,4520,452020,45,45202030,B,CAN,334220,3663,180,940,B, ,BLACKBERRY LTD,BBRY
66123, , ,1/31/10,Albuquerque,Advanced Optics Electronics,4520,452030,45,45203010,D,USA,334119,3577,188,940, ,NM,ADVANCED OPTICS ELECTRONICS,ADOT
66123, , ,2/28/10,Albuquerque,Advanced Optics Electronics,4520,452030,45,45203010,D,USA,334119,3577,188,940, ,NM,ADVANCED OPTICS ELECTRONICS,ADOT
66123, , ,3/31/10,Albuquerque,Advanced Optics Electronics,4520,452030,45,45203010,D,USA,334119,3577,188,940, ,NM,ADVANCED OPTICS ELECTRONICS,ADOT
66123, , ,4/30/10,Albuquerque,Advanced Optics Electronics,4520,452030,45,45203010,D,USA,334119,3577,188,940, ,NM,ADVANCED OPTICS ELECTRONICS,ADOT
66123, , ,5/31/10,Albuquerque,Advanced Optics Electronics,4520,452030,45,45203010,D,USA,334119,3577,188,940, ,NM,ADVANCED OPTICS ELECTRONICS,ADOT
66123, , ,6/30/10,Albuquerque,Advanced Optics Electronics,4520,452030,45,45203010,D,USA,334119,3577,188,940, ,NM,ADVANCED OPTICS ELECTRONICS,ADOT
66123, , ,7/31/10,Albuquerque,Advanced Optics Electronics,4520,452030,45,45203010,D,USA,334119,3577,188,940, ,NM,ADVANCED OPTICS ELECTRONICS,ADOT
66123, , ,8/31/10,Albuquerque,Advanced Optics Electronics,4520,452030,45,45203010,D,USA,334119,3577,188,940, ,NM,ADVANCED OPTICS ELECTRONICS,ADOT
66123, , ,9/30/10,Albuquerque,Advanced Optics Electronics,4520,452030,45,45203010,D,USA,334119,3577,188,940, ,NM,ADVANCED OPTICS ELECTRONICS,ADOT
66123, , ,10/31/10,Albuquerque,Advanced Optics Electronics,4520,452030,45,45203010,D,USA,334119,3577,188,940, ,NM,ADVANCED OPTICS ELECTRONICS,ADOT
66123, , ,11/30/10,Albuquerque,Advanced Optics Electronics,4520,452030,45,45203010,D,USA,334119,3577,188,940, ,NM,ADVANCED OPTICS ELECTRONICS,ADOT
66123, , ,12/31/10,Albuquerque,Advanced Optics Electronics,4520,452030,45,45203010,D,USA,334119,3577,188,940, ,NM,ADVANCED OPTICS ELECTRONICS,ADOT
66123, , ,1/31/11,Albuquerque,Advanced Optics Electronics,4520,452030,45,45203010,D,USA,334119,3577,188,940, ,NM,ADVANCED OPTICS ELECTRONICS,ADOT
66123, , ,2/28/11,Albuquerque,Advanced Optics Electronics,4520,452030,45,45203010,D,USA,334119,3577,188,940, ,NM,ADVANCED OPTICS ELECTRONICS,ADOT
66123, , ,4/30/11,Albuquerque,Advanced Optics Electronics,4520,452030,45,45203010,D,USA,334119,3577,188,940, ,NM,ADVANCED OPTICS ELECTRONICS,ADOT
66157, , ,1/31/10,New York,Trimol Group Inc,4520,452020,45,45202010,D,USA,541512,9995, , ,C,NY,TRIMOL GROUP INC,TMOL
66157, , ,2/28/10,New York,Trimol Group Inc,4520,452020,45,45202010,D,USA,541512,9995, , ,C,NY,TRIMOL GROUP INC,TMOL
66157, , ,3/31/10,New York,Trimol Group Inc,4520,452020,45,45202010,D,USA,541512,9995, , ,C,NY,TRIMOL GROUP INC,TMOL
66157, , ,4/30/10,New York,Trimol Group Inc,4520,452020,45,45202010,D,USA,541512,9995, , ,C,NY,TRIMOL GROUP INC,TMOL
66157, , ,5/31/10,New York,Trimol Group Inc,4520,452020,45,45202010,D,USA,541512,9995, , ,C,NY,TRIMOL GROUP INC,TMOL
66157, , ,6/30/10,New York,Trimol Group Inc,4520,452020,45,45202010,D,USA,541512,9995, , ,C,NY,TRIMOL GROUP INC,TMOL
66157, , ,7/31/10,New York,Trimol Group Inc,4520,452020,45,45202010,D,USA,541512,9995, , ,C,NY,TRIMOL GROUP INC,TMOL
66157, , ,8/31/10,New York,Trimol Group Inc,4520,452020,45,45202010,D,USA,541512,9995, , ,C,NY,TRIMOL GROUP INC,TMOL
66157, , ,9/30/10,New York,Trimol Group Inc,4520,452020,45,45202010,D,USA,541512,9995, , ,C,NY,TRIMOL GROUP INC,TMOL
66157, , ,10/31/10,New York,Trimol Group Inc,4520,452020,45,45202010,D,USA,541512,9995, , ,C,NY,TRIMOL GROUP INC,TMOL
66157, , ,11/30/10,New York,Trimol Group Inc,4520,452020,45,45202010,D,USA,541512,9995, , ,C,NY,TRIMOL GROUP INC,TMOL
66157, , ,12/31/10,New York,Trimol Group Inc,4520,452020,45,45202010,D,USA,541512,9995, , ,C,NY,TRIMOL GROUP INC,TMOL
66157, , ,1/31/11,New York,Trimol Group Inc,4520,452020,45,45202010,D,USA,541512,9995, , ,C,NY,TRIMOL GROUP INC,TMOL
66157, , ,2/28/11,New York,Trimol Group Inc,4520,452020,45,45202010,D,USA,541512,9995, , ,C,NY,TRIMOL GROUP INC,TMOL
66157, , ,3/31/11,New York,Trimol Group Inc,4520,452020,45,45202010,D,USA,541512,9995, , ,C,NY,TRIMOL GROUP INC,TMOL
66157, , ,4/30/11,New York,Trimol Group Inc,4520,452020,45,45202010,D,USA,541512,9995, , ,C,NY,TRIMOL GROUP INC,TMOL
66157, , ,5/31/11,New York,Trimol Group Inc,4520,452020,45,45202010,D,USA,541512,9995, , ,C,NY,TRIMOL GROUP INC,TMOL
66157, , ,6/30/11,New York,Trimol Group Inc,4520,452020,45,45202010,D,USA,541512,9995, , ,C,NY,TRIMOL GROUP INC,TMOL
66157, , ,7/31/11,New York,Trimol Group Inc,4520,452020,45,45202010,D,USA,541512,9995, , ,C,NY,TRIMOL GROUP INC,TMOL
66157, , ,8/31/11,New York,Trimol Group Inc,4520,452020,45,45202010,D,USA,541512,9995, , ,C,NY,TRIMOL GROUP INC,TMOL
66157, , ,9/30/11,New York,Trimol Group Inc,4520,452020,45,45202010,D,USA,541512,9995, , ,C,NY,TRIMOL GROUP INC,TMOL
66157, , ,10/31/11,New York,Trimol Group Inc,4520,452020,45,45202010,D,USA,541512,9995, , ,C,NY,TRIMOL GROUP INC,TMOL
66157, , ,11/30/11,New York,Trimol Group Inc,4520,452020,45,45202010,D,USA,541512,9995, , ,C,NY,TRIMOL GROUP INC,TMOL
66157, , ,12/31/11,New York,Trimol Group Inc,4520,452020,45,45202010,D,USA,541512,9995, , ,C,NY,TRIMOL GROUP INC,TMOL
66157, , ,1/31/12,New York,Trimol Group Inc,4520,452020,45,45202010,D,USA,541512,9995, , ,C,NY,TRIMOL GROUP INC,TMOL
66157, , ,2/29/12,New York,Trimol Group Inc,4520,452020,45,45202010,D,USA,541512,9995, , ,C,NY,TRIMOL GROUP INC,TMOL
66157, , ,3/31/12,New York,Trimol Group Inc,4520,452020,45,45202010,D,USA,541512,9995, , ,C,NY,TRIMOL GROUP INC,TMOL
66157, , ,4/30/12,New York,Trimol Group Inc,4520,452020,45,45202010,D,USA,541512,9995, , ,C,NY,TRIMOL GROUP INC,TMOL
66157, , ,5/31/12,New York,Trimol Group Inc,4520,452020,45,45202010,D,USA,541512,9995, , ,C,NY,TRIMOL GROUP INC,TMOL
66157, , ,6/30/12,New York,Trimol Group Inc,4520,452020,45,45202010,D,USA,541512,9995, , ,C,NY,TRIMOL GROUP INC,TMOL
66157, , ,7/31/12,New York,Trimol Group Inc,4520,452020,45,45202010,D,USA,541512,9995, , ,C,NY,TRIMOL GROUP INC,TMOL
66157, , ,8/31/12,New York,Trimol Group Inc,4520,452020,45,45202010,D,USA,541512,9995, , ,C,NY,TRIMOL GROUP INC,TMOL
66157, , ,9/30/12,New York,Trimol Group Inc,4520,452020,45,45202010,D,USA,541512,9995, , ,C,NY,TRIMOL GROUP INC,TMOL
66157, , ,10/31/12,New York,Trimol Group Inc,4520,452020,45,45202010,D,USA,541512,9995, , ,C,NY,TRIMOL GROUP INC,TMOL
66157, , ,11/30/12,New York,Trimol Group Inc,4520,452020,45,45202010,D,USA,541512,9995, , ,C,NY,TRIMOL GROUP INC,TMOL
66157, , ,12/31/12,New York,Trimol Group Inc,4520,452020,45,45202010,D,USA,541512,9995, , ,C,NY,TRIMOL GROUP INC,TMOL
66157, , ,1/31/13,New York,Trimol Group Inc,4520,452020,45,45202010,D,USA,541512,9995, , ,C,NY,TRIMOL GROUP INC,TMOL
66157, , ,2/28/13,New York,Trimol Group Inc,4520,452020,45,45202010,D,USA,541512,9995, , ,C,NY,TRIMOL GROUP INC,TMOL
66157, , ,3/31/13,New York,Trimol Group Inc,4520,452020,45,45202010,D,USA,541512,9995, , ,C,NY,TRIMOL GROUP INC,TMOL
66157, , ,4/30/13,New York,Trimol Group Inc,4520,452020,45,45202010,D,USA,541512,9995, , ,C,NY,TRIMOL GROUP INC,TMOL
66157, , ,5/31/13,New York,Trimol Group Inc,4520,452020,45,45202010,D,USA,541512,9995, , ,C,NY,TRIMOL GROUP INC,TMOL
66157, , ,6/30/13,New York,Trimol Group Inc,4520,452020,45,45202010,D,USA,541512,9995, , ,C,NY,TRIMOL GROUP INC,TMOL
66157, , ,7/31/13,New York,Trimol Group Inc,4520,452020,45,45202010,D,USA,541512,9995, , ,C,NY,TRIMOL GROUP INC,TMOL
66157, , ,8/31/13,New York,Trimol Group Inc,4520,452020,45,45202010,D,USA,541512,9995, , ,C,NY,TRIMOL GROUP INC,TMOL
66157, , ,9/30/13,New York,Trimol Group Inc,4520,452020,45,45202010,D,USA,541512,9995, , ,C,NY,TRIMOL GROUP INC,TMOL
66157, , ,10/31/13,New York,Trimol Group Inc,4520,452020,45,45202010,D,USA,541512,9995, , ,C,NY,TRIMOL GROUP INC,TMOL
66222, , ,1/31/10,Los Angeles,Matech Corp,4520,452030,45,45203010,D,USA,334513,3823,230,940, ,CA,MATECH CORP,MTCH
66222, , ,2/28/10,Los Angeles,Matech Corp,4520,452030,45,45203010,D,USA,334513,3823,230,940, ,CA,MATECH CORP,MTCH
66222, , ,3/31/10,Los Angeles,Matech Corp,4520,452030,45,45203010,D,USA,334513,3823,230,940, ,CA,MATECH CORP,MTCH
66222, , ,4/30/10,Los Angeles,Matech Corp,4520,452030,45,45203010,D,USA,334513,3823,230,940, ,CA,MATECH CORP,MTCH
66222, , ,5/31/10,Los Angeles,Matech Corp,4520,452030,45,45203010,D,USA,334513,3823,230,940, ,CA,MATECH CORP,MTCH
66222, , ,6/30/10,Los Angeles,Matech Corp,4520,452030,45,45203010,D,USA,334513,3823,230,940, ,CA,MATECH CORP,MTCH
66222, , ,7/31/10,Los Angeles,Matech Corp,4520,452030,45,45203010,D,USA,334513,3823,230,940, ,CA,MATECH CORP,MTCH
66222, , ,8/31/10,Los Angeles,Matech Corp,4520,452030,45,45203010,D,USA,334513,3823,230,940, ,CA,MATECH CORP,MTCH
66222, , ,9/30/10,Los Angeles,Matech Corp,4520,452030,45,45203010,D,USA,334513,3823,230,940, ,CA,MATECH CORP,MTCH
66222, , ,10/31/10,Los Angeles,Matech Corp,4520,452030,45,45203010,D,USA,334513,3823,230,940, ,CA,MATECH CORP,MTCH
66222, , ,11/30/10,Los Angeles,Matech Corp,4520,452030,45,45203010,D,USA,334513,3823,230,940, ,CA,MATECH CORP,MTCH
66222, , ,12/31/10,Los Angeles,Matech Corp,4520,452030,45,45203010,D,USA,334513,3823,230,940, ,CA,MATECH CORP,MTCH
66222, , ,1/31/11,Los Angeles,Matech Corp,4520,452030,45,45203010,D,USA,334513,3823,230,940, ,CA,MATECH CORP,MTCH
66222, , ,2/28/11,Los Angeles,Matech Corp,4520,452030,45,45203010,D,USA,334513,3823,230,940, ,CA,MATECH CORP,MTCH
66222, , ,3/31/11,Los Angeles,Matech Corp,4520,452030,45,45203010,D,USA,334513,3823,230,940, ,CA,MATECH CORP,MTCH
66222, , ,4/30/11,Los Angeles,Matech Corp,4520,452030,45,45203010,D,USA,334513,3823,230,940, ,CA,MATECH CORP,MTCH
66222, , ,5/31/11,Los Angeles,Matech Corp,4520,452030,45,45203010,D,USA,334513,3823,230,940, ,CA,MATECH CORP,MTCH
66222, , ,6/30/11,Los Angeles,Matech Corp,4520,452030,45,45203010,D,USA,334513,3823,230,940, ,CA,MATECH CORP,MTCH
66222, , ,7/31/11,Los Angeles,Matech Corp,4520,452030,45,45203010,D,USA,334513,3823,230,940, ,CA,MATECH CORP,MTCH
66222, , ,8/31/11,Los Angeles,Matech Corp,4520,452030,45,45203010,D,USA,334513,3823,230,940, ,CA,MATECH CORP,MTCH
66222, , ,9/30/11,Los Angeles,Matech Corp,4520,452030,45,45203010,D,USA,334513,3823,230,940, ,CA,MATECH CORP,MTCH
66222, , ,10/31/11,Los Angeles,Matech Corp,4520,452030,45,45203010,D,USA,334513,3823,230,940, ,CA,MATECH CORP,MTCH
66222, , ,11/30/11,Los Angeles,Matech Corp,4520,452030,45,45203010,D,USA,334513,3823,230,940, ,CA,MATECH CORP,MTCH
66222, , ,12/31/11,Los Angeles,Matech Corp,4520,452030,45,45203010,D,USA,334513,3823,230,940, ,CA,MATECH CORP,MTCH
66222, , ,1/31/12,Los Angeles,Matech Corp,4520,452030,45,45203010,D,USA,334513,3823,230,940, ,CA,MATECH CORP,MTCH
66222, , ,2/29/12,Los Angeles,Matech Corp,4520,452030,45,45203010,D,USA,334513,3823,230,940, ,CA,MATECH CORP,MTCH
66222, , ,3/31/12,Los Angeles,Matech Corp,4520,452030,45,45203010,D,USA,334513,3823,230,940, ,CA,MATECH CORP,MTCH
66222, , ,4/30/12,Los Angeles,Matech Corp,4520,452030,45,45203010,D,USA,334513,3823,230,940, ,CA,MATECH CORP,MTCH
66222, , ,5/31/12,Los Angeles,Matech Corp,4520,452030,45,45203010,D,USA,334513,3823,230,940, ,CA,MATECH CORP,MTCH
66222, , ,6/30/12,Los Angeles,Matech Corp,4520,452030,45,45203010,D,USA,334513,3823,230,940, ,CA,MATECH CORP,MTCH
66222, , ,7/31/12,Los Angeles,Matech Corp,4520,452030,45,45203010,D,USA,334513,3823,230,940, ,CA,MATECH CORP,MTCH
66222, , ,8/31/12,Los Angeles,Matech Corp,4520,452030,45,45203010,D,USA,334513,3823,230,940, ,CA,MATECH CORP,MTCH
66222, , ,9/30/12,Los Angeles,Matech Corp,4520,452030,45,45203010,D,USA,334513,3823,230,940, ,CA,MATECH CORP,MTCH
66222, , ,10/31/12,Los Angeles,Matech Corp,4520,452030,45,45203010,D,USA,334513,3823,230,940, ,CA,MATECH CORP,MTCH
66222, , ,11/30/12,Los Angeles,Matech Corp,4520,452030,45,45203010,D,USA,334513,3823,230,940, ,CA,MATECH CORP,MTCH
66222, , ,12/31/12,Los Angeles,Matech Corp,4520,452030,45,45203010,D,USA,334513,3823,230,940, ,CA,MATECH CORP,MTCH
66222, , ,1/31/13,Los Angeles,Matech Corp,4520,452030,45,45203010,D,USA,334513,3823,230,940, ,CA,MATECH CORP,MTCH
66222, , ,2/28/13,Los Angeles,Matech Corp,4520,452030,45,45203010,D,USA,334513,3823,230,940, ,CA,MATECH CORP,MTCH
66222, , ,3/31/13,Los Angeles,Matech Corp,4520,452030,45,45203010,D,USA,334513,3823,230,940, ,CA,MATECH CORP,MTCH
66222, , ,4/30/13,Los Angeles,Matech Corp,4520,452030,45,45203010,D,USA,334513,3823,230,940, ,CA,MATECH CORP,MTCH
66222, , ,5/31/13,Los Angeles,Matech Corp,4520,452030,45,45203010,D,USA,334513,3823,230,940, ,CA,MATECH CORP,MTCH
66222, , ,6/30/13,Los Angeles,Matech Corp,4520,452030,45,45203010,D,USA,334513,3823,230,940, ,CA,MATECH CORP,MTCH
66222, , ,7/31/13,Los Angeles,Matech Corp,4520,452030,45,45203010,D,USA,334513,3823,230,940, ,CA,MATECH CORP,MTCH
66222, , ,8/31/13,Los Angeles,Matech Corp,4520,452030,45,45203010,D,USA,334513,3823,230,940, ,CA,MATECH CORP,MTCH
66222, , ,9/30/13,Los Angeles,Matech Corp,4520,452030,45,45203010,D,USA,334513,3823,230,940, ,CA,MATECH CORP,MTCH
66222, , ,10/31/13,Los Angeles,Matech Corp,4520,452030,45,45203010,D,USA,334513,3823,230,940, ,CA,MATECH CORP,MTCH
66275, , ,1/31/10,Scottsdale,Inplay Technologies Inc,4520,452030,45,45203020,D,USA,334118,3577,220,925, ,AZ,INPLAY TECHNOLOGIES INC,DRA
66275, , ,2/28/10,Scottsdale,Inplay Technologies Inc,4520,452030,45,45203020,D,USA,334118,3577,220,925, ,AZ,INPLAY TECHNOLOGIES INC,DRA
66378, , ,1/31/10,Newport Beach,World Am Inc,4520,452030,45,45203010,D,USA,334290,3669,175,976, ,CA,WORLD AM INC,WOAM
66378, , ,2/28/10,Newport Beach,World Am Inc,4520,452030,45,45203010,D,USA,334290,3669,175,976, ,CA,WORLD AM INC,WOAM
66378, , ,3/31/10,Newport Beach,World Am Inc,4520,452030,45,45203010,D,USA,334290,3669,175,976, ,CA,WORLD AM INC,WOAM
66378, , ,4/30/10,Newport Beach,World Am Inc,4520,452030,45,45203010,D,USA,334290,3669,175,976, ,CA,WORLD AM INC,WOAM
66378, , ,5/31/10,Newport Beach,World Am Inc,4520,452030,45,45203010,D,USA,334290,3669,175,976, ,CA,WORLD AM INC,WOAM
66378, , ,6/30/10,Newport Beach,World Am Inc,4520,452030,45,45203010,D,USA,334290,3669,175,976, ,CA,WORLD AM INC,WOAM
66378, , ,7/31/10,Newport Beach,World Am Inc,4520,452030,45,45203010,D,USA,334290,3669,175,976, ,CA,WORLD AM INC,WOAM
66378, , ,8/31/10,Newport Beach,World Am Inc,4520,452030,45,45203010,D,USA,334290,3669,175,976, ,CA,WORLD AM INC,WOAM
66378, , ,9/30/10,Newport Beach,World Am Inc,4520,452030,45,45203010,D,USA,334290,3669,175,976, ,CA,WORLD AM INC,WOAM
66378, , ,10/31/10,Newport Beach,World Am Inc,4520,452030,45,45203010,D,USA,334290,3669,175,976, ,CA,WORLD AM INC,WOAM
66378, , ,11/30/10,Newport Beach,World Am Inc,4520,452030,45,45203010,D,USA,334290,3669,175,976, ,CA,WORLD AM INC,WOAM
66378, , ,12/31/10,Newport Beach,World Am Inc,4520,452030,45,45203010,D,USA,334290,3669,175,976, ,CA,WORLD AM INC,WOAM
66378, , ,1/31/11,Newport Beach,World Am Inc,4520,452030,45,45203010,D,USA,334290,3669,175,976, ,CA,WORLD AM INC,WOAM
66378, , ,2/28/11,Newport Beach,World Am Inc,4520,452030,45,45203010,D,USA,334290,3669,175,976, ,CA,WORLD AM INC,WOAM
66378, , ,3/31/11,Newport Beach,World Am Inc,4520,452030,45,45203010,D,USA,334290,3669,175,976, ,CA,WORLD AM INC,WOAM
66378, , ,4/30/11,Newport Beach,World Am Inc,4520,452030,45,45203010,D,USA,334290,3669,175,976, ,CA,WORLD AM INC,WOAM
66378, , ,5/31/11,Newport Beach,World Am Inc,4520,452030,45,45203010,D,USA,334290,3669,175,976, ,CA,WORLD AM INC,WOAM
66378, , ,6/30/11,Newport Beach,World Am Inc,4520,452030,45,45203010,D,USA,334290,3669,175,976, ,CA,WORLD AM INC,WOAM
66378, , ,7/31/11,Newport Beach,World Am Inc,4520,452030,45,45203010,D,USA,334290,3669,175,976, ,CA,WORLD AM INC,WOAM
66378, , ,8/31/11,Newport Beach,World Am Inc,4520,452030,45,45203010,D,USA,334290,3669,175,976, ,CA,WORLD AM INC,WOAM
66378, , ,9/30/11,Newport Beach,World Am Inc,4520,452030,45,45203010,D,USA,334290,3669,175,976, ,CA,WORLD AM INC,WOAM
66378, , ,10/31/11,Newport Beach,World Am Inc,4520,452030,45,45203010,D,USA,334290,3669,175,976, ,CA,WORLD AM INC,WOAM
66378, , ,11/30/11,Newport Beach,World Am Inc,4520,452030,45,45203010,D,USA,334290,3669,175,976, ,CA,WORLD AM INC,WOAM
66378, , ,12/31/11,Newport Beach,World Am Inc,4520,452030,45,45203010,D,USA,334290,3669,175,976, ,CA,WORLD AM INC,WOAM
66378, , ,1/31/12,Newport Beach,World Am Inc,4520,452030,45,45203010,D,USA,334290,3669,175,976, ,CA,WORLD AM INC,WOAM
66378, , ,2/29/12,Newport Beach,World Am Inc,4520,452030,45,45203010,D,USA,334290,3669,175,976, ,CA,WORLD AM INC,WOAM
66378, , ,3/31/12,Newport Beach,World Am Inc,4520,452030,45,45203010,D,USA,334290,3669,175,976, ,CA,WORLD AM INC,WOAM
66378, , ,4/30/12,Newport Beach,World Am Inc,4520,452030,45,45203010,D,USA,334290,3669,175,976, ,CA,WORLD AM INC,WOAM
66378, , ,5/31/12,Newport Beach,World Am Inc,4520,452030,45,45203010,D,USA,334290,3669,175,976, ,CA,WORLD AM INC,WOAM
66378, , ,6/30/12,Newport Beach,World Am Inc,4520,452030,45,45203010,D,USA,334290,3669,175,976, ,CA,WORLD AM INC,WOAM
66378, , ,7/31/12,Newport Beach,World Am Inc,4520,452030,45,45203010,D,USA,334290,3669,175,976, ,CA,WORLD AM INC,WOAM
66378, , ,8/31/12,Newport Beach,World Am Inc,4520,452030,45,45203010,D,USA,334290,3669,175,976, ,CA,WORLD AM INC,WOAM
66378, , ,9/30/12,Newport Beach,World Am Inc,4520,452030,45,45203010,D,USA,334290,3669,175,976, ,CA,WORLD AM INC,WOAM
66378, , ,10/31/12,Newport Beach,World Am Inc,4520,452030,45,45203010,D,USA,334290,3669,175,976, ,CA,WORLD AM INC,WOAM
66378, , ,11/30/12,Newport Beach,World Am Inc,4520,452030,45,45203010,D,USA,334290,3669,175,976, ,CA,WORLD AM INC,WOAM
66378, , ,12/31/12,Newport Beach,World Am Inc,4520,452030,45,45203010,D,USA,334290,3669,175,976, ,CA,WORLD AM INC,WOAM
66378, , ,1/31/13,Newport Beach,World Am Inc,4520,452030,45,45203010,D,USA,334290,3669,175,976, ,CA,WORLD AM INC,WOAM
66378, , ,2/28/13,Newport Beach,World Am Inc,4520,452030,45,45203010,D,USA,334290,3669,175,976, ,CA,WORLD AM INC,WOAM
66378, , ,3/31/13,Newport Beach,World Am Inc,4520,452030,45,45203010,D,USA,334290,3669,175,976, ,CA,WORLD AM INC,WOAM
66378, , ,4/30/13,Newport Beach,World Am Inc,4520,452030,45,45203010,D,USA,334290,3669,175,976, ,CA,WORLD AM INC,WOAM
66378, , ,5/31/13,Newport Beach,World Am Inc,4520,452030,45,45203010,D,USA,334290,3669,175,976, ,CA,WORLD AM INC,WOAM
66378, , ,6/30/13,Newport Beach,World Am Inc,4520,452030,45,45203010,D,USA,334290,3669,175,976, ,CA,WORLD AM INC,WOAM
66378, , ,7/31/13,Newport Beach,World Am Inc,4520,452030,45,45203010,D,USA,334290,3669,175,976, ,CA,WORLD AM INC,WOAM
66378, , ,8/31/13,Newport Beach,World Am Inc,4520,452030,45,45203010,D,USA,334290,3669,175,976, ,CA,WORLD AM INC,WOAM
66378, , ,9/30/13,Newport Beach,World Am Inc,4520,452030,45,45203010,D,USA,334290,3669,175,976, ,CA,WORLD AM INC,WOAM
66378, , ,10/31/13,Newport Beach,World Am Inc,4520,452030,45,45203010,D,USA,334290,3669,175,976, ,CA,WORLD AM INC,WOAM
66393, , ,1/31/10,Chelmsford,Mercury Systems Inc,4520,452030,45,45203020,D,USA,541512,7373,225,940,B-,MA,MERCURY SYSTEMS INC,MRCY
66393, , ,2/28/10,Chelmsford,Mercury Systems Inc,4520,452030,45,45203020,D,USA,541512,7373,225,940,B-,MA,MERCURY SYSTEMS INC,MRCY
66393, , ,3/31/10,Chelmsford,Mercury Systems Inc,4520,452030,45,45203020,D,USA,541512,7373,225,940,B-,MA,MERCURY SYSTEMS INC,MRCY
66393, , ,4/30/10,Chelmsford,Mercury Systems Inc,4520,452030,45,45203020,D,USA,541512,7373,225,940,B-,MA,MERCURY SYSTEMS INC,MRCY
66393, , ,5/31/10,Chelmsford,Mercury Systems Inc,4520,452030,45,45203020,D,USA,541512,7373,225,940,B-,MA,MERCURY SYSTEMS INC,MRCY
66393, , ,6/30/10,Chelmsford,Mercury Systems Inc,4520,452030,45,45203020,D,USA,541512,7373,225,940,B-,MA,MERCURY SYSTEMS INC,MRCY
66393, , ,7/31/10,Chelmsford,Mercury Systems Inc,4520,452030,45,45203020,D,USA,541512,7373,225,940,B-,MA,MERCURY SYSTEMS INC,MRCY
66393, , ,8/31/10,Chelmsford,Mercury Systems Inc,4520,452030,45,45203020,D,USA,541512,7373,225,940,B-,MA,MERCURY SYSTEMS INC,MRCY
66393, , ,9/30/10,Chelmsford,Mercury Systems Inc,4520,452030,45,45203020,D,USA,541512,7373,225,940,B-,MA,MERCURY SYSTEMS INC,MRCY
66393, , ,10/31/10,Chelmsford,Mercury Systems Inc,4520,452030,45,45203020,D,USA,541512,7373,225,940,B-,MA,MERCURY SYSTEMS INC,MRCY
66393, , ,11/30/10,Chelmsford,Mercury Systems Inc,4520,452030,45,45203020,D,USA,541512,7373,225,940,B-,MA,MERCURY SYSTEMS INC,MRCY
66393, , ,12/31/10,Chelmsford,Mercury Systems Inc,4520,452030,45,45203020,D,USA,541512,7373,225,940,B-,MA,MERCURY SYSTEMS INC,MRCY
66393, , ,1/31/11,Chelmsford,Mercury Systems Inc,4520,452030,45,45203020,D,USA,541512,7373,225,940,B-,MA,MERCURY SYSTEMS INC,MRCY
66393, , ,2/28/11,Chelmsford,Mercury Systems Inc,4520,452030,45,45203020,D,USA,541512,7373,225,940,B-,MA,MERCURY SYSTEMS INC,MRCY
66393, , ,3/31/11,Chelmsford,Mercury Systems Inc,4520,452030,45,45203020,D,USA,541512,7373,225,940,B-,MA,MERCURY SYSTEMS INC,MRCY
66393, , ,4/30/11,Chelmsford,Mercury Systems Inc,4520,452030,45,45203020,D,USA,541512,7373,225,940,B-,MA,MERCURY SYSTEMS INC,MRCY
66393, , ,5/31/11,Chelmsford,Mercury Systems Inc,4520,452030,45,45203020,D,USA,541512,7373,225,940,B-,MA,MERCURY SYSTEMS INC,MRCY
66393, , ,6/30/11,Chelmsford,Mercury Systems Inc,4520,452030,45,45203020,D,USA,541512,7373,225,940,B-,MA,MERCURY SYSTEMS INC,MRCY
66393, , ,7/31/11,Chelmsford,Mercury Systems Inc,4520,452030,45,45203020,D,USA,541512,7373,225,940,B-,MA,MERCURY SYSTEMS INC,MRCY
66393, , ,8/31/11,Chelmsford,Mercury Systems Inc,4520,452030,45,45203020,D,USA,541512,7373,225,940,B-,MA,MERCURY SYSTEMS INC,MRCY
66393, , ,9/30/11,Chelmsford,Mercury Systems Inc,4520,452030,45,45203020,D,USA,541512,7373,225,940,B-,MA,MERCURY SYSTEMS INC,MRCY
66393, , ,10/31/11,Chelmsford,Mercury Systems Inc,4520,452030,45,45203020,D,USA,541512,7373,225,940,B-,MA,MERCURY SYSTEMS INC,MRCY
66393, , ,11/30/11,Chelmsford,Mercury Systems Inc,4520,452030,45,45203020,D,USA,541512,7373,225,940,B-,MA,MERCURY SYSTEMS INC,MRCY
66393, , ,12/31/11,Chelmsford,Mercury Systems Inc,4520,452030,45,45203020,D,USA,541512,7373,225,940,B-,MA,MERCURY SYSTEMS INC,MRCY
66393, , ,1/31/12,Chelmsford,Mercury Systems Inc,4520,452030,45,45203020,D,USA,541512,7373,225,940,B-,MA,MERCURY SYSTEMS INC,MRCY
66393, , ,2/29/12,Chelmsford,Mercury Systems Inc,4520,452030,45,45203020,D,USA,541512,7373,225,940,B-,MA,MERCURY SYSTEMS INC,MRCY
66393, , ,3/31/12,Chelmsford,Mercury Systems Inc,4520,452030,45,45203020,D,USA,541512,7373,225,940,B-,MA,MERCURY SYSTEMS INC,MRCY
66393, , ,4/30/12,Chelmsford,Mercury Systems Inc,4520,452030,45,45203020,D,USA,541512,7373,225,940,B-,MA,MERCURY SYSTEMS INC,MRCY
66393, , ,5/31/12,Chelmsford,Mercury Systems Inc,4520,452030,45,45203020,D,USA,541512,7373,225,940,B-,MA,MERCURY SYSTEMS INC,MRCY
66393, , ,6/30/12,Chelmsford,Mercury Systems Inc,4520,452030,45,45203020,D,USA,541512,7373,225,940,B-,MA,MERCURY SYSTEMS INC,MRCY
66393, , ,7/31/12,Chelmsford,Mercury Systems Inc,4520,452030,45,45203020,D,USA,541512,7373,225,940,B-,MA,MERCURY SYSTEMS INC,MRCY
66393, , ,8/31/12,Chelmsford,Mercury Systems Inc,4520,452030,45,45203020,D,USA,541512,7373,225,940,B-,MA,MERCURY SYSTEMS INC,MRCY
66393, , ,9/30/12,Chelmsford,Mercury Systems Inc,4520,452030,45,45203020,D,USA,541512,7373,225,940,B-,MA,MERCURY SYSTEMS INC,MRCY
66393, , ,10/31/12,Chelmsford,Mercury Systems Inc,4520,452030,45,45203020,D,USA,541512,7373,225,940,B-,MA,MERCURY SYSTEMS INC,MRCY
66393, , ,11/30/12,Chelmsford,Mercury Systems Inc,4520,452030,45,45203020,D,USA,541512,7373,225,940,B-,MA,MERCURY SYSTEMS INC,MRCY
66393, , ,12/31/12,Chelmsford,Mercury Systems Inc,4520,452030,45,45203020,D,USA,541512,7373,225,940,B-,MA,MERCURY SYSTEMS INC,MRCY
66393, , ,1/31/13,Chelmsford,Mercury Systems Inc,4520,452030,45,45203020,D,USA,541512,7373,225,940,B-,MA,MERCURY SYSTEMS INC,MRCY
66393, , ,2/28/13,Chelmsford,Mercury Systems Inc,4520,452030,45,45203020,D,USA,541512,7373,225,940,B-,MA,MERCURY SYSTEMS INC,MRCY
66393, , ,3/31/13,Chelmsford,Mercury Systems Inc,4520,452030,45,45203020,D,USA,541512,7373,225,940,B-,MA,MERCURY SYSTEMS INC,MRCY
66393, , ,4/30/13,Chelmsford,Mercury Systems Inc,4520,452030,45,45203020,D,USA,541512,7373,225,940,B-,MA,MERCURY SYSTEMS INC,MRCY
66393, , ,5/31/13,Chelmsford,Mercury Systems Inc,4520,452030,45,45203020,D,USA,541512,7373,225,940,B-,MA,MERCURY SYSTEMS INC,MRCY
66393, , ,6/30/13,Chelmsford,Mercury Systems Inc,4520,452030,45,45203020,D,USA,541512,7373,225,940,B-,MA,MERCURY SYSTEMS INC,MRCY
66393, , ,7/31/13,Chelmsford,Mercury Systems Inc,4520,452030,45,45203020,D,USA,541512,7373,225,940,B-,MA,MERCURY SYSTEMS INC,MRCY
66393, , ,8/31/13,Chelmsford,Mercury Systems Inc,4520,452030,45,45203020,D,USA,541512,7373,225,940,B-,MA,MERCURY SYSTEMS INC,MRCY
66393, , ,9/30/13,Chelmsford,Mercury Systems Inc,4520,452030,45,45203020,D,USA,541512,7373,225,940,B-,MA,MERCURY SYSTEMS INC,MRCY
66393, , ,10/31/13,Chelmsford,Mercury Systems Inc,4520,452030,45,45203020,D,USA,541512,7373,225,940,B-,MA,MERCURY SYSTEMS INC,MRCY
66429, , ,1/31/10,North York,Ztest Electronics Inc,4520,452030,45,45203015,D,CAN,334515,3825,230,940,C,ON,ZTEST ELECTRONICS INC,ZTSTF
66429, , ,2/28/10,North York,Ztest Electronics Inc,4520,452030,45,45203015,D,CAN,334515,3825,230,940,C,ON,ZTEST ELECTRONICS INC,ZTSTF
66429, , ,3/31/10,North York,Ztest Electronics Inc,4520,452030,45,45203015,D,CAN,334515,3825,230,940,C,ON,ZTEST ELECTRONICS INC,ZTSTF
66429, , ,4/30/10,North York,Ztest Electronics Inc,4520,452030,45,45203015,D,CAN,334515,3825,230,940,C,ON,ZTEST ELECTRONICS INC,ZTSTF
66429, , ,5/31/10,North York,Ztest Electronics Inc,4520,452030,45,45203015,D,CAN,334515,3825,230,940,C,ON,ZTEST ELECTRONICS INC,ZTSTF
66429, , ,6/30/10,North York,Ztest Electronics Inc,4520,452030,45,45203015,D,CAN,334515,3825,230,940,C,ON,ZTEST ELECTRONICS INC,ZTSTF
66429, , ,7/31/10,North York,Ztest Electronics Inc,4520,452030,45,45203015,D,CAN,334515,3825,230,940,C,ON,ZTEST ELECTRONICS INC,ZTSTF
66429, , ,8/31/10,North York,Ztest Electronics Inc,4520,452030,45,45203015,D,CAN,334515,3825,230,940,C,ON,ZTEST ELECTRONICS INC,ZTSTF
66429, , ,9/30/10,North York,Ztest Electronics Inc,4520,452030,45,45203015,D,CAN,334515,3825,230,940,C,ON,ZTEST ELECTRONICS INC,ZTSTF
66429, , ,10/31/10,North York,Ztest Electronics Inc,4520,452030,45,45203015,D,CAN,334515,3825,230,940,C,ON,ZTEST ELECTRONICS INC,ZTSTF
66429, , ,11/30/10,North York,Ztest Electronics Inc,4520,452030,45,45203015,D,CAN,334515,3825,230,940,C,ON,ZTEST ELECTRONICS INC,ZTSTF
66429, , ,12/31/10,North York,Ztest Electronics Inc,4520,452030,45,45203015,D,CAN,334515,3825,230,940,C,ON,ZTEST ELECTRONICS INC,ZTSTF
66429, , ,1/31/11,North York,Ztest Electronics Inc,4520,452030,45,45203015,D,CAN,334515,3825,230,940,C,ON,ZTEST ELECTRONICS INC,ZTSTF
66429, , ,2/28/11,North York,Ztest Electronics Inc,4520,452030,45,45203015,D,CAN,334515,3825,230,940,C,ON,ZTEST ELECTRONICS INC,ZTSTF
66429, , ,3/31/11,North York,Ztest Electronics Inc,4520,452030,45,45203015,D,CAN,334515,3825,230,940,C,ON,ZTEST ELECTRONICS INC,ZTSTF
66429, , ,4/30/11,North York,Ztest Electronics Inc,4520,452030,45,45203015,D,CAN,334515,3825,230,940,C,ON,ZTEST ELECTRONICS INC,ZTSTF
66429, , ,5/31/11,North York,Ztest Electronics Inc,4520,452030,45,45203015,D,CAN,334515,3825,230,940,C,ON,ZTEST ELECTRONICS INC,ZTSTF
66429, , ,6/30/11,North York,Ztest Electronics Inc,4520,452030,45,45203015,D,CAN,334515,3825,230,940,C,ON,ZTEST ELECTRONICS INC,ZTSTF
66429, , ,7/31/11,North York,Ztest Electronics Inc,4520,452030,45,45203015,D,CAN,334515,3825,230,940,C,ON,ZTEST ELECTRONICS INC,ZTSTF
66429, , ,8/31/11,North York,Ztest Electronics Inc,4520,452030,45,45203015,D,CAN,334515,3825,230,940,C,ON,ZTEST ELECTRONICS INC,ZTSTF
66429, , ,9/30/11,North York,Ztest Electronics Inc,4520,452030,45,45203015,D,CAN,334515,3825,230,940,C,ON,ZTEST ELECTRONICS INC,ZTSTF
66429, , ,10/31/11,North York,Ztest Electronics Inc,4520,452030,45,45203015,D,CAN,334515,3825,230,940,C,ON,ZTEST ELECTRONICS INC,ZTSTF
66429, , ,11/30/11,North York,Ztest Electronics Inc,4520,452030,45,45203015,D,CAN,334515,3825,230,940,C,ON,ZTEST ELECTRONICS INC,ZTSTF
66429, , ,12/31/11,North York,Ztest Electronics Inc,4520,452030,45,45203015,D,CAN,334515,3825,230,940,C,ON,ZTEST ELECTRONICS INC,ZTSTF
66429, , ,1/31/12,North York,Ztest Electronics Inc,4520,452030,45,45203015,D,CAN,334515,3825,230,940,C,ON,ZTEST ELECTRONICS INC,ZTSTF
66429, , ,2/29/12,North York,Ztest Electronics Inc,4520,452030,45,45203015,D,CAN,334515,3825,230,940,C,ON,ZTEST ELECTRONICS INC,ZTSTF
66429, , ,3/31/12,North York,Ztest Electronics Inc,4520,452030,45,45203015,D,CAN,334515,3825,230,940,C,ON,ZTEST ELECTRONICS INC,ZTSTF
66429, , ,4/30/12,North York,Ztest Electronics Inc,4520,452030,45,45203015,D,CAN,334515,3825,230,940,C,ON,ZTEST ELECTRONICS INC,ZTSTF
66429, , ,5/31/12,North York,Ztest Electronics Inc,4520,452030,45,45203015,D,CAN,334515,3825,230,940,C,ON,ZTEST ELECTRONICS INC,ZTSTF
66429, , ,6/30/12,North York,Ztest Electronics Inc,4520,452030,45,45203015,D,CAN,334515,3825,230,940,C,ON,ZTEST ELECTRONICS INC,ZTSTF
66429, , ,7/31/12,North York,Ztest Electronics Inc,4520,452030,45,45203015,D,CAN,334515,3825,230,940,C,ON,ZTEST ELECTRONICS INC,ZTSTF
66429, , ,8/31/12,North York,Ztest Electronics Inc,4520,452030,45,45203015,D,CAN,334515,3825,230,940,C,ON,ZTEST ELECTRONICS INC,ZTSTF
66429, , ,9/30/12,North York,Ztest Electronics Inc,4520,452030,45,45203015,D,CAN,334515,3825,230,940,C,ON,ZTEST ELECTRONICS INC,ZTSTF
66429, , ,10/31/12,North York,Ztest Electronics Inc,4520,452030,45,45203015,D,CAN,334515,3825,230,940,C,ON,ZTEST ELECTRONICS INC,ZTSTF
66429, , ,11/30/12,North York,Ztest Electronics Inc,4520,452030,45,45203015,D,CAN,334515,3825,230,940,C,ON,ZTEST ELECTRONICS INC,ZTSTF
66429, , ,12/31/12,North York,Ztest Electronics Inc,4520,452030,45,45203015,D,CAN,334515,3825,230,940,C,ON,ZTEST ELECTRONICS INC,ZTSTF
66429, , ,1/31/13,North York,Ztest Electronics Inc,4520,452030,45,45203015,D,CAN,334515,3825,230,940,C,ON,ZTEST ELECTRONICS INC,ZTSTF
66429, , ,2/28/13,North York,Ztest Electronics Inc,4520,452030,45,45203015,D,CAN,334515,3825,230,940,C,ON,ZTEST ELECTRONICS INC,ZTSTF
66429, , ,3/31/13,North York,Ztest Electronics Inc,4520,452030,45,45203015,D,CAN,334515,3825,230,940,C,ON,ZTEST ELECTRONICS INC,ZTSTF
66429, , ,4/30/13,North York,Ztest Electronics Inc,4520,452030,45,45203015,D,CAN,334515,3825,230,940,C,ON,ZTEST ELECTRONICS INC,ZTSTF
66429, , ,5/31/13,North York,Ztest Electronics Inc,4520,452030,45,45203015,D,CAN,334515,3825,230,940,C,ON,ZTEST ELECTRONICS INC,ZTSTF
66429, , ,6/30/13,North York,Ztest Electronics Inc,4520,452030,45,45203015,D,CAN,334515,3825,230,940,C,ON,ZTEST ELECTRONICS INC,ZTSTF
66429, , ,7/31/13,North York,Ztest Electronics Inc,4520,452030,45,45203015,D,CAN,334515,3825,230,940,C,ON,ZTEST ELECTRONICS INC,ZTSTF
66429, , ,8/31/13,North York,Ztest Electronics Inc,4520,452030,45,45203015,D,CAN,334515,3825,230,940,C,ON,ZTEST ELECTRONICS INC,ZTSTF
66429, , ,9/30/13,North York,Ztest Electronics Inc,4520,452030,45,45203015,D,CAN,334515,3825,230,940,C,ON,ZTEST ELECTRONICS INC,ZTSTF
66429, , ,10/31/13,North York,Ztest Electronics Inc,4520,452030,45,45203015,D,CAN,334515,3825,230,940,C,ON,ZTEST ELECTRONICS INC,ZTSTF
66586, , ,1/31/10,Merrimack,PC Connection Inc,4520,452030,45,45203030,D,USA,454111,5961,447,976,B,NH,PC CONNECTION INC,PCCC
66586, , ,2/28/10,Merrimack,PC Connection Inc,4520,452030,45,45203030,D,USA,454111,5961,447,976,B,NH,PC CONNECTION INC,PCCC
66586, , ,3/31/10,Merrimack,PC Connection Inc,4520,452030,45,45203030,D,USA,454111,5961,447,976,B,NH,PC CONNECTION INC,PCCC
66586, , ,4/30/10,Merrimack,PC Connection Inc,4520,452030,45,45203030,D,USA,454111,5961,447,976,B,NH,PC CONNECTION INC,PCCC
66586, , ,5/31/10,Merrimack,PC Connection Inc,4520,452030,45,45203030,D,USA,454111,5961,447,976,B,NH,PC CONNECTION INC,PCCC
66586, , ,6/30/10,Merrimack,PC Connection Inc,4520,452030,45,45203030,D,USA,454111,5961,447,976,B,NH,PC CONNECTION INC,PCCC
66586, , ,7/31/10,Merrimack,PC Connection Inc,4520,452030,45,45203030,D,USA,454111,5961,447,976,B,NH,PC CONNECTION INC,PCCC
66586, , ,8/31/10,Merrimack,PC Connection Inc,4520,452030,45,45203030,D,USA,454111,5961,447,976,B,NH,PC CONNECTION INC,PCCC
66586, , ,9/30/10,Merrimack,PC Connection Inc,4520,452030,45,45203030,D,USA,454111,5961,447,976,B,NH,PC CONNECTION INC,PCCC
66586, , ,10/31/10,Merrimack,PC Connection Inc,4520,452030,45,45203030,D,USA,454111,5961,447,976,B,NH,PC CONNECTION INC,PCCC
66586, , ,11/30/10,Merrimack,PC Connection Inc,4520,452030,45,45203030,D,USA,454111,5961,447,976,B,NH,PC CONNECTION INC,PCCC
66586, , ,12/31/10,Merrimack,PC Connection Inc,4520,452030,45,45203030,D,USA,454111,5961,447,976,B,NH,PC CONNECTION INC,PCCC
66586, , ,1/31/11,Merrimack,PC Connection Inc,4520,452030,45,45203030,D,USA,454111,5961,447,976,B,NH,PC CONNECTION INC,PCCC
66586, , ,2/28/11,Merrimack,PC Connection Inc,4520,452030,45,45203030,D,USA,454111,5961,447,976,B,NH,PC CONNECTION INC,PCCC
66586, , ,3/31/11,Merrimack,PC Connection Inc,4520,452030,45,45203030,D,USA,454111,5961,447,976,B,NH,PC CONNECTION INC,PCCC
66586, , ,4/30/11,Merrimack,PC Connection Inc,4520,452030,45,45203030,D,USA,454111,5961,447,976,B,NH,PC CONNECTION INC,PCCC
66586, , ,5/31/11,Merrimack,PC Connection Inc,4520,452030,45,45203030,D,USA,454111,5961,447,976,B,NH,PC CONNECTION INC,PCCC
66586, , ,6/30/11,Merrimack,PC Connection Inc,4520,452030,45,45203030,D,USA,454111,5961,447,976,B,NH,PC CONNECTION INC,PCCC
66586, , ,7/31/11,Merrimack,PC Connection Inc,4520,452030,45,45203030,D,USA,454111,5961,447,976,B,NH,PC CONNECTION INC,PCCC
66586, , ,8/31/11,Merrimack,PC Connection Inc,4520,452030,45,45203030,D,USA,454111,5961,447,976,B,NH,PC CONNECTION INC,PCCC
66586, , ,9/30/11,Merrimack,PC Connection Inc,4520,452030,45,45203030,D,USA,454111,5961,447,976,B,NH,PC CONNECTION INC,PCCC
66586, , ,10/31/11,Merrimack,PC Connection Inc,4520,452030,45,45203030,D,USA,454111,5961,447,976,B,NH,PC CONNECTION INC,PCCC
66586, , ,11/30/11,Merrimack,PC Connection Inc,4520,452030,45,45203030,D,USA,454111,5961,447,976,B,NH,PC CONNECTION INC,PCCC
66586, , ,12/31/11,Merrimack,PC Connection Inc,4520,452030,45,45203030,D,USA,454111,5961,447,976,B,NH,PC CONNECTION INC,PCCC
66586, , ,1/31/12,Merrimack,PC Connection Inc,4520,452030,45,45203030,D,USA,454111,5961,447,976,B,NH,PC CONNECTION INC,PCCC
66586, , ,2/29/12,Merrimack,PC Connection Inc,4520,452030,45,45203030,D,USA,454111,5961,447,976,B,NH,PC CONNECTION INC,PCCC
66586, , ,3/31/12,Merrimack,PC Connection Inc,4520,452030,45,45203030,D,USA,454111,5961,447,976,B,NH,PC CONNECTION INC,PCCC
66586, , ,4/30/12,Merrimack,PC Connection Inc,4520,452030,45,45203030,D,USA,454111,5961,447,976,B,NH,PC CONNECTION INC,PCCC
66586, , ,5/31/12,Merrimack,PC Connection Inc,4520,452030,45,45203030,D,USA,454111,5961,447,976,B,NH,PC CONNECTION INC,PCCC
66586, , ,6/30/12,Merrimack,PC Connection Inc,4520,452030,45,45203030,D,USA,454111,5961,447,976,B,NH,PC CONNECTION INC,PCCC
66586, , ,7/31/12,Merrimack,PC Connection Inc,4520,452030,45,45203030,D,USA,454111,5961,447,976,B,NH,PC CONNECTION INC,PCCC
66586, , ,8/31/12,Merrimack,PC Connection Inc,4520,452030,45,45203030,D,USA,454111,5961,447,976,B,NH,PC CONNECTION INC,PCCC
66586, , ,9/30/12,Merrimack,PC Connection Inc,4520,452030,45,45203030,D,USA,454111,5961,447,976,B,NH,PC CONNECTION INC,PCCC
66586, , ,10/31/12,Merrimack,PC Connection Inc,4520,452030,45,45203030,D,USA,454111,5961,447,976,B,NH,PC CONNECTION INC,PCCC
66586, , ,11/30/12,Merrimack,PC Connection Inc,4520,452030,45,45203030,D,USA,454111,5961,447,976,B,NH,PC CONNECTION INC,PCCC
66586, , ,12/31/12,Merrimack,PC Connection Inc,4520,452030,45,45203030,D,USA,454111,5961,447,976,B,NH,PC CONNECTION INC,PCCC
66586, , ,1/31/13,Merrimack,PC Connection Inc,4520,452030,45,45203030,D,USA,454111,5961,447,976,B,NH,PC CONNECTION INC,PCCC
66586, , ,2/28/13,Merrimack,PC Connection Inc,4520,452030,45,45203030,D,USA,454111,5961,447,976,B,NH,PC CONNECTION INC,PCCC
66586, , ,3/31/13,Merrimack,PC Connection Inc,4520,452030,45,45203030,D,USA,454111,5961,447,976,B,NH,PC CONNECTION INC,PCCC
66586, , ,4/30/13,Merrimack,PC Connection Inc,4520,452030,45,45203030,D,USA,454111,5961,447,976,B,NH,PC CONNECTION INC,PCCC
66586, , ,5/31/13,Merrimack,PC Connection Inc,4520,452030,45,45203030,D,USA,454111,5961,447,976,B,NH,PC CONNECTION INC,PCCC
66586, , ,6/30/13,Merrimack,PC Connection Inc,4520,452030,45,45203030,D,USA,454111,5961,447,976,B,NH,PC CONNECTION INC,PCCC
66586, , ,7/31/13,Merrimack,PC Connection Inc,4520,452030,45,45203030,D,USA,454111,5961,447,976,B,NH,PC CONNECTION INC,PCCC
66586, , ,8/31/13,Merrimack,PC Connection Inc,4520,452030,45,45203030,D,USA,454111,5961,447,976,B,NH,PC CONNECTION INC,PCCC
66586, , ,9/30/13,Merrimack,PC Connection Inc,4520,452030,45,45203030,D,USA,454111,5961,447,976,B,NH,PC CONNECTION INC,PCCC
66586, , ,10/31/13,Merrimack,PC Connection Inc,4520,452030,45,45203030,D,USA,454111,5961,447,976,B,NH,PC CONNECTION INC,PCCC
66632, , ,1/31/10,Milton,Unique Broadband Systems Inc,4520,452010,45,45201020,D,CAN,334220,3663,180,940, ,ON,UNIQUE BROADBAND SYSTEMS INC,UBSBF
66632, , ,2/28/10,Milton,Unique Broadband Systems Inc,4520,452010,45,45201020,D,CAN,334220,3663,180,940, ,ON,UNIQUE BROADBAND SYSTEMS INC,UBSBF
66632, , ,3/31/10,Milton,Unique Broadband Systems Inc,4520,452010,45,45201020,D,CAN,334220,3663,180,940, ,ON,UNIQUE BROADBAND SYSTEMS INC,UBSBF
66632, , ,4/30/10,Milton,Unique Broadband Systems Inc,4520,452010,45,45201020,D,CAN,334220,3663,180,940, ,ON,UNIQUE BROADBAND SYSTEMS INC,UBSBF
66632, , ,5/31/10,Milton,Unique Broadband Systems Inc,4520,452010,45,45201020,D,CAN,334220,3663,180,940, ,ON,UNIQUE BROADBAND SYSTEMS INC,UBSBF
66632, , ,6/30/10,Milton,Unique Broadband Systems Inc,4520,452010,45,45201020,D,CAN,334220,3663,180,940, ,ON,UNIQUE BROADBAND SYSTEMS INC,UBSBF
66632, , ,7/31/10,Milton,Unique Broadband Systems Inc,4520,452010,45,45201020,D,CAN,334220,3663,180,940, ,ON,UNIQUE BROADBAND SYSTEMS INC,UBSBF
66632, , ,8/31/10,Milton,Unique Broadband Systems Inc,4520,452010,45,45201020,D,CAN,334220,3663,180,940, ,ON,UNIQUE BROADBAND SYSTEMS INC,UBSBF
66632, , ,9/30/10,Milton,Unique Broadband Systems Inc,4520,452010,45,45201020,D,CAN,334220,3663,180,940, ,ON,UNIQUE BROADBAND SYSTEMS INC,UBSBF
66632, , ,10/31/10,Milton,Unique Broadband Systems Inc,4520,452010,45,45201020,D,CAN,334220,3663,180,940, ,ON,UNIQUE BROADBAND SYSTEMS INC,UBSBF
66632, , ,11/30/10,Milton,Unique Broadband Systems Inc,4520,452010,45,45201020,D,CAN,334220,3663,180,940, ,ON,UNIQUE BROADBAND SYSTEMS INC,UBSBF
66632, , ,12/31/10,Milton,Unique Broadband Systems Inc,4520,452010,45,45201020,D,CAN,334220,3663,180,940, ,ON,UNIQUE BROADBAND SYSTEMS INC,UBSBF
66632, , ,1/31/11,Milton,Unique Broadband Systems Inc,4520,452010,45,45201020,D,CAN,334220,3663,180,940, ,ON,UNIQUE BROADBAND SYSTEMS INC,UBSBF
66632, , ,2/28/11,Milton,Unique Broadband Systems Inc,4520,452010,45,45201020,D,CAN,334220,3663,180,940, ,ON,UNIQUE BROADBAND SYSTEMS INC,UBSBF
66632, , ,3/31/11,Milton,Unique Broadband Systems Inc,4520,452010,45,45201020,D,CAN,334220,3663,180,940, ,ON,UNIQUE BROADBAND SYSTEMS INC,UBSBF
66632, , ,4/30/11,Milton,Unique Broadband Systems Inc,4520,452010,45,45201020,D,CAN,334220,3663,180,940, ,ON,UNIQUE BROADBAND SYSTEMS INC,UBSBF
66632, , ,5/31/11,Milton,Unique Broadband Systems Inc,4520,452010,45,45201020,D,CAN,334220,3663,180,940, ,ON,UNIQUE BROADBAND SYSTEMS INC,UBSBF
66632, , ,6/30/11,Milton,Unique Broadband Systems Inc,4520,452010,45,45201020,D,CAN,334220,3663,180,940, ,ON,UNIQUE BROADBAND SYSTEMS INC,UBSBF
66632, , ,7/31/11,Milton,Unique Broadband Systems Inc,4520,452010,45,45201020,D,CAN,334220,3663,180,940, ,ON,UNIQUE BROADBAND SYSTEMS INC,UBSBF
66632, , ,8/31/11,Milton,Unique Broadband Systems Inc,4520,452010,45,45201020,D,CAN,334220,3663,180,940, ,ON,UNIQUE BROADBAND SYSTEMS INC,UBSBF
66632, , ,9/30/11,Milton,Unique Broadband Systems Inc,4520,452010,45,45201020,D,CAN,334220,3663,180,940, ,ON,UNIQUE BROADBAND SYSTEMS INC,UBSBF
66632, , ,10/31/11,Milton,Unique Broadband Systems Inc,4520,452010,45,45201020,D,CAN,334220,3663,180,940, ,ON,UNIQUE BROADBAND SYSTEMS INC,UBSBF
66632, , ,11/30/11,Milton,Unique Broadband Systems Inc,4520,452010,45,45201020,D,CAN,334220,3663,180,940, ,ON,UNIQUE BROADBAND SYSTEMS INC,UBSBF
66632, , ,12/31/11,Milton,Unique Broadband Systems Inc,4520,452010,45,45201020,D,CAN,334220,3663,180,940, ,ON,UNIQUE BROADBAND SYSTEMS INC,UBSBF
66632, , ,1/31/12,Milton,Unique Broadband Systems Inc,4520,452010,45,45201020,D,CAN,334220,3663,180,940, ,ON,UNIQUE BROADBAND SYSTEMS INC,UBSBF
66632, , ,2/29/12,Milton,Unique Broadband Systems Inc,4520,452010,45,45201020,D,CAN,334220,3663,180,940, ,ON,UNIQUE BROADBAND SYSTEMS INC,UBSBF
66632, , ,3/31/12,Milton,Unique Broadband Systems Inc,4520,452010,45,45201020,D,CAN,334220,3663,180,940, ,ON,UNIQUE BROADBAND SYSTEMS INC,UBSBF
66632, , ,4/30/12,Milton,Unique Broadband Systems Inc,4520,452010,45,45201020,D,CAN,334220,3663,180,940, ,ON,UNIQUE BROADBAND SYSTEMS INC,UBSBF
66632, , ,5/31/12,Milton,Unique Broadband Systems Inc,4520,452010,45,45201020,D,CAN,334220,3663,180,940, ,ON,UNIQUE BROADBAND SYSTEMS INC,UBSBF
66632, , ,6/30/12,Milton,Unique Broadband Systems Inc,4520,452010,45,45201020,D,CAN,334220,3663,180,940, ,ON,UNIQUE BROADBAND SYSTEMS INC,UBSBF
66632, , ,7/31/12,Milton,Unique Broadband Systems Inc,4520,452010,45,45201020,D,CAN,334220,3663,180,940, ,ON,UNIQUE BROADBAND SYSTEMS INC,UBSBF
66632, , ,8/31/12,Milton,Unique Broadband Systems Inc,4520,452010,45,45201020,D,CAN,334220,3663,180,940, ,ON,UNIQUE BROADBAND SYSTEMS INC,UBSBF
66632, , ,9/30/12,Milton,Unique Broadband Systems Inc,4520,452010,45,45201020,D,CAN,334220,3663,180,940, ,ON,UNIQUE BROADBAND SYSTEMS INC,UBSBF
66632, , ,10/31/12,Milton,Unique Broadband Systems Inc,4520,452010,45,45201020,D,CAN,334220,3663,180,940, ,ON,UNIQUE BROADBAND SYSTEMS INC,UBSBF
66632, , ,11/30/12,Milton,Unique Broadband Systems Inc,4520,452010,45,45201020,D,CAN,334220,3663,180,940, ,ON,UNIQUE BROADBAND SYSTEMS INC,UBSBF
66632, , ,12/31/12,Milton,Unique Broadband Systems Inc,4520,452010,45,45201020,D,CAN,334220,3663,180,940, ,ON,UNIQUE BROADBAND SYSTEMS INC,UBSBF
66632, , ,1/31/13,Milton,Unique Broadband Systems Inc,4520,452010,45,45201020,D,CAN,334220,3663,180,940, ,ON,UNIQUE BROADBAND SYSTEMS INC,UBSBF
66632, , ,2/28/13,Milton,Unique Broadband Systems Inc,4520,452010,45,45201020,D,CAN,334220,3663,180,940, ,ON,UNIQUE BROADBAND SYSTEMS INC,UBSBF
66632, , ,3/31/13,Milton,Unique Broadband Systems Inc,4520,452010,45,45201020,D,CAN,334220,3663,180,940, ,ON,UNIQUE BROADBAND SYSTEMS INC,UBSBF
66632, , ,4/30/13,Milton,Unique Broadband Systems Inc,4520,452010,45,45201020,D,CAN,334220,3663,180,940, ,ON,UNIQUE BROADBAND SYSTEMS INC,UBSBF
66632, , ,5/31/13,Milton,Unique Broadband Systems Inc,4520,452010,45,45201020,D,CAN,334220,3663,180,940, ,ON,UNIQUE BROADBAND SYSTEMS INC,UBSBF
66632, , ,6/30/13,Milton,Unique Broadband Systems Inc,4520,452010,45,45201020,D,CAN,334220,3663,180,940, ,ON,UNIQUE BROADBAND SYSTEMS INC,UBSBF
66632, , ,7/31/13,Milton,Unique Broadband Systems Inc,4520,452010,45,45201020,D,CAN,334220,3663,180,940, ,ON,UNIQUE BROADBAND SYSTEMS INC,UBSBF
66632, , ,8/31/13,Milton,Unique Broadband Systems Inc,4520,452010,45,45201020,D,CAN,334220,3663,180,940, ,ON,UNIQUE BROADBAND SYSTEMS INC,UBSBF
66632, , ,9/30/13,Milton,Unique Broadband Systems Inc,4520,452010,45,45201020,D,CAN,334220,3663,180,940, ,ON,UNIQUE BROADBAND SYSTEMS INC,UBSBF
66632, , ,10/31/13,Milton,Unique Broadband Systems Inc,4520,452010,45,45201020,D,CAN,334220,3663,180,940, ,ON,UNIQUE BROADBAND SYSTEMS INC,UBSBF
100401, , ,1/31/10,Crawley,Spirent Communications,4520,452010,45,45201020,B,GBR,334416,3825,230,940, , ,SPIRENT COMMUNICATIONS,SPMYY
100401, , ,2/28/10,Crawley,Spirent Communications,4520,452010,45,45201020,B,GBR,334416,3825,230,940, , ,SPIRENT COMMUNICATIONS,SPMYY
100401, , ,3/31/10,Crawley,Spirent Communications,4520,452010,45,45201020,B,GBR,334416,3825,230,940, , ,SPIRENT COMMUNICATIONS,SPMYY
100401, , ,4/30/10,Crawley,Spirent Communications,4520,452010,45,45201020,B,GBR,334416,3825,230,940, , ,SPIRENT COMMUNICATIONS,SPMYY
100401, , ,5/31/10,Crawley,Spirent Communications,4520,452010,45,45201020,B,GBR,334416,3825,230,940, , ,SPIRENT COMMUNICATIONS,SPMYY
100401, , ,6/30/10,Crawley,Spirent Communications,4520,452010,45,45201020,B,GBR,334416,3825,230,940, , ,SPIRENT COMMUNICATIONS,SPMYY
100401, , ,7/31/10,Crawley,Spirent Communications,4520,452010,45,45201020,B,GBR,334416,3825,230,940, , ,SPIRENT COMMUNICATIONS,SPMYY
100401, , ,8/31/10,Crawley,Spirent Communications,4520,452010,45,45201020,B,GBR,334416,3825,230,940, , ,SPIRENT COMMUNICATIONS,SPMYY
100401, , ,9/30/10,Crawley,Spirent Communications,4520,452010,45,45201020,B,GBR,334416,3825,230,940, , ,SPIRENT COMMUNICATIONS,SPMYY
100401, , ,10/31/10,Crawley,Spirent Communications,4520,452010,45,45201020,B,GBR,334416,3825,230,940, , ,SPIRENT COMMUNICATIONS,SPMYY
100401, , ,11/30/10,Crawley,Spirent Communications,4520,452010,45,45201020,B,GBR,334416,3825,230,940, , ,SPIRENT COMMUNICATIONS,SPMYY
100401, , ,12/31/10,Crawley,Spirent Communications,4520,452010,45,45201020,B,GBR,334416,3825,230,940, , ,SPIRENT COMMUNICATIONS,SPMYY
100401, , ,1/31/11,Crawley,Spirent Communications,4520,452010,45,45201020,B,GBR,334416,3825,230,940, , ,SPIRENT COMMUNICATIONS,SPMYY
100401, , ,2/28/11,Crawley,Spirent Communications,4520,452010,45,45201020,B,GBR,334416,3825,230,940, , ,SPIRENT COMMUNICATIONS,SPMYY
100401, , ,3/31/11,Crawley,Spirent Communications,4520,452010,45,45201020,B,GBR,334416,3825,230,940, , ,SPIRENT COMMUNICATIONS,SPMYY
100401, , ,4/30/11,Crawley,Spirent Communications,4520,452010,45,45201020,B,GBR,334416,3825,230,940, , ,SPIRENT COMMUNICATIONS,SPMYY
100401, , ,5/31/11,Crawley,Spirent Communications,4520,452010,45,45201020,B,GBR,334416,3825,230,940, , ,SPIRENT COMMUNICATIONS,SPMYY
100401, , ,6/30/11,Crawley,Spirent Communications,4520,452010,45,45201020,B,GBR,334416,3825,230,940, , ,SPIRENT COMMUNICATIONS,SPMYY
100401, , ,7/31/11,Crawley,Spirent Communications,4520,452010,45,45201020,B,GBR,334416,3825,230,940, , ,SPIRENT COMMUNICATIONS,SPMYY
100401, , ,8/31/11,Crawley,Spirent Communications,4520,452010,45,45201020,B,GBR,334416,3825,230,940, , ,SPIRENT COMMUNICATIONS,SPMYY
100401, , ,9/30/11,Crawley,Spirent Communications,4520,452010,45,45201020,B,GBR,334416,3825,230,940, , ,SPIRENT COMMUNICATIONS,SPMYY
100401, , ,10/31/11,Crawley,Spirent Communications,4520,452010,45,45201020,B,GBR,334416,3825,230,940, , ,SPIRENT COMMUNICATIONS,SPMYY
100401, , ,11/30/11,Crawley,Spirent Communications,4520,452010,45,45201020,B,GBR,334416,3825,230,940, , ,SPIRENT COMMUNICATIONS,SPMYY
100401, , ,12/31/11,Crawley,Spirent Communications,4520,452010,45,45201020,B,GBR,334416,3825,230,940, , ,SPIRENT COMMUNICATIONS,SPMYY
100401, , ,1/31/12,Crawley,Spirent Communications,4520,452010,45,45201020,B,GBR,334416,3825,230,940, , ,SPIRENT COMMUNICATIONS,SPMYY
100401, , ,2/29/12,Crawley,Spirent Communications,4520,452010,45,45201020,B,GBR,334416,3825,230,940, , ,SPIRENT COMMUNICATIONS,SPMYY
100401, , ,3/31/12,Crawley,Spirent Communications,4520,452010,45,45201020,B,GBR,334416,3825,230,940, , ,SPIRENT COMMUNICATIONS,SPMYY
100401, , ,4/30/12,Crawley,Spirent Communications,4520,452010,45,45201020,B,GBR,334416,3825,230,940, , ,SPIRENT COMMUNICATIONS,SPMYY
100401, , ,5/31/12,Crawley,Spirent Communications,4520,452010,45,45201020,B,GBR,334416,3825,230,940, , ,SPIRENT COMMUNICATIONS,SPMYY
100401, , ,6/30/12,Crawley,Spirent Communications,4520,452010,45,45201020,B,GBR,334416,3825,230,940, , ,SPIRENT COMMUNICATIONS,SPMYY
100401, , ,7/31/12,Crawley,Spirent Communications,4520,452010,45,45201020,B,GBR,334416,3825,230,940, , ,SPIRENT COMMUNICATIONS,SPMYY
100401, , ,8/31/12,Crawley,Spirent Communications,4520,452010,45,45201020,B,GBR,334416,3825,230,940, , ,SPIRENT COMMUNICATIONS,SPMYY
100401, , ,9/30/12,Crawley,Spirent Communications,4520,452010,45,45201020,B,GBR,334416,3825,230,940, , ,SPIRENT COMMUNICATIONS,SPMYY
100401, , ,10/31/12,Crawley,Spirent Communications,4520,452010,45,45201020,B,GBR,334416,3825,230,940, , ,SPIRENT COMMUNICATIONS,SPMYY
100401, , ,11/30/12,Crawley,Spirent Communications,4520,452010,45,45201020,B,GBR,334416,3825,230,940, , ,SPIRENT COMMUNICATIONS,SPMYY
100401, , ,12/31/12,Crawley,Spirent Communications,4520,452010,45,45201020,B,GBR,334416,3825,230,940, , ,SPIRENT COMMUNICATIONS,SPMYY
100401, , ,1/31/13,Crawley,Spirent Communications,4520,452010,45,45201020,B,GBR,334416,3825,230,940, , ,SPIRENT COMMUNICATIONS,SPMYY
100401, , ,2/28/13,Crawley,Spirent Communications,4520,452010,45,45201020,B,GBR,334416,3825,230,940, , ,SPIRENT COMMUNICATIONS,SPMYY
100401, , ,3/31/13,Crawley,Spirent Communications,4520,452010,45,45201020,B,GBR,334416,3825,230,940, , ,SPIRENT COMMUNICATIONS,SPMYY
100401, , ,4/30/13,Crawley,Spirent Communications,4520,452010,45,45201020,B,GBR,334416,3825,230,940, , ,SPIRENT COMMUNICATIONS,SPMYY
100401, , ,5/31/13,Crawley,Spirent Communications,4520,452010,45,45201020,B,GBR,334416,3825,230,940, , ,SPIRENT COMMUNICATIONS,SPMYY
100401, , ,6/30/13,Crawley,Spirent Communications,4520,452010,45,45201020,B,GBR,334416,3825,230,940, , ,SPIRENT COMMUNICATIONS,SPMYY
100401, , ,7/31/13,Crawley,Spirent Communications,4520,452010,45,45201020,B,GBR,334416,3825,230,940, , ,SPIRENT COMMUNICATIONS,SPMYY
100401, , ,8/31/13,Crawley,Spirent Communications,4520,452010,45,45201020,B,GBR,334416,3825,230,940, , ,SPIRENT COMMUNICATIONS,SPMYY
100401, , ,9/30/13,Crawley,Spirent Communications,4520,452010,45,45201020,B,GBR,334416,3825,230,940, , ,SPIRENT COMMUNICATIONS,SPMYY
100401, , ,10/31/13,Crawley,Spirent Communications,4520,452010,45,45201020,B,GBR,334416,3825,230,940, , ,SPIRENT COMMUNICATIONS,SPMYY
101352,B,B,1/31/10,Paris,Alcatel-Lucent,4520,452010,45,45201020,B,FRA,334210,3661,180,940,B, ,ALCATEL-LUCENT,ALU
101352,B,B,2/28/10,Paris,Alcatel-Lucent,4520,452010,45,45201020,B,FRA,334210,3661,180,940,B, ,ALCATEL-LUCENT,ALU
101352,B,B,3/31/10,Paris,Alcatel-Lucent,4520,452010,45,45201020,B,FRA,334210,3661,180,940,B, ,ALCATEL-LUCENT,ALU
101352,B,B,4/30/10,Paris,Alcatel-Lucent,4520,452010,45,45201020,B,FRA,334210,3661,180,940,B, ,ALCATEL-LUCENT,ALU
101352,B,B,5/31/10,Paris,Alcatel-Lucent,4520,452010,45,45201020,B,FRA,334210,3661,180,940,B, ,ALCATEL-LUCENT,ALU
101352,B,B,6/30/10,Paris,Alcatel-Lucent,4520,452010,45,45201020,B,FRA,334210,3661,180,940,B, ,ALCATEL-LUCENT,ALU
101352,B,B,7/31/10,Paris,Alcatel-Lucent,4520,452010,45,45201020,B,FRA,334210,3661,180,940,B, ,ALCATEL-LUCENT,ALU
101352,B,B,8/31/10,Paris,Alcatel-Lucent,4520,452010,45,45201020,B,FRA,334210,3661,180,940,B, ,ALCATEL-LUCENT,ALU
101352,B,B,9/30/10,Paris,Alcatel-Lucent,4520,452010,45,45201020,B,FRA,334210,3661,180,940,B, ,ALCATEL-LUCENT,ALU
101352,B,B,10/31/10,Paris,Alcatel-Lucent,4520,452010,45,45201020,B,FRA,334210,3661,180,940,B, ,ALCATEL-LUCENT,ALU
101352,B,B,11/30/10,Paris,Alcatel-Lucent,4520,452010,45,45201020,B,FRA,334210,3661,180,940,B, ,ALCATEL-LUCENT,ALU
101352,B,B,12/31/10,Paris,Alcatel-Lucent,4520,452010,45,45201020,B,FRA,334210,3661,180,940,B, ,ALCATEL-LUCENT,ALU
101352,B,B,1/31/11,Paris,Alcatel-Lucent,4520,452010,45,45201020,B,FRA,334210,3661,180,940,B, ,ALCATEL-LUCENT,ALU
101352,B,B,2/28/11,Paris,Alcatel-Lucent,4520,452010,45,45201020,B,FRA,334210,3661,180,940,B, ,ALCATEL-LUCENT,ALU
101352,B,B,3/31/11,Paris,Alcatel-Lucent,4520,452010,45,45201020,B,FRA,334210,3661,180,940,B, ,ALCATEL-LUCENT,ALU
101352,B,B,4/30/11,Paris,Alcatel-Lucent,4520,452010,45,45201020,B,FRA,334210,3661,180,940,B, ,ALCATEL-LUCENT,ALU
101352,B,B,5/31/11,Paris,Alcatel-Lucent,4520,452010,45,45201020,B,FRA,334210,3661,180,940,B, ,ALCATEL-LUCENT,ALU
101352,B,B,6/30/11,Paris,Alcatel-Lucent,4520,452010,45,45201020,B,FRA,334210,3661,180,940,B, ,ALCATEL-LUCENT,ALU
101352,B,B,7/31/11,Paris,Alcatel-Lucent,4520,452010,45,45201020,B,FRA,334210,3661,180,940,B, ,ALCATEL-LUCENT,ALU
101352,B,B,8/31/11,Paris,Alcatel-Lucent,4520,452010,45,45201020,B,FRA,334210,3661,180,940,B, ,ALCATEL-LUCENT,ALU
101352,B,B,9/30/11,Paris,Alcatel-Lucent,4520,452010,45,45201020,B,FRA,334210,3661,180,940,B, ,ALCATEL-LUCENT,ALU
101352,B,B,10/31/11,Paris,Alcatel-Lucent,4520,452010,45,45201020,B,FRA,334210,3661,180,940,B, ,ALCATEL-LUCENT,ALU
101352,B,B,11/30/11,Paris,Alcatel-Lucent,4520,452010,45,45201020,B,FRA,334210,3661,180,940,B, ,ALCATEL-LUCENT,ALU
101352,B,B,12/31/11,Paris,Alcatel-Lucent,4520,452010,45,45201020,B,FRA,334210,3661,180,940,B, ,ALCATEL-LUCENT,ALU
101352,B,B,1/31/12,Paris,Alcatel-Lucent,4520,452010,45,45201020,B,FRA,334210,3661,180,940,B, ,ALCATEL-LUCENT,ALU
101352,B,B,2/29/12,Paris,Alcatel-Lucent,4520,452010,45,45201020,B,FRA,334210,3661,180,940,B, ,ALCATEL-LUCENT,ALU
101352,B,B,3/31/12,Paris,Alcatel-Lucent,4520,452010,45,45201020,B,FRA,334210,3661,180,940,B, ,ALCATEL-LUCENT,ALU
101352,B,B,4/30/12,Paris,Alcatel-Lucent,4520,452010,45,45201020,B,FRA,334210,3661,180,940,B, ,ALCATEL-LUCENT,ALU
101352,B,B,5/31/12,Paris,Alcatel-Lucent,4520,452010,45,45201020,B,FRA,334210,3661,180,940,B, ,ALCATEL-LUCENT,ALU
101352,B,B,6/30/12,Paris,Alcatel-Lucent,4520,452010,45,45201020,B,FRA,334210,3661,180,940,B, ,ALCATEL-LUCENT,ALU
101352,B,B,7/31/12,Paris,Alcatel-Lucent,4520,452010,45,45201020,B,FRA,334210,3661,180,940,B, ,ALCATEL-LUCENT,ALU
101352,B,B,8/31/12,Paris,Alcatel-Lucent,4520,452010,45,45201020,B,FRA,334210,3661,180,940,B, ,ALCATEL-LUCENT,ALU
101352,B,B,9/30/12,Paris,Alcatel-Lucent,4520,452010,45,45201020,B,FRA,334210,3661,180,940,B, ,ALCATEL-LUCENT,ALU
101352,B,B,10/31/12,Paris,Alcatel-Lucent,4520,452010,45,45201020,B,FRA,334210,3661,180,940,B, ,ALCATEL-LUCENT,ALU
101352,B,B,11/30/12,Paris,Alcatel-Lucent,4520,452010,45,45201020,B,FRA,334210,3661,180,940,B, ,ALCATEL-LUCENT,ALU
101352,B,B,12/31/12,Paris,Alcatel-Lucent,4520,452010,45,45201020,B,FRA,334210,3661,180,940,B, ,ALCATEL-LUCENT,ALU
101352,B,B,1/31/13,Paris,Alcatel-Lucent,4520,452010,45,45201020,B,FRA,334210,3661,180,940,B, ,ALCATEL-LUCENT,ALU
101352,B,B,2/28/13,Paris,Alcatel-Lucent,4520,452010,45,45201020,B,FRA,334210,3661,180,940,B, ,ALCATEL-LUCENT,ALU
101352,B,B,3/31/13,Paris,Alcatel-Lucent,4520,452010,45,45201020,B,FRA,334210,3661,180,940,B, ,ALCATEL-LUCENT,ALU
101352,B,B,4/30/13,Paris,Alcatel-Lucent,4520,452010,45,45201020,B,FRA,334210,3661,180,940,B, ,ALCATEL-LUCENT,ALU
101352,B,B,5/31/13,Paris,Alcatel-Lucent,4520,452010,45,45201020,B,FRA,334210,3661,180,940,B, ,ALCATEL-LUCENT,ALU
101352,B-,B,6/30/13,Paris,Alcatel-Lucent,4520,452010,45,45201020,B,FRA,334210,3661,180,940,B, ,ALCATEL-LUCENT,ALU
101352,B-,B,7/31/13,Paris,Alcatel-Lucent,4520,452010,45,45201020,B,FRA,334210,3661,180,940,B, ,ALCATEL-LUCENT,ALU
101352,B-,B,8/31/13,Paris,Alcatel-Lucent,4520,452010,45,45201020,B,FRA,334210,3661,180,940,B, ,ALCATEL-LUCENT,ALU
101352,B-,B,9/30/13,Paris,Alcatel-Lucent,4520,452010,45,45201020,B,FRA,334210,3661,180,940,B, ,ALCATEL-LUCENT,ALU
101352,B-,B,10/31/13,Paris,Alcatel-Lucent,4520,452010,45,45201020,B,FRA,334210,3661,180,940,B, ,ALCATEL-LUCENT,ALU
101352,B-,B,11/30/13,Paris,Alcatel-Lucent,4520,452010,45,45201020,B,FRA,334210,3661,180,940,B, ,ALCATEL-LUCENT,ALU
101352,B-,B,12/31/13,Paris,Alcatel-Lucent,4520,452010,45,45201020,B,FRA,334210,3661,180,940,B, ,ALCATEL-LUCENT,ALU
101352,B-,B,1/31/14,Paris,Alcatel-Lucent,4520,452010,45,45201020,B,FRA,334210,3661,180,940,B, ,ALCATEL-LUCENT,ALU
101352,B-,B,2/28/14,Paris,Alcatel-Lucent,4520,452010,45,45201020,B,FRA,334210,3661,180,940,B, ,ALCATEL-LUCENT,ALU
101352,B-,B,3/31/14,Paris,Alcatel-Lucent,4520,452010,45,45201020,B,FRA,334210,3661,180,940,B, ,ALCATEL-LUCENT,ALU
101352,B-,B,4/30/14,Paris,Alcatel-Lucent,4520,452010,45,45201020,B,FRA,334210,3661,180,940,B, ,ALCATEL-LUCENT,ALU
101352,B-,B,5/31/14,Paris,Alcatel-Lucent,4520,452010,45,45201020,B,FRA,334210,3661,180,940,B, ,ALCATEL-LUCENT,ALU
101352,B-,B,6/30/14,Paris,Alcatel-Lucent,4520,452010,45,45201020,B,FRA,334210,3661,180,940,B, ,ALCATEL-LUCENT,ALU
102696, , ,1/31/10,Morges,"Logitech International SA, Apples",4520,452020,45,45202030,B,CHE,334118,3577,188,940, , ,LOGITECH INTERNATIONAL SA,LOGI
102696, , ,2/28/10,Morges,"Logitech International SA, Apples",4520,452020,45,45202030,B,CHE,334118,3577,188,940, , ,LOGITECH INTERNATIONAL SA,LOGI
102696, , ,3/31/10,Morges,"Logitech International SA, Apples",4520,452020,45,45202030,B,CHE,334118,3577,188,940, , ,LOGITECH INTERNATIONAL SA,LOGI
102696, , ,4/30/10,Morges,"Logitech International SA, Apples",4520,452020,45,45202030,B,CHE,334118,3577,188,940, , ,LOGITECH INTERNATIONAL SA,LOGI
102696, , ,5/31/10,Morges,"Logitech International SA, Apples",4520,452020,45,45202030,B,CHE,334118,3577,188,940, , ,LOGITECH INTERNATIONAL SA,LOGI
102696, , ,6/30/10,Morges,"Logitech International SA, Apples",4520,452020,45,45202030,B,CHE,334118,3577,188,940, , ,LOGITECH INTERNATIONAL SA,LOGI
102696, , ,7/31/10,Morges,"Logitech International SA, Apples",4520,452020,45,45202030,B,CHE,334118,3577,188,940, , ,LOGITECH INTERNATIONAL SA,LOGI
102696, , ,8/31/10,Morges,"Logitech International SA, Apples",4520,452020,45,45202030,B,CHE,334118,3577,188,940, , ,LOGITECH INTERNATIONAL SA,LOGI
102696, , ,9/30/10,Morges,"Logitech International SA, Apples",4520,452020,45,45202030,B,CHE,334118,3577,188,940, , ,LOGITECH INTERNATIONAL SA,LOGI
102696, , ,10/31/10,Morges,"Logitech International SA, Apples",4520,452020,45,45202030,B,CHE,334118,3577,188,940, , ,LOGITECH INTERNATIONAL SA,LOGI
102696, , ,11/30/10,Morges,"Logitech International SA, Apples",4520,452020,45,45202030,B,CHE,334118,3577,188,940, , ,LOGITECH INTERNATIONAL SA,LOGI
102696, , ,12/31/10,Morges,"Logitech International SA, Apples",4520,452020,45,45202030,B,CHE,334118,3577,188,940, , ,LOGITECH INTERNATIONAL SA,LOGI
102696, , ,1/31/11,Morges,"Logitech International SA, Apples",4520,452020,45,45202030,B,CHE,334118,3577,188,940, , ,LOGITECH INTERNATIONAL SA,LOGI
102696, , ,2/28/11,Morges,"Logitech International SA, Apples",4520,452020,45,45202030,B,CHE,334118,3577,188,940, , ,LOGITECH INTERNATIONAL SA,LOGI
102696, , ,3/31/11,Morges,"Logitech International SA, Apples",4520,452020,45,45202030,B,CHE,334118,3577,188,940, , ,LOGITECH INTERNATIONAL SA,LOGI
102696, , ,4/30/11,Morges,"Logitech International SA, Apples",4520,452020,45,45202030,B,CHE,334118,3577,188,940, , ,LOGITECH INTERNATIONAL SA,LOGI
102696, , ,5/31/11,Morges,"Logitech International SA, Apples",4520,452020,45,45202030,B,CHE,334118,3577,188,940, , ,LOGITECH INTERNATIONAL SA,LOGI
102696, , ,6/30/11,Morges,"Logitech International SA, Apples",4520,452020,45,45202030,B,CHE,334118,3577,188,940, , ,LOGITECH INTERNATIONAL SA,LOGI
102696, , ,7/31/11,Morges,"Logitech International SA, Apples",4520,452020,45,45202030,B,CHE,334118,3577,188,940, , ,LOGITECH INTERNATIONAL SA,LOGI
102696, , ,8/31/11,Morges,"Logitech International SA, Apples",4520,452020,45,45202030,B,CHE,334118,3577,188,940, , ,LOGITECH INTERNATIONAL SA,LOGI
102696, , ,9/30/11,Morges,"Logitech International SA, Apples",4520,452020,45,45202030,B,CHE,334118,3577,188,940, , ,LOGITECH INTERNATIONAL SA,LOGI
102696, , ,10/31/11,Morges,"Logitech International SA, Apples",4520,452020,45,45202030,B,CHE,334118,3577,188,940, , ,LOGITECH INTERNATIONAL SA,LOGI
102696, , ,11/30/11,Morges,"Logitech International SA, Apples",4520,452020,45,45202030,B,CHE,334118,3577,188,940, , ,LOGITECH INTERNATIONAL SA,LOGI
102696, , ,12/31/11,Morges,"Logitech International SA, Apples",4520,452020,45,45202030,B,CHE,334118,3577,188,940, , ,LOGITECH INTERNATIONAL SA,LOGI
102696, , ,1/31/12,Morges,"Logitech International SA, Apples",4520,452020,45,45202030,B,CHE,334118,3577,188,940, , ,LOGITECH INTERNATIONAL SA,LOGI
102696, , ,2/29/12,Morges,"Logitech International SA, Apples",4520,452020,45,45202030,B,CHE,334118,3577,188,940, , ,LOGITECH INTERNATIONAL SA,LOGI
102696, , ,3/31/12,Morges,"Logitech International SA, Apples",4520,452020,45,45202030,B,CHE,334118,3577,188,940, , ,LOGITECH INTERNATIONAL SA,LOGI
102696, , ,4/30/12,Morges,"Logitech International SA, Apples",4520,452020,45,45202030,B,CHE,334118,3577,188,940, , ,LOGITECH INTERNATIONAL SA,LOGI
102696, , ,5/31/12,Morges,"Logitech International SA, Apples",4520,452020,45,45202030,B,CHE,334118,3577,188,940, , ,LOGITECH INTERNATIONAL SA,LOGI
102696, , ,6/30/12,Morges,"Logitech International SA, Apples",4520,452020,45,45202030,B,CHE,334118,3577,188,940, , ,LOGITECH INTERNATIONAL SA,LOGI
102696, , ,7/31/12,Morges,"Logitech International SA, Apples",4520,452020,45,45202030,B,CHE,334118,3577,188,940, , ,LOGITECH INTERNATIONAL SA,LOGI
102696, , ,8/31/12,Morges,"Logitech International SA, Apples",4520,452020,45,45202030,B,CHE,334118,3577,188,940, , ,LOGITECH INTERNATIONAL SA,LOGI
102696, , ,9/30/12,Morges,"Logitech International SA, Apples",4520,452020,45,45202030,B,CHE,334118,3577,188,940, , ,LOGITECH INTERNATIONAL SA,LOGI
102696, , ,10/31/12,Morges,"Logitech International SA, Apples",4520,452020,45,45202030,B,CHE,334118,3577,188,940, , ,LOGITECH INTERNATIONAL SA,LOGI
102696, , ,11/30/12,Morges,"Logitech International SA, Apples",4520,452020,45,45202030,B,CHE,334118,3577,188,940, , ,LOGITECH INTERNATIONAL SA,LOGI
102696, , ,12/31/12,Morges,"Logitech International SA, Apples",4520,452020,45,45202030,B,CHE,334118,3577,188,940, , ,LOGITECH INTERNATIONAL SA,LOGI
102696, , ,1/31/13,Morges,"Logitech International SA, Apples",4520,452020,45,45202030,B,CHE,334118,3577,188,940, , ,LOGITECH INTERNATIONAL SA,LOGI
102696, , ,2/28/13,Morges,"Logitech International SA, Apples",4520,452020,45,45202030,B,CHE,334118,3577,188,940, , ,LOGITECH INTERNATIONAL SA,LOGI
102696, , ,3/31/13,Morges,"Logitech International SA, Apples",4520,452020,45,45202030,B,CHE,334118,3577,188,940, , ,LOGITECH INTERNATIONAL SA,LOGI
102696, , ,4/30/13,Morges,"Logitech International SA, Apples",4520,452020,45,45202030,B,CHE,334118,3577,188,940, , ,LOGITECH INTERNATIONAL SA,LOGI
102696, , ,5/31/13,Morges,"Logitech International SA, Apples",4520,452020,45,45202030,B,CHE,334118,3577,188,940, , ,LOGITECH INTERNATIONAL SA,LOGI
102696, , ,6/30/13,Morges,"Logitech International SA, Apples",4520,452020,45,45202030,B,CHE,334118,3577,188,940, , ,LOGITECH INTERNATIONAL SA,LOGI
102696, , ,7/31/13,Morges,"Logitech International SA, Apples",4520,452020,45,45202030,B,CHE,334118,3577,188,940, , ,LOGITECH INTERNATIONAL SA,LOGI
102696, , ,8/31/13,Morges,"Logitech International SA, Apples",4520,452020,45,45202030,B,CHE,334118,3577,188,940, , ,LOGITECH INTERNATIONAL SA,LOGI
102696, , ,9/30/13,Morges,"Logitech International SA, Apples",4520,452020,45,45202030,B,CHE,334118,3577,188,940, , ,LOGITECH INTERNATIONAL SA,LOGI
102696, , ,10/31/13,Morges,"Logitech International SA, Apples",4520,452020,45,45202030,B,CHE,334118,3577,188,940, , ,LOGITECH INTERNATIONAL SA,LOGI
105251, , ,1/31/10,Concord,Aastra Technologies Ltd,4520,452010,45,45201020,D,CAN,334210,3661,180,940, ,ON,AASTRA TECHNOLOGIES LTD,AATSF
105251, , ,2/28/10,Concord,Aastra Technologies Ltd,4520,452010,45,45201020,D,CAN,334210,3661,180,940, ,ON,AASTRA TECHNOLOGIES LTD,AATSF
105251, , ,3/31/10,Concord,Aastra Technologies Ltd,4520,452010,45,45201020,D,CAN,334210,3661,180,940, ,ON,AASTRA TECHNOLOGIES LTD,AATSF
105251, , ,4/30/10,Concord,Aastra Technologies Ltd,4520,452010,45,45201020,D,CAN,334210,3661,180,940, ,ON,AASTRA TECHNOLOGIES LTD,AATSF
105251, , ,5/31/10,Concord,Aastra Technologies Ltd,4520,452010,45,45201020,D,CAN,334210,3661,180,940, ,ON,AASTRA TECHNOLOGIES LTD,AATSF
105251, , ,6/30/10,Concord,Aastra Technologies Ltd,4520,452010,45,45201020,D,CAN,334210,3661,180,940, ,ON,AASTRA TECHNOLOGIES LTD,AATSF
105251, , ,7/31/10,Concord,Aastra Technologies Ltd,4520,452010,45,45201020,D,CAN,334210,3661,180,940, ,ON,AASTRA TECHNOLOGIES LTD,AATSF
105251, , ,8/31/10,Concord,Aastra Technologies Ltd,4520,452010,45,45201020,D,CAN,334210,3661,180,940, ,ON,AASTRA TECHNOLOGIES LTD,AATSF
105251, , ,9/30/10,Concord,Aastra Technologies Ltd,4520,452010,45,45201020,D,CAN,334210,3661,180,940, ,ON,AASTRA TECHNOLOGIES LTD,AATSF
105251, , ,10/31/10,Concord,Aastra Technologies Ltd,4520,452010,45,45201020,D,CAN,334210,3661,180,940, ,ON,AASTRA TECHNOLOGIES LTD,AATSF
105251, , ,11/30/10,Concord,Aastra Technologies Ltd,4520,452010,45,45201020,D,CAN,334210,3661,180,940, ,ON,AASTRA TECHNOLOGIES LTD,AATSF
105251, , ,12/31/10,Concord,Aastra Technologies Ltd,4520,452010,45,45201020,D,CAN,334210,3661,180,940, ,ON,AASTRA TECHNOLOGIES LTD,AATSF
105251, , ,1/31/11,Concord,Aastra Technologies Ltd,4520,452010,45,45201020,D,CAN,334210,3661,180,940, ,ON,AASTRA TECHNOLOGIES LTD,AATSF
105251, , ,2/28/11,Concord,Aastra Technologies Ltd,4520,452010,45,45201020,D,CAN,334210,3661,180,940, ,ON,AASTRA TECHNOLOGIES LTD,AATSF
105251, , ,3/31/11,Concord,Aastra Technologies Ltd,4520,452010,45,45201020,D,CAN,334210,3661,180,940, ,ON,AASTRA TECHNOLOGIES LTD,AATSF
105251, , ,4/30/11,Concord,Aastra Technologies Ltd,4520,452010,45,45201020,D,CAN,334210,3661,180,940, ,ON,AASTRA TECHNOLOGIES LTD,AATSF
105251, , ,5/31/11,Concord,Aastra Technologies Ltd,4520,452010,45,45201020,D,CAN,334210,3661,180,940, ,ON,AASTRA TECHNOLOGIES LTD,AATSF
105251, , ,6/30/11,Concord,Aastra Technologies Ltd,4520,452010,45,45201020,D,CAN,334210,3661,180,940, ,ON,AASTRA TECHNOLOGIES LTD,AATSF
105251, , ,7/31/11,Concord,Aastra Technologies Ltd,4520,452010,45,45201020,D,CAN,334210,3661,180,940, ,ON,AASTRA TECHNOLOGIES LTD,AATSF
105251, , ,8/31/11,Concord,Aastra Technologies Ltd,4520,452010,45,45201020,D,CAN,334210,3661,180,940, ,ON,AASTRA TECHNOLOGIES LTD,AATSF
105251, , ,9/30/11,Concord,Aastra Technologies Ltd,4520,452010,45,45201020,D,CAN,334210,3661,180,940, ,ON,AASTRA TECHNOLOGIES LTD,AATSF
105251, , ,10/31/11,Concord,Aastra Technologies Ltd,4520,452010,45,45201020,D,CAN,334210,3661,180,940, ,ON,AASTRA TECHNOLOGIES LTD,AATSF
105251, , ,11/30/11,Concord,Aastra Technologies Ltd,4520,452010,45,45201020,D,CAN,334210,3661,180,940, ,ON,AASTRA TECHNOLOGIES LTD,AATSF
105251, , ,12/31/11,Concord,Aastra Technologies Ltd,4520,452010,45,45201020,D,CAN,334210,3661,180,940, ,ON,AASTRA TECHNOLOGIES LTD,AATSF
105251, , ,1/31/12,Concord,Aastra Technologies Ltd,4520,452010,45,45201020,D,CAN,334210,3661,180,940, ,ON,AASTRA TECHNOLOGIES LTD,AATSF
105251, , ,2/29/12,Concord,Aastra Technologies Ltd,4520,452010,45,45201020,D,CAN,334210,3661,180,940, ,ON,AASTRA TECHNOLOGIES LTD,AATSF
105251, , ,3/31/12,Concord,Aastra Technologies Ltd,4520,452010,45,45201020,D,CAN,334210,3661,180,940, ,ON,AASTRA TECHNOLOGIES LTD,AATSF
105251, , ,4/30/12,Concord,Aastra Technologies Ltd,4520,452010,45,45201020,D,CAN,334210,3661,180,940, ,ON,AASTRA TECHNOLOGIES LTD,AATSF
105251, , ,5/31/12,Concord,Aastra Technologies Ltd,4520,452010,45,45201020,D,CAN,334210,3661,180,940, ,ON,AASTRA TECHNOLOGIES LTD,AATSF
105251, , ,6/30/12,Concord,Aastra Technologies Ltd,4520,452010,45,45201020,D,CAN,334210,3661,180,940, ,ON,AASTRA TECHNOLOGIES LTD,AATSF
105251, , ,7/31/12,Concord,Aastra Technologies Ltd,4520,452010,45,45201020,D,CAN,334210,3661,180,940, ,ON,AASTRA TECHNOLOGIES LTD,AATSF
105251, , ,8/31/12,Concord,Aastra Technologies Ltd,4520,452010,45,45201020,D,CAN,334210,3661,180,940, ,ON,AASTRA TECHNOLOGIES LTD,AATSF
105251, , ,9/30/12,Concord,Aastra Technologies Ltd,4520,452010,45,45201020,D,CAN,334210,3661,180,940, ,ON,AASTRA TECHNOLOGIES LTD,AATSF
105251, , ,10/31/12,Concord,Aastra Technologies Ltd,4520,452010,45,45201020,D,CAN,334210,3661,180,940, ,ON,AASTRA TECHNOLOGIES LTD,AATSF
105251, , ,11/30/12,Concord,Aastra Technologies Ltd,4520,452010,45,45201020,D,CAN,334210,3661,180,940, ,ON,AASTRA TECHNOLOGIES LTD,AATSF
105251, , ,12/31/12,Concord,Aastra Technologies Ltd,4520,452010,45,45201020,D,CAN,334210,3661,180,940, ,ON,AASTRA TECHNOLOGIES LTD,AATSF
105251, , ,1/31/13,Concord,Aastra Technologies Ltd,4520,452010,45,45201020,D,CAN,334210,3661,180,940, ,ON,AASTRA TECHNOLOGIES LTD,AATSF
105251, , ,2/28/13,Concord,Aastra Technologies Ltd,4520,452010,45,45201020,D,CAN,334210,3661,180,940, ,ON,AASTRA TECHNOLOGIES LTD,AATSF
105251, , ,3/31/13,Concord,Aastra Technologies Ltd,4520,452010,45,45201020,D,CAN,334210,3661,180,940, ,ON,AASTRA TECHNOLOGIES LTD,AATSF
105251, , ,4/30/13,Concord,Aastra Technologies Ltd,4520,452010,45,45201020,D,CAN,334210,3661,180,940, ,ON,AASTRA TECHNOLOGIES LTD,AATSF
105251, , ,5/31/13,Concord,Aastra Technologies Ltd,4520,452010,45,45201020,D,CAN,334210,3661,180,940, ,ON,AASTRA TECHNOLOGIES LTD,AATSF
105251, , ,6/30/13,Concord,Aastra Technologies Ltd,4520,452010,45,45201020,D,CAN,334210,3661,180,940, ,ON,AASTRA TECHNOLOGIES LTD,AATSF
105251, , ,7/31/13,Concord,Aastra Technologies Ltd,4520,452010,45,45201020,D,CAN,334210,3661,180,940, ,ON,AASTRA TECHNOLOGIES LTD,AATSF
105251, , ,8/31/13,Concord,Aastra Technologies Ltd,4520,452010,45,45201020,D,CAN,334210,3661,180,940, ,ON,AASTRA TECHNOLOGIES LTD,AATSF
105251, , ,9/30/13,Concord,Aastra Technologies Ltd,4520,452010,45,45201020,D,CAN,334210,3661,180,940, ,ON,AASTRA TECHNOLOGIES LTD,AATSF
105251, , ,10/31/13,Concord,Aastra Technologies Ltd,4520,452010,45,45201020,D,CAN,334210,3661,180,940, ,ON,AASTRA TECHNOLOGIES LTD,AATSF
105346, , ,1/31/10,Newton,Ambient Corp,4520,452010,45,45201020,D,USA,517919,4899,463,974,C,MA,AMBIENT CORP,AMBT
105346, , ,2/28/10,Newton,Ambient Corp,4520,452010,45,45201020,D,USA,517919,4899,463,974,C,MA,AMBIENT CORP,AMBT
105346, , ,3/31/10,Newton,Ambient Corp,4520,452010,45,45201020,D,USA,517919,4899,463,974,C,MA,AMBIENT CORP,AMBT
105346, , ,4/30/10,Newton,Ambient Corp,4520,452010,45,45201020,D,USA,517919,4899,463,974,C,MA,AMBIENT CORP,AMBT
105346, , ,5/31/10,Newton,Ambient Corp,4520,452010,45,45201020,D,USA,517919,4899,463,974,C,MA,AMBIENT CORP,AMBT
105346, , ,6/30/10,Newton,Ambient Corp,4520,452010,45,45201020,D,USA,517919,4899,463,974,C,MA,AMBIENT CORP,AMBT
105346, , ,7/31/10,Newton,Ambient Corp,4520,452010,45,45201020,D,USA,517919,4899,463,974,C,MA,AMBIENT CORP,AMBT
105346, , ,8/31/10,Newton,Ambient Corp,4520,452010,45,45201020,D,USA,517919,4899,463,974,C,MA,AMBIENT CORP,AMBT
105346, , ,9/30/10,Newton,Ambient Corp,4520,452010,45,45201020,D,USA,517919,4899,463,974,C,MA,AMBIENT CORP,AMBT
105346, , ,10/31/10,Newton,Ambient Corp,4520,452010,45,45201020,D,USA,517919,4899,463,974,C,MA,AMBIENT CORP,AMBT
105346, , ,11/30/10,Newton,Ambient Corp,4520,452010,45,45201020,D,USA,517919,4899,463,974,C,MA,AMBIENT CORP,AMBT
105346, , ,12/31/10,Newton,Ambient Corp,4520,452010,45,45201020,D,USA,517919,4899,463,974,C,MA,AMBIENT CORP,AMBT
105346, , ,1/31/11,Newton,Ambient Corp,4520,452010,45,45201020,D,USA,517919,4899,463,974,C,MA,AMBIENT CORP,AMBT
105346, , ,2/28/11,Newton,Ambient Corp,4520,452010,45,45201020,D,USA,517919,4899,463,974,C,MA,AMBIENT CORP,AMBT
105346, , ,3/31/11,Newton,Ambient Corp,4520,452010,45,45201020,D,USA,517919,4899,463,974,C,MA,AMBIENT CORP,AMBT
105346, , ,4/30/11,Newton,Ambient Corp,4520,452010,45,45201020,D,USA,517919,4899,463,974,C,MA,AMBIENT CORP,AMBT
105346, , ,5/31/11,Newton,Ambient Corp,4520,452010,45,45201020,D,USA,517919,4899,463,974,C,MA,AMBIENT CORP,AMBT
105346, , ,6/30/11,Newton,Ambient Corp,4520,452010,45,45201020,D,USA,517919,4899,463,974,C,MA,AMBIENT CORP,AMBT
105346, , ,7/31/11,Newton,Ambient Corp,4520,452010,45,45201020,D,USA,517919,4899,463,974,C,MA,AMBIENT CORP,AMBT
105346, , ,8/31/11,Newton,Ambient Corp,4520,452010,45,45201020,D,USA,517919,4899,463,974,C,MA,AMBIENT CORP,AMBT
105346, , ,9/30/11,Newton,Ambient Corp,4520,452010,45,45201020,D,USA,517919,4899,463,974,C,MA,AMBIENT CORP,AMBT
105346, , ,10/31/11,Newton,Ambient Corp,4520,452010,45,45201020,D,USA,517919,4899,463,974,C,MA,AMBIENT CORP,AMBT
105346, , ,11/30/11,Newton,Ambient Corp,4520,452010,45,45201020,D,USA,517919,4899,463,974,C,MA,AMBIENT CORP,AMBT
105346, , ,12/31/11,Newton,Ambient Corp,4520,452010,45,45201020,D,USA,517919,4899,463,974,C,MA,AMBIENT CORP,AMBT
105346, , ,1/31/12,Newton,Ambient Corp,4520,452010,45,45201020,D,USA,517919,4899,463,974,C,MA,AMBIENT CORP,AMBT
105346, , ,2/29/12,Newton,Ambient Corp,4520,452010,45,45201020,D,USA,517919,4899,463,974,C,MA,AMBIENT CORP,AMBT
105346, , ,3/31/12,Newton,Ambient Corp,4520,452010,45,45201020,D,USA,517919,4899,463,974,C,MA,AMBIENT CORP,AMBT
105346, , ,4/30/12,Newton,Ambient Corp,4520,452010,45,45201020,D,USA,517919,4899,463,974,C,MA,AMBIENT CORP,AMBT
105346, , ,5/31/12,Newton,Ambient Corp,4520,452010,45,45201020,D,USA,517919,4899,463,974,C,MA,AMBIENT CORP,AMBT
105346, , ,6/30/12,Newton,Ambient Corp,4520,452010,45,45201020,D,USA,517919,4899,463,974,C,MA,AMBIENT CORP,AMBT
105346, , ,7/31/12,Newton,Ambient Corp,4520,452010,45,45201020,D,USA,517919,4899,463,974,C,MA,AMBIENT CORP,AMBT
105346, , ,8/31/12,Newton,Ambient Corp,4520,452010,45,45201020,D,USA,517919,4899,463,974,C,MA,AMBIENT CORP,AMBT
105346, , ,9/30/12,Newton,Ambient Corp,4520,452010,45,45201020,D,USA,517919,4899,463,974,C,MA,AMBIENT CORP,AMBT
105346, , ,10/31/12,Newton,Ambient Corp,4520,452010,45,45201020,D,USA,517919,4899,463,974,C,MA,AMBIENT CORP,AMBT
105346, , ,11/30/12,Newton,Ambient Corp,4520,452010,45,45201020,D,USA,517919,4899,463,974,C,MA,AMBIENT CORP,AMBT
105346, , ,12/31/12,Newton,Ambient Corp,4520,452010,45,45201020,D,USA,517919,4899,463,974,C,MA,AMBIENT CORP,AMBT
105346, , ,1/31/13,Newton,Ambient Corp,4520,452010,45,45201020,D,USA,517919,4899,463,974,C,MA,AMBIENT CORP,AMBT
105346, , ,2/28/13,Newton,Ambient Corp,4520,452010,45,45201020,D,USA,517919,4899,463,974,C,MA,AMBIENT CORP,AMBT
105346, , ,3/31/13,Newton,Ambient Corp,4520,452010,45,45201020,D,USA,517919,4899,463,974,C,MA,AMBIENT CORP,AMBT
105346, , ,4/30/13,Newton,Ambient Corp,4520,452010,45,45201020,D,USA,517919,4899,463,974,C,MA,AMBIENT CORP,AMBT
105346, , ,5/31/13,Newton,Ambient Corp,4520,452010,45,45201020,D,USA,517919,4899,463,974,C,MA,AMBIENT CORP,AMBT
105346, , ,6/30/13,Newton,Ambient Corp,4520,452010,45,45201020,D,USA,517919,4899,463,974,C,MA,AMBIENT CORP,AMBT
105346, , ,7/31/13,Newton,Ambient Corp,4520,452010,45,45201020,D,USA,517919,4899,463,974,C,MA,AMBIENT CORP,AMBT
105346, , ,8/31/13,Newton,Ambient Corp,4520,452010,45,45201020,D,USA,517919,4899,463,974,C,MA,AMBIENT CORP,AMBT
105346, , ,9/30/13,Newton,Ambient Corp,4520,452010,45,45201020,D,USA,517919,4899,463,974,C,MA,AMBIENT CORP,AMBT
105346, , ,10/31/13,Newton,Ambient Corp,4520,452010,45,45201020,D,USA,517919,4899,463,974,C,MA,AMBIENT CORP,AMBT
105950, , ,1/31/10,Hiawatha,AgJunction Inc,4520,452010,45,45201020,D,USA,334511,3812,220,925, ,KS,AGJUNCTION INC,AJXGF
105950, , ,2/28/10,Hiawatha,AgJunction Inc,4520,452010,45,45201020,D,USA,334511,3812,220,925, ,KS,AGJUNCTION INC,AJXGF
105950, , ,3/31/10,Hiawatha,AgJunction Inc,4520,452010,45,45201020,D,USA,334511,3812,220,925, ,KS,AGJUNCTION INC,AJXGF
105950, , ,4/30/10,Hiawatha,AgJunction Inc,4520,452010,45,45201020,D,USA,334511,3812,220,925, ,KS,AGJUNCTION INC,AJXGF
105950, , ,5/31/10,Hiawatha,AgJunction Inc,4520,452010,45,45201020,D,USA,334511,3812,220,925, ,KS,AGJUNCTION INC,AJXGF
105950, , ,6/30/10,Hiawatha,AgJunction Inc,4520,452010,45,45201020,D,USA,334511,3812,220,925, ,KS,AGJUNCTION INC,AJXGF
105950, , ,7/31/10,Hiawatha,AgJunction Inc,4520,452010,45,45201020,D,USA,334511,3812,220,925, ,KS,AGJUNCTION INC,AJXGF
105950, , ,8/31/10,Hiawatha,AgJunction Inc,4520,452010,45,45201020,D,USA,334511,3812,220,925, ,KS,AGJUNCTION INC,AJXGF
105950, , ,9/30/10,Hiawatha,AgJunction Inc,4520,452010,45,45201020,D,USA,334511,3812,220,925, ,KS,AGJUNCTION INC,AJXGF
105950, , ,10/31/10,Hiawatha,AgJunction Inc,4520,452010,45,45201020,D,USA,334511,3812,220,925, ,KS,AGJUNCTION INC,AJXGF
105950, , ,11/30/10,Hiawatha,AgJunction Inc,4520,452010,45,45201020,D,USA,334511,3812,220,925, ,KS,AGJUNCTION INC,AJXGF
105950, , ,12/31/10,Hiawatha,AgJunction Inc,4520,452010,45,45201020,D,USA,334511,3812,220,925, ,KS,AGJUNCTION INC,AJXGF
105950, , ,1/31/11,Hiawatha,AgJunction Inc,4520,452010,45,45201020,D,USA,334511,3812,220,925, ,KS,AGJUNCTION INC,AJXGF
105950, , ,2/28/11,Hiawatha,AgJunction Inc,4520,452010,45,45201020,D,USA,334511,3812,220,925, ,KS,AGJUNCTION INC,AJXGF
105950, , ,3/31/11,Hiawatha,AgJunction Inc,4520,452010,45,45201020,D,USA,334511,3812,220,925, ,KS,AGJUNCTION INC,AJXGF
105950, , ,4/30/11,Hiawatha,AgJunction Inc,4520,452010,45,45201020,D,USA,334511,3812,220,925, ,KS,AGJUNCTION INC,AJXGF
105950, , ,5/31/11,Hiawatha,AgJunction Inc,4520,452010,45,45201020,D,USA,334511,3812,220,925, ,KS,AGJUNCTION INC,AJXGF
105950, , ,6/30/11,Hiawatha,AgJunction Inc,4520,452010,45,45201020,D,USA,334511,3812,220,925, ,KS,AGJUNCTION INC,AJXGF
105950, , ,7/31/11,Hiawatha,AgJunction Inc,4520,452010,45,45201020,D,USA,334511,3812,220,925, ,KS,AGJUNCTION INC,AJXGF
105950, , ,8/31/11,Hiawatha,AgJunction Inc,4520,452010,45,45201020,D,USA,334511,3812,220,925, ,KS,AGJUNCTION INC,AJXGF
105950, , ,9/30/11,Hiawatha,AgJunction Inc,4520,452010,45,45201020,D,USA,334511,3812,220,925, ,KS,AGJUNCTION INC,AJXGF
105950, , ,10/31/11,Hiawatha,AgJunction Inc,4520,452010,45,45201020,D,USA,334511,3812,220,925, ,KS,AGJUNCTION INC,AJXGF
105950, , ,11/30/11,Hiawatha,AgJunction Inc,4520,452010,45,45201020,D,USA,334511,3812,220,925, ,KS,AGJUNCTION INC,AJXGF
105950, , ,12/31/11,Hiawatha,AgJunction Inc,4520,452010,45,45201020,D,USA,334511,3812,220,925, ,KS,AGJUNCTION INC,AJXGF
105950, , ,1/31/12,Hiawatha,AgJunction Inc,4520,452010,45,45201020,D,USA,334511,3812,220,925, ,KS,AGJUNCTION INC,AJXGF
105950, , ,2/29/12,Hiawatha,AgJunction Inc,4520,452010,45,45201020,D,USA,334511,3812,220,925, ,KS,AGJUNCTION INC,AJXGF
105950, , ,3/31/12,Hiawatha,AgJunction Inc,4520,452010,45,45201020,D,USA,334511,3812,220,925, ,KS,AGJUNCTION INC,AJXGF
105950, , ,4/30/12,Hiawatha,AgJunction Inc,4520,452010,45,45201020,D,USA,334511,3812,220,925, ,KS,AGJUNCTION INC,AJXGF
105950, , ,5/31/12,Hiawatha,AgJunction Inc,4520,452010,45,45201020,D,USA,334511,3812,220,925, ,KS,AGJUNCTION INC,AJXGF
105950, , ,6/30/12,Hiawatha,AgJunction Inc,4520,452010,45,45201020,D,USA,334511,3812,220,925, ,KS,AGJUNCTION INC,AJXGF
105950, , ,7/31/12,Hiawatha,AgJunction Inc,4520,452010,45,45201020,D,USA,334511,3812,220,925, ,KS,AGJUNCTION INC,AJXGF
105950, , ,8/31/12,Hiawatha,AgJunction Inc,4520,452010,45,45201020,D,USA,334511,3812,220,925, ,KS,AGJUNCTION INC,AJXGF
105950, , ,9/30/12,Hiawatha,AgJunction Inc,4520,452010,45,45201020,D,USA,334511,3812,220,925, ,KS,AGJUNCTION INC,AJXGF
105950, , ,10/31/12,Hiawatha,AgJunction Inc,4520,452010,45,45201020,D,USA,334511,3812,220,925, ,KS,AGJUNCTION INC,AJXGF
105950, , ,11/30/12,Hiawatha,AgJunction Inc,4520,452010,45,45201020,D,USA,334511,3812,220,925, ,KS,AGJUNCTION INC,AJXGF
105950, , ,12/31/12,Hiawatha,AgJunction Inc,4520,452010,45,45201020,D,USA,334511,3812,220,925, ,KS,AGJUNCTION INC,AJXGF
105950, , ,1/31/13,Hiawatha,AgJunction Inc,4520,452010,45,45201020,D,USA,334511,3812,220,925, ,KS,AGJUNCTION INC,AJXGF
105950, , ,2/28/13,Hiawatha,AgJunction Inc,4520,452010,45,45201020,D,USA,334511,3812,220,925, ,KS,AGJUNCTION INC,AJXGF
105950, , ,3/31/13,Hiawatha,AgJunction Inc,4520,452010,45,45201020,D,USA,334511,3812,220,925, ,KS,AGJUNCTION INC,AJXGF
105950, , ,4/30/13,Hiawatha,AgJunction Inc,4520,452010,45,45201020,D,USA,334511,3812,220,925, ,KS,AGJUNCTION INC,AJXGF
105950, , ,5/31/13,Hiawatha,AgJunction Inc,4520,452010,45,45201020,D,USA,334511,3812,220,925, ,KS,AGJUNCTION INC,AJXGF
105950, , ,6/30/13,Hiawatha,AgJunction Inc,4520,452010,45,45201020,D,USA,334511,3812,220,925, ,KS,AGJUNCTION INC,AJXGF
105950, , ,7/31/13,Hiawatha,AgJunction Inc,4520,452010,45,45201020,D,USA,334511,3812,220,925, ,KS,AGJUNCTION INC,AJXGF
105950, , ,8/31/13,Hiawatha,AgJunction Inc,4520,452010,45,45201020,D,USA,334511,3812,220,925, ,KS,AGJUNCTION INC,AJXGF
105950, , ,9/30/13,Hiawatha,AgJunction Inc,4520,452010,45,45201020,D,USA,334511,3812,220,925, ,KS,AGJUNCTION INC,AJXGF
105950, , ,10/31/13,Hiawatha,AgJunction Inc,4520,452010,45,45201020,D,USA,334511,3812,220,925, ,KS,AGJUNCTION INC,AJXGF
106422, , ,1/31/10,Gaithersburg,AccelPath Inc,4520,452030,45,45203010,D,USA,334510,3845, , , ,MD,ACCELPATH INC,ACLP
106422, , ,2/28/10,Gaithersburg,AccelPath Inc,4520,452030,45,45203010,D,USA,334510,3845, , , ,MD,ACCELPATH INC,ACLP
106422, , ,3/31/10,Gaithersburg,AccelPath Inc,4520,452030,45,45203010,D,USA,334510,3845, , , ,MD,ACCELPATH INC,ACLP
106422, , ,4/30/10,Gaithersburg,AccelPath Inc,4520,452030,45,45203010,D,USA,334510,3845, , , ,MD,ACCELPATH INC,ACLP
106422, , ,5/31/10,Gaithersburg,AccelPath Inc,4520,452030,45,45203010,D,USA,334510,3845, , , ,MD,ACCELPATH INC,ACLP
106422, , ,6/30/10,Gaithersburg,AccelPath Inc,4520,452030,45,45203010,D,USA,334510,3845, , , ,MD,ACCELPATH INC,ACLP
106422, , ,7/31/10,Gaithersburg,AccelPath Inc,4520,452030,45,45203010,D,USA,334510,3845, , , ,MD,ACCELPATH INC,ACLP
106422, , ,8/31/10,Gaithersburg,AccelPath Inc,4520,452030,45,45203010,D,USA,334510,3845, , , ,MD,ACCELPATH INC,ACLP
106422, , ,9/30/10,Gaithersburg,AccelPath Inc,4520,452030,45,45203010,D,USA,334510,3845, , , ,MD,ACCELPATH INC,ACLP
106422, , ,10/31/10,Gaithersburg,AccelPath Inc,4520,452030,45,45203010,D,USA,334510,3845, , , ,MD,ACCELPATH INC,ACLP
106422, , ,11/30/10,Gaithersburg,AccelPath Inc,4520,452030,45,45203010,D,USA,334510,3845, , , ,MD,ACCELPATH INC,ACLP
106422, , ,12/31/10,Gaithersburg,AccelPath Inc,4520,452030,45,45203010,D,USA,334510,3845, , , ,MD,ACCELPATH INC,ACLP
106422, , ,1/31/11,Gaithersburg,AccelPath Inc,4520,452030,45,45203010,D,USA,334510,3845, , , ,MD,ACCELPATH INC,ACLP
106422, , ,2/28/11,Gaithersburg,AccelPath Inc,4520,452030,45,45203010,D,USA,334510,3845, , , ,MD,ACCELPATH INC,ACLP
106422, , ,3/31/11,Gaithersburg,AccelPath Inc,4520,452030,45,45203010,D,USA,334510,3845, , , ,MD,ACCELPATH INC,ACLP
106422, , ,4/30/11,Gaithersburg,AccelPath Inc,4520,452030,45,45203010,D,USA,334510,3845, , , ,MD,ACCELPATH INC,ACLP
106422, , ,5/31/11,Gaithersburg,AccelPath Inc,4520,452030,45,45203010,D,USA,334510,3845, , , ,MD,ACCELPATH INC,ACLP
106422, , ,6/30/11,Gaithersburg,AccelPath Inc,4520,452030,45,45203010,D,USA,334510,3845, , , ,MD,ACCELPATH INC,ACLP
106422, , ,7/31/11,Gaithersburg,AccelPath Inc,4520,452030,45,45203010,D,USA,334510,3845, , , ,MD,ACCELPATH INC,ACLP
106422, , ,8/31/11,Gaithersburg,AccelPath Inc,4520,452030,45,45203010,D,USA,334510,3845, , , ,MD,ACCELPATH INC,ACLP
106422, , ,9/30/11,Gaithersburg,AccelPath Inc,4520,452030,45,45203010,D,USA,334510,3845, , , ,MD,ACCELPATH INC,ACLP
106422, , ,10/31/11,Gaithersburg,AccelPath Inc,4520,452030,45,45203010,D,USA,334510,3845, , , ,MD,ACCELPATH INC,ACLP
106422, , ,11/30/11,Gaithersburg,AccelPath Inc,4520,452030,45,45203010,D,USA,334510,3845, , , ,MD,ACCELPATH INC,ACLP
106422, , ,12/31/11,Gaithersburg,AccelPath Inc,4520,452030,45,45203010,D,USA,334510,3845, , , ,MD,ACCELPATH INC,ACLP
106422, , ,1/31/12,Gaithersburg,AccelPath Inc,4520,452030,45,45203010,D,USA,334510,3845, , , ,MD,ACCELPATH INC,ACLP
106422, , ,2/29/12,Gaithersburg,AccelPath Inc,4520,452030,45,45203010,D,USA,334510,3845, , , ,MD,ACCELPATH INC,ACLP
106422, , ,3/31/12,Gaithersburg,AccelPath Inc,4520,452030,45,45203010,D,USA,334510,3845, , , ,MD,ACCELPATH INC,ACLP
106422, , ,4/30/12,Gaithersburg,AccelPath Inc,4520,452030,45,45203010,D,USA,334510,3845, , , ,MD,ACCELPATH INC,ACLP
106422, , ,5/31/12,Gaithersburg,AccelPath Inc,4520,452030,45,45203010,D,USA,334510,3845, , , ,MD,ACCELPATH INC,ACLP
106422, , ,6/30/12,Gaithersburg,AccelPath Inc,4520,452030,45,45203010,D,USA,334510,3845, , , ,MD,ACCELPATH INC,ACLP
106422, , ,7/31/12,Gaithersburg,AccelPath Inc,4520,452030,45,45203010,D,USA,334510,3845, , , ,MD,ACCELPATH INC,ACLP
106422, , ,8/31/12,Gaithersburg,AccelPath Inc,4520,452030,45,45203010,D,USA,334510,3845, , , ,MD,ACCELPATH INC,ACLP
106422, , ,9/30/12,Gaithersburg,AccelPath Inc,4520,452030,45,45203010,D,USA,334510,3845, , , ,MD,ACCELPATH INC,ACLP
106422, , ,10/31/12,Gaithersburg,AccelPath Inc,4520,452030,45,45203010,D,USA,334510,3845, , , ,MD,ACCELPATH INC,ACLP
106422, , ,11/30/12,Gaithersburg,AccelPath Inc,4520,452030,45,45203010,D,USA,334510,3845, , , ,MD,ACCELPATH INC,ACLP
106422, , ,12/31/12,Gaithersburg,AccelPath Inc,4520,452030,45,45203010,D,USA,334510,3845, , , ,MD,ACCELPATH INC,ACLP
106422, , ,1/31/13,Gaithersburg,AccelPath Inc,4520,452030,45,45203010,D,USA,334510,3845, , , ,MD,ACCELPATH INC,ACLP
106422, , ,2/28/13,Gaithersburg,AccelPath Inc,4520,452030,45,45203010,D,USA,334510,3845, , , ,MD,ACCELPATH INC,ACLP
106422, , ,3/31/13,Gaithersburg,AccelPath Inc,4520,452030,45,45203010,D,USA,334510,3845, , , ,MD,ACCELPATH INC,ACLP
106422, , ,4/30/13,Gaithersburg,AccelPath Inc,4520,452030,45,45203010,D,USA,334510,3845, , , ,MD,ACCELPATH INC,ACLP
106422, , ,5/31/13,Gaithersburg,AccelPath Inc,4520,452030,45,45203010,D,USA,334510,3845, , , ,MD,ACCELPATH INC,ACLP
106422, , ,6/30/13,Gaithersburg,AccelPath Inc,4520,452030,45,45203010,D,USA,334510,3845, , , ,MD,ACCELPATH INC,ACLP
106422, , ,7/31/13,Gaithersburg,AccelPath Inc,4520,452030,45,45203010,D,USA,334510,3845, , , ,MD,ACCELPATH INC,ACLP
106422, , ,8/31/13,Gaithersburg,AccelPath Inc,4520,452030,45,45203010,D,USA,334510,3845, , , ,MD,ACCELPATH INC,ACLP
106422, , ,9/30/13,Gaithersburg,AccelPath Inc,4520,452030,45,45203010,D,USA,334510,3845, , , ,MD,ACCELPATH INC,ACLP
106422, , ,10/31/13,Gaithersburg,AccelPath Inc,4520,452030,45,45203010,D,USA,334510,3845, , , ,MD,ACCELPATH INC,ACLP
107001, , ,1/31/10,Kanata,International Datacasting Corp,4520,452010,45,45201020,D,CAN,334220,3663,180,940, ,ON,INTERNATIONAL DATACASTING CO,IDAS
107001, , ,2/28/10,Kanata,International Datacasting Corp,4520,452010,45,45201020,D,CAN,334220,3663,180,940, ,ON,INTERNATIONAL DATACASTING CO,IDAS
107001, , ,3/31/10,Kanata,International Datacasting Corp,4520,452010,45,45201020,D,CAN,334220,3663,180,940, ,ON,INTERNATIONAL DATACASTING CO,IDAS
107001, , ,4/30/10,Kanata,International Datacasting Corp,4520,452010,45,45201020,D,CAN,334220,3663,180,940, ,ON,INTERNATIONAL DATACASTING CO,IDAS
107001, , ,5/31/10,Kanata,International Datacasting Corp,4520,452010,45,45201020,D,CAN,334220,3663,180,940, ,ON,INTERNATIONAL DATACASTING CO,IDAS
107001, , ,6/30/10,Kanata,International Datacasting Corp,4520,452010,45,45201020,D,CAN,334220,3663,180,940, ,ON,INTERNATIONAL DATACASTING CO,IDAS
107001, , ,7/31/10,Kanata,International Datacasting Corp,4520,452010,45,45201020,D,CAN,334220,3663,180,940, ,ON,INTERNATIONAL DATACASTING CO,IDAS
107001, , ,8/31/10,Kanata,International Datacasting Corp,4520,452010,45,45201020,D,CAN,334220,3663,180,940, ,ON,INTERNATIONAL DATACASTING CO,IDAS
107001, , ,9/30/10,Kanata,International Datacasting Corp,4520,452010,45,45201020,D,CAN,334220,3663,180,940, ,ON,INTERNATIONAL DATACASTING CO,IDAS
107001, , ,10/31/10,Kanata,International Datacasting Corp,4520,452010,45,45201020,D,CAN,334220,3663,180,940, ,ON,INTERNATIONAL DATACASTING CO,IDAS
107001, , ,11/30/10,Kanata,International Datacasting Corp,4520,452010,45,45201020,D,CAN,334220,3663,180,940, ,ON,INTERNATIONAL DATACASTING CO,IDAS
107001, , ,12/31/10,Kanata,International Datacasting Corp,4520,452010,45,45201020,D,CAN,334220,3663,180,940, ,ON,INTERNATIONAL DATACASTING CO,IDAS
107001, , ,1/31/11,Kanata,International Datacasting Corp,4520,452010,45,45201020,D,CAN,334220,3663,180,940, ,ON,INTERNATIONAL DATACASTING CO,IDAS
107001, , ,2/28/11,Kanata,International Datacasting Corp,4520,452010,45,45201020,D,CAN,334220,3663,180,940, ,ON,INTERNATIONAL DATACASTING CO,IDAS
107001, , ,3/31/11,Kanata,International Datacasting Corp,4520,452010,45,45201020,D,CAN,334220,3663,180,940, ,ON,INTERNATIONAL DATACASTING CO,IDAS
107001, , ,4/30/11,Kanata,International Datacasting Corp,4520,452010,45,45201020,D,CAN,334220,3663,180,940, ,ON,INTERNATIONAL DATACASTING CO,IDAS
107001, , ,5/31/11,Kanata,International Datacasting Corp,4520,452010,45,45201020,D,CAN,334220,3663,180,940, ,ON,INTERNATIONAL DATACASTING CO,IDAS
107001, , ,6/30/11,Kanata,International Datacasting Corp,4520,452010,45,45201020,D,CAN,334220,3663,180,940, ,ON,INTERNATIONAL DATACASTING CO,IDAS
107001, , ,7/31/11,Kanata,International Datacasting Corp,4520,452010,45,45201020,D,CAN,334220,3663,180,940, ,ON,INTERNATIONAL DATACASTING CO,IDAS
107001, , ,8/31/11,Kanata,International Datacasting Corp,4520,452010,45,45201020,D,CAN,334220,3663,180,940, ,ON,INTERNATIONAL DATACASTING CO,IDAS
107001, , ,9/30/11,Kanata,International Datacasting Corp,4520,452010,45,45201020,D,CAN,334220,3663,180,940, ,ON,INTERNATIONAL DATACASTING CO,IDAS
107001, , ,10/31/11,Kanata,International Datacasting Corp,4520,452010,45,45201020,D,CAN,334220,3663,180,940, ,ON,INTERNATIONAL DATACASTING CO,IDAS
107001, , ,11/30/11,Kanata,International Datacasting Corp,4520,452010,45,45201020,D,CAN,334220,3663,180,940, ,ON,INTERNATIONAL DATACASTING CO,IDAS
107001, , ,12/31/11,Kanata,International Datacasting Corp,4520,452010,45,45201020,D,CAN,334220,3663,180,940, ,ON,INTERNATIONAL DATACASTING CO,IDAS
107001, , ,1/31/12,Kanata,International Datacasting Corp,4520,452010,45,45201020,D,CAN,334220,3663,180,940, ,ON,INTERNATIONAL DATACASTING CO,IDAS
107001, , ,2/29/12,Kanata,International Datacasting Corp,4520,452010,45,45201020,D,CAN,334220,3663,180,940, ,ON,INTERNATIONAL DATACASTING CO,IDAS
107001, , ,3/31/12,Kanata,International Datacasting Corp,4520,452010,45,45201020,D,CAN,334220,3663,180,940, ,ON,INTERNATIONAL DATACASTING CO,IDAS
107001, , ,4/30/12,Kanata,International Datacasting Corp,4520,452010,45,45201020,D,CAN,334220,3663,180,940, ,ON,INTERNATIONAL DATACASTING CO,IDAS
107001, , ,5/31/12,Kanata,International Datacasting Corp,4520,452010,45,45201020,D,CAN,334220,3663,180,940, ,ON,INTERNATIONAL DATACASTING CO,IDAS
107001, , ,6/30/12,Kanata,International Datacasting Corp,4520,452010,45,45201020,D,CAN,334220,3663,180,940, ,ON,INTERNATIONAL DATACASTING CO,IDAS
107001, , ,7/31/12,Kanata,International Datacasting Corp,4520,452010,45,45201020,D,CAN,334220,3663,180,940, ,ON,INTERNATIONAL DATACASTING CO,IDAS
107001, , ,8/31/12,Kanata,International Datacasting Corp,4520,452010,45,45201020,D,CAN,334220,3663,180,940, ,ON,INTERNATIONAL DATACASTING CO,IDAS
107001, , ,9/30/12,Kanata,International Datacasting Corp,4520,452010,45,45201020,D,CAN,334220,3663,180,940, ,ON,INTERNATIONAL DATACASTING CO,IDAS
107001, , ,10/31/12,Kanata,International Datacasting Corp,4520,452010,45,45201020,D,CAN,334220,3663,180,940, ,ON,INTERNATIONAL DATACASTING CO,IDAS
107001, , ,11/30/12,Kanata,International Datacasting Corp,4520,452010,45,45201020,D,CAN,334220,3663,180,940, ,ON,INTERNATIONAL DATACASTING CO,IDAS
107001, , ,12/31/12,Kanata,International Datacasting Corp,4520,452010,45,45201020,D,CAN,334220,3663,180,940, ,ON,INTERNATIONAL DATACASTING CO,IDAS
107001, , ,1/31/13,Kanata,International Datacasting Corp,4520,452010,45,45201020,D,CAN,334220,3663,180,940, ,ON,INTERNATIONAL DATACASTING CO,IDAS
107001, , ,2/28/13,Kanata,International Datacasting Corp,4520,452010,45,45201020,D,CAN,334220,3663,180,940, ,ON,INTERNATIONAL DATACASTING CO,IDAS
107001, , ,3/31/13,Kanata,International Datacasting Corp,4520,452010,45,45201020,D,CAN,334220,3663,180,940, ,ON,INTERNATIONAL DATACASTING CO,IDAS
107001, , ,4/30/13,Kanata,International Datacasting Corp,4520,452010,45,45201020,D,CAN,334220,3663,180,940, ,ON,INTERNATIONAL DATACASTING CO,IDAS
107001, , ,5/31/13,Kanata,International Datacasting Corp,4520,452010,45,45201020,D,CAN,334220,3663,180,940, ,ON,INTERNATIONAL DATACASTING CO,IDAS
107001, , ,6/30/13,Kanata,International Datacasting Corp,4520,452010,45,45201020,D,CAN,334220,3663,180,940, ,ON,INTERNATIONAL DATACASTING CO,IDAS
107001, , ,7/31/13,Kanata,International Datacasting Corp,4520,452010,45,45201020,D,CAN,334220,3663,180,940, ,ON,INTERNATIONAL DATACASTING CO,IDAS
107001, , ,8/31/13,Kanata,International Datacasting Corp,4520,452010,45,45201020,D,CAN,334220,3663,180,940, ,ON,INTERNATIONAL DATACASTING CO,IDAS
107001, , ,9/30/13,Kanata,International Datacasting Corp,4520,452010,45,45201020,D,CAN,334220,3663,180,940, ,ON,INTERNATIONAL DATACASTING CO,IDAS
107001, , ,10/31/13,Kanata,International Datacasting Corp,4520,452010,45,45201020,D,CAN,334220,3663,180,940, ,ON,INTERNATIONAL DATACASTING CO,IDAS
107026, , ,1/31/10,Saskatoon,International Road Dynamics Inc,4520,452030,45,45203010,D,CAN,541512,7373, , ,B-,SK,INTL ROAD DYNAMICS INC,IRDYF
107026, , ,2/28/10,Saskatoon,International Road Dynamics Inc,4520,452030,45,45203010,D,CAN,541512,7373, , ,B-,SK,INTL ROAD DYNAMICS INC,IRDYF
107026, , ,3/31/10,Saskatoon,International Road Dynamics Inc,4520,452030,45,45203010,D,CAN,541512,7373, , ,B-,SK,INTL ROAD DYNAMICS INC,IRDYF
107026, , ,4/30/10,Saskatoon,International Road Dynamics Inc,4520,452030,45,45203010,D,CAN,541512,7373, , ,B-,SK,INTL ROAD DYNAMICS INC,IRDYF
107026, , ,5/31/10,Saskatoon,International Road Dynamics Inc,4520,452030,45,45203010,D,CAN,541512,7373, , ,B-,SK,INTL ROAD DYNAMICS INC,IRDYF
107026, , ,6/30/10,Saskatoon,International Road Dynamics Inc,4520,452030,45,45203010,D,CAN,541512,7373, , ,B-,SK,INTL ROAD DYNAMICS INC,IRDYF
107026, , ,7/31/10,Saskatoon,International Road Dynamics Inc,4520,452030,45,45203010,D,CAN,541512,7373, , ,B-,SK,INTL ROAD DYNAMICS INC,IRDYF
107026, , ,8/31/10,Saskatoon,International Road Dynamics Inc,4520,452030,45,45203010,D,CAN,541512,7373, , ,B-,SK,INTL ROAD DYNAMICS INC,IRDYF
107026, , ,9/30/10,Saskatoon,International Road Dynamics Inc,4520,452030,45,45203010,D,CAN,541512,7373, , ,B-,SK,INTL ROAD DYNAMICS INC,IRDYF
107026, , ,10/31/10,Saskatoon,International Road Dynamics Inc,4520,452030,45,45203010,D,CAN,541512,7373, , ,B-,SK,INTL ROAD DYNAMICS INC,IRDYF
107026, , ,11/30/10,Saskatoon,International Road Dynamics Inc,4520,452030,45,45203010,D,CAN,541512,7373, , ,B-,SK,INTL ROAD DYNAMICS INC,IRDYF
107026, , ,12/31/10,Saskatoon,International Road Dynamics Inc,4520,452030,45,45203010,D,CAN,541512,7373, , ,B-,SK,INTL ROAD DYNAMICS INC,IRDYF
107026, , ,1/31/11,Saskatoon,International Road Dynamics Inc,4520,452030,45,45203010,D,CAN,541512,7373, , ,B-,SK,INTL ROAD DYNAMICS INC,IRDYF
107026, , ,2/28/11,Saskatoon,International Road Dynamics Inc,4520,452030,45,45203010,D,CAN,541512,7373, , ,B-,SK,INTL ROAD DYNAMICS INC,IRDYF
107026, , ,3/31/11,Saskatoon,International Road Dynamics Inc,4520,452030,45,45203010,D,CAN,541512,7373, , ,B-,SK,INTL ROAD DYNAMICS INC,IRDYF
107026, , ,4/30/11,Saskatoon,International Road Dynamics Inc,4520,452030,45,45203010,D,CAN,541512,7373, , ,B-,SK,INTL ROAD DYNAMICS INC,IRDYF
107026, , ,5/31/11,Saskatoon,International Road Dynamics Inc,4520,452030,45,45203010,D,CAN,541512,7373, , ,B-,SK,INTL ROAD DYNAMICS INC,IRDYF
107026, , ,6/30/11,Saskatoon,International Road Dynamics Inc,4520,452030,45,45203010,D,CAN,541512,7373, , ,B-,SK,INTL ROAD DYNAMICS INC,IRDYF
107026, , ,7/31/11,Saskatoon,International Road Dynamics Inc,4520,452030,45,45203010,D,CAN,541512,7373, , ,B-,SK,INTL ROAD DYNAMICS INC,IRDYF
107026, , ,8/31/11,Saskatoon,International Road Dynamics Inc,4520,452030,45,45203010,D,CAN,541512,7373, , ,B-,SK,INTL ROAD DYNAMICS INC,IRDYF
107026, , ,9/30/11,Saskatoon,International Road Dynamics Inc,4520,452030,45,45203010,D,CAN,541512,7373, , ,B-,SK,INTL ROAD DYNAMICS INC,IRDYF
107026, , ,10/31/11,Saskatoon,International Road Dynamics Inc,4520,452030,45,45203010,D,CAN,541512,7373, , ,B-,SK,INTL ROAD DYNAMICS INC,IRDYF
107026, , ,11/30/11,Saskatoon,International Road Dynamics Inc,4520,452030,45,45203010,D,CAN,541512,7373, , ,B-,SK,INTL ROAD DYNAMICS INC,IRDYF
107026, , ,12/31/11,Saskatoon,International Road Dynamics Inc,4520,452030,45,45203010,D,CAN,541512,7373, , ,B-,SK,INTL ROAD DYNAMICS INC,IRDYF
107026, , ,1/31/12,Saskatoon,International Road Dynamics Inc,4520,452030,45,45203010,D,CAN,541512,7373, , ,B-,SK,INTL ROAD DYNAMICS INC,IRDYF
107026, , ,2/29/12,Saskatoon,International Road Dynamics Inc,4520,452030,45,45203010,D,CAN,541512,7373, , ,B-,SK,INTL ROAD DYNAMICS INC,IRDYF
107026, , ,3/31/12,Saskatoon,International Road Dynamics Inc,4520,452030,45,45203010,D,CAN,541512,7373, , ,B-,SK,INTL ROAD DYNAMICS INC,IRDYF
107026, , ,4/30/12,Saskatoon,International Road Dynamics Inc,4520,452030,45,45203010,D,CAN,541512,7373, , ,B-,SK,INTL ROAD DYNAMICS INC,IRDYF
107026, , ,5/31/12,Saskatoon,International Road Dynamics Inc,4520,452030,45,45203010,D,CAN,541512,7373, , ,B-,SK,INTL ROAD DYNAMICS INC,IRDYF
107026, , ,6/30/12,Saskatoon,International Road Dynamics Inc,4520,452030,45,45203010,D,CAN,541512,7373, , ,B-,SK,INTL ROAD DYNAMICS INC,IRDYF
107026, , ,7/31/12,Saskatoon,International Road Dynamics Inc,4520,452030,45,45203010,D,CAN,541512,7373, , ,B-,SK,INTL ROAD DYNAMICS INC,IRDYF
107026, , ,8/31/12,Saskatoon,International Road Dynamics Inc,4520,452030,45,45203010,D,CAN,541512,7373, , ,B-,SK,INTL ROAD DYNAMICS INC,IRDYF
107026, , ,9/30/12,Saskatoon,International Road Dynamics Inc,4520,452030,45,45203010,D,CAN,541512,7373, , ,B-,SK,INTL ROAD DYNAMICS INC,IRDYF
107026, , ,10/31/12,Saskatoon,International Road Dynamics Inc,4520,452030,45,45203010,D,CAN,541512,7373, , ,B-,SK,INTL ROAD DYNAMICS INC,IRDYF
107026, , ,11/30/12,Saskatoon,International Road Dynamics Inc,4520,452030,45,45203010,D,CAN,541512,7373, , ,B-,SK,INTL ROAD DYNAMICS INC,IRDYF
107026, , ,12/31/12,Saskatoon,International Road Dynamics Inc,4520,452030,45,45203010,D,CAN,541512,7373, , ,B-,SK,INTL ROAD DYNAMICS INC,IRDYF
107026, , ,1/31/13,Saskatoon,International Road Dynamics Inc,4520,452030,45,45203010,D,CAN,541512,7373, , ,B-,SK,INTL ROAD DYNAMICS INC,IRDYF
107026, , ,2/28/13,Saskatoon,International Road Dynamics Inc,4520,452030,45,45203010,D,CAN,541512,7373, , ,B-,SK,INTL ROAD DYNAMICS INC,IRDYF
107026, , ,3/31/13,Saskatoon,International Road Dynamics Inc,4520,452030,45,45203010,D,CAN,541512,7373, , ,B-,SK,INTL ROAD DYNAMICS INC,IRDYF
107026, , ,4/30/13,Saskatoon,International Road Dynamics Inc,4520,452030,45,45203010,D,CAN,541512,7373, , ,B-,SK,INTL ROAD DYNAMICS INC,IRDYF
107026, , ,5/31/13,Saskatoon,International Road Dynamics Inc,4520,452030,45,45203010,D,CAN,541512,7373, , ,B-,SK,INTL ROAD DYNAMICS INC,IRDYF
107026, , ,6/30/13,Saskatoon,International Road Dynamics Inc,4520,452030,45,45203010,D,CAN,541512,7373, , ,B-,SK,INTL ROAD DYNAMICS INC,IRDYF
107026, , ,7/31/13,Saskatoon,International Road Dynamics Inc,4520,452030,45,45203010,D,CAN,541512,7373, , ,B-,SK,INTL ROAD DYNAMICS INC,IRDYF
107026, , ,8/31/13,Saskatoon,International Road Dynamics Inc,4520,452030,45,45203010,D,CAN,541512,7373, , ,B-,SK,INTL ROAD DYNAMICS INC,IRDYF
107026, , ,9/30/13,Saskatoon,International Road Dynamics Inc,4520,452030,45,45203010,D,CAN,541512,7373, , ,B-,SK,INTL ROAD DYNAMICS INC,IRDYF
107026, , ,10/31/13,Saskatoon,International Road Dynamics Inc,4520,452030,45,45203010,D,CAN,541512,7373, , ,B-,SK,INTL ROAD DYNAMICS INC,IRDYF
107399, , ,1/31/10,Toronto,Enablence Technologies Inc,4520,452010,45,45201020,D,CAN,334413,3674, , ,C,ON,ENABLENCE TECHNOLOGIES INC,ENAFF
107399, , ,2/28/10,Toronto,Enablence Technologies Inc,4520,452010,45,45201020,D,CAN,334413,3674, , ,C,ON,ENABLENCE TECHNOLOGIES INC,ENAFF
107399, , ,3/31/10,Toronto,Enablence Technologies Inc,4520,452010,45,45201020,D,CAN,334413,3674, , ,C,ON,ENABLENCE TECHNOLOGIES INC,ENAFF
107399, , ,4/30/10,Toronto,Enablence Technologies Inc,4520,452010,45,45201020,D,CAN,334413,3674, , ,C,ON,ENABLENCE TECHNOLOGIES INC,ENAFF
107399, , ,5/31/10,Toronto,Enablence Technologies Inc,4520,452010,45,45201020,D,CAN,334413,3674, , ,C,ON,ENABLENCE TECHNOLOGIES INC,ENAFF
107399, , ,6/30/10,Toronto,Enablence Technologies Inc,4520,452010,45,45201020,D,CAN,334413,3674, , ,C,ON,ENABLENCE TECHNOLOGIES INC,ENAFF
107399, , ,7/31/10,Toronto,Enablence Technologies Inc,4520,452010,45,45201020,D,CAN,334413,3674, , ,C,ON,ENABLENCE TECHNOLOGIES INC,ENAFF
107399, , ,8/31/10,Toronto,Enablence Technologies Inc,4520,452010,45,45201020,D,CAN,334413,3674, , ,C,ON,ENABLENCE TECHNOLOGIES INC,ENAFF
107399, , ,9/30/10,Toronto,Enablence Technologies Inc,4520,452010,45,45201020,D,CAN,334413,3674, , ,C,ON,ENABLENCE TECHNOLOGIES INC,ENAFF
107399, , ,10/31/10,Toronto,Enablence Technologies Inc,4520,452010,45,45201020,D,CAN,334413,3674, , ,C,ON,ENABLENCE TECHNOLOGIES INC,ENAFF
107399, , ,11/30/10,Toronto,Enablence Technologies Inc,4520,452010,45,45201020,D,CAN,334413,3674, , ,C,ON,ENABLENCE TECHNOLOGIES INC,ENAFF
107399, , ,12/31/10,Toronto,Enablence Technologies Inc,4520,452010,45,45201020,D,CAN,334413,3674, , ,C,ON,ENABLENCE TECHNOLOGIES INC,ENAFF
107399, , ,1/31/11,Toronto,Enablence Technologies Inc,4520,452010,45,45201020,D,CAN,334413,3674, , ,C,ON,ENABLENCE TECHNOLOGIES INC,ENAFF
107399, , ,2/28/11,Toronto,Enablence Technologies Inc,4520,452010,45,45201020,D,CAN,334413,3674, , ,C,ON,ENABLENCE TECHNOLOGIES INC,ENAFF
107399, , ,3/31/11,Toronto,Enablence Technologies Inc,4520,452010,45,45201020,D,CAN,334413,3674, , ,C,ON,ENABLENCE TECHNOLOGIES INC,ENAFF
107399, , ,4/30/11,Toronto,Enablence Technologies Inc,4520,452010,45,45201020,D,CAN,334413,3674, , ,C,ON,ENABLENCE TECHNOLOGIES INC,ENAFF
107399, , ,5/31/11,Toronto,Enablence Technologies Inc,4520,452010,45,45201020,D,CAN,334413,3674, , ,C,ON,ENABLENCE TECHNOLOGIES INC,ENAFF
107399, , ,6/30/11,Toronto,Enablence Technologies Inc,4520,452010,45,45201020,D,CAN,334413,3674, , ,C,ON,ENABLENCE TECHNOLOGIES INC,ENAFF
107399, , ,7/31/11,Toronto,Enablence Technologies Inc,4520,452010,45,45201020,D,CAN,334413,3674, , ,C,ON,ENABLENCE TECHNOLOGIES INC,ENAFF
107399, , ,8/31/11,Toronto,Enablence Technologies Inc,4520,452010,45,45201020,D,CAN,334413,3674, , ,C,ON,ENABLENCE TECHNOLOGIES INC,ENAFF
107399, , ,9/30/11,Toronto,Enablence Technologies Inc,4520,452010,45,45201020,D,CAN,334413,3674, , ,C,ON,ENABLENCE TECHNOLOGIES INC,ENAFF
107399, , ,10/31/11,Toronto,Enablence Technologies Inc,4520,452010,45,45201020,D,CAN,334413,3674, , ,C,ON,ENABLENCE TECHNOLOGIES INC,ENAFF
107399, , ,11/30/11,Toronto,Enablence Technologies Inc,4520,452010,45,45201020,D,CAN,334413,3674, , ,C,ON,ENABLENCE TECHNOLOGIES INC,ENAFF
107399, , ,12/31/11,Toronto,Enablence Technologies Inc,4520,452010,45,45201020,D,CAN,334413,3674, , ,C,ON,ENABLENCE TECHNOLOGIES INC,ENAFF
107399, , ,1/31/12,Toronto,Enablence Technologies Inc,4520,452010,45,45201020,D,CAN,334413,3674, , ,C,ON,ENABLENCE TECHNOLOGIES INC,ENAFF
107399, , ,2/29/12,Toronto,Enablence Technologies Inc,4520,452010,45,45201020,D,CAN,334413,3674, , ,C,ON,ENABLENCE TECHNOLOGIES INC,ENAFF
107399, , ,3/31/12,Toronto,Enablence Technologies Inc,4520,452010,45,45201020,D,CAN,334413,3674, , ,C,ON,ENABLENCE TECHNOLOGIES INC,ENAFF
107399, , ,4/30/12,Toronto,Enablence Technologies Inc,4520,452010,45,45201020,D,CAN,334413,3674, , ,C,ON,ENABLENCE TECHNOLOGIES INC,ENAFF
107399, , ,5/31/12,Toronto,Enablence Technologies Inc,4520,452010,45,45201020,D,CAN,334413,3674, , ,C,ON,ENABLENCE TECHNOLOGIES INC,ENAFF
107399, , ,6/30/12,Toronto,Enablence Technologies Inc,4520,452010,45,45201020,D,CAN,334413,3674, , ,C,ON,ENABLENCE TECHNOLOGIES INC,ENAFF
107399, , ,7/31/12,Toronto,Enablence Technologies Inc,4520,452010,45,45201020,D,CAN,334413,3674, , ,C,ON,ENABLENCE TECHNOLOGIES INC,ENAFF
107399, , ,8/31/12,Toronto,Enablence Technologies Inc,4520,452010,45,45201020,D,CAN,334413,3674, , ,C,ON,ENABLENCE TECHNOLOGIES INC,ENAFF
107399, , ,9/30/12,Toronto,Enablence Technologies Inc,4520,452010,45,45201020,D,CAN,334413,3674, , ,C,ON,ENABLENCE TECHNOLOGIES INC,ENAFF
107399, , ,10/31/12,Toronto,Enablence Technologies Inc,4520,452010,45,45201020,D,CAN,334413,3674, , ,C,ON,ENABLENCE TECHNOLOGIES INC,ENAFF
107399, , ,11/30/12,Toronto,Enablence Technologies Inc,4520,452010,45,45201020,D,CAN,334413,3674, , ,C,ON,ENABLENCE TECHNOLOGIES INC,ENAFF
107399, , ,12/31/12,Toronto,Enablence Technologies Inc,4520,452010,45,45201020,D,CAN,334413,3674, , ,C,ON,ENABLENCE TECHNOLOGIES INC,ENAFF
107399, , ,1/31/13,Toronto,Enablence Technologies Inc,4520,452010,45,45201020,D,CAN,334413,3674, , ,C,ON,ENABLENCE TECHNOLOGIES INC,ENAFF
107399, , ,2/28/13,Toronto,Enablence Technologies Inc,4520,452010,45,45201020,D,CAN,334413,3674, , ,C,ON,ENABLENCE TECHNOLOGIES INC,ENAFF
107399, , ,3/31/13,Toronto,Enablence Technologies Inc,4520,452010,45,45201020,D,CAN,334413,3674, , ,C,ON,ENABLENCE TECHNOLOGIES INC,ENAFF
107399, , ,4/30/13,Toronto,Enablence Technologies Inc,4520,452010,45,45201020,D,CAN,334413,3674, , ,C,ON,ENABLENCE TECHNOLOGIES INC,ENAFF
107399, , ,5/31/13,Toronto,Enablence Technologies Inc,4520,452010,45,45201020,D,CAN,334413,3674, , ,C,ON,ENABLENCE TECHNOLOGIES INC,ENAFF
107399, , ,6/30/13,Toronto,Enablence Technologies Inc,4520,452010,45,45201020,D,CAN,334413,3674, , ,C,ON,ENABLENCE TECHNOLOGIES INC,ENAFF
107399, , ,7/31/13,Toronto,Enablence Technologies Inc,4520,452010,45,45201020,D,CAN,334413,3674, , ,C,ON,ENABLENCE TECHNOLOGIES INC,ENAFF
107399, , ,8/31/13,Toronto,Enablence Technologies Inc,4520,452010,45,45201020,D,CAN,334413,3674, , ,C,ON,ENABLENCE TECHNOLOGIES INC,ENAFF
107399, , ,9/30/13,Toronto,Enablence Technologies Inc,4520,452010,45,45201020,D,CAN,334413,3674, , ,C,ON,ENABLENCE TECHNOLOGIES INC,ENAFF
107399, , ,10/31/13,Toronto,Enablence Technologies Inc,4520,452010,45,45201020,D,CAN,334413,3674, , ,C,ON,ENABLENCE TECHNOLOGIES INC,ENAFF
107435, , ,1/31/10,Waterloo,RDM Corp,4520,452030,45,45203010,D,CAN,541512,3571, , , ,ON,RDM CORP,RDMKF
107435, , ,2/28/10,Waterloo,RDM Corp,4520,452030,45,45203010,D,CAN,541512,3571, , , ,ON,RDM CORP,RDMKF
107435, , ,3/31/10,Waterloo,RDM Corp,4520,452030,45,45203010,D,CAN,541512,3571, , , ,ON,RDM CORP,RDMKF
107435, , ,4/30/10,Waterloo,RDM Corp,4520,452030,45,45203010,D,CAN,541512,3571, , , ,ON,RDM CORP,RDMKF
107435, , ,5/31/10,Waterloo,RDM Corp,4520,452030,45,45203010,D,CAN,541512,3571, , , ,ON,RDM CORP,RDMKF
107435, , ,6/30/10,Waterloo,RDM Corp,4520,452030,45,45203010,D,CAN,541512,3571, , , ,ON,RDM CORP,RDMKF
107435, , ,7/31/10,Waterloo,RDM Corp,4520,452030,45,45203010,D,CAN,541512,3571, , , ,ON,RDM CORP,RDMKF
107435, , ,8/31/10,Waterloo,RDM Corp,4520,452030,45,45203010,D,CAN,541512,3571, , , ,ON,RDM CORP,RDMKF
107435, , ,9/30/10,Waterloo,RDM Corp,4520,452030,45,45203010,D,CAN,541512,3571, , , ,ON,RDM CORP,RDMKF
107435, , ,10/31/10,Waterloo,RDM Corp,4520,452030,45,45203010,D,CAN,541512,3571, , , ,ON,RDM CORP,RDMKF
107435, , ,11/30/10,Waterloo,RDM Corp,4520,452030,45,45203010,D,CAN,541512,3571, , , ,ON,RDM CORP,RDMKF
107435, , ,12/31/10,Waterloo,RDM Corp,4520,452030,45,45203010,D,CAN,541512,3571, , , ,ON,RDM CORP,RDMKF
107435, , ,1/31/11,Waterloo,RDM Corp,4520,452030,45,45203010,D,CAN,541512,3571, , , ,ON,RDM CORP,RDMKF
107435, , ,2/28/11,Waterloo,RDM Corp,4520,452030,45,45203010,D,CAN,541512,3571, , , ,ON,RDM CORP,RDMKF
107435, , ,3/31/11,Waterloo,RDM Corp,4520,452030,45,45203010,D,CAN,541512,3571, , , ,ON,RDM CORP,RDMKF
107435, , ,4/30/11,Waterloo,RDM Corp,4520,452030,45,45203010,D,CAN,541512,3571, , , ,ON,RDM CORP,RDMKF
107435, , ,5/31/11,Waterloo,RDM Corp,4520,452030,45,45203010,D,CAN,541512,3571, , , ,ON,RDM CORP,RDMKF
107435, , ,6/30/11,Waterloo,RDM Corp,4520,452030,45,45203010,D,CAN,541512,3571, , , ,ON,RDM CORP,RDMKF
107435, , ,7/31/11,Waterloo,RDM Corp,4520,452030,45,45203010,D,CAN,541512,3571, , , ,ON,RDM CORP,RDMKF
107435, , ,8/31/11,Waterloo,RDM Corp,4520,452030,45,45203010,D,CAN,541512,3571, , , ,ON,RDM CORP,RDMKF
107435, , ,9/30/11,Waterloo,RDM Corp,4520,452030,45,45203010,D,CAN,541512,3571, , , ,ON,RDM CORP,RDMKF
107435, , ,10/31/11,Waterloo,RDM Corp,4520,452030,45,45203010,D,CAN,541512,3571, , , ,ON,RDM CORP,RDMKF
107435, , ,11/30/11,Waterloo,RDM Corp,4520,452030,45,45203010,D,CAN,541512,3571, , , ,ON,RDM CORP,RDMKF
107435, , ,12/31/11,Waterloo,RDM Corp,4520,452030,45,45203010,D,CAN,541512,3571, , , ,ON,RDM CORP,RDMKF
107435, , ,1/31/12,Waterloo,RDM Corp,4520,452030,45,45203010,D,CAN,541512,3571, , , ,ON,RDM CORP,RDMKF
107435, , ,2/29/12,Waterloo,RDM Corp,4520,452030,45,45203010,D,CAN,541512,3571, , , ,ON,RDM CORP,RDMKF
107435, , ,3/31/12,Waterloo,RDM Corp,4520,452030,45,45203010,D,CAN,541512,3571, , , ,ON,RDM CORP,RDMKF
107435, , ,4/30/12,Waterloo,RDM Corp,4520,452030,45,45203010,D,CAN,541512,3571, , , ,ON,RDM CORP,RDMKF
107435, , ,5/31/12,Waterloo,RDM Corp,4520,452030,45,45203010,D,CAN,541512,3571, , , ,ON,RDM CORP,RDMKF
107435, , ,6/30/12,Waterloo,RDM Corp,4520,452030,45,45203010,D,CAN,541512,3571, , , ,ON,RDM CORP,RDMKF
107435, , ,7/31/12,Waterloo,RDM Corp,4520,452030,45,45203010,D,CAN,541512,3571, , , ,ON,RDM CORP,RDMKF
107435, , ,8/31/12,Waterloo,RDM Corp,4520,452030,45,45203010,D,CAN,541512,3571, , , ,ON,RDM CORP,RDMKF
107435, , ,9/30/12,Waterloo,RDM Corp,4520,452030,45,45203010,D,CAN,541512,3571, , , ,ON,RDM CORP,RDMKF
107435, , ,10/31/12,Waterloo,RDM Corp,4520,452030,45,45203010,D,CAN,541512,3571, , , ,ON,RDM CORP,RDMKF
107435, , ,11/30/12,Waterloo,RDM Corp,4520,452030,45,45203010,D,CAN,541512,3571, , , ,ON,RDM CORP,RDMKF
107435, , ,12/31/12,Waterloo,RDM Corp,4520,452030,45,45203010,D,CAN,541512,3571, , , ,ON,RDM CORP,RDMKF
107435, , ,1/31/13,Waterloo,RDM Corp,4520,452030,45,45203010,D,CAN,541512,3571, , , ,ON,RDM CORP,RDMKF
107435, , ,2/28/13,Waterloo,RDM Corp,4520,452030,45,45203010,D,CAN,541512,3571, , , ,ON,RDM CORP,RDMKF
107435, , ,3/31/13,Waterloo,RDM Corp,4520,452030,45,45203010,D,CAN,541512,3571, , , ,ON,RDM CORP,RDMKF
107435, , ,4/30/13,Waterloo,RDM Corp,4520,452030,45,45203010,D,CAN,541512,3571, , , ,ON,RDM CORP,RDMKF
107435, , ,5/31/13,Waterloo,RDM Corp,4520,452030,45,45203010,D,CAN,541512,3571, , , ,ON,RDM CORP,RDMKF
107435, , ,6/30/13,Waterloo,RDM Corp,4520,452030,45,45203010,D,CAN,541512,3571, , , ,ON,RDM CORP,RDMKF
107435, , ,7/31/13,Waterloo,RDM Corp,4520,452030,45,45203010,D,CAN,541512,3571, , , ,ON,RDM CORP,RDMKF
107435, , ,8/31/13,Waterloo,RDM Corp,4520,452030,45,45203010,D,CAN,541512,3571, , , ,ON,RDM CORP,RDMKF
107435, , ,9/30/13,Waterloo,RDM Corp,4520,452030,45,45203010,D,CAN,541512,3571, , , ,ON,RDM CORP,RDMKF
107435, , ,10/31/13,Waterloo,RDM Corp,4520,452030,45,45203010,D,CAN,541512,3571, , , ,ON,RDM CORP,RDMKF
108086, , ,1/31/10,Saint-Lambert,Roctest Ltd,4520,452030,45,45203010,D,CAN,334515,3825,230,940, ,QC,ROCTEST LTD,RTT.Z
108086, , ,2/28/10,Saint-Lambert,Roctest Ltd,4520,452030,45,45203010,D,CAN,334515,3825,230,940, ,QC,ROCTEST LTD,RTT.Z
108086, , ,3/31/10,Saint-Lambert,Roctest Ltd,4520,452030,45,45203010,D,CAN,334515,3825,230,940, ,QC,ROCTEST LTD,RTT.Z
108086, , ,4/30/10,Saint-Lambert,Roctest Ltd,4520,452030,45,45203010,D,CAN,334515,3825,230,940, ,QC,ROCTEST LTD,RTT.Z
108086, , ,5/31/10,Saint-Lambert,Roctest Ltd,4520,452030,45,45203010,D,CAN,334515,3825,230,940, ,QC,ROCTEST LTD,RTT.Z
108086, , ,6/30/10,Saint-Lambert,Roctest Ltd,4520,452030,45,45203010,D,CAN,334515,3825,230,940, ,QC,ROCTEST LTD,RTT.Z
108086, , ,7/31/10,Saint-Lambert,Roctest Ltd,4520,452030,45,45203010,D,CAN,334515,3825,230,940, ,QC,ROCTEST LTD,RTT.Z
108086, , ,8/31/10,Saint-Lambert,Roctest Ltd,4520,452030,45,45203010,D,CAN,334515,3825,230,940, ,QC,ROCTEST LTD,RTT.Z
108086, , ,9/30/10,Saint-Lambert,Roctest Ltd,4520,452030,45,45203010,D,CAN,334515,3825,230,940, ,QC,ROCTEST LTD,RTT.Z
108086, , ,10/31/10,Saint-Lambert,Roctest Ltd,4520,452030,45,45203010,D,CAN,334515,3825,230,940, ,QC,ROCTEST LTD,RTT.Z
108086, , ,11/30/10,Saint-Lambert,Roctest Ltd,4520,452030,45,45203010,D,CAN,334515,3825,230,940, ,QC,ROCTEST LTD,RTT.Z
108086, , ,12/31/10,Saint-Lambert,Roctest Ltd,4520,452030,45,45203010,D,CAN,334515,3825,230,940, ,QC,ROCTEST LTD,RTT.Z
108218, , ,1/31/10,Calgary,Pure Technologies Ltd,4520,452030,45,45203010,D,CAN,334220,3663, , , ,AB,PURE TECHNOLOGIES LTD,PPEHF
108218, , ,2/28/10,Calgary,Pure Technologies Ltd,4520,452030,45,45203010,D,CAN,334220,3663, , , ,AB,PURE TECHNOLOGIES LTD,PPEHF
108218, , ,3/31/10,Calgary,Pure Technologies Ltd,4520,452030,45,45203010,D,CAN,334220,3663, , , ,AB,PURE TECHNOLOGIES LTD,PPEHF
108218, , ,4/30/10,Calgary,Pure Technologies Ltd,4520,452030,45,45203010,D,CAN,334220,3663, , , ,AB,PURE TECHNOLOGIES LTD,PPEHF
108218, , ,5/31/10,Calgary,Pure Technologies Ltd,4520,452030,45,45203010,D,CAN,334220,3663, , , ,AB,PURE TECHNOLOGIES LTD,PPEHF
108218, , ,6/30/10,Calgary,Pure Technologies Ltd,4520,452030,45,45203010,D,CAN,334220,3663, , , ,AB,PURE TECHNOLOGIES LTD,PPEHF
108218, , ,7/31/10,Calgary,Pure Technologies Ltd,4520,452030,45,45203010,D,CAN,334220,3663, , , ,AB,PURE TECHNOLOGIES LTD,PPEHF
108218, , ,8/31/10,Calgary,Pure Technologies Ltd,4520,452030,45,45203010,D,CAN,334220,3663, , , ,AB,PURE TECHNOLOGIES LTD,PPEHF
108218, , ,9/30/10,Calgary,Pure Technologies Ltd,4520,452030,45,45203010,D,CAN,334220,3663, , , ,AB,PURE TECHNOLOGIES LTD,PPEHF
108218, , ,10/31/10,Calgary,Pure Technologies Ltd,4520,452030,45,45203010,D,CAN,334220,3663, , , ,AB,PURE TECHNOLOGIES LTD,PPEHF
108218, , ,11/30/10,Calgary,Pure Technologies Ltd,4520,452030,45,45203010,D,CAN,334220,3663, , , ,AB,PURE TECHNOLOGIES LTD,PPEHF
108218, , ,12/31/10,Calgary,Pure Technologies Ltd,4520,452030,45,45203010,D,CAN,334220,3663, , , ,AB,PURE TECHNOLOGIES LTD,PPEHF
108218, , ,1/31/11,Calgary,Pure Technologies Ltd,4520,452030,45,45203010,D,CAN,334220,3663, , , ,AB,PURE TECHNOLOGIES LTD,PPEHF
108218, , ,2/28/11,Calgary,Pure Technologies Ltd,4520,452030,45,45203010,D,CAN,334220,3663, , , ,AB,PURE TECHNOLOGIES LTD,PPEHF
108218, , ,3/31/11,Calgary,Pure Technologies Ltd,4520,452030,45,45203010,D,CAN,334220,3663, , , ,AB,PURE TECHNOLOGIES LTD,PPEHF
108218, , ,4/30/11,Calgary,Pure Technologies Ltd,4520,452030,45,45203010,D,CAN,334220,3663, , , ,AB,PURE TECHNOLOGIES LTD,PPEHF
108218, , ,5/31/11,Calgary,Pure Technologies Ltd,4520,452030,45,45203010,D,CAN,334220,3663, , , ,AB,PURE TECHNOLOGIES LTD,PPEHF
108218, , ,6/30/11,Calgary,Pure Technologies Ltd,4520,452030,45,45203010,D,CAN,334220,3663, , , ,AB,PURE TECHNOLOGIES LTD,PPEHF
108218, , ,7/31/11,Calgary,Pure Technologies Ltd,4520,452030,45,45203010,D,CAN,334220,3663, , , ,AB,PURE TECHNOLOGIES LTD,PPEHF
108218, , ,8/31/11,Calgary,Pure Technologies Ltd,4520,452030,45,45203010,D,CAN,334220,3663, , , ,AB,PURE TECHNOLOGIES LTD,PPEHF
108218, , ,9/30/11,Calgary,Pure Technologies Ltd,4520,452030,45,45203010,D,CAN,334220,3663, , , ,AB,PURE TECHNOLOGIES LTD,PPEHF
108218, , ,10/31/11,Calgary,Pure Technologies Ltd,4520,452030,45,45203010,D,CAN,334220,3663, , , ,AB,PURE TECHNOLOGIES LTD,PPEHF
108218, , ,11/30/11,Calgary,Pure Technologies Ltd,4520,452030,45,45203010,D,CAN,334220,3663, , , ,AB,PURE TECHNOLOGIES LTD,PPEHF
108218, , ,12/31/11,Calgary,Pure Technologies Ltd,4520,452030,45,45203010,D,CAN,334220,3663, , , ,AB,PURE TECHNOLOGIES LTD,PPEHF
108218, , ,1/31/12,Calgary,Pure Technologies Ltd,4520,452030,45,45203010,D,CAN,334220,3663, , , ,AB,PURE TECHNOLOGIES LTD,PPEHF
108218, , ,2/29/12,Calgary,Pure Technologies Ltd,4520,452030,45,45203010,D,CAN,334220,3663, , , ,AB,PURE TECHNOLOGIES LTD,PPEHF
108218, , ,3/31/12,Calgary,Pure Technologies Ltd,4520,452030,45,45203010,D,CAN,334220,3663, , , ,AB,PURE TECHNOLOGIES LTD,PPEHF
108218, , ,4/30/12,Calgary,Pure Technologies Ltd,4520,452030,45,45203010,D,CAN,334220,3663, , , ,AB,PURE TECHNOLOGIES LTD,PPEHF
108218, , ,5/31/12,Calgary,Pure Technologies Ltd,4520,452030,45,45203010,D,CAN,334220,3663, , , ,AB,PURE TECHNOLOGIES LTD,PPEHF
108218, , ,6/30/12,Calgary,Pure Technologies Ltd,4520,452030,45,45203010,D,CAN,334220,3663, , , ,AB,PURE TECHNOLOGIES LTD,PPEHF
108218, , ,7/31/12,Calgary,Pure Technologies Ltd,4520,452030,45,45203010,D,CAN,334220,3663, , , ,AB,PURE TECHNOLOGIES LTD,PPEHF
108218, , ,8/31/12,Calgary,Pure Technologies Ltd,4520,452030,45,45203010,D,CAN,334220,3663, , , ,AB,PURE TECHNOLOGIES LTD,PPEHF
108218, , ,9/30/12,Calgary,Pure Technologies Ltd,4520,452030,45,45203010,D,CAN,334220,3663, , , ,AB,PURE TECHNOLOGIES LTD,PPEHF
108218, , ,10/31/12,Calgary,Pure Technologies Ltd,4520,452030,45,45203010,D,CAN,334220,3663, , , ,AB,PURE TECHNOLOGIES LTD,PPEHF
108218, , ,11/30/12,Calgary,Pure Technologies Ltd,4520,452030,45,45203010,D,CAN,334220,3663, , , ,AB,PURE TECHNOLOGIES LTD,PPEHF
108218, , ,12/31/12,Calgary,Pure Technologies Ltd,4520,452030,45,45203010,D,CAN,334220,3663, , , ,AB,PURE TECHNOLOGIES LTD,PPEHF
108218, , ,1/31/13,Calgary,Pure Technologies Ltd,4520,452030,45,45203010,D,CAN,334220,3663, , , ,AB,PURE TECHNOLOGIES LTD,PPEHF
108218, , ,2/28/13,Calgary,Pure Technologies Ltd,4520,452030,45,45203010,D,CAN,334220,3663, , , ,AB,PURE TECHNOLOGIES LTD,PPEHF
108218, , ,3/31/13,Calgary,Pure Technologies Ltd,4520,452030,45,45203010,D,CAN,334220,3663, , , ,AB,PURE TECHNOLOGIES LTD,PPEHF
108218, , ,4/30/13,Calgary,Pure Technologies Ltd,4520,452030,45,45203010,D,CAN,334220,3663, , , ,AB,PURE TECHNOLOGIES LTD,PPEHF
108218, , ,5/31/13,Calgary,Pure Technologies Ltd,4520,452030,45,45203010,D,CAN,334220,3663, , , ,AB,PURE TECHNOLOGIES LTD,PPEHF
108218, , ,6/30/13,Calgary,Pure Technologies Ltd,4520,452030,45,45203010,D,CAN,334220,3663, , , ,AB,PURE TECHNOLOGIES LTD,PPEHF
108218, , ,7/31/13,Calgary,Pure Technologies Ltd,4520,452030,45,45203010,D,CAN,334220,3663, , , ,AB,PURE TECHNOLOGIES LTD,PPEHF
108218, , ,8/31/13,Calgary,Pure Technologies Ltd,4520,452030,45,45203010,D,CAN,334220,3663, , , ,AB,PURE TECHNOLOGIES LTD,PPEHF
108218, , ,9/30/13,Calgary,Pure Technologies Ltd,4520,452030,45,45203010,D,CAN,334220,3663, , , ,AB,PURE TECHNOLOGIES LTD,PPEHF
108218, , ,10/31/13,Calgary,Pure Technologies Ltd,4520,452030,45,45203010,D,CAN,334220,3663, , , ,AB,PURE TECHNOLOGIES LTD,PPEHF
108532, , ,1/31/10,Edmonton,Titan Logix Corp,4520,452030,45,45203010,D,CAN,334513,3823, , , ,AB,TITAN LOGIX CORP,TPCFF
108532, , ,2/28/10,Edmonton,Titan Logix Corp,4520,452030,45,45203010,D,CAN,334513,3823, , , ,AB,TITAN LOGIX CORP,TPCFF
108532, , ,3/31/10,Edmonton,Titan Logix Corp,4520,452030,45,45203010,D,CAN,334513,3823, , , ,AB,TITAN LOGIX CORP,TPCFF
108532, , ,4/30/10,Edmonton,Titan Logix Corp,4520,452030,45,45203010,D,CAN,334513,3823, , , ,AB,TITAN LOGIX CORP,TPCFF
108532, , ,5/31/10,Edmonton,Titan Logix Corp,4520,452030,45,45203010,D,CAN,334513,3823, , , ,AB,TITAN LOGIX CORP,TPCFF
108532, , ,6/30/10,Edmonton,Titan Logix Corp,4520,452030,45,45203010,D,CAN,334513,3823, , , ,AB,TITAN LOGIX CORP,TPCFF
108532, , ,7/31/10,Edmonton,Titan Logix Corp,4520,452030,45,45203010,D,CAN,334513,3823, , , ,AB,TITAN LOGIX CORP,TPCFF
108532, , ,8/31/10,Edmonton,Titan Logix Corp,4520,452030,45,45203010,D,CAN,334513,3823, , , ,AB,TITAN LOGIX CORP,TPCFF
108532, , ,9/30/10,Edmonton,Titan Logix Corp,4520,452030,45,45203010,D,CAN,334513,3823, , , ,AB,TITAN LOGIX CORP,TPCFF
108532, , ,10/31/10,Edmonton,Titan Logix Corp,4520,452030,45,45203010,D,CAN,334513,3823, , , ,AB,TITAN LOGIX CORP,TPCFF
108532, , ,11/30/10,Edmonton,Titan Logix Corp,4520,452030,45,45203010,D,CAN,334513,3823, , , ,AB,TITAN LOGIX CORP,TPCFF
108532, , ,12/31/10,Edmonton,Titan Logix Corp,4520,452030,45,45203010,D,CAN,334513,3823, , , ,AB,TITAN LOGIX CORP,TPCFF
108532, , ,1/31/11,Edmonton,Titan Logix Corp,4520,452030,45,45203010,D,CAN,334513,3823, , , ,AB,TITAN LOGIX CORP,TPCFF
108532, , ,2/28/11,Edmonton,Titan Logix Corp,4520,452030,45,45203010,D,CAN,334513,3823, , , ,AB,TITAN LOGIX CORP,TPCFF
108532, , ,3/31/11,Edmonton,Titan Logix Corp,4520,452030,45,45203010,D,CAN,334513,3823, , , ,AB,TITAN LOGIX CORP,TPCFF
108532, , ,4/30/11,Edmonton,Titan Logix Corp,4520,452030,45,45203010,D,CAN,334513,3823, , , ,AB,TITAN LOGIX CORP,TPCFF
108532, , ,5/31/11,Edmonton,Titan Logix Corp,4520,452030,45,45203010,D,CAN,334513,3823, , , ,AB,TITAN LOGIX CORP,TPCFF
108532, , ,6/30/11,Edmonton,Titan Logix Corp,4520,452030,45,45203010,D,CAN,334513,3823, , , ,AB,TITAN LOGIX CORP,TPCFF
108532, , ,7/31/11,Edmonton,Titan Logix Corp,4520,452030,45,45203010,D,CAN,334513,3823, , , ,AB,TITAN LOGIX CORP,TPCFF
108532, , ,8/31/11,Edmonton,Titan Logix Corp,4520,452030,45,45203010,D,CAN,334513,3823, , , ,AB,TITAN LOGIX CORP,TPCFF
108532, , ,9/30/11,Edmonton,Titan Logix Corp,4520,452030,45,45203010,D,CAN,334513,3823, , , ,AB,TITAN LOGIX CORP,TPCFF
108532, , ,10/31/11,Edmonton,Titan Logix Corp,4520,452030,45,45203010,D,CAN,334513,3823, , , ,AB,TITAN LOGIX CORP,TPCFF
108532, , ,11/30/11,Edmonton,Titan Logix Corp,4520,452030,45,45203010,D,CAN,334513,3823, , , ,AB,TITAN LOGIX CORP,TPCFF
108532, , ,12/31/11,Edmonton,Titan Logix Corp,4520,452030,45,45203010,D,CAN,334513,3823, , , ,AB,TITAN LOGIX CORP,TPCFF
108532, , ,1/31/12,Edmonton,Titan Logix Corp,4520,452030,45,45203010,D,CAN,334513,3823, , , ,AB,TITAN LOGIX CORP,TPCFF
108532, , ,2/29/12,Edmonton,Titan Logix Corp,4520,452030,45,45203010,D,CAN,334513,3823, , , ,AB,TITAN LOGIX CORP,TPCFF
108532, , ,3/31/12,Edmonton,Titan Logix Corp,4520,452030,45,45203010,D,CAN,334513,3823, , , ,AB,TITAN LOGIX CORP,TPCFF
108532, , ,4/30/12,Edmonton,Titan Logix Corp,4520,452030,45,45203010,D,CAN,334513,3823, , , ,AB,TITAN LOGIX CORP,TPCFF
108532, , ,5/31/12,Edmonton,Titan Logix Corp,4520,452030,45,45203010,D,CAN,334513,3823, , , ,AB,TITAN LOGIX CORP,TPCFF
108532, , ,6/30/12,Edmonton,Titan Logix Corp,4520,452030,45,45203010,D,CAN,334513,3823, , , ,AB,TITAN LOGIX CORP,TPCFF
108532, , ,7/31/12,Edmonton,Titan Logix Corp,4520,452030,45,45203010,D,CAN,334513,3823, , , ,AB,TITAN LOGIX CORP,TPCFF
108532, , ,8/31/12,Edmonton,Titan Logix Corp,4520,452030,45,45203010,D,CAN,334513,3823, , , ,AB,TITAN LOGIX CORP,TPCFF
108532, , ,9/30/12,Edmonton,Titan Logix Corp,4520,452030,45,45203010,D,CAN,334513,3823, , , ,AB,TITAN LOGIX CORP,TPCFF
108532, , ,10/31/12,Edmonton,Titan Logix Corp,4520,452030,45,45203010,D,CAN,334513,3823, , , ,AB,TITAN LOGIX CORP,TPCFF
108532, , ,11/30/12,Edmonton,Titan Logix Corp,4520,452030,45,45203010,D,CAN,334513,3823, , , ,AB,TITAN LOGIX CORP,TPCFF
108532, , ,12/31/12,Edmonton,Titan Logix Corp,4520,452030,45,45203010,D,CAN,334513,3823, , , ,AB,TITAN LOGIX CORP,TPCFF
108532, , ,1/31/13,Edmonton,Titan Logix Corp,4520,452030,45,45203010,D,CAN,334513,3823, , , ,AB,TITAN LOGIX CORP,TPCFF
108532, , ,2/28/13,Edmonton,Titan Logix Corp,4520,452030,45,45203010,D,CAN,334513,3823, , , ,AB,TITAN LOGIX CORP,TPCFF
108532, , ,3/31/13,Edmonton,Titan Logix Corp,4520,452030,45,45203010,D,CAN,334513,3823, , , ,AB,TITAN LOGIX CORP,TPCFF
108532, , ,4/30/13,Edmonton,Titan Logix Corp,4520,452030,45,45203010,D,CAN,334513,3823, , , ,AB,TITAN LOGIX CORP,TPCFF
108532, , ,5/31/13,Edmonton,Titan Logix Corp,4520,452030,45,45203010,D,CAN,334513,3823, , , ,AB,TITAN LOGIX CORP,TPCFF
108532, , ,6/30/13,Edmonton,Titan Logix Corp,4520,452030,45,45203010,D,CAN,334513,3823, , , ,AB,TITAN LOGIX CORP,TPCFF
108532, , ,7/31/13,Edmonton,Titan Logix Corp,4520,452030,45,45203010,D,CAN,334513,3823, , , ,AB,TITAN LOGIX CORP,TPCFF
108532, , ,8/31/13,Edmonton,Titan Logix Corp,4520,452030,45,45203010,D,CAN,334513,3823, , , ,AB,TITAN LOGIX CORP,TPCFF
108532, , ,9/30/13,Edmonton,Titan Logix Corp,4520,452030,45,45203010,D,CAN,334513,3823, , , ,AB,TITAN LOGIX CORP,TPCFF
108532, , ,10/31/13,Edmonton,Titan Logix Corp,4520,452030,45,45203010,D,CAN,334513,3823, , , ,AB,TITAN LOGIX CORP,TPCFF
108648, , ,1/31/10,Toronto,Softchoice Corp,4520,452030,45,45203030,D,CAN,423430,5045, , , ,ON,SOFTCHOICE CORP,SFCJF
108648, , ,2/28/10,Toronto,Softchoice Corp,4520,452030,45,45203030,D,CAN,423430,5045, , , ,ON,SOFTCHOICE CORP,SFCJF
108648, , ,3/31/10,Toronto,Softchoice Corp,4520,452030,45,45203030,D,CAN,423430,5045, , , ,ON,SOFTCHOICE CORP,SFCJF
108648, , ,4/30/10,Toronto,Softchoice Corp,4520,452030,45,45203030,D,CAN,423430,5045, , , ,ON,SOFTCHOICE CORP,SFCJF
108648, , ,5/31/10,Toronto,Softchoice Corp,4520,452030,45,45203030,D,CAN,423430,5045, , , ,ON,SOFTCHOICE CORP,SFCJF
108648, , ,6/30/10,Toronto,Softchoice Corp,4520,452030,45,45203030,D,CAN,423430,5045, , , ,ON,SOFTCHOICE CORP,SFCJF
108648, , ,7/31/10,Toronto,Softchoice Corp,4520,452030,45,45203030,D,CAN,423430,5045, , , ,ON,SOFTCHOICE CORP,SFCJF
108648, , ,8/31/10,Toronto,Softchoice Corp,4520,452030,45,45203030,D,CAN,423430,5045, , , ,ON,SOFTCHOICE CORP,SFCJF
108648, , ,9/30/10,Toronto,Softchoice Corp,4520,452030,45,45203030,D,CAN,423430,5045, , , ,ON,SOFTCHOICE CORP,SFCJF
108648, , ,10/31/10,Toronto,Softchoice Corp,4520,452030,45,45203030,D,CAN,423430,5045, , , ,ON,SOFTCHOICE CORP,SFCJF
108648, , ,11/30/10,Toronto,Softchoice Corp,4520,452030,45,45203030,D,CAN,423430,5045, , , ,ON,SOFTCHOICE CORP,SFCJF
108648, , ,12/31/10,Toronto,Softchoice Corp,4520,452030,45,45203030,D,CAN,423430,5045, , , ,ON,SOFTCHOICE CORP,SFCJF
108648, , ,1/31/11,Toronto,Softchoice Corp,4520,452030,45,45203030,D,CAN,423430,5045, , , ,ON,SOFTCHOICE CORP,SFCJF
108648, , ,2/28/11,Toronto,Softchoice Corp,4520,452030,45,45203030,D,CAN,423430,5045, , , ,ON,SOFTCHOICE CORP,SFCJF
108648, , ,3/31/11,Toronto,Softchoice Corp,4520,452030,45,45203030,D,CAN,423430,5045, , , ,ON,SOFTCHOICE CORP,SFCJF
108648, , ,4/30/11,Toronto,Softchoice Corp,4520,452030,45,45203030,D,CAN,423430,5045, , , ,ON,SOFTCHOICE CORP,SFCJF
108648, , ,5/31/11,Toronto,Softchoice Corp,4520,452030,45,45203030,D,CAN,423430,5045, , , ,ON,SOFTCHOICE CORP,SFCJF
108648, , ,6/30/11,Toronto,Softchoice Corp,4520,452030,45,45203030,D,CAN,423430,5045, , , ,ON,SOFTCHOICE CORP,SFCJF
108648, , ,7/31/11,Toronto,Softchoice Corp,4520,452030,45,45203030,D,CAN,423430,5045, , , ,ON,SOFTCHOICE CORP,SFCJF
108648, , ,8/31/11,Toronto,Softchoice Corp,4520,452030,45,45203030,D,CAN,423430,5045, , , ,ON,SOFTCHOICE CORP,SFCJF
108648, , ,9/30/11,Toronto,Softchoice Corp,4520,452030,45,45203030,D,CAN,423430,5045, , , ,ON,SOFTCHOICE CORP,SFCJF
108648, , ,10/31/11,Toronto,Softchoice Corp,4520,452030,45,45203030,D,CAN,423430,5045, , , ,ON,SOFTCHOICE CORP,SFCJF
108648, , ,11/30/11,Toronto,Softchoice Corp,4520,452030,45,45203030,D,CAN,423430,5045, , , ,ON,SOFTCHOICE CORP,SFCJF
108648, , ,12/31/11,Toronto,Softchoice Corp,4520,452030,45,45203030,D,CAN,423430,5045, , , ,ON,SOFTCHOICE CORP,SFCJF
108648, , ,1/31/12,Toronto,Softchoice Corp,4520,452030,45,45203030,D,CAN,423430,5045, , , ,ON,SOFTCHOICE CORP,SFCJF
108648, , ,2/29/12,Toronto,Softchoice Corp,4520,452030,45,45203030,D,CAN,423430,5045, , , ,ON,SOFTCHOICE CORP,SFCJF
108648, , ,3/31/12,Toronto,Softchoice Corp,4520,452030,45,45203030,D,CAN,423430,5045, , , ,ON,SOFTCHOICE CORP,SFCJF
108648, , ,4/30/12,Toronto,Softchoice Corp,4520,452030,45,45203030,D,CAN,423430,5045, , , ,ON,SOFTCHOICE CORP,SFCJF
108648, , ,5/31/12,Toronto,Softchoice Corp,4520,452030,45,45203030,D,CAN,423430,5045, , , ,ON,SOFTCHOICE CORP,SFCJF
108648, , ,6/30/12,Toronto,Softchoice Corp,4520,452030,45,45203030,D,CAN,423430,5045, , , ,ON,SOFTCHOICE CORP,SFCJF
108648, , ,7/31/12,Toronto,Softchoice Corp,4520,452030,45,45203030,D,CAN,423430,5045, , , ,ON,SOFTCHOICE CORP,SFCJF
108648, , ,8/31/12,Toronto,Softchoice Corp,4520,452030,45,45203030,D,CAN,423430,5045, , , ,ON,SOFTCHOICE CORP,SFCJF
108648, , ,9/30/12,Toronto,Softchoice Corp,4520,452030,45,45203030,D,CAN,423430,5045, , , ,ON,SOFTCHOICE CORP,SFCJF
108648, , ,10/31/12,Toronto,Softchoice Corp,4520,452030,45,45203030,D,CAN,423430,5045, , , ,ON,SOFTCHOICE CORP,SFCJF
108648, , ,11/30/12,Toronto,Softchoice Corp,4520,452030,45,45203030,D,CAN,423430,5045, , , ,ON,SOFTCHOICE CORP,SFCJF
108648, , ,12/31/12,Toronto,Softchoice Corp,4520,452030,45,45203030,D,CAN,423430,5045, , , ,ON,SOFTCHOICE CORP,SFCJF
108648, , ,1/31/13,Toronto,Softchoice Corp,4520,452030,45,45203030,D,CAN,423430,5045, , , ,ON,SOFTCHOICE CORP,SFCJF
108648, , ,2/28/13,Toronto,Softchoice Corp,4520,452030,45,45203030,D,CAN,423430,5045, , , ,ON,SOFTCHOICE CORP,SFCJF
108648, , ,3/31/13,Toronto,Softchoice Corp,4520,452030,45,45203030,D,CAN,423430,5045, , , ,ON,SOFTCHOICE CORP,SFCJF
108648, , ,4/30/13,Toronto,Softchoice Corp,4520,452030,45,45203030,D,CAN,423430,5045, , , ,ON,SOFTCHOICE CORP,SFCJF
108648, , ,5/31/13,Toronto,Softchoice Corp,4520,452030,45,45203030,D,CAN,423430,5045, , , ,ON,SOFTCHOICE CORP,SFCJF
108648, , ,6/30/13,Toronto,Softchoice Corp,4520,452030,45,45203030,D,CAN,423430,5045, , , ,ON,SOFTCHOICE CORP,SFCJF
111169, , ,1/31/10,San Jose,RAE Systems Inc.,4520,452030,45,45203010,D,USA,334519,3829,175,976,C,CA,RAE SYSTEMS INC,RAE
111169, , ,2/28/10,San Jose,RAE Systems Inc.,4520,452030,45,45203010,D,USA,334519,3829,175,976,C,CA,RAE SYSTEMS INC,RAE
111169, , ,3/31/10,San Jose,RAE Systems Inc.,4520,452030,45,45203010,D,USA,334519,3829,175,976,C,CA,RAE SYSTEMS INC,RAE
111169, , ,4/30/10,San Jose,RAE Systems Inc.,4520,452030,45,45203010,D,USA,334519,3829,175,976,C,CA,RAE SYSTEMS INC,RAE
111169, , ,5/31/10,San Jose,RAE Systems Inc.,4520,452030,45,45203010,D,USA,334519,3829,175,976,C,CA,RAE SYSTEMS INC,RAE
111169, , ,6/30/10,San Jose,RAE Systems Inc.,4520,452030,45,45203010,D,USA,334519,3829,175,976,C,CA,RAE SYSTEMS INC,RAE
111169, , ,7/31/10,San Jose,RAE Systems Inc.,4520,452030,45,45203010,D,USA,334519,3829,175,976,C,CA,RAE SYSTEMS INC,RAE
111169, , ,8/31/10,San Jose,RAE Systems Inc.,4520,452030,45,45203010,D,USA,334519,3829,175,976,C,CA,RAE SYSTEMS INC,RAE
111169, , ,9/30/10,San Jose,RAE Systems Inc.,4520,452030,45,45203010,D,USA,334519,3829,175,976,C,CA,RAE SYSTEMS INC,RAE
111169, , ,10/31/10,San Jose,RAE Systems Inc.,4520,452030,45,45203010,D,USA,334519,3829,175,976,C,CA,RAE SYSTEMS INC,RAE
111169, , ,11/30/10,San Jose,RAE Systems Inc.,4520,452030,45,45203010,D,USA,334519,3829,175,976,C,CA,RAE SYSTEMS INC,RAE
111169, , ,12/31/10,San Jose,RAE Systems Inc.,4520,452030,45,45203010,D,USA,334519,3829,175,976,C,CA,RAE SYSTEMS INC,RAE
111169, , ,1/31/11,San Jose,RAE Systems Inc.,4520,452030,45,45203010,D,USA,334519,3829,175,976,C,CA,RAE SYSTEMS INC,RAE
111169, , ,2/28/11,San Jose,RAE Systems Inc.,4520,452030,45,45203010,D,USA,334519,3829,175,976,C,CA,RAE SYSTEMS INC,RAE
111169, , ,3/31/11,San Jose,RAE Systems Inc.,4520,452030,45,45203010,D,USA,334519,3829,175,976,C,CA,RAE SYSTEMS INC,RAE
111169, , ,4/30/11,San Jose,RAE Systems Inc.,4520,452030,45,45203010,D,USA,334519,3829,175,976,C,CA,RAE SYSTEMS INC,RAE
111169, , ,5/31/11,San Jose,RAE Systems Inc.,4520,452030,45,45203010,D,USA,334519,3829,175,976,C,CA,RAE SYSTEMS INC,RAE
111169, , ,6/30/11,San Jose,RAE Systems Inc.,4520,452030,45,45203010,D,USA,334519,3829,175,976,C,CA,RAE SYSTEMS INC,RAE
111939,B+, ,1/31/10,Palo Alto,Communications & Power Industries Inc,4520,452030,45,45203010,D,USA,334419,3679, , , ,CA,COMMUNICATIONS & PWR INDS,0056A
111939,B+, ,2/28/10,Palo Alto,Communications & Power Industries Inc,4520,452030,45,45203010,D,USA,334419,3679, , , ,CA,COMMUNICATIONS & PWR INDS,0056A
111939,B+, ,3/31/10,Palo Alto,Communications & Power Industries Inc,4520,452030,45,45203010,D,USA,334419,3679, , , ,CA,COMMUNICATIONS & PWR INDS,0056A
111939,B+, ,4/30/10,Palo Alto,Communications & Power Industries Inc,4520,452030,45,45203010,D,USA,334419,3679, , , ,CA,COMMUNICATIONS & PWR INDS,0056A
111939,B+, ,5/31/10,Palo Alto,Communications & Power Industries Inc,4520,452030,45,45203010,D,USA,334419,3679, , , ,CA,COMMUNICATIONS & PWR INDS,0056A
111939,B+, ,6/30/10,Palo Alto,Communications & Power Industries Inc,4520,452030,45,45203010,D,USA,334419,3679, , , ,CA,COMMUNICATIONS & PWR INDS,0056A
111939,B+, ,7/31/10,Palo Alto,Communications & Power Industries Inc,4520,452030,45,45203010,D,USA,334419,3679, , , ,CA,COMMUNICATIONS & PWR INDS,0056A
111939,B+, ,8/31/10,Palo Alto,Communications & Power Industries Inc,4520,452030,45,45203010,D,USA,334419,3679, , , ,CA,COMMUNICATIONS & PWR INDS,0056A
111939,B+, ,9/30/10,Palo Alto,Communications & Power Industries Inc,4520,452030,45,45203010,D,USA,334419,3679, , , ,CA,COMMUNICATIONS & PWR INDS,0056A
111939,B+, ,10/31/10,Palo Alto,Communications & Power Industries Inc,4520,452030,45,45203010,D,USA,334419,3679, , , ,CA,COMMUNICATIONS & PWR INDS,0056A
111939,B+, ,11/30/10,Palo Alto,Communications & Power Industries Inc,4520,452030,45,45203010,D,USA,334419,3679, , , ,CA,COMMUNICATIONS & PWR INDS,0056A
111939,B+, ,12/31/10,Palo Alto,Communications & Power Industries Inc,4520,452030,45,45203010,D,USA,334419,3679, , , ,CA,COMMUNICATIONS & PWR INDS,0056A
111939,B+, ,1/31/11,Palo Alto,Communications & Power Industries Inc,4520,452030,45,45203010,D,USA,334419,3679, , , ,CA,COMMUNICATIONS & PWR INDS,0056A
112158,BB-, ,1/31/10,Toronto,Celestica Inc,4520,452030,45,45203020,D,CAN,334413,3674,235,940,B-,ON,CELESTICA INC,CLS
112158,BB, ,2/28/10,Toronto,Celestica Inc,4520,452030,45,45203020,D,CAN,334413,3674,235,940,B-,ON,CELESTICA INC,CLS
112158,BB, ,3/31/10,Toronto,Celestica Inc,4520,452030,45,45203020,D,CAN,334413,3674,235,940,B-,ON,CELESTICA INC,CLS
112158,BB, ,4/30/10,Toronto,Celestica Inc,4520,452030,45,45203020,D,CAN,334413,3674,235,940,B-,ON,CELESTICA INC,CLS
112158,BB, ,5/31/10,Toronto,Celestica Inc,4520,452030,45,45203020,D,CAN,334413,3674,235,940,B-,ON,CELESTICA INC,CLS
112158,BB, ,6/30/10,Toronto,Celestica Inc,4520,452030,45,45203020,D,CAN,334413,3674,235,940,B-,ON,CELESTICA INC,CLS
112158,BB, ,7/31/10,Toronto,Celestica Inc,4520,452030,45,45203020,D,CAN,334413,3674,235,940,B-,ON,CELESTICA INC,CLS
112158,BB, ,8/31/10,Toronto,Celestica Inc,4520,452030,45,45203020,D,CAN,334413,3674,235,940,B-,ON,CELESTICA INC,CLS
112158,BB, ,9/30/10,Toronto,Celestica Inc,4520,452030,45,45203020,D,CAN,334413,3674,235,940,B-,ON,CELESTICA INC,CLS
112158,BB, ,10/31/10,Toronto,Celestica Inc,4520,452030,45,45203020,D,CAN,334413,3674,235,940,B-,ON,CELESTICA INC,CLS
112158,BB, ,11/30/10,Toronto,Celestica Inc,4520,452030,45,45203020,D,CAN,334413,3674,235,940,B-,ON,CELESTICA INC,CLS
112158,BB, ,12/31/10,Toronto,Celestica Inc,4520,452030,45,45203020,D,CAN,334413,3674,235,940,B-,ON,CELESTICA INC,CLS
112158,BB, ,1/31/11,Toronto,Celestica Inc,4520,452030,45,45203020,D,CAN,334413,3674,235,940,B-,ON,CELESTICA INC,CLS
112158,BB, ,2/28/11,Toronto,Celestica Inc,4520,452030,45,45203020,D,CAN,334413,3674,235,940,B-,ON,CELESTICA INC,CLS
112158,BB, ,3/31/11,Toronto,Celestica Inc,4520,452030,45,45203020,D,CAN,334413,3674,235,940,B-,ON,CELESTICA INC,CLS
112158,BB, ,4/30/11,Toronto,Celestica Inc,4520,452030,45,45203020,D,CAN,334413,3674,235,940,B-,ON,CELESTICA INC,CLS
112158,BB, ,5/31/11,Toronto,Celestica Inc,4520,452030,45,45203020,D,CAN,334413,3674,235,940,B-,ON,CELESTICA INC,CLS
112158,BB, ,6/30/11,Toronto,Celestica Inc,4520,452030,45,45203020,D,CAN,334413,3674,235,940,B-,ON,CELESTICA INC,CLS
112158,BB, ,7/31/11,Toronto,Celestica Inc,4520,452030,45,45203020,D,CAN,334413,3674,235,940,B-,ON,CELESTICA INC,CLS
112158,BB, ,8/31/11,Toronto,Celestica Inc,4520,452030,45,45203020,D,CAN,334413,3674,235,940,B-,ON,CELESTICA INC,CLS
112158,BB, ,9/30/11,Toronto,Celestica Inc,4520,452030,45,45203020,D,CAN,334413,3674,235,940,B-,ON,CELESTICA INC,CLS
112158,BB, ,10/31/11,Toronto,Celestica Inc,4520,452030,45,45203020,D,CAN,334413,3674,235,940,B-,ON,CELESTICA INC,CLS
112158,BB, ,11/30/11,Toronto,Celestica Inc,4520,452030,45,45203020,D,CAN,334413,3674,235,940,B-,ON,CELESTICA INC,CLS
112158,BB, ,12/31/11,Toronto,Celestica Inc,4520,452030,45,45203020,D,CAN,334413,3674,235,940,B-,ON,CELESTICA INC,CLS
112158,BB, ,1/31/12,Toronto,Celestica Inc,4520,452030,45,45203020,D,CAN,334413,3674,235,940,B-,ON,CELESTICA INC,CLS
112158,BB, ,2/29/12,Toronto,Celestica Inc,4520,452030,45,45203020,D,CAN,334413,3674,235,940,B-,ON,CELESTICA INC,CLS
112158,BB, ,3/31/12,Toronto,Celestica Inc,4520,452030,45,45203020,D,CAN,334413,3674,235,940,B-,ON,CELESTICA INC,CLS
112158,BB, ,4/30/12,Toronto,Celestica Inc,4520,452030,45,45203020,D,CAN,334413,3674,235,940,B-,ON,CELESTICA INC,CLS
112158,BB, ,5/31/12,Toronto,Celestica Inc,4520,452030,45,45203020,D,CAN,334413,3674,235,940,B-,ON,CELESTICA INC,CLS
112158,BB, ,6/30/12,Toronto,Celestica Inc,4520,452030,45,45203020,D,CAN,334413,3674,235,940,B-,ON,CELESTICA INC,CLS
112158,BB, ,7/31/12,Toronto,Celestica Inc,4520,452030,45,45203020,D,CAN,334413,3674,235,940,B-,ON,CELESTICA INC,CLS
112158,BB, ,8/31/12,Toronto,Celestica Inc,4520,452030,45,45203020,D,CAN,334413,3674,235,940,B-,ON,CELESTICA INC,CLS
112158,BB, ,9/30/12,Toronto,Celestica Inc,4520,452030,45,45203020,D,CAN,334413,3674,235,940,B-,ON,CELESTICA INC,CLS
112158,BB, ,10/31/12,Toronto,Celestica Inc,4520,452030,45,45203020,D,CAN,334413,3674,235,940,B-,ON,CELESTICA INC,CLS
112158,BB, ,11/30/12,Toronto,Celestica Inc,4520,452030,45,45203020,D,CAN,334413,3674,235,940,B-,ON,CELESTICA INC,CLS
112158,BB, ,12/31/12,Toronto,Celestica Inc,4520,452030,45,45203020,D,CAN,334413,3674,235,940,B-,ON,CELESTICA INC,CLS
112158,BB, ,1/31/13,Toronto,Celestica Inc,4520,452030,45,45203020,D,CAN,334413,3674,235,940,B-,ON,CELESTICA INC,CLS
112158,BB, ,2/28/13,Toronto,Celestica Inc,4520,452030,45,45203020,D,CAN,334413,3674,235,940,B-,ON,CELESTICA INC,CLS
112158,BB, ,3/31/13,Toronto,Celestica Inc,4520,452030,45,45203020,D,CAN,334413,3674,235,940,B-,ON,CELESTICA INC,CLS
112158,BB, ,4/30/13,Toronto,Celestica Inc,4520,452030,45,45203020,D,CAN,334413,3674,235,940,B-,ON,CELESTICA INC,CLS
112158,BB, ,5/31/13,Toronto,Celestica Inc,4520,452030,45,45203020,D,CAN,334413,3674,235,940,B-,ON,CELESTICA INC,CLS
112158,BB, ,6/30/13,Toronto,Celestica Inc,4520,452030,45,45203020,D,CAN,334413,3674,235,940,B-,ON,CELESTICA INC,CLS
112158,BB, ,7/31/13,Toronto,Celestica Inc,4520,452030,45,45203020,D,CAN,334413,3674,235,940,B-,ON,CELESTICA INC,CLS
112158,BB, ,8/31/13,Toronto,Celestica Inc,4520,452030,45,45203020,D,CAN,334413,3674,235,940,B-,ON,CELESTICA INC,CLS
112158,BB, ,9/30/13,Toronto,Celestica Inc,4520,452030,45,45203020,D,CAN,334413,3674,235,940,B-,ON,CELESTICA INC,CLS
112158,BB, ,10/31/13,Toronto,Celestica Inc,4520,452030,45,45203020,D,CAN,334413,3674,235,940,B-,ON,CELESTICA INC,CLS
112158,BB, ,11/30/13,Toronto,Celestica Inc,4520,452030,45,45203020,D,CAN,334413,3674,235,940,B-,ON,CELESTICA INC,CLS
112158,BB, ,12/31/13,Toronto,Celestica Inc,4520,452030,45,45203020,D,CAN,334413,3674,235,940,B-,ON,CELESTICA INC,CLS
112158,BB, ,1/31/14,Toronto,Celestica Inc,4520,452030,45,45203020,D,CAN,334413,3674,235,940,B-,ON,CELESTICA INC,CLS
112158,BB, ,2/28/14,Toronto,Celestica Inc,4520,452030,45,45203020,D,CAN,334413,3674,235,940,B-,ON,CELESTICA INC,CLS
112158,BB, ,3/31/14,Toronto,Celestica Inc,4520,452030,45,45203020,D,CAN,334413,3674,235,940,B-,ON,CELESTICA INC,CLS
112158,BB, ,4/30/14,Toronto,Celestica Inc,4520,452030,45,45203020,D,CAN,334413,3674,235,940,B-,ON,CELESTICA INC,CLS
112158,BB, ,5/31/14,Toronto,Celestica Inc,4520,452030,45,45203020,D,CAN,334413,3674,235,940,B-,ON,CELESTICA INC,CLS
112158,BB, ,6/30/14,Toronto,Celestica Inc,4520,452030,45,45203020,D,CAN,334413,3674,235,940,B-,ON,CELESTICA INC,CLS
112774, , ,1/31/10,San Jose,Echelon Corp,4520,452030,45,45203020,D,USA,334515,3576,190,940,C,CA,ECHELON CORP,ELON
112774, , ,2/28/10,San Jose,Echelon Corp,4520,452030,45,45203020,D,USA,334515,3576,190,940,C,CA,ECHELON CORP,ELON
112774, , ,3/31/10,San Jose,Echelon Corp,4520,452030,45,45203020,D,USA,334515,3576,190,940,C,CA,ECHELON CORP,ELON
112774, , ,4/30/10,San Jose,Echelon Corp,4520,452030,45,45203020,D,USA,334515,3576,190,940,C,CA,ECHELON CORP,ELON
112774, , ,5/31/10,San Jose,Echelon Corp,4520,452030,45,45203020,D,USA,334515,3576,190,940,C,CA,ECHELON CORP,ELON
112774, , ,6/30/10,San Jose,Echelon Corp,4520,452030,45,45203020,D,USA,334515,3576,190,940,C,CA,ECHELON CORP,ELON
112774, , ,7/31/10,San Jose,Echelon Corp,4520,452030,45,45203020,D,USA,334515,3576,190,940,C,CA,ECHELON CORP,ELON
112774, , ,8/31/10,San Jose,Echelon Corp,4520,452030,45,45203020,D,USA,334515,3576,190,940,C,CA,ECHELON CORP,ELON
112774, , ,9/30/10,San Jose,Echelon Corp,4520,452030,45,45203020,D,USA,334515,3576,190,940,C,CA,ECHELON CORP,ELON
112774, , ,10/31/10,San Jose,Echelon Corp,4520,452030,45,45203020,D,USA,334515,3576,190,940,C,CA,ECHELON CORP,ELON
112774, , ,11/30/10,San Jose,Echelon Corp,4520,452030,45,45203020,D,USA,334515,3576,190,940,C,CA,ECHELON CORP,ELON
112774, , ,12/31/10,San Jose,Echelon Corp,4520,452030,45,45203020,D,USA,334515,3576,190,940,C,CA,ECHELON CORP,ELON
112774, , ,1/31/11,San Jose,Echelon Corp,4520,452030,45,45203020,D,USA,334515,3576,190,940,C,CA,ECHELON CORP,ELON
112774, , ,2/28/11,San Jose,Echelon Corp,4520,452030,45,45203020,D,USA,334515,3576,190,940,C,CA,ECHELON CORP,ELON
112774, , ,3/31/11,San Jose,Echelon Corp,4520,452030,45,45203020,D,USA,334515,3576,190,940,C,CA,ECHELON CORP,ELON
112774, , ,4/30/11,San Jose,Echelon Corp,4520,452030,45,45203020,D,USA,334515,3576,190,940,C,CA,ECHELON CORP,ELON
112774, , ,5/31/11,San Jose,Echelon Corp,4520,452030,45,45203020,D,USA,334515,3576,190,940,C,CA,ECHELON CORP,ELON
112774, , ,6/30/11,San Jose,Echelon Corp,4520,452030,45,45203020,D,USA,334515,3576,190,940,C,CA,ECHELON CORP,ELON
112774, , ,7/31/11,San Jose,Echelon Corp,4520,452030,45,45203020,D,USA,334515,3576,190,940,C,CA,ECHELON CORP,ELON
112774, , ,8/31/11,San Jose,Echelon Corp,4520,452030,45,45203020,D,USA,334515,3576,190,940,C,CA,ECHELON CORP,ELON
112774, , ,9/30/11,San Jose,Echelon Corp,4520,452030,45,45203020,D,USA,334515,3576,190,940,C,CA,ECHELON CORP,ELON
112774, , ,10/31/11,San Jose,Echelon Corp,4520,452030,45,45203020,D,USA,334515,3576,190,940,C,CA,ECHELON CORP,ELON
112774, , ,11/30/11,San Jose,Echelon Corp,4520,452030,45,45203020,D,USA,334515,3576,190,940,C,CA,ECHELON CORP,ELON
112774, , ,12/31/11,San Jose,Echelon Corp,4520,452030,45,45203020,D,USA,334515,3576,190,940,C,CA,ECHELON CORP,ELON
112774, , ,1/31/12,San Jose,Echelon Corp,4520,452030,45,45203020,D,USA,334515,3576,190,940,C,CA,ECHELON CORP,ELON
112774, , ,2/29/12,San Jose,Echelon Corp,4520,452030,45,45203020,D,USA,334515,3576,190,940,C,CA,ECHELON CORP,ELON
112774, , ,3/31/12,San Jose,Echelon Corp,4520,452030,45,45203020,D,USA,334515,3576,190,940,C,CA,ECHELON CORP,ELON
112774, , ,4/30/12,San Jose,Echelon Corp,4520,452030,45,45203020,D,USA,334515,3576,190,940,C,CA,ECHELON CORP,ELON
112774, , ,5/31/12,San Jose,Echelon Corp,4520,452030,45,45203020,D,USA,334515,3576,190,940,C,CA,ECHELON CORP,ELON
112774, , ,6/30/12,San Jose,Echelon Corp,4520,452030,45,45203020,D,USA,334515,3576,190,940,C,CA,ECHELON CORP,ELON
112774, , ,7/31/12,San Jose,Echelon Corp,4520,452030,45,45203020,D,USA,334515,3576,190,940,C,CA,ECHELON CORP,ELON
112774, , ,8/31/12,San Jose,Echelon Corp,4520,452030,45,45203020,D,USA,334515,3576,190,940,C,CA,ECHELON CORP,ELON
112774, , ,9/30/12,San Jose,Echelon Corp,4520,452030,45,45203020,D,USA,334515,3576,190,940,C,CA,ECHELON CORP,ELON
112774, , ,10/31/12,San Jose,Echelon Corp,4520,452030,45,45203020,D,USA,334515,3576,190,940,C,CA,ECHELON CORP,ELON
112774, , ,11/30/12,San Jose,Echelon Corp,4520,452030,45,45203020,D,USA,334515,3576,190,940,C,CA,ECHELON CORP,ELON
112774, , ,12/31/12,San Jose,Echelon Corp,4520,452030,45,45203020,D,USA,334515,3576,190,940,C,CA,ECHELON CORP,ELON
112774, , ,1/31/13,San Jose,Echelon Corp,4520,452030,45,45203020,D,USA,334515,3576,190,940,C,CA,ECHELON CORP,ELON
112774, , ,2/28/13,San Jose,Echelon Corp,4520,452030,45,45203020,D,USA,334515,3576,190,940,C,CA,ECHELON CORP,ELON
112774, , ,3/31/13,San Jose,Echelon Corp,4520,452030,45,45203020,D,USA,334515,3576,190,940,C,CA,ECHELON CORP,ELON
112774, , ,4/30/13,San Jose,Echelon Corp,4520,452030,45,45203020,D,USA,334515,3576,190,940,C,CA,ECHELON CORP,ELON
112774, , ,5/31/13,San Jose,Echelon Corp,4520,452030,45,45203020,D,USA,334515,3576,190,940,C,CA,ECHELON CORP,ELON
112774, , ,6/30/13,San Jose,Echelon Corp,4520,452030,45,45203020,D,USA,334515,3576,190,940,C,CA,ECHELON CORP,ELON
112774, , ,7/31/13,San Jose,Echelon Corp,4520,452030,45,45203020,D,USA,334515,3576,190,940,C,CA,ECHELON CORP,ELON
112774, , ,8/31/13,San Jose,Echelon Corp,4520,452030,45,45203020,D,USA,334515,3576,190,940,C,CA,ECHELON CORP,ELON
112774, , ,9/30/13,San Jose,Echelon Corp,4520,452030,45,45203020,D,USA,334515,3576,190,940,C,CA,ECHELON CORP,ELON
112774, , ,10/31/13,San Jose,Echelon Corp,4520,452030,45,45203020,D,USA,334515,3576,190,940,C,CA,ECHELON CORP,ELON
113768, , ,1/31/10,San Diego,Path 1 Network Technologies Inc.,4520,452010,45,45201020,D,USA,334290,3669, , , ,CA,PATH 1 NETWORK TECHNOLOGIES,PNOT
113768, , ,2/28/10,San Diego,Path 1 Network Technologies Inc.,4520,452010,45,45201020,D,USA,334290,3669, , , ,CA,PATH 1 NETWORK TECHNOLOGIES,PNOT
113768, , ,3/31/10,San Diego,Path 1 Network Technologies Inc.,4520,452010,45,45201020,D,USA,334290,3669, , , ,CA,PATH 1 NETWORK TECHNOLOGIES,PNOT
113768, , ,4/30/10,San Diego,Path 1 Network Technologies Inc.,4520,452010,45,45201020,D,USA,334290,3669, , , ,CA,PATH 1 NETWORK TECHNOLOGIES,PNOT
113768, , ,5/31/10,San Diego,Path 1 Network Technologies Inc.,4520,452010,45,45201020,D,USA,334290,3669, , , ,CA,PATH 1 NETWORK TECHNOLOGIES,PNOT
113768, , ,6/30/10,San Diego,Path 1 Network Technologies Inc.,4520,452010,45,45201020,D,USA,334290,3669, , , ,CA,PATH 1 NETWORK TECHNOLOGIES,PNOT
113768, , ,7/31/10,San Diego,Path 1 Network Technologies Inc.,4520,452010,45,45201020,D,USA,334290,3669, , , ,CA,PATH 1 NETWORK TECHNOLOGIES,PNOT
113768, , ,8/31/10,San Diego,Path 1 Network Technologies Inc.,4520,452010,45,45201020,D,USA,334290,3669, , , ,CA,PATH 1 NETWORK TECHNOLOGIES,PNOT
113768, , ,9/30/10,San Diego,Path 1 Network Technologies Inc.,4520,452010,45,45201020,D,USA,334290,3669, , , ,CA,PATH 1 NETWORK TECHNOLOGIES,PNOT
113768, , ,10/31/10,San Diego,Path 1 Network Technologies Inc.,4520,452010,45,45201020,D,USA,334290,3669, , , ,CA,PATH 1 NETWORK TECHNOLOGIES,PNOT
113768, , ,11/30/10,San Diego,Path 1 Network Technologies Inc.,4520,452010,45,45201020,D,USA,334290,3669, , , ,CA,PATH 1 NETWORK TECHNOLOGIES,PNOT
113768, , ,12/31/10,San Diego,Path 1 Network Technologies Inc.,4520,452010,45,45201020,D,USA,334290,3669, , , ,CA,PATH 1 NETWORK TECHNOLOGIES,PNOT
113768, , ,1/31/11,San Diego,Path 1 Network Technologies Inc.,4520,452010,45,45201020,D,USA,334290,3669, , , ,CA,PATH 1 NETWORK TECHNOLOGIES,PNOT
113768, , ,2/28/11,San Diego,Path 1 Network Technologies Inc.,4520,452010,45,45201020,D,USA,334290,3669, , , ,CA,PATH 1 NETWORK TECHNOLOGIES,PNOT
113768, , ,3/31/11,San Diego,Path 1 Network Technologies Inc.,4520,452010,45,45201020,D,USA,334290,3669, , , ,CA,PATH 1 NETWORK TECHNOLOGIES,PNOT
113768, , ,4/30/11,San Diego,Path 1 Network Technologies Inc.,4520,452010,45,45201020,D,USA,334290,3669, , , ,CA,PATH 1 NETWORK TECHNOLOGIES,PNOT
113768, , ,5/31/11,San Diego,Path 1 Network Technologies Inc.,4520,452010,45,45201020,D,USA,334290,3669, , , ,CA,PATH 1 NETWORK TECHNOLOGIES,PNOT
113768, , ,6/30/11,San Diego,Path 1 Network Technologies Inc.,4520,452010,45,45201020,D,USA,334290,3669, , , ,CA,PATH 1 NETWORK TECHNOLOGIES,PNOT
113768, , ,7/31/11,San Diego,Path 1 Network Technologies Inc.,4520,452010,45,45201020,D,USA,334290,3669, , , ,CA,PATH 1 NETWORK TECHNOLOGIES,PNOT
113768, , ,8/31/11,San Diego,Path 1 Network Technologies Inc.,4520,452010,45,45201020,D,USA,334290,3669, , , ,CA,PATH 1 NETWORK TECHNOLOGIES,PNOT
113768, , ,9/30/11,San Diego,Path 1 Network Technologies Inc.,4520,452010,45,45201020,D,USA,334290,3669, , , ,CA,PATH 1 NETWORK TECHNOLOGIES,PNOT
113768, , ,10/31/11,San Diego,Path 1 Network Technologies Inc.,4520,452010,45,45201020,D,USA,334290,3669, , , ,CA,PATH 1 NETWORK TECHNOLOGIES,PNOT
113768, , ,11/30/11,San Diego,Path 1 Network Technologies Inc.,4520,452010,45,45201020,D,USA,334290,3669, , , ,CA,PATH 1 NETWORK TECHNOLOGIES,PNOT
113768, , ,12/31/11,San Diego,Path 1 Network Technologies Inc.,4520,452010,45,45201020,D,USA,334290,3669, , , ,CA,PATH 1 NETWORK TECHNOLOGIES,PNOT
113768, , ,1/31/12,San Diego,Path 1 Network Technologies Inc.,4520,452010,45,45201020,D,USA,334290,3669, , , ,CA,PATH 1 NETWORK TECHNOLOGIES,PNOT
113768, , ,2/29/12,San Diego,Path 1 Network Technologies Inc.,4520,452010,45,45201020,D,USA,334290,3669, , , ,CA,PATH 1 NETWORK TECHNOLOGIES,PNOT
113768, , ,3/31/12,San Diego,Path 1 Network Technologies Inc.,4520,452010,45,45201020,D,USA,334290,3669, , , ,CA,PATH 1 NETWORK TECHNOLOGIES,PNOT
113768, , ,4/30/12,San Diego,Path 1 Network Technologies Inc.,4520,452010,45,45201020,D,USA,334290,3669, , , ,CA,PATH 1 NETWORK TECHNOLOGIES,PNOT
113768, , ,5/31/12,San Diego,Path 1 Network Technologies Inc.,4520,452010,45,45201020,D,USA,334290,3669, , , ,CA,PATH 1 NETWORK TECHNOLOGIES,PNOT
114202, , ,1/31/10,Boulogne-Billancourt,Elva International Inc,4520,452020,45,45202030,D,FRA,334112,3572,188,940, , ,ELVA INTERNATIONAL INC,EVAI
114202, , ,2/28/10,Boulogne-Billancourt,Elva International Inc,4520,452020,45,45202030,D,FRA,334112,3572,188,940, , ,ELVA INTERNATIONAL INC,EVAI
114202, , ,3/31/10,Boulogne-Billancourt,Elva International Inc,4520,452020,45,45202030,D,FRA,334112,3572,188,940, , ,ELVA INTERNATIONAL INC,EVAI
114202, , ,4/30/10,Boulogne-Billancourt,Elva International Inc,4520,452020,45,45202030,D,FRA,334112,3572,188,940, , ,ELVA INTERNATIONAL INC,EVAI
114202, , ,5/31/10,Boulogne-Billancourt,Elva International Inc,4520,452020,45,45202030,D,FRA,334112,3572,188,940, , ,ELVA INTERNATIONAL INC,EVAI
114202, , ,6/30/10,Boulogne-Billancourt,Elva International Inc,4520,452020,45,45202030,D,FRA,334112,3572,188,940, , ,ELVA INTERNATIONAL INC,EVAI
114202, , ,7/31/10,Boulogne-Billancourt,Elva International Inc,4520,452020,45,45202030,D,FRA,334112,3572,188,940, , ,ELVA INTERNATIONAL INC,EVAI
114202, , ,8/31/10,Boulogne-Billancourt,Elva International Inc,4520,452020,45,45202030,D,FRA,334112,3572,188,940, , ,ELVA INTERNATIONAL INC,EVAI
114202, , ,9/30/10,Boulogne-Billancourt,Elva International Inc,4520,452020,45,45202030,D,FRA,334112,3572,188,940, , ,ELVA INTERNATIONAL INC,EVAI
114202, , ,10/31/10,Boulogne-Billancourt,Elva International Inc,4520,452020,45,45202030,D,FRA,334112,3572,188,940, , ,ELVA INTERNATIONAL INC,EVAI
114202, , ,11/30/10,Boulogne-Billancourt,Elva International Inc,4520,452020,45,45202030,D,FRA,334112,3572,188,940, , ,ELVA INTERNATIONAL INC,EVAI
114202, , ,12/31/10,Boulogne-Billancourt,Elva International Inc,4520,452020,45,45202030,D,FRA,334112,3572,188,940, , ,ELVA INTERNATIONAL INC,EVAI
114202, , ,1/31/11,Boulogne-Billancourt,Elva International Inc,4520,452020,45,45202030,D,FRA,334112,3572,188,940, , ,ELVA INTERNATIONAL INC,EVAI
114202, , ,2/28/11,Boulogne-Billancourt,Elva International Inc,4520,452020,45,45202030,D,FRA,334112,3572,188,940, , ,ELVA INTERNATIONAL INC,EVAI
114202, , ,3/31/11,Boulogne-Billancourt,Elva International Inc,4520,452020,45,45202030,D,FRA,334112,3572,188,940, , ,ELVA INTERNATIONAL INC,EVAI
114202, , ,4/30/11,Boulogne-Billancourt,Elva International Inc,4520,452020,45,45202030,D,FRA,334112,3572,188,940, , ,ELVA INTERNATIONAL INC,EVAI
114202, , ,5/31/11,Boulogne-Billancourt,Elva International Inc,4520,452020,45,45202030,D,FRA,334112,3572,188,940, , ,ELVA INTERNATIONAL INC,EVAI
114202, , ,6/30/11,Boulogne-Billancourt,Elva International Inc,4520,452020,45,45202030,D,FRA,334112,3572,188,940, , ,ELVA INTERNATIONAL INC,EVAI
114202, , ,7/31/11,Boulogne-Billancourt,Elva International Inc,4520,452020,45,45202030,D,FRA,334112,3572,188,940, , ,ELVA INTERNATIONAL INC,EVAI
114202, , ,8/31/11,Boulogne-Billancourt,Elva International Inc,4520,452020,45,45202030,D,FRA,334112,3572,188,940, , ,ELVA INTERNATIONAL INC,EVAI
114202, , ,9/30/11,Boulogne-Billancourt,Elva International Inc,4520,452020,45,45202030,D,FRA,334112,3572,188,940, , ,ELVA INTERNATIONAL INC,EVAI
114202, , ,10/31/11,Boulogne-Billancourt,Elva International Inc,4520,452020,45,45202030,D,FRA,334112,3572,188,940, , ,ELVA INTERNATIONAL INC,EVAI
114202, , ,11/30/11,Boulogne-Billancourt,Elva International Inc,4520,452020,45,45202030,D,FRA,334112,3572,188,940, , ,ELVA INTERNATIONAL INC,EVAI
114202, , ,12/31/11,Boulogne-Billancourt,Elva International Inc,4520,452020,45,45202030,D,FRA,334112,3572,188,940, , ,ELVA INTERNATIONAL INC,EVAI
114202, , ,1/31/12,Boulogne-Billancourt,Elva International Inc,4520,452020,45,45202030,D,FRA,334112,3572,188,940, , ,ELVA INTERNATIONAL INC,EVAI
114202, , ,2/29/12,Boulogne-Billancourt,Elva International Inc,4520,452020,45,45202030,D,FRA,334112,3572,188,940, , ,ELVA INTERNATIONAL INC,EVAI
114202, , ,3/31/12,Boulogne-Billancourt,Elva International Inc,4520,452020,45,45202030,D,FRA,334112,3572,188,940, , ,ELVA INTERNATIONAL INC,EVAI
114202, , ,4/30/12,Boulogne-Billancourt,Elva International Inc,4520,452020,45,45202030,D,FRA,334112,3572,188,940, , ,ELVA INTERNATIONAL INC,EVAI
114202, , ,5/31/12,Boulogne-Billancourt,Elva International Inc,4520,452020,45,45202030,D,FRA,334112,3572,188,940, , ,ELVA INTERNATIONAL INC,EVAI
114202, , ,6/30/12,Boulogne-Billancourt,Elva International Inc,4520,452020,45,45202030,D,FRA,334112,3572,188,940, , ,ELVA INTERNATIONAL INC,EVAI
114202, , ,7/31/12,Boulogne-Billancourt,Elva International Inc,4520,452020,45,45202030,D,FRA,334112,3572,188,940, , ,ELVA INTERNATIONAL INC,EVAI
114202, , ,8/31/12,Boulogne-Billancourt,Elva International Inc,4520,452020,45,45202030,D,FRA,334112,3572,188,940, , ,ELVA INTERNATIONAL INC,EVAI
114202, , ,9/30/12,Boulogne-Billancourt,Elva International Inc,4520,452020,45,45202030,D,FRA,334112,3572,188,940, , ,ELVA INTERNATIONAL INC,EVAI
114202, , ,10/31/12,Boulogne-Billancourt,Elva International Inc,4520,452020,45,45202030,D,FRA,334112,3572,188,940, , ,ELVA INTERNATIONAL INC,EVAI
114202, , ,11/30/12,Boulogne-Billancourt,Elva International Inc,4520,452020,45,45202030,D,FRA,334112,3572,188,940, , ,ELVA INTERNATIONAL INC,EVAI
114202, , ,12/31/12,Boulogne-Billancourt,Elva International Inc,4520,452020,45,45202030,D,FRA,334112,3572,188,940, , ,ELVA INTERNATIONAL INC,EVAI
114202, , ,1/31/13,Boulogne-Billancourt,Elva International Inc,4520,452020,45,45202030,D,FRA,334112,3572,188,940, , ,ELVA INTERNATIONAL INC,EVAI
114202, , ,2/28/13,Boulogne-Billancourt,Elva International Inc,4520,452020,45,45202030,D,FRA,334112,3572,188,940, , ,ELVA INTERNATIONAL INC,EVAI
114202, , ,3/31/13,Boulogne-Billancourt,Elva International Inc,4520,452020,45,45202030,D,FRA,334112,3572,188,940, , ,ELVA INTERNATIONAL INC,EVAI
114202, , ,4/30/13,Boulogne-Billancourt,Elva International Inc,4520,452020,45,45202030,D,FRA,334112,3572,188,940, , ,ELVA INTERNATIONAL INC,EVAI
114202, , ,5/31/13,Boulogne-Billancourt,Elva International Inc,4520,452020,45,45202030,D,FRA,334112,3572,188,940, , ,ELVA INTERNATIONAL INC,EVAI
114202, , ,6/30/13,Boulogne-Billancourt,Elva International Inc,4520,452020,45,45202030,D,FRA,334112,3572,188,940, , ,ELVA INTERNATIONAL INC,EVAI
114202, , ,7/31/13,Boulogne-Billancourt,Elva International Inc,4520,452020,45,45202030,D,FRA,334112,3572,188,940, , ,ELVA INTERNATIONAL INC,EVAI
114202, , ,8/31/13,Boulogne-Billancourt,Elva International Inc,4520,452020,45,45202030,D,FRA,334112,3572,188,940, , ,ELVA INTERNATIONAL INC,EVAI
114202, , ,9/30/13,Boulogne-Billancourt,Elva International Inc,4520,452020,45,45202030,D,FRA,334112,3572,188,940, , ,ELVA INTERNATIONAL INC,EVAI
114202, , ,10/31/13,Boulogne-Billancourt,Elva International Inc,4520,452020,45,45202030,D,FRA,334112,3572,188,940, , ,ELVA INTERNATIONAL INC,EVAI
114209, , ,1/31/10,Draper,Flexpoint Sensor Systems Inc,4520,452030,45,45203015,D,USA,334519,3829,230,940,C,UT,FLEXPOINT SENSOR SYSTEMS INC,3FLXT
114209, , ,2/28/10,Draper,Flexpoint Sensor Systems Inc,4520,452030,45,45203015,D,USA,334519,3829,230,940,C,UT,FLEXPOINT SENSOR SYSTEMS INC,3FLXT
114209, , ,3/31/10,Draper,Flexpoint Sensor Systems Inc,4520,452030,45,45203015,D,USA,334519,3829,230,940,C,UT,FLEXPOINT SENSOR SYSTEMS INC,3FLXT
114209, , ,4/30/10,Draper,Flexpoint Sensor Systems Inc,4520,452030,45,45203015,D,USA,334519,3829,230,940,C,UT,FLEXPOINT SENSOR SYSTEMS INC,3FLXT
114209, , ,5/31/10,Draper,Flexpoint Sensor Systems Inc,4520,452030,45,45203015,D,USA,334519,3829,230,940,C,UT,FLEXPOINT SENSOR SYSTEMS INC,3FLXT
114209, , ,6/30/10,Draper,Flexpoint Sensor Systems Inc,4520,452030,45,45203015,D,USA,334519,3829,230,940,C,UT,FLEXPOINT SENSOR SYSTEMS INC,3FLXT
114209, , ,7/31/10,Draper,Flexpoint Sensor Systems Inc,4520,452030,45,45203015,D,USA,334519,3829,230,940,C,UT,FLEXPOINT SENSOR SYSTEMS INC,3FLXT
114209, , ,8/31/10,Draper,Flexpoint Sensor Systems Inc,4520,452030,45,45203015,D,USA,334519,3829,230,940,C,UT,FLEXPOINT SENSOR SYSTEMS INC,3FLXT
114209, , ,9/30/10,Draper,Flexpoint Sensor Systems Inc,4520,452030,45,45203015,D,USA,334519,3829,230,940,C,UT,FLEXPOINT SENSOR SYSTEMS INC,3FLXT
114209, , ,10/31/10,Draper,Flexpoint Sensor Systems Inc,4520,452030,45,45203015,D,USA,334519,3829,230,940,C,UT,FLEXPOINT SENSOR SYSTEMS INC,3FLXT
114209, , ,11/30/10,Draper,Flexpoint Sensor Systems Inc,4520,452030,45,45203015,D,USA,334519,3829,230,940,C,UT,FLEXPOINT SENSOR SYSTEMS INC,3FLXT
114209, , ,12/31/10,Draper,Flexpoint Sensor Systems Inc,4520,452030,45,45203015,D,USA,334519,3829,230,940,C,UT,FLEXPOINT SENSOR SYSTEMS INC,3FLXT
114209, , ,1/31/11,Draper,Flexpoint Sensor Systems Inc,4520,452030,45,45203015,D,USA,334519,3829,230,940,C,UT,FLEXPOINT SENSOR SYSTEMS INC,3FLXT
114209, , ,2/28/11,Draper,Flexpoint Sensor Systems Inc,4520,452030,45,45203015,D,USA,334519,3829,230,940,C,UT,FLEXPOINT SENSOR SYSTEMS INC,3FLXT
114209, , ,3/31/11,Draper,Flexpoint Sensor Systems Inc,4520,452030,45,45203015,D,USA,334519,3829,230,940,C,UT,FLEXPOINT SENSOR SYSTEMS INC,3FLXT
114209, , ,4/30/11,Draper,Flexpoint Sensor Systems Inc,4520,452030,45,45203015,D,USA,334519,3829,230,940,C,UT,FLEXPOINT SENSOR SYSTEMS INC,3FLXT
114209, , ,5/31/11,Draper,Flexpoint Sensor Systems Inc,4520,452030,45,45203015,D,USA,334519,3829,230,940,C,UT,FLEXPOINT SENSOR SYSTEMS INC,3FLXT
114209, , ,6/30/11,Draper,Flexpoint Sensor Systems Inc,4520,452030,45,45203015,D,USA,334519,3829,230,940,C,UT,FLEXPOINT SENSOR SYSTEMS INC,3FLXT
114209, , ,7/31/11,Draper,Flexpoint Sensor Systems Inc,4520,452030,45,45203015,D,USA,334519,3829,230,940,C,UT,FLEXPOINT SENSOR SYSTEMS INC,3FLXT
114209, , ,8/31/11,Draper,Flexpoint Sensor Systems Inc,4520,452030,45,45203015,D,USA,334519,3829,230,940,C,UT,FLEXPOINT SENSOR SYSTEMS INC,3FLXT
114209, , ,9/30/11,Draper,Flexpoint Sensor Systems Inc,4520,452030,45,45203015,D,USA,334519,3829,230,940,C,UT,FLEXPOINT SENSOR SYSTEMS INC,3FLXT
114209, , ,10/31/11,Draper,Flexpoint Sensor Systems Inc,4520,452030,45,45203015,D,USA,334519,3829,230,940,C,UT,FLEXPOINT SENSOR SYSTEMS INC,3FLXT
114209, , ,11/30/11,Draper,Flexpoint Sensor Systems Inc,4520,452030,45,45203015,D,USA,334519,3829,230,940,C,UT,FLEXPOINT SENSOR SYSTEMS INC,3FLXT
114209, , ,12/31/11,Draper,Flexpoint Sensor Systems Inc,4520,452030,45,45203015,D,USA,334519,3829,230,940,C,UT,FLEXPOINT SENSOR SYSTEMS INC,3FLXT
114209, , ,1/31/12,Draper,Flexpoint Sensor Systems Inc,4520,452030,45,45203015,D,USA,334519,3829,230,940,C,UT,FLEXPOINT SENSOR SYSTEMS INC,3FLXT
114209, , ,2/29/12,Draper,Flexpoint Sensor Systems Inc,4520,452030,45,45203015,D,USA,334519,3829,230,940,C,UT,FLEXPOINT SENSOR SYSTEMS INC,3FLXT
114209, , ,3/31/12,Draper,Flexpoint Sensor Systems Inc,4520,452030,45,45203015,D,USA,334519,3829,230,940,C,UT,FLEXPOINT SENSOR SYSTEMS INC,3FLXT
114209, , ,4/30/12,Draper,Flexpoint Sensor Systems Inc,4520,452030,45,45203015,D,USA,334519,3829,230,940,C,UT,FLEXPOINT SENSOR SYSTEMS INC,3FLXT
114209, , ,5/31/12,Draper,Flexpoint Sensor Systems Inc,4520,452030,45,45203015,D,USA,334519,3829,230,940,C,UT,FLEXPOINT SENSOR SYSTEMS INC,3FLXT
114209, , ,6/30/12,Draper,Flexpoint Sensor Systems Inc,4520,452030,45,45203015,D,USA,334519,3829,230,940,C,UT,FLEXPOINT SENSOR SYSTEMS INC,3FLXT
114209, , ,7/31/12,Draper,Flexpoint Sensor Systems Inc,4520,452030,45,45203015,D,USA,334519,3829,230,940,C,UT,FLEXPOINT SENSOR SYSTEMS INC,3FLXT
114209, , ,8/31/12,Draper,Flexpoint Sensor Systems Inc,4520,452030,45,45203015,D,USA,334519,3829,230,940,C,UT,FLEXPOINT SENSOR SYSTEMS INC,3FLXT
114209, , ,9/30/12,Draper,Flexpoint Sensor Systems Inc,4520,452030,45,45203015,D,USA,334519,3829,230,940,C,UT,FLEXPOINT SENSOR SYSTEMS INC,3FLXT
114209, , ,10/31/12,Draper,Flexpoint Sensor Systems Inc,4520,452030,45,45203015,D,USA,334519,3829,230,940,C,UT,FLEXPOINT SENSOR SYSTEMS INC,3FLXT
114209, , ,11/30/12,Draper,Flexpoint Sensor Systems Inc,4520,452030,45,45203015,D,USA,334519,3829,230,940,C,UT,FLEXPOINT SENSOR SYSTEMS INC,3FLXT
114209, , ,12/31/12,Draper,Flexpoint Sensor Systems Inc,4520,452030,45,45203015,D,USA,334519,3829,230,940,C,UT,FLEXPOINT SENSOR SYSTEMS INC,3FLXT
114209, , ,1/31/13,Draper,Flexpoint Sensor Systems Inc,4520,452030,45,45203015,D,USA,334519,3829,230,940,C,UT,FLEXPOINT SENSOR SYSTEMS INC,3FLXT
114209, , ,2/28/13,Draper,Flexpoint Sensor Systems Inc,4520,452030,45,45203015,D,USA,334519,3829,230,940,C,UT,FLEXPOINT SENSOR SYSTEMS INC,3FLXT
114209, , ,3/31/13,Draper,Flexpoint Sensor Systems Inc,4520,452030,45,45203015,D,USA,334519,3829,230,940,C,UT,FLEXPOINT SENSOR SYSTEMS INC,3FLXT
114209, , ,4/30/13,Draper,Flexpoint Sensor Systems Inc,4520,452030,45,45203015,D,USA,334519,3829,230,940,C,UT,FLEXPOINT SENSOR SYSTEMS INC,3FLXT
114209, , ,5/31/13,Draper,Flexpoint Sensor Systems Inc,4520,452030,45,45203015,D,USA,334519,3829,230,940,C,UT,FLEXPOINT SENSOR SYSTEMS INC,3FLXT
114209, , ,6/30/13,Draper,Flexpoint Sensor Systems Inc,4520,452030,45,45203015,D,USA,334519,3829,230,940,C,UT,FLEXPOINT SENSOR SYSTEMS INC,3FLXT
114209, , ,7/31/13,Draper,Flexpoint Sensor Systems Inc,4520,452030,45,45203015,D,USA,334519,3829,230,940,C,UT,FLEXPOINT SENSOR SYSTEMS INC,3FLXT
114209, , ,8/31/13,Draper,Flexpoint Sensor Systems Inc,4520,452030,45,45203015,D,USA,334519,3829,230,940,C,UT,FLEXPOINT SENSOR SYSTEMS INC,3FLXT
114209, , ,9/30/13,Draper,Flexpoint Sensor Systems Inc,4520,452030,45,45203015,D,USA,334519,3829,230,940,C,UT,FLEXPOINT SENSOR SYSTEMS INC,3FLXT
114209, , ,10/31/13,Draper,Flexpoint Sensor Systems Inc,4520,452030,45,45203015,D,USA,334519,3829,230,940,C,UT,FLEXPOINT SENSOR SYSTEMS INC,3FLXT
114611,B+, ,1/31/10,St. Louis,Viasystems Inc,4520,452030,45,45203015,D,USA,334412,3672,220,925, ,MO,VIASYSTEMS INC,VIAS1
114611,B+, ,2/28/10,St. Louis,Viasystems Inc,4520,452030,45,45203015,D,USA,334412,3672,220,925, ,MO,VIASYSTEMS INC,VIAS1
114611,B+, ,3/31/10,St. Louis,Viasystems Inc,4520,452030,45,45203015,D,USA,334412,3672,220,925, ,MO,VIASYSTEMS INC,VIAS1
114611,B+, ,4/30/10,St. Louis,Viasystems Inc,4520,452030,45,45203015,D,USA,334412,3672,220,925, ,MO,VIASYSTEMS INC,VIAS1
114611,B+, ,5/31/10,St. Louis,Viasystems Inc,4520,452030,45,45203015,D,USA,334412,3672,220,925, ,MO,VIASYSTEMS INC,VIAS1
114611,B+, ,6/30/10,St. Louis,Viasystems Inc,4520,452030,45,45203015,D,USA,334412,3672,220,925, ,MO,VIASYSTEMS INC,VIAS1
114611,B+, ,7/31/10,St. Louis,Viasystems Inc,4520,452030,45,45203015,D,USA,334412,3672,220,925, ,MO,VIASYSTEMS INC,VIAS1
114611,B+, ,8/31/10,St. Louis,Viasystems Inc,4520,452030,45,45203015,D,USA,334412,3672,220,925, ,MO,VIASYSTEMS INC,VIAS1
114611,B+, ,9/30/10,St. Louis,Viasystems Inc,4520,452030,45,45203015,D,USA,334412,3672,220,925, ,MO,VIASYSTEMS INC,VIAS1
114611,B+, ,10/31/10,St. Louis,Viasystems Inc,4520,452030,45,45203015,D,USA,334412,3672,220,925, ,MO,VIASYSTEMS INC,VIAS1
114611,B+, ,11/30/10,St. Louis,Viasystems Inc,4520,452030,45,45203015,D,USA,334412,3672,220,925, ,MO,VIASYSTEMS INC,VIAS1
114611,B+, ,12/31/10,St. Louis,Viasystems Inc,4520,452030,45,45203015,D,USA,334412,3672,220,925, ,MO,VIASYSTEMS INC,VIAS1
114611,B+, ,1/31/11,St. Louis,Viasystems Inc,4520,452030,45,45203015,D,USA,334412,3672,220,925, ,MO,VIASYSTEMS INC,VIAS1
114611,B+, ,2/28/11,St. Louis,Viasystems Inc,4520,452030,45,45203015,D,USA,334412,3672,220,925, ,MO,VIASYSTEMS INC,VIAS1
114611,B+, ,3/31/11,St. Louis,Viasystems Inc,4520,452030,45,45203015,D,USA,334412,3672,220,925, ,MO,VIASYSTEMS INC,VIAS1
114611,B+, ,4/30/11,St. Louis,Viasystems Inc,4520,452030,45,45203015,D,USA,334412,3672,220,925, ,MO,VIASYSTEMS INC,VIAS1
114611,B+, ,5/31/11,St. Louis,Viasystems Inc,4520,452030,45,45203015,D,USA,334412,3672,220,925, ,MO,VIASYSTEMS INC,VIAS1
114611,B+, ,6/30/11,St. Louis,Viasystems Inc,4520,452030,45,45203015,D,USA,334412,3672,220,925, ,MO,VIASYSTEMS INC,VIAS1
114611,B+, ,7/31/11,St. Louis,Viasystems Inc,4520,452030,45,45203015,D,USA,334412,3672,220,925, ,MO,VIASYSTEMS INC,VIAS1
114611,BB-, ,8/31/11,St. Louis,Viasystems Inc,4520,452030,45,45203015,D,USA,334412,3672,220,925, ,MO,VIASYSTEMS INC,VIAS1
114611,BB-, ,9/30/11,St. Louis,Viasystems Inc,4520,452030,45,45203015,D,USA,334412,3672,220,925, ,MO,VIASYSTEMS INC,VIAS1
114611,BB-, ,10/31/11,St. Louis,Viasystems Inc,4520,452030,45,45203015,D,USA,334412,3672,220,925, ,MO,VIASYSTEMS INC,VIAS1
114611,BB-, ,11/30/11,St. Louis,Viasystems Inc,4520,452030,45,45203015,D,USA,334412,3672,220,925, ,MO,VIASYSTEMS INC,VIAS1
114611,BB-, ,12/31/11,St. Louis,Viasystems Inc,4520,452030,45,45203015,D,USA,334412,3672,220,925, ,MO,VIASYSTEMS INC,VIAS1
114611,BB-, ,1/31/12,St. Louis,Viasystems Inc,4520,452030,45,45203015,D,USA,334412,3672,220,925, ,MO,VIASYSTEMS INC,VIAS1
114611,BB-, ,2/29/12,St. Louis,Viasystems Inc,4520,452030,45,45203015,D,USA,334412,3672,220,925, ,MO,VIASYSTEMS INC,VIAS1
114611,BB-, ,3/31/12,St. Louis,Viasystems Inc,4520,452030,45,45203015,D,USA,334412,3672,220,925, ,MO,VIASYSTEMS INC,VIAS1
114611,BB-, ,4/30/12,St. Louis,Viasystems Inc,4520,452030,45,45203015,D,USA,334412,3672,220,925, ,MO,VIASYSTEMS INC,VIAS1
114611,BB-, ,5/31/12,St. Louis,Viasystems Inc,4520,452030,45,45203015,D,USA,334412,3672,220,925, ,MO,VIASYSTEMS INC,VIAS1
114611,BB-, ,6/30/12,St. Louis,Viasystems Inc,4520,452030,45,45203015,D,USA,334412,3672,220,925, ,MO,VIASYSTEMS INC,VIAS1
114611,BB-, ,7/31/12,St. Louis,Viasystems Inc,4520,452030,45,45203015,D,USA,334412,3672,220,925, ,MO,VIASYSTEMS INC,VIAS1
114611,BB-, ,8/31/12,St. Louis,Viasystems Inc,4520,452030,45,45203015,D,USA,334412,3672,220,925, ,MO,VIASYSTEMS INC,VIAS1
114611,BB-, ,9/30/12,St. Louis,Viasystems Inc,4520,452030,45,45203015,D,USA,334412,3672,220,925, ,MO,VIASYSTEMS INC,VIAS1
114611,BB-, ,10/31/12,St. Louis,Viasystems Inc,4520,452030,45,45203015,D,USA,334412,3672,220,925, ,MO,VIASYSTEMS INC,VIAS1
114611,BB-, ,11/30/12,St. Louis,Viasystems Inc,4520,452030,45,45203015,D,USA,334412,3672,220,925, ,MO,VIASYSTEMS INC,VIAS1
114611,BB-, ,12/31/12,St. Louis,Viasystems Inc,4520,452030,45,45203015,D,USA,334412,3672,220,925, ,MO,VIASYSTEMS INC,VIAS1
114611,BB-, ,1/31/13,St. Louis,Viasystems Inc,4520,452030,45,45203015,D,USA,334412,3672,220,925, ,MO,VIASYSTEMS INC,VIAS1
114611,BB-, ,2/28/13,St. Louis,Viasystems Inc,4520,452030,45,45203015,D,USA,334412,3672,220,925, ,MO,VIASYSTEMS INC,VIAS1
114611,BB-, ,3/31/13,St. Louis,Viasystems Inc,4520,452030,45,45203015,D,USA,334412,3672,220,925, ,MO,VIASYSTEMS INC,VIAS1
114611,BB-, ,4/30/13,St. Louis,Viasystems Inc,4520,452030,45,45203015,D,USA,334412,3672,220,925, ,MO,VIASYSTEMS INC,VIAS1
114611,BB-, ,5/31/13,St. Louis,Viasystems Inc,4520,452030,45,45203015,D,USA,334412,3672,220,925, ,MO,VIASYSTEMS INC,VIAS1
114611,BB-, ,6/30/13,St. Louis,Viasystems Inc,4520,452030,45,45203015,D,USA,334412,3672,220,925, ,MO,VIASYSTEMS INC,VIAS1
114611,BB-, ,7/31/13,St. Louis,Viasystems Inc,4520,452030,45,45203015,D,USA,334412,3672,220,925, ,MO,VIASYSTEMS INC,VIAS1
114611,BB-, ,8/31/13,St. Louis,Viasystems Inc,4520,452030,45,45203015,D,USA,334412,3672,220,925, ,MO,VIASYSTEMS INC,VIAS1
114611,BB-, ,9/30/13,St. Louis,Viasystems Inc,4520,452030,45,45203015,D,USA,334412,3672,220,925, ,MO,VIASYSTEMS INC,VIAS1
114611,BB-, ,10/31/13,St. Louis,Viasystems Inc,4520,452030,45,45203015,D,USA,334412,3672,220,925, ,MO,VIASYSTEMS INC,VIAS1
114611,BB-, ,11/30/13,St. Louis,Viasystems Inc,4520,452030,45,45203015,D,USA,334412,3672,220,925, ,MO,VIASYSTEMS INC,VIAS1
114611,BB-, ,12/31/13,St. Louis,Viasystems Inc,4520,452030,45,45203015,D,USA,334412,3672,220,925, ,MO,VIASYSTEMS INC,VIAS1
114611,BB-, ,1/31/14,St. Louis,Viasystems Inc,4520,452030,45,45203015,D,USA,334412,3672,220,925, ,MO,VIASYSTEMS INC,VIAS1
114611,BB-, ,2/28/14,St. Louis,Viasystems Inc,4520,452030,45,45203015,D,USA,334412,3672,220,925, ,MO,VIASYSTEMS INC,VIAS1
114611,B+, ,3/31/14,St. Louis,Viasystems Inc,4520,452030,45,45203015,D,USA,334412,3672,220,925, ,MO,VIASYSTEMS INC,VIAS1
114611,B+, ,4/30/14,St. Louis,Viasystems Inc,4520,452030,45,45203015,D,USA,334412,3672,220,925, ,MO,VIASYSTEMS INC,VIAS1
114611,B+, ,5/31/14,St. Louis,Viasystems Inc,4520,452030,45,45203015,D,USA,334412,3672,220,925, ,MO,VIASYSTEMS INC,VIAS1
114611,B+, ,6/30/14,St. Louis,Viasystems Inc,4520,452030,45,45203015,D,USA,334412,3672,220,925, ,MO,VIASYSTEMS INC,VIAS1
114698, , ,1/31/10,Bellevue,eMagin Corp,4520,452030,45,45203020,D,USA,334419,3679,220,925,C,WA,EMAGIN CORP,EMAN
114698, , ,2/28/10,Bellevue,eMagin Corp,4520,452030,45,45203020,D,USA,334419,3679,220,925,C,WA,EMAGIN CORP,EMAN
114698, , ,3/31/10,Bellevue,eMagin Corp,4520,452030,45,45203020,D,USA,334419,3679,220,925,C,WA,EMAGIN CORP,EMAN
114698, , ,4/30/10,Bellevue,eMagin Corp,4520,452030,45,45203020,D,USA,334419,3679,220,925,C,WA,EMAGIN CORP,EMAN
114698, , ,5/31/10,Bellevue,eMagin Corp,4520,452030,45,45203020,D,USA,334419,3679,220,925,C,WA,EMAGIN CORP,EMAN
114698, , ,6/30/10,Bellevue,eMagin Corp,4520,452030,45,45203020,D,USA,334419,3679,220,925,C,WA,EMAGIN CORP,EMAN
114698, , ,7/31/10,Bellevue,eMagin Corp,4520,452030,45,45203020,D,USA,334419,3679,220,925,C,WA,EMAGIN CORP,EMAN
114698, , ,8/31/10,Bellevue,eMagin Corp,4520,452030,45,45203020,D,USA,334419,3679,220,925,C,WA,EMAGIN CORP,EMAN
114698, , ,9/30/10,Bellevue,eMagin Corp,4520,452030,45,45203020,D,USA,334419,3679,220,925,C,WA,EMAGIN CORP,EMAN
114698, , ,10/31/10,Bellevue,eMagin Corp,4520,452030,45,45203020,D,USA,334419,3679,220,925,C,WA,EMAGIN CORP,EMAN
114698, , ,11/30/10,Bellevue,eMagin Corp,4520,452030,45,45203020,D,USA,334419,3679,220,925,C,WA,EMAGIN CORP,EMAN
114698, , ,12/31/10,Bellevue,eMagin Corp,4520,452030,45,45203020,D,USA,334419,3679,220,925,C,WA,EMAGIN CORP,EMAN
114698, , ,1/31/11,Bellevue,eMagin Corp,4520,452030,45,45203020,D,USA,334419,3679,220,925,C,WA,EMAGIN CORP,EMAN
114698, , ,2/28/11,Bellevue,eMagin Corp,4520,452030,45,45203020,D,USA,334419,3679,220,925,C,WA,EMAGIN CORP,EMAN
114698, , ,3/31/11,Bellevue,eMagin Corp,4520,452030,45,45203020,D,USA,334419,3679,220,925,C,WA,EMAGIN CORP,EMAN
114698, , ,4/30/11,Bellevue,eMagin Corp,4520,452030,45,45203020,D,USA,334419,3679,220,925,C,WA,EMAGIN CORP,EMAN
114698, , ,5/31/11,Bellevue,eMagin Corp,4520,452030,45,45203020,D,USA,334419,3679,220,925,C,WA,EMAGIN CORP,EMAN
114698, , ,6/30/11,Bellevue,eMagin Corp,4520,452030,45,45203020,D,USA,334419,3679,220,925,C,WA,EMAGIN CORP,EMAN
114698, , ,7/31/11,Bellevue,eMagin Corp,4520,452030,45,45203020,D,USA,334419,3679,220,925,C,WA,EMAGIN CORP,EMAN
114698, , ,8/31/11,Bellevue,eMagin Corp,4520,452030,45,45203020,D,USA,334419,3679,220,925,C,WA,EMAGIN CORP,EMAN
114698, , ,9/30/11,Bellevue,eMagin Corp,4520,452030,45,45203020,D,USA,334419,3679,220,925,C,WA,EMAGIN CORP,EMAN
114698, , ,10/31/11,Bellevue,eMagin Corp,4520,452030,45,45203020,D,USA,334419,3679,220,925,C,WA,EMAGIN CORP,EMAN
114698, , ,11/30/11,Bellevue,eMagin Corp,4520,452030,45,45203020,D,USA,334419,3679,220,925,C,WA,EMAGIN CORP,EMAN
114698, , ,12/31/11,Bellevue,eMagin Corp,4520,452030,45,45203020,D,USA,334419,3679,220,925,C,WA,EMAGIN CORP,EMAN
114698, , ,1/31/12,Bellevue,eMagin Corp,4520,452030,45,45203020,D,USA,334419,3679,220,925,C,WA,EMAGIN CORP,EMAN
114698, , ,2/29/12,Bellevue,eMagin Corp,4520,452030,45,45203020,D,USA,334419,3679,220,925,C,WA,EMAGIN CORP,EMAN
114698, , ,3/31/12,Bellevue,eMagin Corp,4520,452030,45,45203020,D,USA,334419,3679,220,925,C,WA,EMAGIN CORP,EMAN
114698, , ,4/30/12,Bellevue,eMagin Corp,4520,452030,45,45203020,D,USA,334419,3679,220,925,C,WA,EMAGIN CORP,EMAN
114698, , ,5/31/12,Bellevue,eMagin Corp,4520,452030,45,45203020,D,USA,334419,3679,220,925,C,WA,EMAGIN CORP,EMAN
114698, , ,6/30/12,Bellevue,eMagin Corp,4520,452030,45,45203020,D,USA,334419,3679,220,925,C,WA,EMAGIN CORP,EMAN
114698, , ,7/31/12,Bellevue,eMagin Corp,4520,452030,45,45203020,D,USA,334419,3679,220,925,C,WA,EMAGIN CORP,EMAN
114698, , ,8/31/12,Bellevue,eMagin Corp,4520,452030,45,45203020,D,USA,334419,3679,220,925,C,WA,EMAGIN CORP,EMAN
114698, , ,9/30/12,Bellevue,eMagin Corp,4520,452030,45,45203020,D,USA,334419,3679,220,925,C,WA,EMAGIN CORP,EMAN
114698, , ,10/31/12,Bellevue,eMagin Corp,4520,452030,45,45203020,D,USA,334419,3679,220,925,C,WA,EMAGIN CORP,EMAN
114698, , ,11/30/12,Bellevue,eMagin Corp,4520,452030,45,45203020,D,USA,334419,3679,220,925,C,WA,EMAGIN CORP,EMAN
114698, , ,12/31/12,Bellevue,eMagin Corp,4520,452030,45,45203020,D,USA,334419,3679,220,925,C,WA,EMAGIN CORP,EMAN
114698, , ,1/31/13,Bellevue,eMagin Corp,4520,452030,45,45203020,D,USA,334419,3679,220,925,C,WA,EMAGIN CORP,EMAN
114698, , ,2/28/13,Bellevue,eMagin Corp,4520,452030,45,45203020,D,USA,334419,3679,220,925,C,WA,EMAGIN CORP,EMAN
114698, , ,3/31/13,Bellevue,eMagin Corp,4520,452030,45,45203020,D,USA,334419,3679,220,925,C,WA,EMAGIN CORP,EMAN
114698, , ,4/30/13,Bellevue,eMagin Corp,4520,452030,45,45203020,D,USA,334419,3679,220,925,C,WA,EMAGIN CORP,EMAN
114698, , ,5/31/13,Bellevue,eMagin Corp,4520,452030,45,45203020,D,USA,334419,3679,220,925,C,WA,EMAGIN CORP,EMAN
114698, , ,6/30/13,Bellevue,eMagin Corp,4520,452030,45,45203020,D,USA,334419,3679,220,925,C,WA,EMAGIN CORP,EMAN
114698, , ,7/31/13,Bellevue,eMagin Corp,4520,452030,45,45203020,D,USA,334419,3679,220,925,C,WA,EMAGIN CORP,EMAN
114698, , ,8/31/13,Bellevue,eMagin Corp,4520,452030,45,45203020,D,USA,334419,3679,220,925,C,WA,EMAGIN CORP,EMAN
114698, , ,9/30/13,Bellevue,eMagin Corp,4520,452030,45,45203020,D,USA,334419,3679,220,925,C,WA,EMAGIN CORP,EMAN
114698, , ,10/31/13,Bellevue,eMagin Corp,4520,452030,45,45203020,D,USA,334419,3679,220,925,C,WA,EMAGIN CORP,EMAN
115831, , ,1/31/10,New York,Network-1 Technologies Inc,4520,452010,45,45201020,D,USA,533110,6794,185,940,C,NY,NETWORK-1 TECHNOLOGIES INC,NTIP
115831, , ,2/28/10,New York,Network-1 Technologies Inc,4520,452010,45,45201020,D,USA,533110,6794,185,940,C,NY,NETWORK-1 TECHNOLOGIES INC,NTIP
115831, , ,3/31/10,New York,Network-1 Technologies Inc,4520,452010,45,45201020,D,USA,533110,6794,185,940,C,NY,NETWORK-1 TECHNOLOGIES INC,NTIP
115831, , ,4/30/10,New York,Network-1 Technologies Inc,4520,452010,45,45201020,D,USA,533110,6794,185,940,C,NY,NETWORK-1 TECHNOLOGIES INC,NTIP
115831, , ,5/31/10,New York,Network-1 Technologies Inc,4520,452010,45,45201020,D,USA,533110,6794,185,940,C,NY,NETWORK-1 TECHNOLOGIES INC,NTIP
115831, , ,6/30/10,New York,Network-1 Technologies Inc,4520,452010,45,45201020,D,USA,533110,6794,185,940,C,NY,NETWORK-1 TECHNOLOGIES INC,NTIP
115831, , ,7/31/10,New York,Network-1 Technologies Inc,4520,452010,45,45201020,D,USA,533110,6794,185,940,C,NY,NETWORK-1 TECHNOLOGIES INC,NTIP
115831, , ,8/31/10,New York,Network-1 Technologies Inc,4520,452010,45,45201020,D,USA,533110,6794,185,940,C,NY,NETWORK-1 TECHNOLOGIES INC,NTIP
115831, , ,9/30/10,New York,Network-1 Technologies Inc,4520,452010,45,45201020,D,USA,533110,6794,185,940,C,NY,NETWORK-1 TECHNOLOGIES INC,NTIP
115831, , ,10/31/10,New York,Network-1 Technologies Inc,4520,452010,45,45201020,D,USA,533110,6794,185,940,C,NY,NETWORK-1 TECHNOLOGIES INC,NTIP
115831, , ,11/30/10,New York,Network-1 Technologies Inc,4520,452010,45,45201020,D,USA,533110,6794,185,940,C,NY,NETWORK-1 TECHNOLOGIES INC,NTIP
115831, , ,12/31/10,New York,Network-1 Technologies Inc,4520,452010,45,45201020,D,USA,533110,6794,185,940,C,NY,NETWORK-1 TECHNOLOGIES INC,NTIP
115831, , ,1/31/11,New York,Network-1 Technologies Inc,4520,452010,45,45201020,D,USA,533110,6794,185,940,C,NY,NETWORK-1 TECHNOLOGIES INC,NTIP
115831, , ,2/28/11,New York,Network-1 Technologies Inc,4520,452010,45,45201020,D,USA,533110,6794,185,940,C,NY,NETWORK-1 TECHNOLOGIES INC,NTIP
115831, , ,3/31/11,New York,Network-1 Technologies Inc,4520,452010,45,45201020,D,USA,533110,6794,185,940,C,NY,NETWORK-1 TECHNOLOGIES INC,NTIP
115831, , ,4/30/11,New York,Network-1 Technologies Inc,4520,452010,45,45201020,D,USA,533110,6794,185,940,C,NY,NETWORK-1 TECHNOLOGIES INC,NTIP
115831, , ,5/31/11,New York,Network-1 Technologies Inc,4520,452010,45,45201020,D,USA,533110,6794,185,940,C,NY,NETWORK-1 TECHNOLOGIES INC,NTIP
115831, , ,6/30/11,New York,Network-1 Technologies Inc,4520,452010,45,45201020,D,USA,533110,6794,185,940,C,NY,NETWORK-1 TECHNOLOGIES INC,NTIP
115831, , ,7/31/11,New York,Network-1 Technologies Inc,4520,452010,45,45201020,D,USA,533110,6794,185,940,C,NY,NETWORK-1 TECHNOLOGIES INC,NTIP
115831, , ,8/31/11,New York,Network-1 Technologies Inc,4520,452010,45,45201020,D,USA,533110,6794,185,940,C,NY,NETWORK-1 TECHNOLOGIES INC,NTIP
115831, , ,9/30/11,New York,Network-1 Technologies Inc,4520,452010,45,45201020,D,USA,533110,6794,185,940,C,NY,NETWORK-1 TECHNOLOGIES INC,NTIP
115831, , ,10/31/11,New York,Network-1 Technologies Inc,4520,452010,45,45201020,D,USA,533110,6794,185,940,C,NY,NETWORK-1 TECHNOLOGIES INC,NTIP
115831, , ,11/30/11,New York,Network-1 Technologies Inc,4520,452010,45,45201020,D,USA,533110,6794,185,940,C,NY,NETWORK-1 TECHNOLOGIES INC,NTIP
115831, , ,12/31/11,New York,Network-1 Technologies Inc,4520,452010,45,45201020,D,USA,533110,6794,185,940,C,NY,NETWORK-1 TECHNOLOGIES INC,NTIP
115831, , ,1/31/12,New York,Network-1 Technologies Inc,4520,452010,45,45201020,D,USA,533110,6794,185,940,C,NY,NETWORK-1 TECHNOLOGIES INC,NTIP
115831, , ,2/29/12,New York,Network-1 Technologies Inc,4520,452010,45,45201020,D,USA,533110,6794,185,940,C,NY,NETWORK-1 TECHNOLOGIES INC,NTIP
115831, , ,3/31/12,New York,Network-1 Technologies Inc,4520,452010,45,45201020,D,USA,533110,6794,185,940,C,NY,NETWORK-1 TECHNOLOGIES INC,NTIP
115831, , ,4/30/12,New York,Network-1 Technologies Inc,4520,452010,45,45201020,D,USA,533110,6794,185,940,C,NY,NETWORK-1 TECHNOLOGIES INC,NTIP
115831, , ,5/31/12,New York,Network-1 Technologies Inc,4520,452010,45,45201020,D,USA,533110,6794,185,940,C,NY,NETWORK-1 TECHNOLOGIES INC,NTIP
115831, , ,6/30/12,New York,Network-1 Technologies Inc,4520,452010,45,45201020,D,USA,533110,6794,185,940,C,NY,NETWORK-1 TECHNOLOGIES INC,NTIP
115831, , ,7/31/12,New York,Network-1 Technologies Inc,4520,452010,45,45201020,D,USA,533110,6794,185,940,C,NY,NETWORK-1 TECHNOLOGIES INC,NTIP
115831, , ,8/31/12,New York,Network-1 Technologies Inc,4520,452010,45,45201020,D,USA,533110,6794,185,940,C,NY,NETWORK-1 TECHNOLOGIES INC,NTIP
115831, , ,9/30/12,New York,Network-1 Technologies Inc,4520,452010,45,45201020,D,USA,533110,6794,185,940,C,NY,NETWORK-1 TECHNOLOGIES INC,NTIP
115831, , ,10/31/12,New York,Network-1 Technologies Inc,4520,452010,45,45201020,D,USA,533110,6794,185,940,C,NY,NETWORK-1 TECHNOLOGIES INC,NTIP
115831, , ,11/30/12,New York,Network-1 Technologies Inc,4520,452010,45,45201020,D,USA,533110,6794,185,940,C,NY,NETWORK-1 TECHNOLOGIES INC,NTIP
115831, , ,12/31/12,New York,Network-1 Technologies Inc,4520,452010,45,45201020,D,USA,533110,6794,185,940,C,NY,NETWORK-1 TECHNOLOGIES INC,NTIP
115831, , ,1/31/13,New York,Network-1 Technologies Inc,4520,452010,45,45201020,D,USA,533110,6794,185,940,C,NY,NETWORK-1 TECHNOLOGIES INC,NTIP
115831, , ,2/28/13,New York,Network-1 Technologies Inc,4520,452010,45,45201020,D,USA,533110,6794,185,940,C,NY,NETWORK-1 TECHNOLOGIES INC,NTIP
115831, , ,3/31/13,New York,Network-1 Technologies Inc,4520,452010,45,45201020,D,USA,533110,6794,185,940,C,NY,NETWORK-1 TECHNOLOGIES INC,NTIP
115831, , ,4/30/13,New York,Network-1 Technologies Inc,4520,452010,45,45201020,D,USA,533110,6794,185,940,C,NY,NETWORK-1 TECHNOLOGIES INC,NTIP
115831, , ,5/31/13,New York,Network-1 Technologies Inc,4520,452010,45,45201020,D,USA,533110,6794,185,940,C,NY,NETWORK-1 TECHNOLOGIES INC,NTIP
115831, , ,6/30/13,New York,Network-1 Technologies Inc,4520,452010,45,45201020,D,USA,533110,6794,185,940,C,NY,NETWORK-1 TECHNOLOGIES INC,NTIP
115831, , ,7/31/13,New York,Network-1 Technologies Inc,4520,452010,45,45201020,D,USA,533110,6794,185,940,C,NY,NETWORK-1 TECHNOLOGIES INC,NTIP
115831, , ,8/31/13,New York,Network-1 Technologies Inc,4520,452010,45,45201020,D,USA,533110,6794,185,940,C,NY,NETWORK-1 TECHNOLOGIES INC,NTIP
115831, , ,9/30/13,New York,Network-1 Technologies Inc,4520,452010,45,45201020,D,USA,533110,6794,185,940,C,NY,NETWORK-1 TECHNOLOGIES INC,NTIP
115831, , ,10/31/13,New York,Network-1 Technologies Inc,4520,452010,45,45201020,D,USA,533110,6794,185,940,C,NY,NETWORK-1 TECHNOLOGIES INC,NTIP
119574, , ,1/31/10,San Jose,Extreme Networks Inc,4520,452010,45,45201020,D,USA,3342,3576,190,940,B-,CA,EXTREME NETWORKS INC,EXTR
119574, , ,2/28/10,San Jose,Extreme Networks Inc,4520,452010,45,45201020,D,USA,3342,3576,190,940,B-,CA,EXTREME NETWORKS INC,EXTR
119574, , ,3/31/10,San Jose,Extreme Networks Inc,4520,452010,45,45201020,D,USA,3342,3576,190,940,B-,CA,EXTREME NETWORKS INC,EXTR
119574, , ,4/30/10,San Jose,Extreme Networks Inc,4520,452010,45,45201020,D,USA,3342,3576,190,940,B-,CA,EXTREME NETWORKS INC,EXTR
119574, , ,5/31/10,San Jose,Extreme Networks Inc,4520,452010,45,45201020,D,USA,3342,3576,190,940,B-,CA,EXTREME NETWORKS INC,EXTR
119574, , ,6/30/10,San Jose,Extreme Networks Inc,4520,452010,45,45201020,D,USA,3342,3576,190,940,B-,CA,EXTREME NETWORKS INC,EXTR
119574, , ,7/31/10,San Jose,Extreme Networks Inc,4520,452010,45,45201020,D,USA,3342,3576,190,940,B-,CA,EXTREME NETWORKS INC,EXTR
119574, , ,8/31/10,San Jose,Extreme Networks Inc,4520,452010,45,45201020,D,USA,3342,3576,190,940,B-,CA,EXTREME NETWORKS INC,EXTR
119574, , ,9/30/10,San Jose,Extreme Networks Inc,4520,452010,45,45201020,D,USA,3342,3576,190,940,B-,CA,EXTREME NETWORKS INC,EXTR
119574, , ,10/31/10,San Jose,Extreme Networks Inc,4520,452010,45,45201020,D,USA,3342,3576,190,940,B-,CA,EXTREME NETWORKS INC,EXTR
119574, , ,11/30/10,San Jose,Extreme Networks Inc,4520,452010,45,45201020,D,USA,3342,3576,190,940,B-,CA,EXTREME NETWORKS INC,EXTR
119574, , ,12/31/10,San Jose,Extreme Networks Inc,4520,452010,45,45201020,D,USA,3342,3576,190,940,B-,CA,EXTREME NETWORKS INC,EXTR
119574, , ,1/31/11,San Jose,Extreme Networks Inc,4520,452010,45,45201020,D,USA,3342,3576,190,940,B-,CA,EXTREME NETWORKS INC,EXTR
119574, , ,2/28/11,San Jose,Extreme Networks Inc,4520,452010,45,45201020,D,USA,3342,3576,190,940,B-,CA,EXTREME NETWORKS INC,EXTR
119574, , ,3/31/11,San Jose,Extreme Networks Inc,4520,452010,45,45201020,D,USA,3342,3576,190,940,B-,CA,EXTREME NETWORKS INC,EXTR
119574, , ,4/30/11,San Jose,Extreme Networks Inc,4520,452010,45,45201020,D,USA,3342,3576,190,940,B-,CA,EXTREME NETWORKS INC,EXTR
119574, , ,5/31/11,San Jose,Extreme Networks Inc,4520,452010,45,45201020,D,USA,3342,3576,190,940,B-,CA,EXTREME NETWORKS INC,EXTR
119574, , ,6/30/11,San Jose,Extreme Networks Inc,4520,452010,45,45201020,D,USA,3342,3576,190,940,B-,CA,EXTREME NETWORKS INC,EXTR
119574, , ,7/31/11,San Jose,Extreme Networks Inc,4520,452010,45,45201020,D,USA,3342,3576,190,940,B-,CA,EXTREME NETWORKS INC,EXTR
119574, , ,8/31/11,San Jose,Extreme Networks Inc,4520,452010,45,45201020,D,USA,3342,3576,190,940,B-,CA,EXTREME NETWORKS INC,EXTR
119574, , ,9/30/11,San Jose,Extreme Networks Inc,4520,452010,45,45201020,D,USA,3342,3576,190,940,B-,CA,EXTREME NETWORKS INC,EXTR
119574, , ,10/31/11,San Jose,Extreme Networks Inc,4520,452010,45,45201020,D,USA,3342,3576,190,940,B-,CA,EXTREME NETWORKS INC,EXTR
119574, , ,11/30/11,San Jose,Extreme Networks Inc,4520,452010,45,45201020,D,USA,3342,3576,190,940,B-,CA,EXTREME NETWORKS INC,EXTR
119574, , ,12/31/11,San Jose,Extreme Networks Inc,4520,452010,45,45201020,D,USA,3342,3576,190,940,B-,CA,EXTREME NETWORKS INC,EXTR
119574, , ,1/31/12,San Jose,Extreme Networks Inc,4520,452010,45,45201020,D,USA,3342,3576,190,940,B-,CA,EXTREME NETWORKS INC,EXTR
119574, , ,2/29/12,San Jose,Extreme Networks Inc,4520,452010,45,45201020,D,USA,3342,3576,190,940,B-,CA,EXTREME NETWORKS INC,EXTR
119574, , ,3/31/12,San Jose,Extreme Networks Inc,4520,452010,45,45201020,D,USA,3342,3576,190,940,B-,CA,EXTREME NETWORKS INC,EXTR
119574, , ,4/30/12,San Jose,Extreme Networks Inc,4520,452010,45,45201020,D,USA,3342,3576,190,940,B-,CA,EXTREME NETWORKS INC,EXTR
119574, , ,5/31/12,San Jose,Extreme Networks Inc,4520,452010,45,45201020,D,USA,3342,3576,190,940,B-,CA,EXTREME NETWORKS INC,EXTR
119574, , ,6/30/12,San Jose,Extreme Networks Inc,4520,452010,45,45201020,D,USA,3342,3576,190,940,B-,CA,EXTREME NETWORKS INC,EXTR
119574, , ,7/31/12,San Jose,Extreme Networks Inc,4520,452010,45,45201020,D,USA,3342,3576,190,940,B-,CA,EXTREME NETWORKS INC,EXTR
119574, , ,8/31/12,San Jose,Extreme Networks Inc,4520,452010,45,45201020,D,USA,3342,3576,190,940,B-,CA,EXTREME NETWORKS INC,EXTR
119574, , ,9/30/12,San Jose,Extreme Networks Inc,4520,452010,45,45201020,D,USA,3342,3576,190,940,B-,CA,EXTREME NETWORKS INC,EXTR
119574, , ,10/31/12,San Jose,Extreme Networks Inc,4520,452010,45,45201020,D,USA,3342,3576,190,940,B-,CA,EXTREME NETWORKS INC,EXTR
119574, , ,11/30/12,San Jose,Extreme Networks Inc,4520,452010,45,45201020,D,USA,3342,3576,190,940,B-,CA,EXTREME NETWORKS INC,EXTR
119574, , ,12/31/12,San Jose,Extreme Networks Inc,4520,452010,45,45201020,D,USA,3342,3576,190,940,B-,CA,EXTREME NETWORKS INC,EXTR
119574, , ,1/31/13,San Jose,Extreme Networks Inc,4520,452010,45,45201020,D,USA,3342,3576,190,940,B-,CA,EXTREME NETWORKS INC,EXTR
119574, , ,2/28/13,San Jose,Extreme Networks Inc,4520,452010,45,45201020,D,USA,3342,3576,190,940,B-,CA,EXTREME NETWORKS INC,EXTR
119574, , ,3/31/13,San Jose,Extreme Networks Inc,4520,452010,45,45201020,D,USA,3342,3576,190,940,B-,CA,EXTREME NETWORKS INC,EXTR
119574, , ,4/30/13,San Jose,Extreme Networks Inc,4520,452010,45,45201020,D,USA,3342,3576,190,940,B-,CA,EXTREME NETWORKS INC,EXTR
119574, , ,5/31/13,San Jose,Extreme Networks Inc,4520,452010,45,45201020,D,USA,3342,3576,190,940,B-,CA,EXTREME NETWORKS INC,EXTR
119574, , ,6/30/13,San Jose,Extreme Networks Inc,4520,452010,45,45201020,D,USA,3342,3576,190,940,B-,CA,EXTREME NETWORKS INC,EXTR
119574, , ,7/31/13,San Jose,Extreme Networks Inc,4520,452010,45,45201020,D,USA,3342,3576,190,940,B-,CA,EXTREME NETWORKS INC,EXTR
119574, , ,8/31/13,San Jose,Extreme Networks Inc,4520,452010,45,45201020,D,USA,3342,3576,190,940,B-,CA,EXTREME NETWORKS INC,EXTR
119574, , ,9/30/13,San Jose,Extreme Networks Inc,4520,452010,45,45201020,D,USA,3342,3576,190,940,B-,CA,EXTREME NETWORKS INC,EXTR
119574, , ,10/31/13,San Jose,Extreme Networks Inc,4520,452010,45,45201020,D,USA,3342,3576,190,940,B-,CA,EXTREME NETWORKS INC,EXTR
119736, , ,1/31/10,Trevose,Worldgate Communications Inc,4520,452010,45,45201020,B,USA,334220,3663,454,940,D,PA,WORLDGATE COMMUNICATIONS INC,WGATQ
119736, , ,2/28/10,Trevose,Worldgate Communications Inc,4520,452010,45,45201020,B,USA,334220,3663,454,940,D,PA,WORLDGATE COMMUNICATIONS INC,WGATQ
119736, , ,3/31/10,Trevose,Worldgate Communications Inc,4520,452010,45,45201020,B,USA,334220,3663,454,940,D,PA,WORLDGATE COMMUNICATIONS INC,WGATQ
119736, , ,4/30/10,Trevose,Worldgate Communications Inc,4520,452010,45,45201020,B,USA,334220,3663,454,940,D,PA,WORLDGATE COMMUNICATIONS INC,WGATQ
119736, , ,5/31/10,Trevose,Worldgate Communications Inc,4520,452010,45,45201020,B,USA,334220,3663,454,940,D,PA,WORLDGATE COMMUNICATIONS INC,WGATQ
119736, , ,6/30/10,Trevose,Worldgate Communications Inc,4520,452010,45,45201020,B,USA,334220,3663,454,940,D,PA,WORLDGATE COMMUNICATIONS INC,WGATQ
119736, , ,7/31/10,Trevose,Worldgate Communications Inc,4520,452010,45,45201020,B,USA,334220,3663,454,940,D,PA,WORLDGATE COMMUNICATIONS INC,WGATQ
119736, , ,8/31/10,Trevose,Worldgate Communications Inc,4520,452010,45,45201020,B,USA,334220,3663,454,940,D,PA,WORLDGATE COMMUNICATIONS INC,WGATQ
119736, , ,9/30/10,Trevose,Worldgate Communications Inc,4520,452010,45,45201020,B,USA,334220,3663,454,940,D,PA,WORLDGATE COMMUNICATIONS INC,WGATQ
119736, , ,10/31/10,Trevose,Worldgate Communications Inc,4520,452010,45,45201020,B,USA,334220,3663,454,940,D,PA,WORLDGATE COMMUNICATIONS INC,WGATQ
119736, , ,11/30/10,Trevose,Worldgate Communications Inc,4520,452010,45,45201020,B,USA,334220,3663,454,940,D,PA,WORLDGATE COMMUNICATIONS INC,WGATQ
119736, , ,12/31/10,Trevose,Worldgate Communications Inc,4520,452010,45,45201020,B,USA,334220,3663,454,940,D,PA,WORLDGATE COMMUNICATIONS INC,WGATQ
119736, , ,1/31/11,Trevose,Worldgate Communications Inc,4520,452010,45,45201020,B,USA,334220,3663,454,940,D,PA,WORLDGATE COMMUNICATIONS INC,WGATQ
119736, , ,2/28/11,Trevose,Worldgate Communications Inc,4520,452010,45,45201020,B,USA,334220,3663,454,940,D,PA,WORLDGATE COMMUNICATIONS INC,WGATQ
119736, , ,3/31/11,Trevose,Worldgate Communications Inc,4520,452010,45,45201020,B,USA,334220,3663,454,940,D,PA,WORLDGATE COMMUNICATIONS INC,WGATQ
119736, , ,4/30/11,Trevose,Worldgate Communications Inc,4520,452010,45,45201020,B,USA,334220,3663,454,940,D,PA,WORLDGATE COMMUNICATIONS INC,WGATQ
119736, , ,5/31/11,Trevose,Worldgate Communications Inc,4520,452010,45,45201020,B,USA,334220,3663,454,940,D,PA,WORLDGATE COMMUNICATIONS INC,WGATQ
119736, , ,6/30/11,Trevose,Worldgate Communications Inc,4520,452010,45,45201020,B,USA,334220,3663,454,940,D,PA,WORLDGATE COMMUNICATIONS INC,WGATQ
119736, , ,7/31/11,Trevose,Worldgate Communications Inc,4520,452010,45,45201020,B,USA,334220,3663,454,940,D,PA,WORLDGATE COMMUNICATIONS INC,WGATQ
119736, , ,8/31/11,Trevose,Worldgate Communications Inc,4520,452010,45,45201020,B,USA,334220,3663,454,940,D,PA,WORLDGATE COMMUNICATIONS INC,WGATQ
119736, , ,9/30/11,Trevose,Worldgate Communications Inc,4520,452010,45,45201020,B,USA,334220,3663,454,940,D,PA,WORLDGATE COMMUNICATIONS INC,WGATQ
119736, , ,10/31/11,Trevose,Worldgate Communications Inc,4520,452010,45,45201020,B,USA,334220,3663,454,940,D,PA,WORLDGATE COMMUNICATIONS INC,WGATQ
119736, , ,11/30/11,Trevose,Worldgate Communications Inc,4520,452010,45,45201020,B,USA,334220,3663,454,940,D,PA,WORLDGATE COMMUNICATIONS INC,WGATQ
119736, , ,12/31/11,Trevose,Worldgate Communications Inc,4520,452010,45,45201020,B,USA,334220,3663,454,940,D,PA,WORLDGATE COMMUNICATIONS INC,WGATQ
119736, , ,1/31/12,Trevose,Worldgate Communications Inc,4520,452010,45,45201020,B,USA,334220,3663,454,940,D,PA,WORLDGATE COMMUNICATIONS INC,WGATQ
119736, , ,2/29/12,Trevose,Worldgate Communications Inc,4520,452010,45,45201020,B,USA,334220,3663,454,940,D,PA,WORLDGATE COMMUNICATIONS INC,WGATQ
119736, , ,3/31/12,Trevose,Worldgate Communications Inc,4520,452010,45,45201020,B,USA,334220,3663,454,940,D,PA,WORLDGATE COMMUNICATIONS INC,WGATQ
119736, , ,4/30/12,Trevose,Worldgate Communications Inc,4520,452010,45,45201020,B,USA,334220,3663,454,940,D,PA,WORLDGATE COMMUNICATIONS INC,WGATQ
119736, , ,5/31/12,Trevose,Worldgate Communications Inc,4520,452010,45,45201020,B,USA,334220,3663,454,940,D,PA,WORLDGATE COMMUNICATIONS INC,WGATQ
119736, , ,6/30/12,Trevose,Worldgate Communications Inc,4520,452010,45,45201020,B,USA,334220,3663,454,940,D,PA,WORLDGATE COMMUNICATIONS INC,WGATQ
119736, , ,7/31/12,Trevose,Worldgate Communications Inc,4520,452010,45,45201020,B,USA,334220,3663,454,940,D,PA,WORLDGATE COMMUNICATIONS INC,WGATQ
119736, , ,8/31/12,Trevose,Worldgate Communications Inc,4520,452010,45,45201020,B,USA,334220,3663,454,940,D,PA,WORLDGATE COMMUNICATIONS INC,WGATQ
119736, , ,9/30/12,Trevose,Worldgate Communications Inc,4520,452010,45,45201020,B,USA,334220,3663,454,940,D,PA,WORLDGATE COMMUNICATIONS INC,WGATQ
119736, , ,10/31/12,Trevose,Worldgate Communications Inc,4520,452010,45,45201020,B,USA,334220,3663,454,940,D,PA,WORLDGATE COMMUNICATIONS INC,WGATQ
119736, , ,11/30/12,Trevose,Worldgate Communications Inc,4520,452010,45,45201020,B,USA,334220,3663,454,940,D,PA,WORLDGATE COMMUNICATIONS INC,WGATQ
119736, , ,12/31/12,Trevose,Worldgate Communications Inc,4520,452010,45,45201020,B,USA,334220,3663,454,940,D,PA,WORLDGATE COMMUNICATIONS INC,WGATQ
119736, , ,1/31/13,Trevose,Worldgate Communications Inc,4520,452010,45,45201020,B,USA,334220,3663,454,940,D,PA,WORLDGATE COMMUNICATIONS INC,WGATQ
119736, , ,2/28/13,Trevose,Worldgate Communications Inc,4520,452010,45,45201020,B,USA,334220,3663,454,940,D,PA,WORLDGATE COMMUNICATIONS INC,WGATQ
119736, , ,3/31/13,Trevose,Worldgate Communications Inc,4520,452010,45,45201020,B,USA,334220,3663,454,940,D,PA,WORLDGATE COMMUNICATIONS INC,WGATQ
119736, , ,4/30/13,Trevose,Worldgate Communications Inc,4520,452010,45,45201020,B,USA,334220,3663,454,940,D,PA,WORLDGATE COMMUNICATIONS INC,WGATQ
119736, , ,5/31/13,Trevose,Worldgate Communications Inc,4520,452010,45,45201020,B,USA,334220,3663,454,940,D,PA,WORLDGATE COMMUNICATIONS INC,WGATQ
119736, , ,6/30/13,Trevose,Worldgate Communications Inc,4520,452010,45,45201020,B,USA,334220,3663,454,940,D,PA,WORLDGATE COMMUNICATIONS INC,WGATQ
119736, , ,7/31/13,Trevose,Worldgate Communications Inc,4520,452010,45,45201020,B,USA,334220,3663,454,940,D,PA,WORLDGATE COMMUNICATIONS INC,WGATQ
119736, , ,8/31/13,Trevose,Worldgate Communications Inc,4520,452010,45,45201020,B,USA,334220,3663,454,940,D,PA,WORLDGATE COMMUNICATIONS INC,WGATQ
119736, , ,9/30/13,Trevose,Worldgate Communications Inc,4520,452010,45,45201020,B,USA,334220,3663,454,940,D,PA,WORLDGATE COMMUNICATIONS INC,WGATQ
119736, , ,10/31/13,Trevose,Worldgate Communications Inc,4520,452010,45,45201020,B,USA,334220,3663,454,940,D,PA,WORLDGATE COMMUNICATIONS INC,WGATQ
120334, , ,1/31/10,Richmond,Sierra Wireless Inc,4520,452010,45,45201020,D,CAN,334418,3661,180,940,B,BC,SIERRA WIRELESS INC,SWIR
120334, , ,2/28/10,Richmond,Sierra Wireless Inc,4520,452010,45,45201020,D,CAN,334418,3661,180,940,B,BC,SIERRA WIRELESS INC,SWIR
120334, , ,3/31/10,Richmond,Sierra Wireless Inc,4520,452010,45,45201020,D,CAN,334418,3661,180,940,B,BC,SIERRA WIRELESS INC,SWIR
120334, , ,4/30/10,Richmond,Sierra Wireless Inc,4520,452010,45,45201020,D,CAN,334418,3661,180,940,B,BC,SIERRA WIRELESS INC,SWIR
120334, , ,5/31/10,Richmond,Sierra Wireless Inc,4520,452010,45,45201020,D,CAN,334418,3661,180,940,B,BC,SIERRA WIRELESS INC,SWIR
120334, , ,6/30/10,Richmond,Sierra Wireless Inc,4520,452010,45,45201020,D,CAN,334418,3661,180,940,B,BC,SIERRA WIRELESS INC,SWIR
120334, , ,7/31/10,Richmond,Sierra Wireless Inc,4520,452010,45,45201020,D,CAN,334418,3661,180,940,B,BC,SIERRA WIRELESS INC,SWIR
120334, , ,8/31/10,Richmond,Sierra Wireless Inc,4520,452010,45,45201020,D,CAN,334418,3661,180,940,B,BC,SIERRA WIRELESS INC,SWIR
120334, , ,9/30/10,Richmond,Sierra Wireless Inc,4520,452010,45,45201020,D,CAN,334418,3661,180,940,B,BC,SIERRA WIRELESS INC,SWIR
120334, , ,10/31/10,Richmond,Sierra Wireless Inc,4520,452010,45,45201020,D,CAN,334418,3661,180,940,B,BC,SIERRA WIRELESS INC,SWIR
120334, , ,11/30/10,Richmond,Sierra Wireless Inc,4520,452010,45,45201020,D,CAN,334418,3661,180,940,B,BC,SIERRA WIRELESS INC,SWIR
120334, , ,12/31/10,Richmond,Sierra Wireless Inc,4520,452010,45,45201020,D,CAN,334418,3661,180,940,B,BC,SIERRA WIRELESS INC,SWIR
120334, , ,1/31/11,Richmond,Sierra Wireless Inc,4520,452010,45,45201020,D,CAN,334418,3661,180,940,B,BC,SIERRA WIRELESS INC,SWIR
120334, , ,2/28/11,Richmond,Sierra Wireless Inc,4520,452010,45,45201020,D,CAN,334418,3661,180,940,B,BC,SIERRA WIRELESS INC,SWIR
120334, , ,3/31/11,Richmond,Sierra Wireless Inc,4520,452010,45,45201020,D,CAN,334418,3661,180,940,B,BC,SIERRA WIRELESS INC,SWIR
120334, , ,4/30/11,Richmond,Sierra Wireless Inc,4520,452010,45,45201020,D,CAN,334418,3661,180,940,B,BC,SIERRA WIRELESS INC,SWIR
120334, , ,5/31/11,Richmond,Sierra Wireless Inc,4520,452010,45,45201020,D,CAN,334418,3661,180,940,B,BC,SIERRA WIRELESS INC,SWIR
120334, , ,6/30/11,Richmond,Sierra Wireless Inc,4520,452010,45,45201020,D,CAN,334418,3661,180,940,B,BC,SIERRA WIRELESS INC,SWIR
120334, , ,7/31/11,Richmond,Sierra Wireless Inc,4520,452010,45,45201020,D,CAN,334418,3661,180,940,B,BC,SIERRA WIRELESS INC,SWIR
120334, , ,8/31/11,Richmond,Sierra Wireless Inc,4520,452010,45,45201020,D,CAN,334418,3661,180,940,B,BC,SIERRA WIRELESS INC,SWIR
120334, , ,9/30/11,Richmond,Sierra Wireless Inc,4520,452010,45,45201020,D,CAN,334418,3661,180,940,B,BC,SIERRA WIRELESS INC,SWIR
120334, , ,10/31/11,Richmond,Sierra Wireless Inc,4520,452010,45,45201020,D,CAN,334418,3661,180,940,B,BC,SIERRA WIRELESS INC,SWIR
120334, , ,11/30/11,Richmond,Sierra Wireless Inc,4520,452010,45,45201020,D,CAN,334418,3661,180,940,B,BC,SIERRA WIRELESS INC,SWIR
120334, , ,12/31/11,Richmond,Sierra Wireless Inc,4520,452010,45,45201020,D,CAN,334418,3661,180,940,B,BC,SIERRA WIRELESS INC,SWIR
120334, , ,1/31/12,Richmond,Sierra Wireless Inc,4520,452010,45,45201020,D,CAN,334418,3661,180,940,B,BC,SIERRA WIRELESS INC,SWIR
120334, , ,2/29/12,Richmond,Sierra Wireless Inc,4520,452010,45,45201020,D,CAN,334418,3661,180,940,B,BC,SIERRA WIRELESS INC,SWIR
120334, , ,3/31/12,Richmond,Sierra Wireless Inc,4520,452010,45,45201020,D,CAN,334418,3661,180,940,B,BC,SIERRA WIRELESS INC,SWIR
120334, , ,4/30/12,Richmond,Sierra Wireless Inc,4520,452010,45,45201020,D,CAN,334418,3661,180,940,B,BC,SIERRA WIRELESS INC,SWIR
120334, , ,5/31/12,Richmond,Sierra Wireless Inc,4520,452010,45,45201020,D,CAN,334418,3661,180,940,B,BC,SIERRA WIRELESS INC,SWIR
120334, , ,6/30/12,Richmond,Sierra Wireless Inc,4520,452010,45,45201020,D,CAN,334418,3661,180,940,B,BC,SIERRA WIRELESS INC,SWIR
120334, , ,7/31/12,Richmond,Sierra Wireless Inc,4520,452010,45,45201020,D,CAN,334418,3661,180,940,B,BC,SIERRA WIRELESS INC,SWIR
120334, , ,8/31/12,Richmond,Sierra Wireless Inc,4520,452010,45,45201020,D,CAN,334418,3661,180,940,B,BC,SIERRA WIRELESS INC,SWIR
120334, , ,9/30/12,Richmond,Sierra Wireless Inc,4520,452010,45,45201020,D,CAN,334418,3661,180,940,B,BC,SIERRA WIRELESS INC,SWIR
120334, , ,10/31/12,Richmond,Sierra Wireless Inc,4520,452010,45,45201020,D,CAN,334418,3661,180,940,B,BC,SIERRA WIRELESS INC,SWIR
120334, , ,11/30/12,Richmond,Sierra Wireless Inc,4520,452010,45,45201020,D,CAN,334418,3661,180,940,B,BC,SIERRA WIRELESS INC,SWIR
120334, , ,12/31/12,Richmond,Sierra Wireless Inc,4520,452010,45,45201020,D,CAN,334418,3661,180,940,B,BC,SIERRA WIRELESS INC,SWIR
120334, , ,1/31/13,Richmond,Sierra Wireless Inc,4520,452010,45,45201020,D,CAN,334418,3661,180,940,B,BC,SIERRA WIRELESS INC,SWIR
120334, , ,2/28/13,Richmond,Sierra Wireless Inc,4520,452010,45,45201020,D,CAN,334418,3661,180,940,B,BC,SIERRA WIRELESS INC,SWIR
120334, , ,3/31/13,Richmond,Sierra Wireless Inc,4520,452010,45,45201020,D,CAN,334418,3661,180,940,B,BC,SIERRA WIRELESS INC,SWIR
120334, , ,4/30/13,Richmond,Sierra Wireless Inc,4520,452010,45,45201020,D,CAN,334418,3661,180,940,B,BC,SIERRA WIRELESS INC,SWIR
120334, , ,5/31/13,Richmond,Sierra Wireless Inc,4520,452010,45,45201020,D,CAN,334418,3661,180,940,B,BC,SIERRA WIRELESS INC,SWIR
120334, , ,6/30/13,Richmond,Sierra Wireless Inc,4520,452010,45,45201020,D,CAN,334418,3661,180,940,B,BC,SIERRA WIRELESS INC,SWIR
120334, , ,7/31/13,Richmond,Sierra Wireless Inc,4520,452010,45,45201020,D,CAN,334418,3661,180,940,B,BC,SIERRA WIRELESS INC,SWIR
120334, , ,8/31/13,Richmond,Sierra Wireless Inc,4520,452010,45,45201020,D,CAN,334418,3661,180,940,B,BC,SIERRA WIRELESS INC,SWIR
120334, , ,9/30/13,Richmond,Sierra Wireless Inc,4520,452010,45,45201020,D,CAN,334418,3661,180,940,B,BC,SIERRA WIRELESS INC,SWIR
120334, , ,10/31/13,Richmond,Sierra Wireless Inc,4520,452010,45,45201020,D,CAN,334418,3661,180,940,B,BC,SIERRA WIRELESS INC,SWIR
120774,BB, ,1/31/10,San Jose,Brocade Communications Systems Inc,4520,452010,45,45201020,D,USA,3342,3576,190,940,B,CA,BROCADE COMMUNICATIONS SYS,BRCD
120774,BB, ,2/28/10,San Jose,Brocade Communications Systems Inc,4520,452010,45,45201020,D,USA,3342,3576,190,940,B,CA,BROCADE COMMUNICATIONS SYS,BRCD
120774,BB, ,3/31/10,San Jose,Brocade Communications Systems Inc,4520,452010,45,45201020,D,USA,3342,3576,190,940,B,CA,BROCADE COMMUNICATIONS SYS,BRCD
120774,BB, ,4/30/10,San Jose,Brocade Communications Systems Inc,4520,452010,45,45201020,D,USA,3342,3576,190,940,B,CA,BROCADE COMMUNICATIONS SYS,BRCD
120774,BB, ,5/31/10,San Jose,Brocade Communications Systems Inc,4520,452010,45,45201020,D,USA,3342,3576,190,940,B,CA,BROCADE COMMUNICATIONS SYS,BRCD
120774,BB, ,6/30/10,San Jose,Brocade Communications Systems Inc,4520,452010,45,45201020,D,USA,3342,3576,190,940,B,CA,BROCADE COMMUNICATIONS SYS,BRCD
120774,BB, ,7/31/10,San Jose,Brocade Communications Systems Inc,4520,452010,45,45201020,D,USA,3342,3576,190,940,B,CA,BROCADE COMMUNICATIONS SYS,BRCD
120774,BB, ,8/31/10,San Jose,Brocade Communications Systems Inc,4520,452010,45,45201020,D,USA,3342,3576,190,940,B,CA,BROCADE COMMUNICATIONS SYS,BRCD
120774,BB, ,9/30/10,San Jose,Brocade Communications Systems Inc,4520,452010,45,45201020,D,USA,3342,3576,190,940,B,CA,BROCADE COMMUNICATIONS SYS,BRCD
120774,BB, ,10/31/10,San Jose,Brocade Communications Systems Inc,4520,452010,45,45201020,D,USA,3342,3576,190,940,B,CA,BROCADE COMMUNICATIONS SYS,BRCD
120774,BB, ,11/30/10,San Jose,Brocade Communications Systems Inc,4520,452010,45,45201020,D,USA,3342,3576,190,940,B,CA,BROCADE COMMUNICATIONS SYS,BRCD
120774,BB, ,12/31/10,San Jose,Brocade Communications Systems Inc,4520,452010,45,45201020,D,USA,3342,3576,190,940,B,CA,BROCADE COMMUNICATIONS SYS,BRCD
120774,BB, ,1/31/11,San Jose,Brocade Communications Systems Inc,4520,452010,45,45201020,D,USA,3342,3576,190,940,B,CA,BROCADE COMMUNICATIONS SYS,BRCD
120774,BB, ,2/28/11,San Jose,Brocade Communications Systems Inc,4520,452010,45,45201020,D,USA,3342,3576,190,940,B,CA,BROCADE COMMUNICATIONS SYS,BRCD
120774,BB, ,3/31/11,San Jose,Brocade Communications Systems Inc,4520,452010,45,45201020,D,USA,3342,3576,190,940,B,CA,BROCADE COMMUNICATIONS SYS,BRCD
120774,BB, ,4/30/11,San Jose,Brocade Communications Systems Inc,4520,452010,45,45201020,D,USA,3342,3576,190,940,B,CA,BROCADE COMMUNICATIONS SYS,BRCD
120774,BB, ,5/31/11,San Jose,Brocade Communications Systems Inc,4520,452010,45,45201020,D,USA,3342,3576,190,940,B,CA,BROCADE COMMUNICATIONS SYS,BRCD
120774,BB, ,6/30/11,San Jose,Brocade Communications Systems Inc,4520,452010,45,45201020,D,USA,3342,3576,190,940,B,CA,BROCADE COMMUNICATIONS SYS,BRCD
120774,BB, ,7/31/11,San Jose,Brocade Communications Systems Inc,4520,452010,45,45201020,D,USA,3342,3576,190,940,B,CA,BROCADE COMMUNICATIONS SYS,BRCD
120774,BB, ,8/31/11,San Jose,Brocade Communications Systems Inc,4520,452010,45,45201020,D,USA,3342,3576,190,940,B,CA,BROCADE COMMUNICATIONS SYS,BRCD
120774,BB, ,9/30/11,San Jose,Brocade Communications Systems Inc,4520,452010,45,45201020,D,USA,3342,3576,190,940,B,CA,BROCADE COMMUNICATIONS SYS,BRCD
120774,BB, ,10/31/11,San Jose,Brocade Communications Systems Inc,4520,452010,45,45201020,D,USA,3342,3576,190,940,B,CA,BROCADE COMMUNICATIONS SYS,BRCD
120774,BB, ,11/30/11,San Jose,Brocade Communications Systems Inc,4520,452010,45,45201020,D,USA,3342,3576,190,940,B,CA,BROCADE COMMUNICATIONS SYS,BRCD
120774,BB, ,12/31/11,San Jose,Brocade Communications Systems Inc,4520,452010,45,45201020,D,USA,3342,3576,190,940,B,CA,BROCADE COMMUNICATIONS SYS,BRCD
120774,BB+, ,1/31/12,San Jose,Brocade Communications Systems Inc,4520,452010,45,45201020,D,USA,3342,3576,190,940,B,CA,BROCADE COMMUNICATIONS SYS,BRCD
120774,BB+, ,2/29/12,San Jose,Brocade Communications Systems Inc,4520,452010,45,45201020,D,USA,3342,3576,190,940,B,CA,BROCADE COMMUNICATIONS SYS,BRCD
120774,BB+, ,3/31/12,San Jose,Brocade Communications Systems Inc,4520,452010,45,45201020,D,USA,3342,3576,190,940,B,CA,BROCADE COMMUNICATIONS SYS,BRCD
120774,BB+, ,4/30/12,San Jose,Brocade Communications Systems Inc,4520,452010,45,45201020,D,USA,3342,3576,190,940,B,CA,BROCADE COMMUNICATIONS SYS,BRCD
120774,BB+, ,5/31/12,San Jose,Brocade Communications Systems Inc,4520,452010,45,45201020,D,USA,3342,3576,190,940,B,CA,BROCADE COMMUNICATIONS SYS,BRCD
120774,BB+, ,6/30/12,San Jose,Brocade Communications Systems Inc,4520,452010,45,45201020,D,USA,3342,3576,190,940,B,CA,BROCADE COMMUNICATIONS SYS,BRCD
120774,BB+, ,7/31/12,San Jose,Brocade Communications Systems Inc,4520,452010,45,45201020,D,USA,3342,3576,190,940,B,CA,BROCADE COMMUNICATIONS SYS,BRCD
120774,BB+, ,8/31/12,San Jose,Brocade Communications Systems Inc,4520,452010,45,45201020,D,USA,3342,3576,190,940,B,CA,BROCADE COMMUNICATIONS SYS,BRCD
120774,BB+, ,9/30/12,San Jose,Brocade Communications Systems Inc,4520,452010,45,45201020,D,USA,3342,3576,190,940,B,CA,BROCADE COMMUNICATIONS SYS,BRCD
120774,BB+, ,10/31/12,San Jose,Brocade Communications Systems Inc,4520,452010,45,45201020,D,USA,3342,3576,190,940,B,CA,BROCADE COMMUNICATIONS SYS,BRCD
120774,BB+, ,11/30/12,San Jose,Brocade Communications Systems Inc,4520,452010,45,45201020,D,USA,3342,3576,190,940,B,CA,BROCADE COMMUNICATIONS SYS,BRCD
120774,BB+, ,12/31/12,San Jose,Brocade Communications Systems Inc,4520,452010,45,45201020,D,USA,3342,3576,190,940,B,CA,BROCADE COMMUNICATIONS SYS,BRCD
120774,BB+, ,1/31/13,San Jose,Brocade Communications Systems Inc,4520,452010,45,45201020,D,USA,3342,3576,190,940,B,CA,BROCADE COMMUNICATIONS SYS,BRCD
120774,BB+, ,2/28/13,San Jose,Brocade Communications Systems Inc,4520,452010,45,45201020,D,USA,3342,3576,190,940,B,CA,BROCADE COMMUNICATIONS SYS,BRCD
120774,BB+, ,3/31/13,San Jose,Brocade Communications Systems Inc,4520,452010,45,45201020,D,USA,3342,3576,190,940,B,CA,BROCADE COMMUNICATIONS SYS,BRCD
120774,BB+, ,4/30/13,San Jose,Brocade Communications Systems Inc,4520,452010,45,45201020,D,USA,3342,3576,190,940,B,CA,BROCADE COMMUNICATIONS SYS,BRCD
120774,BB+, ,5/31/13,San Jose,Brocade Communications Systems Inc,4520,452010,45,45201020,D,USA,3342,3576,190,940,B,CA,BROCADE COMMUNICATIONS SYS,BRCD
120774,BB+, ,6/30/13,San Jose,Brocade Communications Systems Inc,4520,452010,45,45201020,D,USA,3342,3576,190,940,B,CA,BROCADE COMMUNICATIONS SYS,BRCD
120774,BB+, ,7/31/13,San Jose,Brocade Communications Systems Inc,4520,452010,45,45201020,D,USA,3342,3576,190,940,B,CA,BROCADE COMMUNICATIONS SYS,BRCD
120774,BB+, ,8/31/13,San Jose,Brocade Communications Systems Inc,4520,452010,45,45201020,D,USA,3342,3576,190,940,B,CA,BROCADE COMMUNICATIONS SYS,BRCD
120774,BB+, ,9/30/13,San Jose,Brocade Communications Systems Inc,4520,452010,45,45201020,D,USA,3342,3576,190,940,B,CA,BROCADE COMMUNICATIONS SYS,BRCD
120774,BB+, ,10/31/13,San Jose,Brocade Communications Systems Inc,4520,452010,45,45201020,D,USA,3342,3576,190,940,B,CA,BROCADE COMMUNICATIONS SYS,BRCD
120774,BB+, ,11/30/13,San Jose,Brocade Communications Systems Inc,4520,452010,45,45201020,D,USA,3342,3576,190,940,B,CA,BROCADE COMMUNICATIONS SYS,BRCD
120774,BB+, ,12/31/13,San Jose,Brocade Communications Systems Inc,4520,452010,45,45201020,D,USA,3342,3576,190,940,B,CA,BROCADE COMMUNICATIONS SYS,BRCD
120774,BB+, ,1/31/14,San Jose,Brocade Communications Systems Inc,4520,452010,45,45201020,D,USA,3342,3576,190,940,B,CA,BROCADE COMMUNICATIONS SYS,BRCD
120774,BB+, ,2/28/14,San Jose,Brocade Communications Systems Inc,4520,452010,45,45201020,D,USA,3342,3576,190,940,B,CA,BROCADE COMMUNICATIONS SYS,BRCD
120774,BB+, ,3/31/14,San Jose,Brocade Communications Systems Inc,4520,452010,45,45201020,D,USA,3342,3576,190,940,B,CA,BROCADE COMMUNICATIONS SYS,BRCD
120774,BB+, ,4/30/14,San Jose,Brocade Communications Systems Inc,4520,452010,45,45201020,D,USA,3342,3576,190,940,B,CA,BROCADE COMMUNICATIONS SYS,BRCD
120774,BB+, ,5/31/14,San Jose,Brocade Communications Systems Inc,4520,452010,45,45201020,D,USA,3342,3576,190,940,B,CA,BROCADE COMMUNICATIONS SYS,BRCD
120774,BB+, ,6/30/14,San Jose,Brocade Communications Systems Inc,4520,452010,45,45201020,D,USA,3342,3576,190,940,B,CA,BROCADE COMMUNICATIONS SYS,BRCD
120860, , ,1/31/10,Lod,Audiocodes Ltd,4520,452010,45,45201020,B,ISR,334210,3661,180,940, , ,AUDIOCODES LTD,AUDC
120860, , ,2/28/10,Lod,Audiocodes Ltd,4520,452010,45,45201020,B,ISR,334210,3661,180,940, , ,AUDIOCODES LTD,AUDC
120860, , ,3/31/10,Lod,Audiocodes Ltd,4520,452010,45,45201020,B,ISR,334210,3661,180,940, , ,AUDIOCODES LTD,AUDC
120860, , ,4/30/10,Lod,Audiocodes Ltd,4520,452010,45,45201020,B,ISR,334210,3661,180,940, , ,AUDIOCODES LTD,AUDC
120860, , ,5/31/10,Lod,Audiocodes Ltd,4520,452010,45,45201020,B,ISR,334210,3661,180,940, , ,AUDIOCODES LTD,AUDC
120860, , ,6/30/10,Lod,Audiocodes Ltd,4520,452010,45,45201020,B,ISR,334210,3661,180,940, , ,AUDIOCODES LTD,AUDC
120860, , ,7/31/10,Lod,Audiocodes Ltd,4520,452010,45,45201020,B,ISR,334210,3661,180,940, , ,AUDIOCODES LTD,AUDC
120860, , ,8/31/10,Lod,Audiocodes Ltd,4520,452010,45,45201020,B,ISR,334210,3661,180,940, , ,AUDIOCODES LTD,AUDC
120860, , ,9/30/10,Lod,Audiocodes Ltd,4520,452010,45,45201020,B,ISR,334210,3661,180,940, , ,AUDIOCODES LTD,AUDC
120860, , ,10/31/10,Lod,Audiocodes Ltd,4520,452010,45,45201020,B,ISR,334210,3661,180,940, , ,AUDIOCODES LTD,AUDC
120860, , ,11/30/10,Lod,Audiocodes Ltd,4520,452010,45,45201020,B,ISR,334210,3661,180,940, , ,AUDIOCODES LTD,AUDC
120860, , ,12/31/10,Lod,Audiocodes Ltd,4520,452010,45,45201020,B,ISR,334210,3661,180,940, , ,AUDIOCODES LTD,AUDC
120860, , ,1/31/11,Lod,Audiocodes Ltd,4520,452010,45,45201020,B,ISR,334210,3661,180,940, , ,AUDIOCODES LTD,AUDC
120860, , ,2/28/11,Lod,Audiocodes Ltd,4520,452010,45,45201020,B,ISR,334210,3661,180,940, , ,AUDIOCODES LTD,AUDC
120860, , ,3/31/11,Lod,Audiocodes Ltd,4520,452010,45,45201020,B,ISR,334210,3661,180,940, , ,AUDIOCODES LTD,AUDC
120860, , ,4/30/11,Lod,Audiocodes Ltd,4520,452010,45,45201020,B,ISR,334210,3661,180,940, , ,AUDIOCODES LTD,AUDC
120860, , ,5/31/11,Lod,Audiocodes Ltd,4520,452010,45,45201020,B,ISR,334210,3661,180,940, , ,AUDIOCODES LTD,AUDC
120860, , ,6/30/11,Lod,Audiocodes Ltd,4520,452010,45,45201020,B,ISR,334210,3661,180,940, , ,AUDIOCODES LTD,AUDC
120860, , ,7/31/11,Lod,Audiocodes Ltd,4520,452010,45,45201020,B,ISR,334210,3661,180,940, , ,AUDIOCODES LTD,AUDC
120860, , ,8/31/11,Lod,Audiocodes Ltd,4520,452010,45,45201020,B,ISR,334210,3661,180,940, , ,AUDIOCODES LTD,AUDC
120860, , ,9/30/11,Lod,Audiocodes Ltd,4520,452010,45,45201020,B,ISR,334210,3661,180,940, , ,AUDIOCODES LTD,AUDC
120860, , ,10/31/11,Lod,Audiocodes Ltd,4520,452010,45,45201020,B,ISR,334210,3661,180,940, , ,AUDIOCODES LTD,AUDC
120860, , ,11/30/11,Lod,Audiocodes Ltd,4520,452010,45,45201020,B,ISR,334210,3661,180,940, , ,AUDIOCODES LTD,AUDC
120860, , ,12/31/11,Lod,Audiocodes Ltd,4520,452010,45,45201020,B,ISR,334210,3661,180,940, , ,AUDIOCODES LTD,AUDC
120860, , ,1/31/12,Lod,Audiocodes Ltd,4520,452010,45,45201020,B,ISR,334210,3661,180,940, , ,AUDIOCODES LTD,AUDC
120860, , ,2/29/12,Lod,Audiocodes Ltd,4520,452010,45,45201020,B,ISR,334210,3661,180,940, , ,AUDIOCODES LTD,AUDC
120860, , ,3/31/12,Lod,Audiocodes Ltd,4520,452010,45,45201020,B,ISR,334210,3661,180,940, , ,AUDIOCODES LTD,AUDC
120860, , ,4/30/12,Lod,Audiocodes Ltd,4520,452010,45,45201020,B,ISR,334210,3661,180,940, , ,AUDIOCODES LTD,AUDC
120860, , ,5/31/12,Lod,Audiocodes Ltd,4520,452010,45,45201020,B,ISR,334210,3661,180,940, , ,AUDIOCODES LTD,AUDC
120860, , ,6/30/12,Lod,Audiocodes Ltd,4520,452010,45,45201020,B,ISR,334210,3661,180,940, , ,AUDIOCODES LTD,AUDC
120860, , ,7/31/12,Lod,Audiocodes Ltd,4520,452010,45,45201020,B,ISR,334210,3661,180,940, , ,AUDIOCODES LTD,AUDC
120860, , ,8/31/12,Lod,Audiocodes Ltd,4520,452010,45,45201020,B,ISR,334210,3661,180,940, , ,AUDIOCODES LTD,AUDC
120860, , ,9/30/12,Lod,Audiocodes Ltd,4520,452010,45,45201020,B,ISR,334210,3661,180,940, , ,AUDIOCODES LTD,AUDC
120860, , ,10/31/12,Lod,Audiocodes Ltd,4520,452010,45,45201020,B,ISR,334210,3661,180,940, , ,AUDIOCODES LTD,AUDC
120860, , ,11/30/12,Lod,Audiocodes Ltd,4520,452010,45,45201020,B,ISR,334210,3661,180,940, , ,AUDIOCODES LTD,AUDC
120860, , ,12/31/12,Lod,Audiocodes Ltd,4520,452010,45,45201020,B,ISR,334210,3661,180,940, , ,AUDIOCODES LTD,AUDC
120860, , ,1/31/13,Lod,Audiocodes Ltd,4520,452010,45,45201020,B,ISR,334210,3661,180,940, , ,AUDIOCODES LTD,AUDC
120860, , ,2/28/13,Lod,Audiocodes Ltd,4520,452010,45,45201020,B,ISR,334210,3661,180,940, , ,AUDIOCODES LTD,AUDC
120860, , ,3/31/13,Lod,Audiocodes Ltd,4520,452010,45,45201020,B,ISR,334210,3661,180,940, , ,AUDIOCODES LTD,AUDC
120860, , ,4/30/13,Lod,Audiocodes Ltd,4520,452010,45,45201020,B,ISR,334210,3661,180,940, , ,AUDIOCODES LTD,AUDC
120860, , ,5/31/13,Lod,Audiocodes Ltd,4520,452010,45,45201020,B,ISR,334210,3661,180,940, , ,AUDIOCODES LTD,AUDC
120860, , ,6/30/13,Lod,Audiocodes Ltd,4520,452010,45,45201020,B,ISR,334210,3661,180,940, , ,AUDIOCODES LTD,AUDC
120860, , ,7/31/13,Lod,Audiocodes Ltd,4520,452010,45,45201020,B,ISR,334210,3661,180,940, , ,AUDIOCODES LTD,AUDC
120860, , ,8/31/13,Lod,Audiocodes Ltd,4520,452010,45,45201020,B,ISR,334210,3661,180,940, , ,AUDIOCODES LTD,AUDC
120860, , ,9/30/13,Lod,Audiocodes Ltd,4520,452010,45,45201020,B,ISR,334210,3661,180,940, , ,AUDIOCODES LTD,AUDC
120860, , ,10/31/13,Lod,Audiocodes Ltd,4520,452010,45,45201020,B,ISR,334210,3661,180,940, , ,AUDIOCODES LTD,AUDC
121077, , ,1/31/10,Seattle,F5 Networks Inc,4520,452010,45,45201020,D,USA,541512,7373,454,940,B+,WA,F5 NETWORKS INC,FFIV
121077, , ,2/28/10,Seattle,F5 Networks Inc,4520,452010,45,45201020,D,USA,541512,7373,454,940,B+,WA,F5 NETWORKS INC,FFIV
121077, , ,3/31/10,Seattle,F5 Networks Inc,4520,452010,45,45201020,D,USA,541512,7373,454,940,B+,WA,F5 NETWORKS INC,FFIV
121077, , ,4/30/10,Seattle,F5 Networks Inc,4520,452010,45,45201020,D,USA,541512,7373,454,940,B+,WA,F5 NETWORKS INC,FFIV
121077, , ,5/31/10,Seattle,F5 Networks Inc,4520,452010,45,45201020,D,USA,541512,7373,454,940,B+,WA,F5 NETWORKS INC,FFIV
121077, , ,6/30/10,Seattle,F5 Networks Inc,4520,452010,45,45201020,D,USA,541512,7373,454,940,B+,WA,F5 NETWORKS INC,FFIV
121077, , ,7/31/10,Seattle,F5 Networks Inc,4520,452010,45,45201020,D,USA,541512,7373,454,940,B+,WA,F5 NETWORKS INC,FFIV
121077, , ,8/31/10,Seattle,F5 Networks Inc,4520,452010,45,45201020,D,USA,541512,7373,454,940,B+,WA,F5 NETWORKS INC,FFIV
121077, , ,9/30/10,Seattle,F5 Networks Inc,4520,452010,45,45201020,D,USA,541512,7373,454,940,B+,WA,F5 NETWORKS INC,FFIV
121077, , ,10/31/10,Seattle,F5 Networks Inc,4520,452010,45,45201020,D,USA,541512,7373,454,940,B+,WA,F5 NETWORKS INC,FFIV
121077, , ,11/30/10,Seattle,F5 Networks Inc,4520,452010,45,45201020,D,USA,541512,7373,454,940,B+,WA,F5 NETWORKS INC,FFIV
121077, , ,12/31/10,Seattle,F5 Networks Inc,4520,452010,45,45201020,D,USA,541512,7373,454,940,B+,WA,F5 NETWORKS INC,FFIV
121077, , ,1/31/11,Seattle,F5 Networks Inc,4520,452010,45,45201020,D,USA,541512,7373,454,940,B+,WA,F5 NETWORKS INC,FFIV
121077, , ,2/28/11,Seattle,F5 Networks Inc,4520,452010,45,45201020,D,USA,541512,7373,454,940,B+,WA,F5 NETWORKS INC,FFIV
121077, , ,3/31/11,Seattle,F5 Networks Inc,4520,452010,45,45201020,D,USA,541512,7373,454,940,B+,WA,F5 NETWORKS INC,FFIV
121077, , ,4/30/11,Seattle,F5 Networks Inc,4520,452010,45,45201020,D,USA,541512,7373,454,940,B+,WA,F5 NETWORKS INC,FFIV
121077, , ,5/31/11,Seattle,F5 Networks Inc,4520,452010,45,45201020,D,USA,541512,7373,454,940,B+,WA,F5 NETWORKS INC,FFIV
121077, , ,6/30/11,Seattle,F5 Networks Inc,4520,452010,45,45201020,D,USA,541512,7373,454,940,B+,WA,F5 NETWORKS INC,FFIV
121077, , ,7/31/11,Seattle,F5 Networks Inc,4520,452010,45,45201020,D,USA,541512,7373,454,940,B+,WA,F5 NETWORKS INC,FFIV
121077, , ,8/31/11,Seattle,F5 Networks Inc,4520,452010,45,45201020,D,USA,541512,7373,454,940,B+,WA,F5 NETWORKS INC,FFIV
121077, , ,9/30/11,Seattle,F5 Networks Inc,4520,452010,45,45201020,D,USA,541512,7373,454,940,B+,WA,F5 NETWORKS INC,FFIV
121077, , ,10/31/11,Seattle,F5 Networks Inc,4520,452010,45,45201020,D,USA,541512,7373,454,940,B+,WA,F5 NETWORKS INC,FFIV
121077, , ,11/30/11,Seattle,F5 Networks Inc,4520,452010,45,45201020,D,USA,541512,7373,454,940,B+,WA,F5 NETWORKS INC,FFIV
121077, , ,12/31/11,Seattle,F5 Networks Inc,4520,452010,45,45201020,D,USA,541512,7373,454,940,B+,WA,F5 NETWORKS INC,FFIV
121077, , ,1/31/12,Seattle,F5 Networks Inc,4520,452010,45,45201020,D,USA,541512,7373,454,940,B+,WA,F5 NETWORKS INC,FFIV
121077, , ,2/29/12,Seattle,F5 Networks Inc,4520,452010,45,45201020,D,USA,541512,7373,454,940,B+,WA,F5 NETWORKS INC,FFIV
121077, , ,3/31/12,Seattle,F5 Networks Inc,4520,452010,45,45201020,D,USA,541512,7373,454,940,B+,WA,F5 NETWORKS INC,FFIV
121077, , ,4/30/12,Seattle,F5 Networks Inc,4520,452010,45,45201020,D,USA,541512,7373,454,940,B+,WA,F5 NETWORKS INC,FFIV
121077, , ,5/31/12,Seattle,F5 Networks Inc,4520,452010,45,45201020,D,USA,541512,7373,454,940,B+,WA,F5 NETWORKS INC,FFIV
121077, , ,6/30/12,Seattle,F5 Networks Inc,4520,452010,45,45201020,D,USA,541512,7373,454,940,B+,WA,F5 NETWORKS INC,FFIV
121077, , ,7/31/12,Seattle,F5 Networks Inc,4520,452010,45,45201020,D,USA,541512,7373,454,940,B+,WA,F5 NETWORKS INC,FFIV
121077, , ,8/31/12,Seattle,F5 Networks Inc,4520,452010,45,45201020,D,USA,541512,7373,454,940,B+,WA,F5 NETWORKS INC,FFIV
121077, , ,9/30/12,Seattle,F5 Networks Inc,4520,452010,45,45201020,D,USA,541512,7373,454,940,B+,WA,F5 NETWORKS INC,FFIV
121077, , ,10/31/12,Seattle,F5 Networks Inc,4520,452010,45,45201020,D,USA,541512,7373,454,940,B+,WA,F5 NETWORKS INC,FFIV
121077, , ,11/30/12,Seattle,F5 Networks Inc,4520,452010,45,45201020,D,USA,541512,7373,454,940,B+,WA,F5 NETWORKS INC,FFIV
121077, , ,12/31/12,Seattle,F5 Networks Inc,4520,452010,45,45201020,D,USA,541512,7373,454,940,B+,WA,F5 NETWORKS INC,FFIV
121077, , ,1/31/13,Seattle,F5 Networks Inc,4520,452010,45,45201020,D,USA,541512,7373,454,940,B+,WA,F5 NETWORKS INC,FFIV
121077, , ,2/28/13,Seattle,F5 Networks Inc,4520,452010,45,45201020,D,USA,541512,7373,454,940,B+,WA,F5 NETWORKS INC,FFIV
121077, , ,3/31/13,Seattle,F5 Networks Inc,4520,452010,45,45201020,D,USA,541512,7373,454,940,B+,WA,F5 NETWORKS INC,FFIV
121077, , ,4/30/13,Seattle,F5 Networks Inc,4520,452010,45,45201020,D,USA,541512,7373,454,940,B+,WA,F5 NETWORKS INC,FFIV
121077, , ,5/31/13,Seattle,F5 Networks Inc,4520,452010,45,45201020,D,USA,541512,7373,454,940,B+,WA,F5 NETWORKS INC,FFIV
121077, , ,6/30/13,Seattle,F5 Networks Inc,4520,452010,45,45201020,D,USA,541512,7373,454,940,B+,WA,F5 NETWORKS INC,FFIV
121077, , ,7/31/13,Seattle,F5 Networks Inc,4520,452010,45,45201020,D,USA,541512,7373,454,940,B+,WA,F5 NETWORKS INC,FFIV
121077, , ,8/31/13,Seattle,F5 Networks Inc,4520,452010,45,45201020,D,USA,541512,7373,454,940,B+,WA,F5 NETWORKS INC,FFIV
121077, , ,9/30/13,Seattle,F5 Networks Inc,4520,452010,45,45201020,D,USA,541512,7373,454,940,B+,WA,F5 NETWORKS INC,FFIV
121077, , ,10/31/13,Seattle,F5 Networks Inc,4520,452010,45,45201020,D,USA,541512,7373,454,940,B+,WA,F5 NETWORKS INC,FFIV
121153, , ,1/31/10,San Jose,Ditech Networks Inc,4520,452010,45,45201020,D,USA,334220,3663,180,940,B-,CA,DITECH NETWORKS INC,DITC
121153, , ,2/28/10,San Jose,Ditech Networks Inc,4520,452010,45,45201020,D,USA,334220,3663,180,940,B-,CA,DITECH NETWORKS INC,DITC
121153, , ,3/31/10,San Jose,Ditech Networks Inc,4520,452010,45,45201020,D,USA,334220,3663,180,940,B-,CA,DITECH NETWORKS INC,DITC
121153, , ,4/30/10,San Jose,Ditech Networks Inc,4520,452010,45,45201020,D,USA,334220,3663,180,940,B-,CA,DITECH NETWORKS INC,DITC
121153, , ,5/31/10,San Jose,Ditech Networks Inc,4520,452010,45,45201020,D,USA,334220,3663,180,940,B-,CA,DITECH NETWORKS INC,DITC
121153, , ,6/30/10,San Jose,Ditech Networks Inc,4520,452010,45,45201020,D,USA,334220,3663,180,940,B-,CA,DITECH NETWORKS INC,DITC
121153, , ,7/31/10,San Jose,Ditech Networks Inc,4520,452010,45,45201020,D,USA,334220,3663,180,940,B-,CA,DITECH NETWORKS INC,DITC
121153, , ,8/31/10,San Jose,Ditech Networks Inc,4520,452010,45,45201020,D,USA,334220,3663,180,940,B-,CA,DITECH NETWORKS INC,DITC
121153, , ,9/30/10,San Jose,Ditech Networks Inc,4520,452010,45,45201020,D,USA,334220,3663,180,940,B-,CA,DITECH NETWORKS INC,DITC
121153, , ,10/31/10,San Jose,Ditech Networks Inc,4520,452010,45,45201020,D,USA,334220,3663,180,940,B-,CA,DITECH NETWORKS INC,DITC
121153, , ,11/30/10,San Jose,Ditech Networks Inc,4520,452010,45,45201020,D,USA,334220,3663,180,940,B-,CA,DITECH NETWORKS INC,DITC
121153, , ,12/31/10,San Jose,Ditech Networks Inc,4520,452010,45,45201020,D,USA,334220,3663,180,940,B-,CA,DITECH NETWORKS INC,DITC
121153, , ,1/31/11,San Jose,Ditech Networks Inc,4520,452010,45,45201020,D,USA,334220,3663,180,940,B-,CA,DITECH NETWORKS INC,DITC
121153, , ,2/28/11,San Jose,Ditech Networks Inc,4520,452010,45,45201020,D,USA,334220,3663,180,940,B-,CA,DITECH NETWORKS INC,DITC
121153, , ,3/31/11,San Jose,Ditech Networks Inc,4520,452010,45,45201020,D,USA,334220,3663,180,940,B-,CA,DITECH NETWORKS INC,DITC
121153, , ,4/30/11,San Jose,Ditech Networks Inc,4520,452010,45,45201020,D,USA,334220,3663,180,940,B-,CA,DITECH NETWORKS INC,DITC
121153, , ,5/31/11,San Jose,Ditech Networks Inc,4520,452010,45,45201020,D,USA,334220,3663,180,940,B-,CA,DITECH NETWORKS INC,DITC
121153, , ,6/30/11,San Jose,Ditech Networks Inc,4520,452010,45,45201020,D,USA,334220,3663,180,940,B-,CA,DITECH NETWORKS INC,DITC
121153, , ,7/31/11,San Jose,Ditech Networks Inc,4520,452010,45,45201020,D,USA,334220,3663,180,940,B-,CA,DITECH NETWORKS INC,DITC
121153, , ,8/31/11,San Jose,Ditech Networks Inc,4520,452010,45,45201020,D,USA,334220,3663,180,940,B-,CA,DITECH NETWORKS INC,DITC
121153, , ,9/30/11,San Jose,Ditech Networks Inc,4520,452010,45,45201020,D,USA,334220,3663,180,940,B-,CA,DITECH NETWORKS INC,DITC
121153, , ,10/31/11,San Jose,Ditech Networks Inc,4520,452010,45,45201020,D,USA,334220,3663,180,940,B-,CA,DITECH NETWORKS INC,DITC
121153, , ,11/30/11,San Jose,Ditech Networks Inc,4520,452010,45,45201020,D,USA,334220,3663,180,940,B-,CA,DITECH NETWORKS INC,DITC
121153, , ,12/31/11,San Jose,Ditech Networks Inc,4520,452010,45,45201020,D,USA,334220,3663,180,940,B-,CA,DITECH NETWORKS INC,DITC
121153, , ,1/31/12,San Jose,Ditech Networks Inc,4520,452010,45,45201020,D,USA,334220,3663,180,940,B-,CA,DITECH NETWORKS INC,DITC
121153, , ,2/29/12,San Jose,Ditech Networks Inc,4520,452010,45,45201020,D,USA,334220,3663,180,940,B-,CA,DITECH NETWORKS INC,DITC
121153, , ,3/31/12,San Jose,Ditech Networks Inc,4520,452010,45,45201020,D,USA,334220,3663,180,940,B-,CA,DITECH NETWORKS INC,DITC
121153, , ,4/30/12,San Jose,Ditech Networks Inc,4520,452010,45,45201020,D,USA,334220,3663,180,940,B-,CA,DITECH NETWORKS INC,DITC
121153, , ,5/31/12,San Jose,Ditech Networks Inc,4520,452010,45,45201020,D,USA,334220,3663,180,940,B-,CA,DITECH NETWORKS INC,DITC
121153, , ,6/30/12,San Jose,Ditech Networks Inc,4520,452010,45,45201020,D,USA,334220,3663,180,940,B-,CA,DITECH NETWORKS INC,DITC
121153, , ,7/31/12,San Jose,Ditech Networks Inc,4520,452010,45,45201020,D,USA,334220,3663,180,940,B-,CA,DITECH NETWORKS INC,DITC
121153, , ,8/31/12,San Jose,Ditech Networks Inc,4520,452010,45,45201020,D,USA,334220,3663,180,940,B-,CA,DITECH NETWORKS INC,DITC
121153, , ,9/30/12,San Jose,Ditech Networks Inc,4520,452010,45,45201020,D,USA,334220,3663,180,940,B-,CA,DITECH NETWORKS INC,DITC
121153, , ,10/31/12,San Jose,Ditech Networks Inc,4520,452010,45,45201020,D,USA,334220,3663,180,940,B-,CA,DITECH NETWORKS INC,DITC
121153, , ,11/30/12,San Jose,Ditech Networks Inc,4520,452010,45,45201020,D,USA,334220,3663,180,940,B-,CA,DITECH NETWORKS INC,DITC
121153, , ,12/31/12,San Jose,Ditech Networks Inc,4520,452010,45,45201020,D,USA,334220,3663,180,940,B-,CA,DITECH NETWORKS INC,DITC
121718, , ,1/31/10,Sunnyvale,Juniper Networks Inc,4520,452010,45,45201020,D,USA,334210,3576,190,940,B,CA,JUNIPER NETWORKS INC,JNPR
121718, , ,2/28/10,Sunnyvale,Juniper Networks Inc,4520,452010,45,45201020,D,USA,334210,3576,190,940,B,CA,JUNIPER NETWORKS INC,JNPR
121718, , ,3/31/10,Sunnyvale,Juniper Networks Inc,4520,452010,45,45201020,D,USA,334210,3576,190,940,B,CA,JUNIPER NETWORKS INC,JNPR
121718, , ,4/30/10,Sunnyvale,Juniper Networks Inc,4520,452010,45,45201020,D,USA,334210,3576,190,940,B,CA,JUNIPER NETWORKS INC,JNPR
121718, , ,5/31/10,Sunnyvale,Juniper Networks Inc,4520,452010,45,45201020,D,USA,334210,3576,190,940,B,CA,JUNIPER NETWORKS INC,JNPR
121718, , ,6/30/10,Sunnyvale,Juniper Networks Inc,4520,452010,45,45201020,D,USA,334210,3576,190,940,B,CA,JUNIPER NETWORKS INC,JNPR
121718, , ,7/31/10,Sunnyvale,Juniper Networks Inc,4520,452010,45,45201020,D,USA,334210,3576,190,940,B,CA,JUNIPER NETWORKS INC,JNPR
121718, , ,8/31/10,Sunnyvale,Juniper Networks Inc,4520,452010,45,45201020,D,USA,334210,3576,190,940,B,CA,JUNIPER NETWORKS INC,JNPR
121718, , ,9/30/10,Sunnyvale,Juniper Networks Inc,4520,452010,45,45201020,D,USA,334210,3576,190,940,B,CA,JUNIPER NETWORKS INC,JNPR
121718, , ,10/31/10,Sunnyvale,Juniper Networks Inc,4520,452010,45,45201020,D,USA,334210,3576,190,940,B,CA,JUNIPER NETWORKS INC,JNPR
121718, , ,11/30/10,Sunnyvale,Juniper Networks Inc,4520,452010,45,45201020,D,USA,334210,3576,190,940,B,CA,JUNIPER NETWORKS INC,JNPR
121718, , ,12/31/10,Sunnyvale,Juniper Networks Inc,4520,452010,45,45201020,D,USA,334210,3576,190,940,B,CA,JUNIPER NETWORKS INC,JNPR
121718, , ,1/31/11,Sunnyvale,Juniper Networks Inc,4520,452010,45,45201020,D,USA,334210,3576,190,940,B,CA,JUNIPER NETWORKS INC,JNPR
121718,BBB, ,2/28/11,Sunnyvale,Juniper Networks Inc,4520,452010,45,45201020,D,USA,334210,3576,190,940,B,CA,JUNIPER NETWORKS INC,JNPR
121718,BBB, ,3/31/11,Sunnyvale,Juniper Networks Inc,4520,452010,45,45201020,D,USA,334210,3576,190,940,B,CA,JUNIPER NETWORKS INC,JNPR
121718,BBB, ,4/30/11,Sunnyvale,Juniper Networks Inc,4520,452010,45,45201020,D,USA,334210,3576,190,940,B,CA,JUNIPER NETWORKS INC,JNPR
121718,BBB, ,5/31/11,Sunnyvale,Juniper Networks Inc,4520,452010,45,45201020,D,USA,334210,3576,190,940,B,CA,JUNIPER NETWORKS INC,JNPR
121718,BBB, ,6/30/11,Sunnyvale,Juniper Networks Inc,4520,452010,45,45201020,D,USA,334210,3576,190,940,B,CA,JUNIPER NETWORKS INC,JNPR
121718,BBB, ,7/31/11,Sunnyvale,Juniper Networks Inc,4520,452010,45,45201020,D,USA,334210,3576,190,940,B,CA,JUNIPER NETWORKS INC,JNPR
121718,BBB, ,8/31/11,Sunnyvale,Juniper Networks Inc,4520,452010,45,45201020,D,USA,334210,3576,190,940,B,CA,JUNIPER NETWORKS INC,JNPR
121718,BBB, ,9/30/11,Sunnyvale,Juniper Networks Inc,4520,452010,45,45201020,D,USA,334210,3576,190,940,B,CA,JUNIPER NETWORKS INC,JNPR
121718,BBB, ,10/31/11,Sunnyvale,Juniper Networks Inc,4520,452010,45,45201020,D,USA,334210,3576,190,940,B,CA,JUNIPER NETWORKS INC,JNPR
121718,BBB, ,11/30/11,Sunnyvale,Juniper Networks Inc,4520,452010,45,45201020,D,USA,334210,3576,190,940,B,CA,JUNIPER NETWORKS INC,JNPR
121718,BBB, ,12/31/11,Sunnyvale,Juniper Networks Inc,4520,452010,45,45201020,D,USA,334210,3576,190,940,B,CA,JUNIPER NETWORKS INC,JNPR
121718,BBB, ,1/31/12,Sunnyvale,Juniper Networks Inc,4520,452010,45,45201020,D,USA,334210,3576,190,940,B,CA,JUNIPER NETWORKS INC,JNPR
121718,BBB, ,2/29/12,Sunnyvale,Juniper Networks Inc,4520,452010,45,45201020,D,USA,334210,3576,190,940,B,CA,JUNIPER NETWORKS INC,JNPR
121718,BBB, ,3/31/12,Sunnyvale,Juniper Networks Inc,4520,452010,45,45201020,D,USA,334210,3576,190,940,B,CA,JUNIPER NETWORKS INC,JNPR
121718,BBB, ,4/30/12,Sunnyvale,Juniper Networks Inc,4520,452010,45,45201020,D,USA,334210,3576,190,940,B,CA,JUNIPER NETWORKS INC,JNPR
121718,BBB, ,5/31/12,Sunnyvale,Juniper Networks Inc,4520,452010,45,45201020,D,USA,334210,3576,190,940,B,CA,JUNIPER NETWORKS INC,JNPR
121718,BBB, ,6/30/12,Sunnyvale,Juniper Networks Inc,4520,452010,45,45201020,D,USA,334210,3576,190,940,B,CA,JUNIPER NETWORKS INC,JNPR
121718,BBB, ,7/31/12,Sunnyvale,Juniper Networks Inc,4520,452010,45,45201020,D,USA,334210,3576,190,940,B,CA,JUNIPER NETWORKS INC,JNPR
121718,BBB, ,8/31/12,Sunnyvale,Juniper Networks Inc,4520,452010,45,45201020,D,USA,334210,3576,190,940,B,CA,JUNIPER NETWORKS INC,JNPR
121718,BBB, ,9/30/12,Sunnyvale,Juniper Networks Inc,4520,452010,45,45201020,D,USA,334210,3576,190,940,B,CA,JUNIPER NETWORKS INC,JNPR
121718,BBB, ,10/31/12,Sunnyvale,Juniper Networks Inc,4520,452010,45,45201020,D,USA,334210,3576,190,940,B,CA,JUNIPER NETWORKS INC,JNPR
121718,BBB, ,11/30/12,Sunnyvale,Juniper Networks Inc,4520,452010,45,45201020,D,USA,334210,3576,190,940,B,CA,JUNIPER NETWORKS INC,JNPR
121718,BBB, ,12/31/12,Sunnyvale,Juniper Networks Inc,4520,452010,45,45201020,D,USA,334210,3576,190,940,B,CA,JUNIPER NETWORKS INC,JNPR
121718,BBB, ,1/31/13,Sunnyvale,Juniper Networks Inc,4520,452010,45,45201020,D,USA,334210,3576,190,940,B,CA,JUNIPER NETWORKS INC,JNPR
121718,BBB, ,2/28/13,Sunnyvale,Juniper Networks Inc,4520,452010,45,45201020,D,USA,334210,3576,190,940,B,CA,JUNIPER NETWORKS INC,JNPR
121718,BBB, ,3/31/13,Sunnyvale,Juniper Networks Inc,4520,452010,45,45201020,D,USA,334210,3576,190,940,B,CA,JUNIPER NETWORKS INC,JNPR
121718,BBB, ,4/30/13,Sunnyvale,Juniper Networks Inc,4520,452010,45,45201020,D,USA,334210,3576,190,940,B,CA,JUNIPER NETWORKS INC,JNPR
121718,BBB, ,5/31/13,Sunnyvale,Juniper Networks Inc,4520,452010,45,45201020,D,USA,334210,3576,190,940,B,CA,JUNIPER NETWORKS INC,JNPR
121718,BBB, ,6/30/13,Sunnyvale,Juniper Networks Inc,4520,452010,45,45201020,D,USA,334210,3576,190,940,B,CA,JUNIPER NETWORKS INC,JNPR
121718,BBB, ,7/31/13,Sunnyvale,Juniper Networks Inc,4520,452010,45,45201020,D,USA,334210,3576,190,940,B,CA,JUNIPER NETWORKS INC,JNPR
121718,BBB, ,8/31/13,Sunnyvale,Juniper Networks Inc,4520,452010,45,45201020,D,USA,334210,3576,190,940,B,CA,JUNIPER NETWORKS INC,JNPR
121718,BBB, ,9/30/13,Sunnyvale,Juniper Networks Inc,4520,452010,45,45201020,D,USA,334210,3576,190,940,B,CA,JUNIPER NETWORKS INC,JNPR
121718,BBB, ,10/31/13,Sunnyvale,Juniper Networks Inc,4520,452010,45,45201020,D,USA,334210,3576,190,940,B,CA,JUNIPER NETWORKS INC,JNPR
121718,BBB, ,11/30/13,Sunnyvale,Juniper Networks Inc,4520,452010,45,45201020,D,USA,334210,3576,190,940,B,CA,JUNIPER NETWORKS INC,JNPR
121718,BBB, ,12/31/13,Sunnyvale,Juniper Networks Inc,4520,452010,45,45201020,D,USA,334210,3576,190,940,B,CA,JUNIPER NETWORKS INC,JNPR
121718,BBB, ,1/31/14,Sunnyvale,Juniper Networks Inc,4520,452010,45,45201020,D,USA,334210,3576,190,940,B,CA,JUNIPER NETWORKS INC,JNPR
121718,BBB, ,2/28/14,Sunnyvale,Juniper Networks Inc,4520,452010,45,45201020,D,USA,334210,3576,190,940,B,CA,JUNIPER NETWORKS INC,JNPR
121718,BBB, ,3/31/14,Sunnyvale,Juniper Networks Inc,4520,452010,45,45201020,D,USA,334210,3576,190,940,B,CA,JUNIPER NETWORKS INC,JNPR
121718,BBB, ,4/30/14,Sunnyvale,Juniper Networks Inc,4520,452010,45,45201020,D,USA,334210,3576,190,940,B,CA,JUNIPER NETWORKS INC,JNPR
121718,BBB, ,5/31/14,Sunnyvale,Juniper Networks Inc,4520,452010,45,45201020,D,USA,334210,3576,190,940,B,CA,JUNIPER NETWORKS INC,JNPR
121718,BBB, ,6/30/14,Sunnyvale,Juniper Networks Inc,4520,452010,45,45201020,D,USA,334210,3576,190,940,B,CA,JUNIPER NETWORKS INC,JNPR
121759, , ,1/31/10,Woodcliff Lake,I.D. Systems Inc,4520,452030,45,45203010,D,USA,334511,3812,220,925,C,NJ,I D SYSTEMS INC,IDSY
121759, , ,2/28/10,Woodcliff Lake,I.D. Systems Inc,4520,452030,45,45203010,D,USA,334511,3812,220,925,C,NJ,I D SYSTEMS INC,IDSY
121759, , ,3/31/10,Woodcliff Lake,I.D. Systems Inc,4520,452030,45,45203010,D,USA,334511,3812,220,925,C,NJ,I D SYSTEMS INC,IDSY
121759, , ,4/30/10,Woodcliff Lake,I.D. Systems Inc,4520,452030,45,45203010,D,USA,334511,3812,220,925,C,NJ,I D SYSTEMS INC,IDSY
121759, , ,5/31/10,Woodcliff Lake,I.D. Systems Inc,4520,452030,45,45203010,D,USA,334511,3812,220,925,C,NJ,I D SYSTEMS INC,IDSY
121759, , ,6/30/10,Woodcliff Lake,I.D. Systems Inc,4520,452030,45,45203010,D,USA,334511,3812,220,925,C,NJ,I D SYSTEMS INC,IDSY
121759, , ,7/31/10,Woodcliff Lake,I.D. Systems Inc,4520,452030,45,45203010,D,USA,334511,3812,220,925,C,NJ,I D SYSTEMS INC,IDSY
121759, , ,8/31/10,Woodcliff Lake,I.D. Systems Inc,4520,452030,45,45203010,D,USA,334511,3812,220,925,C,NJ,I D SYSTEMS INC,IDSY
121759, , ,9/30/10,Woodcliff Lake,I.D. Systems Inc,4520,452030,45,45203010,D,USA,334511,3812,220,925,C,NJ,I D SYSTEMS INC,IDSY
121759, , ,10/31/10,Woodcliff Lake,I.D. Systems Inc,4520,452030,45,45203010,D,USA,334511,3812,220,925,C,NJ,I D SYSTEMS INC,IDSY
121759, , ,11/30/10,Woodcliff Lake,I.D. Systems Inc,4520,452030,45,45203010,D,USA,334511,3812,220,925,C,NJ,I D SYSTEMS INC,IDSY
121759, , ,12/31/10,Woodcliff Lake,I.D. Systems Inc,4520,452030,45,45203010,D,USA,334511,3812,220,925,C,NJ,I D SYSTEMS INC,IDSY
121759, , ,1/31/11,Woodcliff Lake,I.D. Systems Inc,4520,452030,45,45203010,D,USA,334511,3812,220,925,C,NJ,I D SYSTEMS INC,IDSY
121759, , ,2/28/11,Woodcliff Lake,I.D. Systems Inc,4520,452030,45,45203010,D,USA,334511,3812,220,925,C,NJ,I D SYSTEMS INC,IDSY
121759, , ,3/31/11,Woodcliff Lake,I.D. Systems Inc,4520,452030,45,45203010,D,USA,334511,3812,220,925,C,NJ,I D SYSTEMS INC,IDSY
121759, , ,4/30/11,Woodcliff Lake,I.D. Systems Inc,4520,452030,45,45203010,D,USA,334511,3812,220,925,C,NJ,I D SYSTEMS INC,IDSY
121759, , ,5/31/11,Woodcliff Lake,I.D. Systems Inc,4520,452030,45,45203010,D,USA,334511,3812,220,925,C,NJ,I D SYSTEMS INC,IDSY
121759, , ,6/30/11,Woodcliff Lake,I.D. Systems Inc,4520,452030,45,45203010,D,USA,334511,3812,220,925,C,NJ,I D SYSTEMS INC,IDSY
121759, , ,7/31/11,Woodcliff Lake,I.D. Systems Inc,4520,452030,45,45203010,D,USA,334511,3812,220,925,C,NJ,I D SYSTEMS INC,IDSY
121759, , ,8/31/11,Woodcliff Lake,I.D. Systems Inc,4520,452030,45,45203010,D,USA,334511,3812,220,925,C,NJ,I D SYSTEMS INC,IDSY
121759, , ,9/30/11,Woodcliff Lake,I.D. Systems Inc,4520,452030,45,45203010,D,USA,334511,3812,220,925,C,NJ,I D SYSTEMS INC,IDSY
121759, , ,10/31/11,Woodcliff Lake,I.D. Systems Inc,4520,452030,45,45203010,D,USA,334511,3812,220,925,C,NJ,I D SYSTEMS INC,IDSY
121759, , ,11/30/11,Woodcliff Lake,I.D. Systems Inc,4520,452030,45,45203010,D,USA,334511,3812,220,925,C,NJ,I D SYSTEMS INC,IDSY
121759, , ,12/31/11,Woodcliff Lake,I.D. Systems Inc,4520,452030,45,45203010,D,USA,334511,3812,220,925,C,NJ,I D SYSTEMS INC,IDSY
121759, , ,1/31/12,Woodcliff Lake,I.D. Systems Inc,4520,452030,45,45203010,D,USA,334511,3812,220,925,C,NJ,I D SYSTEMS INC,IDSY
121759, , ,2/29/12,Woodcliff Lake,I.D. Systems Inc,4520,452030,45,45203010,D,USA,334511,3812,220,925,C,NJ,I D SYSTEMS INC,IDSY
121759, , ,3/31/12,Woodcliff Lake,I.D. Systems Inc,4520,452030,45,45203010,D,USA,334511,3812,220,925,C,NJ,I D SYSTEMS INC,IDSY
121759, , ,4/30/12,Woodcliff Lake,I.D. Systems Inc,4520,452030,45,45203010,D,USA,334511,3812,220,925,C,NJ,I D SYSTEMS INC,IDSY
121759, , ,5/31/12,Woodcliff Lake,I.D. Systems Inc,4520,452030,45,45203010,D,USA,334511,3812,220,925,C,NJ,I D SYSTEMS INC,IDSY
121759, , ,6/30/12,Woodcliff Lake,I.D. Systems Inc,4520,452030,45,45203010,D,USA,334511,3812,220,925,C,NJ,I D SYSTEMS INC,IDSY
121759, , ,7/31/12,Woodcliff Lake,I.D. Systems Inc,4520,452030,45,45203010,D,USA,334511,3812,220,925,C,NJ,I D SYSTEMS INC,IDSY
121759, , ,8/31/12,Woodcliff Lake,I.D. Systems Inc,4520,452030,45,45203010,D,USA,334511,3812,220,925,C,NJ,I D SYSTEMS INC,IDSY
121759, , ,9/30/12,Woodcliff Lake,I.D. Systems Inc,4520,452030,45,45203010,D,USA,334511,3812,220,925,C,NJ,I D SYSTEMS INC,IDSY
121759, , ,10/31/12,Woodcliff Lake,I.D. Systems Inc,4520,452030,45,45203010,D,USA,334511,3812,220,925,C,NJ,I D SYSTEMS INC,IDSY
121759, , ,11/30/12,Woodcliff Lake,I.D. Systems Inc,4520,452030,45,45203010,D,USA,334511,3812,220,925,C,NJ,I D SYSTEMS INC,IDSY
121759, , ,12/31/12,Woodcliff Lake,I.D. Systems Inc,4520,452030,45,45203010,D,USA,334511,3812,220,925,C,NJ,I D SYSTEMS INC,IDSY
121759, , ,1/31/13,Woodcliff Lake,I.D. Systems Inc,4520,452030,45,45203010,D,USA,334511,3812,220,925,C,NJ,I D SYSTEMS INC,IDSY
121759, , ,2/28/13,Woodcliff Lake,I.D. Systems Inc,4520,452030,45,45203010,D,USA,334511,3812,220,925,C,NJ,I D SYSTEMS INC,IDSY
121759, , ,3/31/13,Woodcliff Lake,I.D. Systems Inc,4520,452030,45,45203010,D,USA,334511,3812,220,925,C,NJ,I D SYSTEMS INC,IDSY
121759, , ,4/30/13,Woodcliff Lake,I.D. Systems Inc,4520,452030,45,45203010,D,USA,334511,3812,220,925,C,NJ,I D SYSTEMS INC,IDSY
121759, , ,5/31/13,Woodcliff Lake,I.D. Systems Inc,4520,452030,45,45203010,D,USA,334511,3812,220,925,C,NJ,I D SYSTEMS INC,IDSY
121759, , ,6/30/13,Woodcliff Lake,I.D. Systems Inc,4520,452030,45,45203010,D,USA,334511,3812,220,925,C,NJ,I D SYSTEMS INC,IDSY
121759, , ,7/31/13,Woodcliff Lake,I.D. Systems Inc,4520,452030,45,45203010,D,USA,334511,3812,220,925,C,NJ,I D SYSTEMS INC,IDSY
121759, , ,8/31/13,Woodcliff Lake,I.D. Systems Inc,4520,452030,45,45203010,D,USA,334511,3812,220,925,C,NJ,I D SYSTEMS INC,IDSY
121759, , ,9/30/13,Woodcliff Lake,I.D. Systems Inc,4520,452030,45,45203010,D,USA,334511,3812,220,925,C,NJ,I D SYSTEMS INC,IDSY
121759, , ,10/31/13,Woodcliff Lake,I.D. Systems Inc,4520,452030,45,45203010,D,USA,334511,3812,220,925,C,NJ,I D SYSTEMS INC,IDSY
121773, , ,1/31/10,Nepean,JDS Uniphase Canada Ltd,4520,452010,45,45201020,D,CAN,334413,3674,235,940, ,ON,JDS UNIPHASE CANADA LTD,JDUCF
121773, , ,2/28/10,Nepean,JDS Uniphase Canada Ltd,4520,452010,45,45201020,D,CAN,334413,3674,235,940, ,ON,JDS UNIPHASE CANADA LTD,JDUCF
121773, , ,3/31/10,Nepean,JDS Uniphase Canada Ltd,4520,452010,45,45201020,D,CAN,334413,3674,235,940, ,ON,JDS UNIPHASE CANADA LTD,JDUCF
121773, , ,4/30/10,Nepean,JDS Uniphase Canada Ltd,4520,452010,45,45201020,D,CAN,334413,3674,235,940, ,ON,JDS UNIPHASE CANADA LTD,JDUCF
121773, , ,5/31/10,Nepean,JDS Uniphase Canada Ltd,4520,452010,45,45201020,D,CAN,334413,3674,235,940, ,ON,JDS UNIPHASE CANADA LTD,JDUCF
121773, , ,6/30/10,Nepean,JDS Uniphase Canada Ltd,4520,452010,45,45201020,D,CAN,334413,3674,235,940, ,ON,JDS UNIPHASE CANADA LTD,JDUCF
121773, , ,7/31/10,Nepean,JDS Uniphase Canada Ltd,4520,452010,45,45201020,D,CAN,334413,3674,235,940, ,ON,JDS UNIPHASE CANADA LTD,JDUCF
121773, , ,8/31/10,Nepean,JDS Uniphase Canada Ltd,4520,452010,45,45201020,D,CAN,334413,3674,235,940, ,ON,JDS UNIPHASE CANADA LTD,JDUCF
121773, , ,9/30/10,Nepean,JDS Uniphase Canada Ltd,4520,452010,45,45201020,D,CAN,334413,3674,235,940, ,ON,JDS UNIPHASE CANADA LTD,JDUCF
121773, , ,10/31/10,Nepean,JDS Uniphase Canada Ltd,4520,452010,45,45201020,D,CAN,334413,3674,235,940, ,ON,JDS UNIPHASE CANADA LTD,JDUCF
121773, , ,11/30/10,Nepean,JDS Uniphase Canada Ltd,4520,452010,45,45201020,D,CAN,334413,3674,235,940, ,ON,JDS UNIPHASE CANADA LTD,JDUCF
121773, , ,12/31/10,Nepean,JDS Uniphase Canada Ltd,4520,452010,45,45201020,D,CAN,334413,3674,235,940, ,ON,JDS UNIPHASE CANADA LTD,JDUCF
121773, , ,1/31/11,Nepean,JDS Uniphase Canada Ltd,4520,452010,45,45201020,D,CAN,334413,3674,235,940, ,ON,JDS UNIPHASE CANADA LTD,JDUCF
121773, , ,2/28/11,Nepean,JDS Uniphase Canada Ltd,4520,452010,45,45201020,D,CAN,334413,3674,235,940, ,ON,JDS UNIPHASE CANADA LTD,JDUCF
121773, , ,3/31/11,Nepean,JDS Uniphase Canada Ltd,4520,452010,45,45201020,D,CAN,334413,3674,235,940, ,ON,JDS UNIPHASE CANADA LTD,JDUCF
121773, , ,4/30/11,Nepean,JDS Uniphase Canada Ltd,4520,452010,45,45201020,D,CAN,334413,3674,235,940, ,ON,JDS UNIPHASE CANADA LTD,JDUCF
121773, , ,5/31/11,Nepean,JDS Uniphase Canada Ltd,4520,452010,45,45201020,D,CAN,334413,3674,235,940, ,ON,JDS UNIPHASE CANADA LTD,JDUCF
121773, , ,6/30/11,Nepean,JDS Uniphase Canada Ltd,4520,452010,45,45201020,D,CAN,334413,3674,235,940, ,ON,JDS UNIPHASE CANADA LTD,JDUCF
121773, , ,7/31/11,Nepean,JDS Uniphase Canada Ltd,4520,452010,45,45201020,D,CAN,334413,3674,235,940, ,ON,JDS UNIPHASE CANADA LTD,JDUCF
121773, , ,8/31/11,Nepean,JDS Uniphase Canada Ltd,4520,452010,45,45201020,D,CAN,334413,3674,235,940, ,ON,JDS UNIPHASE CANADA LTD,JDUCF
121773, , ,9/30/11,Nepean,JDS Uniphase Canada Ltd,4520,452010,45,45201020,D,CAN,334413,3674,235,940, ,ON,JDS UNIPHASE CANADA LTD,JDUCF
121773, , ,10/31/11,Nepean,JDS Uniphase Canada Ltd,4520,452010,45,45201020,D,CAN,334413,3674,235,940, ,ON,JDS UNIPHASE CANADA LTD,JDUCF
121773, , ,11/30/11,Nepean,JDS Uniphase Canada Ltd,4520,452010,45,45201020,D,CAN,334413,3674,235,940, ,ON,JDS UNIPHASE CANADA LTD,JDUCF
121773, , ,12/31/11,Nepean,JDS Uniphase Canada Ltd,4520,452010,45,45201020,D,CAN,334413,3674,235,940, ,ON,JDS UNIPHASE CANADA LTD,JDUCF
121773, , ,1/31/12,Nepean,JDS Uniphase Canada Ltd,4520,452010,45,45201020,D,CAN,334413,3674,235,940, ,ON,JDS UNIPHASE CANADA LTD,JDUCF
121773, , ,2/29/12,Nepean,JDS Uniphase Canada Ltd,4520,452010,45,45201020,D,CAN,334413,3674,235,940, ,ON,JDS UNIPHASE CANADA LTD,JDUCF
121773, , ,3/31/12,Nepean,JDS Uniphase Canada Ltd,4520,452010,45,45201020,D,CAN,334413,3674,235,940, ,ON,JDS UNIPHASE CANADA LTD,JDUCF
121773, , ,4/30/12,Nepean,JDS Uniphase Canada Ltd,4520,452010,45,45201020,D,CAN,334413,3674,235,940, ,ON,JDS UNIPHASE CANADA LTD,JDUCF
121773, , ,5/31/12,Nepean,JDS Uniphase Canada Ltd,4520,452010,45,45201020,D,CAN,334413,3674,235,940, ,ON,JDS UNIPHASE CANADA LTD,JDUCF
121773, , ,6/30/12,Nepean,JDS Uniphase Canada Ltd,4520,452010,45,45201020,D,CAN,334413,3674,235,940, ,ON,JDS UNIPHASE CANADA LTD,JDUCF
121773, , ,7/31/12,Nepean,JDS Uniphase Canada Ltd,4520,452010,45,45201020,D,CAN,334413,3674,235,940, ,ON,JDS UNIPHASE CANADA LTD,JDUCF
121773, , ,8/31/12,Nepean,JDS Uniphase Canada Ltd,4520,452010,45,45201020,D,CAN,334413,3674,235,940, ,ON,JDS UNIPHASE CANADA LTD,JDUCF
121773, , ,9/30/12,Nepean,JDS Uniphase Canada Ltd,4520,452010,45,45201020,D,CAN,334413,3674,235,940, ,ON,JDS UNIPHASE CANADA LTD,JDUCF
121773, , ,10/31/12,Nepean,JDS Uniphase Canada Ltd,4520,452010,45,45201020,D,CAN,334413,3674,235,940, ,ON,JDS UNIPHASE CANADA LTD,JDUCF
121773, , ,11/30/12,Nepean,JDS Uniphase Canada Ltd,4520,452010,45,45201020,D,CAN,334413,3674,235,940, ,ON,JDS UNIPHASE CANADA LTD,JDUCF
121773, , ,12/31/12,Nepean,JDS Uniphase Canada Ltd,4520,452010,45,45201020,D,CAN,334413,3674,235,940, ,ON,JDS UNIPHASE CANADA LTD,JDUCF
121773, , ,1/31/13,Nepean,JDS Uniphase Canada Ltd,4520,452010,45,45201020,D,CAN,334413,3674,235,940, ,ON,JDS UNIPHASE CANADA LTD,JDUCF
121773, , ,2/28/13,Nepean,JDS Uniphase Canada Ltd,4520,452010,45,45201020,D,CAN,334413,3674,235,940, ,ON,JDS UNIPHASE CANADA LTD,JDUCF
121773, , ,3/31/13,Nepean,JDS Uniphase Canada Ltd,4520,452010,45,45201020,D,CAN,334413,3674,235,940, ,ON,JDS UNIPHASE CANADA LTD,JDUCF
121773, , ,4/30/13,Nepean,JDS Uniphase Canada Ltd,4520,452010,45,45201020,D,CAN,334413,3674,235,940, ,ON,JDS UNIPHASE CANADA LTD,JDUCF
121773, , ,5/31/13,Nepean,JDS Uniphase Canada Ltd,4520,452010,45,45201020,D,CAN,334413,3674,235,940, ,ON,JDS UNIPHASE CANADA LTD,JDUCF
121773, , ,6/30/13,Nepean,JDS Uniphase Canada Ltd,4520,452010,45,45201020,D,CAN,334413,3674,235,940, ,ON,JDS UNIPHASE CANADA LTD,JDUCF
121773, , ,7/31/13,Nepean,JDS Uniphase Canada Ltd,4520,452010,45,45201020,D,CAN,334413,3674,235,940, ,ON,JDS UNIPHASE CANADA LTD,JDUCF
121773, , ,8/31/13,Nepean,JDS Uniphase Canada Ltd,4520,452010,45,45201020,D,CAN,334413,3674,235,940, ,ON,JDS UNIPHASE CANADA LTD,JDUCF
121773, , ,9/30/13,Nepean,JDS Uniphase Canada Ltd,4520,452010,45,45201020,D,CAN,334413,3674,235,940, ,ON,JDS UNIPHASE CANADA LTD,JDUCF
121773, , ,10/31/13,Nepean,JDS Uniphase Canada Ltd,4520,452010,45,45201020,D,CAN,334413,3674,235,940, ,ON,JDS UNIPHASE CANADA LTD,JDUCF
121835, , ,1/31/10,Redwood City,Clarent Corp,4520,452010,45,45201020,D,USA,541512,7373,454,940, ,CA,CLARENT CORP,CLRN
121835, , ,2/28/10,Redwood City,Clarent Corp,4520,452010,45,45201020,D,USA,541512,7373,454,940, ,CA,CLARENT CORP,CLRN
121835, , ,3/31/10,Redwood City,Clarent Corp,4520,452010,45,45201020,D,USA,541512,7373,454,940, ,CA,CLARENT CORP,CLRN
121835, , ,4/30/10,Redwood City,Clarent Corp,4520,452010,45,45201020,D,USA,541512,7373,454,940, ,CA,CLARENT CORP,CLRN
121835, , ,5/31/10,Redwood City,Clarent Corp,4520,452010,45,45201020,D,USA,541512,7373,454,940, ,CA,CLARENT CORP,CLRN
121835, , ,6/30/10,Redwood City,Clarent Corp,4520,452010,45,45201020,D,USA,541512,7373,454,940, ,CA,CLARENT CORP,CLRN
121835, , ,7/31/10,Redwood City,Clarent Corp,4520,452010,45,45201020,D,USA,541512,7373,454,940, ,CA,CLARENT CORP,CLRN
121835, , ,8/31/10,Redwood City,Clarent Corp,4520,452010,45,45201020,D,USA,541512,7373,454,940, ,CA,CLARENT CORP,CLRN
121835, , ,9/30/10,Redwood City,Clarent Corp,4520,452010,45,45201020,D,USA,541512,7373,454,940, ,CA,CLARENT CORP,CLRN
121835, , ,10/31/10,Redwood City,Clarent Corp,4520,452010,45,45201020,D,USA,541512,7373,454,940, ,CA,CLARENT CORP,CLRN
121835, , ,11/30/10,Redwood City,Clarent Corp,4520,452010,45,45201020,D,USA,541512,7373,454,940, ,CA,CLARENT CORP,CLRN
121835, , ,12/31/10,Redwood City,Clarent Corp,4520,452010,45,45201020,D,USA,541512,7373,454,940, ,CA,CLARENT CORP,CLRN
121835, , ,1/31/11,Redwood City,Clarent Corp,4520,452010,45,45201020,D,USA,541512,7373,454,940, ,CA,CLARENT CORP,CLRN
121835, , ,2/28/11,Redwood City,Clarent Corp,4520,452010,45,45201020,D,USA,541512,7373,454,940, ,CA,CLARENT CORP,CLRN
121835, , ,3/31/11,Redwood City,Clarent Corp,4520,452010,45,45201020,D,USA,541512,7373,454,940, ,CA,CLARENT CORP,CLRN
121835, , ,4/30/11,Redwood City,Clarent Corp,4520,452010,45,45201020,D,USA,541512,7373,454,940, ,CA,CLARENT CORP,CLRN
121835, , ,5/31/11,Redwood City,Clarent Corp,4520,452010,45,45201020,D,USA,541512,7373,454,940, ,CA,CLARENT CORP,CLRN
121835, , ,6/30/11,Redwood City,Clarent Corp,4520,452010,45,45201020,D,USA,541512,7373,454,940, ,CA,CLARENT CORP,CLRN
121835, , ,7/31/11,Redwood City,Clarent Corp,4520,452010,45,45201020,D,USA,541512,7373,454,940, ,CA,CLARENT CORP,CLRN
121835, , ,8/31/11,Redwood City,Clarent Corp,4520,452010,45,45201020,D,USA,541512,7373,454,940, ,CA,CLARENT CORP,CLRN
121835, , ,9/30/11,Redwood City,Clarent Corp,4520,452010,45,45201020,D,USA,541512,7373,454,940, ,CA,CLARENT CORP,CLRN
121835, , ,10/31/11,Redwood City,Clarent Corp,4520,452010,45,45201020,D,USA,541512,7373,454,940, ,CA,CLARENT CORP,CLRN
121835, , ,11/30/11,Redwood City,Clarent Corp,4520,452010,45,45201020,D,USA,541512,7373,454,940, ,CA,CLARENT CORP,CLRN
121835, , ,12/31/11,Redwood City,Clarent Corp,4520,452010,45,45201020,D,USA,541512,7373,454,940, ,CA,CLARENT CORP,CLRN
121835, , ,1/31/12,Redwood City,Clarent Corp,4520,452010,45,45201020,D,USA,541512,7373,454,940, ,CA,CLARENT CORP,CLRN
121835, , ,2/29/12,Redwood City,Clarent Corp,4520,452010,45,45201020,D,USA,541512,7373,454,940, ,CA,CLARENT CORP,CLRN
121835, , ,3/31/12,Redwood City,Clarent Corp,4520,452010,45,45201020,D,USA,541512,7373,454,940, ,CA,CLARENT CORP,CLRN
121835, , ,4/30/12,Redwood City,Clarent Corp,4520,452010,45,45201020,D,USA,541512,7373,454,940, ,CA,CLARENT CORP,CLRN
121835, , ,5/31/12,Redwood City,Clarent Corp,4520,452010,45,45201020,D,USA,541512,7373,454,940, ,CA,CLARENT CORP,CLRN
121835, , ,8/31/12,Redwood City,Clarent Corp,4520,452010,45,45201020,D,USA,541512,7373,454,940, ,CA,CLARENT CORP,CLRN
121835, , ,9/30/12,Redwood City,Clarent Corp,4520,452010,45,45201020,D,USA,541512,7373,454,940, ,CA,CLARENT CORP,CLRN
121835, , ,10/31/12,Redwood City,Clarent Corp,4520,452010,45,45201020,D,USA,541512,7373,454,940, ,CA,CLARENT CORP,CLRN
121835, , ,11/30/12,Redwood City,Clarent Corp,4520,452010,45,45201020,D,USA,541512,7373,454,940, ,CA,CLARENT CORP,CLRN
121835, , ,12/31/12,Redwood City,Clarent Corp,4520,452010,45,45201020,D,USA,541512,7373,454,940, ,CA,CLARENT CORP,CLRN
121835, , ,1/31/13,Redwood City,Clarent Corp,4520,452010,45,45201020,D,USA,541512,7373,454,940, ,CA,CLARENT CORP,CLRN
121835, , ,2/28/13,Redwood City,Clarent Corp,4520,452010,45,45201020,D,USA,541512,7373,454,940, ,CA,CLARENT CORP,CLRN
121835, , ,3/31/13,Redwood City,Clarent Corp,4520,452010,45,45201020,D,USA,541512,7373,454,940, ,CA,CLARENT CORP,CLRN
121835, , ,4/30/13,Redwood City,Clarent Corp,4520,452010,45,45201020,D,USA,541512,7373,454,940, ,CA,CLARENT CORP,CLRN
121835, , ,5/31/13,Redwood City,Clarent Corp,4520,452010,45,45201020,D,USA,541512,7373,454,940, ,CA,CLARENT CORP,CLRN
121835, , ,6/30/13,Redwood City,Clarent Corp,4520,452010,45,45201020,D,USA,541512,7373,454,940, ,CA,CLARENT CORP,CLRN
121835, , ,7/31/13,Redwood City,Clarent Corp,4520,452010,45,45201020,D,USA,541512,7373,454,940, ,CA,CLARENT CORP,CLRN
121835, , ,8/31/13,Redwood City,Clarent Corp,4520,452010,45,45201020,D,USA,541512,7373,454,940, ,CA,CLARENT CORP,CLRN
121835, , ,9/30/13,Redwood City,Clarent Corp,4520,452010,45,45201020,D,USA,541512,7373,454,940, ,CA,CLARENT CORP,CLRN
122034, , ,1/31/10,Wilmington,Implant Sciences Corp,4520,452030,45,45203010,D,USA,334519,3829,147,905,C,MA,IMPLANT SCIENCES CORP,IMSC
122034, , ,2/28/10,Wilmington,Implant Sciences Corp,4520,452030,45,45203010,D,USA,334519,3829,147,905,C,MA,IMPLANT SCIENCES CORP,IMSC
122034, , ,3/31/10,Wilmington,Implant Sciences Corp,4520,452030,45,45203010,D,USA,334519,3829,147,905,C,MA,IMPLANT SCIENCES CORP,IMSC
122034, , ,4/30/10,Wilmington,Implant Sciences Corp,4520,452030,45,45203010,D,USA,334519,3829,147,905,C,MA,IMPLANT SCIENCES CORP,IMSC
122034, , ,5/31/10,Wilmington,Implant Sciences Corp,4520,452030,45,45203010,D,USA,334519,3829,147,905,C,MA,IMPLANT SCIENCES CORP,IMSC
122034, , ,6/30/10,Wilmington,Implant Sciences Corp,4520,452030,45,45203010,D,USA,334519,3829,147,905,C,MA,IMPLANT SCIENCES CORP,IMSC
122034, , ,7/31/10,Wilmington,Implant Sciences Corp,4520,452030,45,45203010,D,USA,334519,3829,147,905,C,MA,IMPLANT SCIENCES CORP,IMSC
122034, , ,8/31/10,Wilmington,Implant Sciences Corp,4520,452030,45,45203010,D,USA,334519,3829,147,905,C,MA,IMPLANT SCIENCES CORP,IMSC
122034, , ,9/30/10,Wilmington,Implant Sciences Corp,4520,452030,45,45203010,D,USA,334519,3829,147,905,C,MA,IMPLANT SCIENCES CORP,IMSC
122034, , ,10/31/10,Wilmington,Implant Sciences Corp,4520,452030,45,45203010,D,USA,334519,3829,147,905,C,MA,IMPLANT SCIENCES CORP,IMSC
122034, , ,11/30/10,Wilmington,Implant Sciences Corp,4520,452030,45,45203010,D,USA,334519,3829,147,905,C,MA,IMPLANT SCIENCES CORP,IMSC
122034, , ,12/31/10,Wilmington,Implant Sciences Corp,4520,452030,45,45203010,D,USA,334519,3829,147,905,C,MA,IMPLANT SCIENCES CORP,IMSC
122034, , ,1/31/11,Wilmington,Implant Sciences Corp,4520,452030,45,45203010,D,USA,334519,3829,147,905,C,MA,IMPLANT SCIENCES CORP,IMSC
122034, , ,2/28/11,Wilmington,Implant Sciences Corp,4520,452030,45,45203010,D,USA,334519,3829,147,905,C,MA,IMPLANT SCIENCES CORP,IMSC
122034, , ,3/31/11,Wilmington,Implant Sciences Corp,4520,452030,45,45203010,D,USA,334519,3829,147,905,C,MA,IMPLANT SCIENCES CORP,IMSC
122034, , ,4/30/11,Wilmington,Implant Sciences Corp,4520,452030,45,45203010,D,USA,334519,3829,147,905,C,MA,IMPLANT SCIENCES CORP,IMSC
122034, , ,5/31/11,Wilmington,Implant Sciences Corp,4520,452030,45,45203010,D,USA,334519,3829,147,905,C,MA,IMPLANT SCIENCES CORP,IMSC
122034, , ,6/30/11,Wilmington,Implant Sciences Corp,4520,452030,45,45203010,D,USA,334519,3829,147,905,C,MA,IMPLANT SCIENCES CORP,IMSC
122034, , ,7/31/11,Wilmington,Implant Sciences Corp,4520,452030,45,45203010,D,USA,334519,3829,147,905,C,MA,IMPLANT SCIENCES CORP,IMSC
122034, , ,8/31/11,Wilmington,Implant Sciences Corp,4520,452030,45,45203010,D,USA,334519,3829,147,905,C,MA,IMPLANT SCIENCES CORP,IMSC
122034, , ,9/30/11,Wilmington,Implant Sciences Corp,4520,452030,45,45203010,D,USA,334519,3829,147,905,C,MA,IMPLANT SCIENCES CORP,IMSC
122034, , ,10/31/11,Wilmington,Implant Sciences Corp,4520,452030,45,45203010,D,USA,334519,3829,147,905,C,MA,IMPLANT SCIENCES CORP,IMSC
122034, , ,11/30/11,Wilmington,Implant Sciences Corp,4520,452030,45,45203010,D,USA,334519,3829,147,905,C,MA,IMPLANT SCIENCES CORP,IMSC
122034, , ,12/31/11,Wilmington,Implant Sciences Corp,4520,452030,45,45203010,D,USA,334519,3829,147,905,C,MA,IMPLANT SCIENCES CORP,IMSC
122034, , ,1/31/12,Wilmington,Implant Sciences Corp,4520,452030,45,45203010,D,USA,334519,3829,147,905,C,MA,IMPLANT SCIENCES CORP,IMSC
122034, , ,2/29/12,Wilmington,Implant Sciences Corp,4520,452030,45,45203010,D,USA,334519,3829,147,905,C,MA,IMPLANT SCIENCES CORP,IMSC
122034, , ,3/31/12,Wilmington,Implant Sciences Corp,4520,452030,45,45203010,D,USA,334519,3829,147,905,C,MA,IMPLANT SCIENCES CORP,IMSC
122034, , ,4/30/12,Wilmington,Implant Sciences Corp,4520,452030,45,45203010,D,USA,334519,3829,147,905,C,MA,IMPLANT SCIENCES CORP,IMSC
122034, , ,5/31/12,Wilmington,Implant Sciences Corp,4520,452030,45,45203010,D,USA,334519,3829,147,905,C,MA,IMPLANT SCIENCES CORP,IMSC
122034, , ,6/30/12,Wilmington,Implant Sciences Corp,4520,452030,45,45203010,D,USA,334519,3829,147,905,C,MA,IMPLANT SCIENCES CORP,IMSC
122034, , ,7/31/12,Wilmington,Implant Sciences Corp,4520,452030,45,45203010,D,USA,334519,3829,147,905,C,MA,IMPLANT SCIENCES CORP,IMSC
122034, , ,8/31/12,Wilmington,Implant Sciences Corp,4520,452030,45,45203010,D,USA,334519,3829,147,905,C,MA,IMPLANT SCIENCES CORP,IMSC
122034, , ,9/30/12,Wilmington,Implant Sciences Corp,4520,452030,45,45203010,D,USA,334519,3829,147,905,C,MA,IMPLANT SCIENCES CORP,IMSC
122034, , ,10/31/12,Wilmington,Implant Sciences Corp,4520,452030,45,45203010,D,USA,334519,3829,147,905,C,MA,IMPLANT SCIENCES CORP,IMSC
122034, , ,11/30/12,Wilmington,Implant Sciences Corp,4520,452030,45,45203010,D,USA,334519,3829,147,905,C,MA,IMPLANT SCIENCES CORP,IMSC
122034, , ,12/31/12,Wilmington,Implant Sciences Corp,4520,452030,45,45203010,D,USA,334519,3829,147,905,C,MA,IMPLANT SCIENCES CORP,IMSC
122034, , ,1/31/13,Wilmington,Implant Sciences Corp,4520,452030,45,45203010,D,USA,334519,3829,147,905,C,MA,IMPLANT SCIENCES CORP,IMSC
122034, , ,2/28/13,Wilmington,Implant Sciences Corp,4520,452030,45,45203010,D,USA,334519,3829,147,905,C,MA,IMPLANT SCIENCES CORP,IMSC
122034, , ,3/31/13,Wilmington,Implant Sciences Corp,4520,452030,45,45203010,D,USA,334519,3829,147,905,C,MA,IMPLANT SCIENCES CORP,IMSC
122034, , ,4/30/13,Wilmington,Implant Sciences Corp,4520,452030,45,45203010,D,USA,334519,3829,147,905,C,MA,IMPLANT SCIENCES CORP,IMSC
122034, , ,5/31/13,Wilmington,Implant Sciences Corp,4520,452030,45,45203010,D,USA,334519,3829,147,905,C,MA,IMPLANT SCIENCES CORP,IMSC
122034, , ,6/30/13,Wilmington,Implant Sciences Corp,4520,452030,45,45203010,D,USA,334519,3829,147,905,C,MA,IMPLANT SCIENCES CORP,IMSC
122034, , ,7/31/13,Wilmington,Implant Sciences Corp,4520,452030,45,45203010,D,USA,334519,3829,147,905,C,MA,IMPLANT SCIENCES CORP,IMSC
122034, , ,8/31/13,Wilmington,Implant Sciences Corp,4520,452030,45,45203010,D,USA,334519,3829,147,905,C,MA,IMPLANT SCIENCES CORP,IMSC
122034, , ,9/30/13,Wilmington,Implant Sciences Corp,4520,452030,45,45203010,D,USA,334519,3829,147,905,C,MA,IMPLANT SCIENCES CORP,IMSC
122034, , ,10/31/13,Wilmington,Implant Sciences Corp,4520,452030,45,45203010,D,USA,334519,3829,147,905,C,MA,IMPLANT SCIENCES CORP,IMSC
122170, , ,1/31/10,Kwun Tong,Infosmart Group Inc,4520,452020,45,45202030,D,HKG,334613,3695,185,940, , ,INFOSMART GROUP INC,IFSG
122170, , ,2/28/10,Kwun Tong,Infosmart Group Inc,4520,452020,45,45202030,D,HKG,334613,3695,185,940, , ,INFOSMART GROUP INC,IFSG
122170, , ,3/31/10,Kwun Tong,Infosmart Group Inc,4520,452020,45,45202030,D,HKG,334613,3695,185,940, , ,INFOSMART GROUP INC,IFSG
122170, , ,4/30/10,Kwun Tong,Infosmart Group Inc,4520,452020,45,45202030,D,HKG,334613,3695,185,940, , ,INFOSMART GROUP INC,IFSG
122170, , ,5/31/10,Kwun Tong,Infosmart Group Inc,4520,452020,45,45202030,D,HKG,334613,3695,185,940, , ,INFOSMART GROUP INC,IFSG
122170, , ,6/30/10,Kwun Tong,Infosmart Group Inc,4520,452020,45,45202030,D,HKG,334613,3695,185,940, , ,INFOSMART GROUP INC,IFSG
122170, , ,7/31/10,Kwun Tong,Infosmart Group Inc,4520,452020,45,45202030,D,HKG,334613,3695,185,940, , ,INFOSMART GROUP INC,IFSG
122170, , ,8/31/10,Kwun Tong,Infosmart Group Inc,4520,452020,45,45202030,D,HKG,334613,3695,185,940, , ,INFOSMART GROUP INC,IFSG
122170, , ,9/30/10,Kwun Tong,Infosmart Group Inc,4520,452020,45,45202030,D,HKG,334613,3695,185,940, , ,INFOSMART GROUP INC,IFSG
122170, , ,10/31/10,Kwun Tong,Infosmart Group Inc,4520,452020,45,45202030,D,HKG,334613,3695,185,940, , ,INFOSMART GROUP INC,IFSG
122170, , ,11/30/10,Kwun Tong,Infosmart Group Inc,4520,452020,45,45202030,D,HKG,334613,3695,185,940, , ,INFOSMART GROUP INC,IFSG
122170, , ,12/31/10,Kwun Tong,Infosmart Group Inc,4520,452020,45,45202030,D,HKG,334613,3695,185,940, , ,INFOSMART GROUP INC,IFSG
122170, , ,1/31/11,Kwun Tong,Infosmart Group Inc,4520,452020,45,45202030,D,HKG,334613,3695,185,940, , ,INFOSMART GROUP INC,IFSG
122170, , ,2/28/11,Kwun Tong,Infosmart Group Inc,4520,452020,45,45202030,D,HKG,334613,3695,185,940, , ,INFOSMART GROUP INC,IFSG
122170, , ,3/31/11,Kwun Tong,Infosmart Group Inc,4520,452020,45,45202030,D,HKG,334613,3695,185,940, , ,INFOSMART GROUP INC,IFSG
122170, , ,4/30/11,Kwun Tong,Infosmart Group Inc,4520,452020,45,45202030,D,HKG,334613,3695,185,940, , ,INFOSMART GROUP INC,IFSG
122170, , ,5/31/11,Kwun Tong,Infosmart Group Inc,4520,452020,45,45202030,D,HKG,334613,3695,185,940, , ,INFOSMART GROUP INC,IFSG
122170, , ,6/30/11,Kwun Tong,Infosmart Group Inc,4520,452020,45,45202030,D,HKG,334613,3695,185,940, , ,INFOSMART GROUP INC,IFSG
122170, , ,7/31/11,Kwun Tong,Infosmart Group Inc,4520,452020,45,45202030,D,HKG,334613,3695,185,940, , ,INFOSMART GROUP INC,IFSG
122170, , ,8/31/11,Kwun Tong,Infosmart Group Inc,4520,452020,45,45202030,D,HKG,334613,3695,185,940, , ,INFOSMART GROUP INC,IFSG
122170, , ,9/30/11,Kwun Tong,Infosmart Group Inc,4520,452020,45,45202030,D,HKG,334613,3695,185,940, , ,INFOSMART GROUP INC,IFSG
122170, , ,10/31/11,Kwun Tong,Infosmart Group Inc,4520,452020,45,45202030,D,HKG,334613,3695,185,940, , ,INFOSMART GROUP INC,IFSG
122170, , ,11/30/11,Kwun Tong,Infosmart Group Inc,4520,452020,45,45202030,D,HKG,334613,3695,185,940, , ,INFOSMART GROUP INC,IFSG
122170, , ,12/31/11,Kwun Tong,Infosmart Group Inc,4520,452020,45,45202030,D,HKG,334613,3695,185,940, , ,INFOSMART GROUP INC,IFSG
122170, , ,1/31/12,Kwun Tong,Infosmart Group Inc,4520,452020,45,45202030,D,HKG,334613,3695,185,940, , ,INFOSMART GROUP INC,IFSG
122170, , ,2/29/12,Kwun Tong,Infosmart Group Inc,4520,452020,45,45202030,D,HKG,334613,3695,185,940, , ,INFOSMART GROUP INC,IFSG
122170, , ,3/31/12,Kwun Tong,Infosmart Group Inc,4520,452020,45,45202030,D,HKG,334613,3695,185,940, , ,INFOSMART GROUP INC,IFSG
122170, , ,4/30/12,Kwun Tong,Infosmart Group Inc,4520,452020,45,45202030,D,HKG,334613,3695,185,940, , ,INFOSMART GROUP INC,IFSG
122170, , ,5/31/12,Kwun Tong,Infosmart Group Inc,4520,452020,45,45202030,D,HKG,334613,3695,185,940, , ,INFOSMART GROUP INC,IFSG
122170, , ,6/30/12,Kwun Tong,Infosmart Group Inc,4520,452020,45,45202030,D,HKG,334613,3695,185,940, , ,INFOSMART GROUP INC,IFSG
122170, , ,7/31/12,Kwun Tong,Infosmart Group Inc,4520,452020,45,45202030,D,HKG,334613,3695,185,940, , ,INFOSMART GROUP INC,IFSG
122170, , ,8/31/12,Kwun Tong,Infosmart Group Inc,4520,452020,45,45202030,D,HKG,334613,3695,185,940, , ,INFOSMART GROUP INC,IFSG
122170, , ,9/30/12,Kwun Tong,Infosmart Group Inc,4520,452020,45,45202030,D,HKG,334613,3695,185,940, , ,INFOSMART GROUP INC,IFSG
122170, , ,10/31/12,Kwun Tong,Infosmart Group Inc,4520,452020,45,45202030,D,HKG,334613,3695,185,940, , ,INFOSMART GROUP INC,IFSG
122170, , ,11/30/12,Kwun Tong,Infosmart Group Inc,4520,452020,45,45202030,D,HKG,334613,3695,185,940, , ,INFOSMART GROUP INC,IFSG
122170, , ,12/31/12,Kwun Tong,Infosmart Group Inc,4520,452020,45,45202030,D,HKG,334613,3695,185,940, , ,INFOSMART GROUP INC,IFSG
122170, , ,1/31/13,Kwun Tong,Infosmart Group Inc,4520,452020,45,45202030,D,HKG,334613,3695,185,940, , ,INFOSMART GROUP INC,IFSG
122170, , ,2/28/13,Kwun Tong,Infosmart Group Inc,4520,452020,45,45202030,D,HKG,334613,3695,185,940, , ,INFOSMART GROUP INC,IFSG
122170, , ,3/31/13,Kwun Tong,Infosmart Group Inc,4520,452020,45,45202030,D,HKG,334613,3695,185,940, , ,INFOSMART GROUP INC,IFSG
122170, , ,4/30/13,Kwun Tong,Infosmart Group Inc,4520,452020,45,45202030,D,HKG,334613,3695,185,940, , ,INFOSMART GROUP INC,IFSG
122170, , ,5/31/13,Kwun Tong,Infosmart Group Inc,4520,452020,45,45202030,D,HKG,334613,3695,185,940, , ,INFOSMART GROUP INC,IFSG
122170, , ,6/30/13,Kwun Tong,Infosmart Group Inc,4520,452020,45,45202030,D,HKG,334613,3695,185,940, , ,INFOSMART GROUP INC,IFSG
122170, , ,7/31/13,Kwun Tong,Infosmart Group Inc,4520,452020,45,45202030,D,HKG,334613,3695,185,940, , ,INFOSMART GROUP INC,IFSG
122170, , ,8/31/13,Kwun Tong,Infosmart Group Inc,4520,452020,45,45202030,D,HKG,334613,3695,185,940, , ,INFOSMART GROUP INC,IFSG
122170, , ,9/30/13,Kwun Tong,Infosmart Group Inc,4520,452020,45,45202030,D,HKG,334613,3695,185,940, , ,INFOSMART GROUP INC,IFSG
122170, , ,10/31/13,Kwun Tong,Infosmart Group Inc,4520,452020,45,45202030,D,HKG,334613,3695,185,940, , ,INFOSMART GROUP INC,IFSG
123196, , ,1/31/10,Markham,Adeptron Technologies Corp -Old,4520,452030,45,45203020,D,CAN,334412,3670,235,940, ,ON,ADEPTRON TECHNOLOGIES  -OLD,ATQ.2
123196, , ,2/28/10,Markham,Adeptron Technologies Corp -Old,4520,452030,45,45203020,D,CAN,334412,3670,235,940, ,ON,ADEPTRON TECHNOLOGIES  -OLD,ATQ.2
123196, , ,3/31/10,Markham,Adeptron Technologies Corp -Old,4520,452030,45,45203020,D,CAN,334412,3670,235,940, ,ON,ADEPTRON TECHNOLOGIES  -OLD,ATQ.2
123196, , ,4/30/10,Markham,Adeptron Technologies Corp -Old,4520,452030,45,45203020,D,CAN,334412,3670,235,940, ,ON,ADEPTRON TECHNOLOGIES  -OLD,ATQ.2
123196, , ,5/31/10,Markham,Adeptron Technologies Corp -Old,4520,452030,45,45203020,D,CAN,334412,3670,235,940, ,ON,ADEPTRON TECHNOLOGIES  -OLD,ATQ.2
123196, , ,6/30/10,Markham,Adeptron Technologies Corp -Old,4520,452030,45,45203020,D,CAN,334412,3670,235,940, ,ON,ADEPTRON TECHNOLOGIES  -OLD,ATQ.2
123196, , ,7/31/10,Markham,Adeptron Technologies Corp -Old,4520,452030,45,45203020,D,CAN,334412,3670,235,940, ,ON,ADEPTRON TECHNOLOGIES  -OLD,ATQ.2
123196, , ,8/31/10,Markham,Adeptron Technologies Corp -Old,4520,452030,45,45203020,D,CAN,334412,3670,235,940, ,ON,ADEPTRON TECHNOLOGIES  -OLD,ATQ.2
123196, , ,9/30/10,Markham,Adeptron Technologies Corp -Old,4520,452030,45,45203020,D,CAN,334412,3670,235,940, ,ON,ADEPTRON TECHNOLOGIES  -OLD,ATQ.2
123196, , ,10/31/10,Markham,Adeptron Technologies Corp -Old,4520,452030,45,45203020,D,CAN,334412,3670,235,940, ,ON,ADEPTRON TECHNOLOGIES  -OLD,ATQ.2
123196, , ,11/30/10,Markham,Adeptron Technologies Corp -Old,4520,452030,45,45203020,D,CAN,334412,3670,235,940, ,ON,ADEPTRON TECHNOLOGIES  -OLD,ATQ.2
123196, , ,12/31/10,Markham,Adeptron Technologies Corp -Old,4520,452030,45,45203020,D,CAN,334412,3670,235,940, ,ON,ADEPTRON TECHNOLOGIES  -OLD,ATQ.2
123196, , ,1/31/11,Markham,Adeptron Technologies Corp -Old,4520,452030,45,45203020,D,CAN,334412,3670,235,940, ,ON,ADEPTRON TECHNOLOGIES  -OLD,ATQ.2
123196, , ,2/28/11,Markham,Adeptron Technologies Corp -Old,4520,452030,45,45203020,D,CAN,334412,3670,235,940, ,ON,ADEPTRON TECHNOLOGIES  -OLD,ATQ.2
123196, , ,3/31/11,Markham,Adeptron Technologies Corp -Old,4520,452030,45,45203020,D,CAN,334412,3670,235,940, ,ON,ADEPTRON TECHNOLOGIES  -OLD,ATQ.2
123196, , ,4/30/11,Markham,Adeptron Technologies Corp -Old,4520,452030,45,45203020,D,CAN,334412,3670,235,940, ,ON,ADEPTRON TECHNOLOGIES  -OLD,ATQ.2
123196, , ,5/31/11,Markham,Adeptron Technologies Corp -Old,4520,452030,45,45203020,D,CAN,334412,3670,235,940, ,ON,ADEPTRON TECHNOLOGIES  -OLD,ATQ.2
123196, , ,6/30/11,Markham,Adeptron Technologies Corp -Old,4520,452030,45,45203020,D,CAN,334412,3670,235,940, ,ON,ADEPTRON TECHNOLOGIES  -OLD,ATQ.2
123196, , ,7/31/11,Markham,Adeptron Technologies Corp -Old,4520,452030,45,45203020,D,CAN,334412,3670,235,940, ,ON,ADEPTRON TECHNOLOGIES  -OLD,ATQ.2
123196, , ,8/31/11,Markham,Adeptron Technologies Corp -Old,4520,452030,45,45203020,D,CAN,334412,3670,235,940, ,ON,ADEPTRON TECHNOLOGIES  -OLD,ATQ.2
123196, , ,9/30/11,Markham,Adeptron Technologies Corp -Old,4520,452030,45,45203020,D,CAN,334412,3670,235,940, ,ON,ADEPTRON TECHNOLOGIES  -OLD,ATQ.2
123196, , ,10/31/11,Markham,Adeptron Technologies Corp -Old,4520,452030,45,45203020,D,CAN,334412,3670,235,940, ,ON,ADEPTRON TECHNOLOGIES  -OLD,ATQ.2
124195, , ,1/31/10,North Andover,Interspeed Inc,4520,452010,45,45201020,D,USA,334119,3576,190,940, ,MA,INTERSPEED INC,ISPD
124195, , ,2/28/10,North Andover,Interspeed Inc,4520,452010,45,45201020,D,USA,334119,3576,190,940, ,MA,INTERSPEED INC,ISPD
124195, , ,3/31/10,North Andover,Interspeed Inc,4520,452010,45,45201020,D,USA,334119,3576,190,940, ,MA,INTERSPEED INC,ISPD
124195, , ,4/30/10,North Andover,Interspeed Inc,4520,452010,45,45201020,D,USA,334119,3576,190,940, ,MA,INTERSPEED INC,ISPD
124195, , ,5/31/10,North Andover,Interspeed Inc,4520,452010,45,45201020,D,USA,334119,3576,190,940, ,MA,INTERSPEED INC,ISPD
124195, , ,6/30/10,North Andover,Interspeed Inc,4520,452010,45,45201020,D,USA,334119,3576,190,940, ,MA,INTERSPEED INC,ISPD
124195, , ,7/31/10,North Andover,Interspeed Inc,4520,452010,45,45201020,D,USA,334119,3576,190,940, ,MA,INTERSPEED INC,ISPD
124195, , ,8/31/10,North Andover,Interspeed Inc,4520,452010,45,45201020,D,USA,334119,3576,190,940, ,MA,INTERSPEED INC,ISPD
124195, , ,9/30/10,North Andover,Interspeed Inc,4520,452010,45,45201020,D,USA,334119,3576,190,940, ,MA,INTERSPEED INC,ISPD
124195, , ,10/31/10,North Andover,Interspeed Inc,4520,452010,45,45201020,D,USA,334119,3576,190,940, ,MA,INTERSPEED INC,ISPD
124195, , ,11/30/10,North Andover,Interspeed Inc,4520,452010,45,45201020,D,USA,334119,3576,190,940, ,MA,INTERSPEED INC,ISPD
124195, , ,12/31/10,North Andover,Interspeed Inc,4520,452010,45,45201020,D,USA,334119,3576,190,940, ,MA,INTERSPEED INC,ISPD
124195, , ,1/31/11,North Andover,Interspeed Inc,4520,452010,45,45201020,D,USA,334119,3576,190,940, ,MA,INTERSPEED INC,ISPD
124195, , ,2/28/11,North Andover,Interspeed Inc,4520,452010,45,45201020,D,USA,334119,3576,190,940, ,MA,INTERSPEED INC,ISPD
124195, , ,3/31/11,North Andover,Interspeed Inc,4520,452010,45,45201020,D,USA,334119,3576,190,940, ,MA,INTERSPEED INC,ISPD
124195, , ,4/30/11,North Andover,Interspeed Inc,4520,452010,45,45201020,D,USA,334119,3576,190,940, ,MA,INTERSPEED INC,ISPD
124195, , ,5/31/11,North Andover,Interspeed Inc,4520,452010,45,45201020,D,USA,334119,3576,190,940, ,MA,INTERSPEED INC,ISPD
124195, , ,6/30/11,North Andover,Interspeed Inc,4520,452010,45,45201020,D,USA,334119,3576,190,940, ,MA,INTERSPEED INC,ISPD
124195, , ,7/31/11,North Andover,Interspeed Inc,4520,452010,45,45201020,D,USA,334119,3576,190,940, ,MA,INTERSPEED INC,ISPD
124195, , ,8/31/11,North Andover,Interspeed Inc,4520,452010,45,45201020,D,USA,334119,3576,190,940, ,MA,INTERSPEED INC,ISPD
124195, , ,9/30/11,North Andover,Interspeed Inc,4520,452010,45,45201020,D,USA,334119,3576,190,940, ,MA,INTERSPEED INC,ISPD
124195, , ,10/31/11,North Andover,Interspeed Inc,4520,452010,45,45201020,D,USA,334119,3576,190,940, ,MA,INTERSPEED INC,ISPD
124195, , ,11/30/11,North Andover,Interspeed Inc,4520,452010,45,45201020,D,USA,334119,3576,190,940, ,MA,INTERSPEED INC,ISPD
124195, , ,12/31/11,North Andover,Interspeed Inc,4520,452010,45,45201020,D,USA,334119,3576,190,940, ,MA,INTERSPEED INC,ISPD
124195, , ,1/31/12,North Andover,Interspeed Inc,4520,452010,45,45201020,D,USA,334119,3576,190,940, ,MA,INTERSPEED INC,ISPD
124195, , ,2/29/12,North Andover,Interspeed Inc,4520,452010,45,45201020,D,USA,334119,3576,190,940, ,MA,INTERSPEED INC,ISPD
124195, , ,3/31/12,North Andover,Interspeed Inc,4520,452010,45,45201020,D,USA,334119,3576,190,940, ,MA,INTERSPEED INC,ISPD
124195, , ,4/30/12,North Andover,Interspeed Inc,4520,452010,45,45201020,D,USA,334119,3576,190,940, ,MA,INTERSPEED INC,ISPD
124195, , ,5/31/12,North Andover,Interspeed Inc,4520,452010,45,45201020,D,USA,334119,3576,190,940, ,MA,INTERSPEED INC,ISPD
124195, , ,8/31/12,North Andover,Interspeed Inc,4520,452010,45,45201020,D,USA,334119,3576,190,940, ,MA,INTERSPEED INC,ISPD
124195, , ,9/30/12,North Andover,Interspeed Inc,4520,452010,45,45201020,D,USA,334119,3576,190,940, ,MA,INTERSPEED INC,ISPD
124195, , ,10/31/12,North Andover,Interspeed Inc,4520,452010,45,45201020,D,USA,334119,3576,190,940, ,MA,INTERSPEED INC,ISPD
124195, , ,11/30/12,North Andover,Interspeed Inc,4520,452010,45,45201020,D,USA,334119,3576,190,940, ,MA,INTERSPEED INC,ISPD
124195, , ,12/31/12,North Andover,Interspeed Inc,4520,452010,45,45201020,D,USA,334119,3576,190,940, ,MA,INTERSPEED INC,ISPD
124355, , ,1/31/10,San Jose,AltiGen Communications Inc,4520,452010,45,45201020,D,USA,334418,3661,180,940,C,CA,ALTIGEN COMMUNICATIONS INC,ATGN
124355, , ,2/28/10,San Jose,AltiGen Communications Inc,4520,452010,45,45201020,D,USA,334418,3661,180,940,C,CA,ALTIGEN COMMUNICATIONS INC,ATGN
124355, , ,3/31/10,San Jose,AltiGen Communications Inc,4520,452010,45,45201020,D,USA,334418,3661,180,940,C,CA,ALTIGEN COMMUNICATIONS INC,ATGN
124355, , ,4/30/10,San Jose,AltiGen Communications Inc,4520,452010,45,45201020,D,USA,334418,3661,180,940,C,CA,ALTIGEN COMMUNICATIONS INC,ATGN
124355, , ,5/31/10,San Jose,AltiGen Communications Inc,4520,452010,45,45201020,D,USA,334418,3661,180,940,C,CA,ALTIGEN COMMUNICATIONS INC,ATGN
124355, , ,6/30/10,San Jose,AltiGen Communications Inc,4520,452010,45,45201020,D,USA,334418,3661,180,940,C,CA,ALTIGEN COMMUNICATIONS INC,ATGN
124355, , ,7/31/10,San Jose,AltiGen Communications Inc,4520,452010,45,45201020,D,USA,334418,3661,180,940,C,CA,ALTIGEN COMMUNICATIONS INC,ATGN
124355, , ,8/31/10,San Jose,AltiGen Communications Inc,4520,452010,45,45201020,D,USA,334418,3661,180,940,C,CA,ALTIGEN COMMUNICATIONS INC,ATGN
124355, , ,9/30/10,San Jose,AltiGen Communications Inc,4520,452010,45,45201020,D,USA,334418,3661,180,940,C,CA,ALTIGEN COMMUNICATIONS INC,ATGN
124355, , ,10/31/10,San Jose,AltiGen Communications Inc,4520,452010,45,45201020,D,USA,334418,3661,180,940,C,CA,ALTIGEN COMMUNICATIONS INC,ATGN
124355, , ,11/30/10,San Jose,AltiGen Communications Inc,4520,452010,45,45201020,D,USA,334418,3661,180,940,C,CA,ALTIGEN COMMUNICATIONS INC,ATGN
124355, , ,12/31/10,San Jose,AltiGen Communications Inc,4520,452010,45,45201020,D,USA,334418,3661,180,940,C,CA,ALTIGEN COMMUNICATIONS INC,ATGN
124355, , ,1/31/11,San Jose,AltiGen Communications Inc,4520,452010,45,45201020,D,USA,334418,3661,180,940,C,CA,ALTIGEN COMMUNICATIONS INC,ATGN
124355, , ,2/28/11,San Jose,AltiGen Communications Inc,4520,452010,45,45201020,D,USA,334418,3661,180,940,C,CA,ALTIGEN COMMUNICATIONS INC,ATGN
124355, , ,3/31/11,San Jose,AltiGen Communications Inc,4520,452010,45,45201020,D,USA,334418,3661,180,940,C,CA,ALTIGEN COMMUNICATIONS INC,ATGN
124355, , ,4/30/11,San Jose,AltiGen Communications Inc,4520,452010,45,45201020,D,USA,334418,3661,180,940,C,CA,ALTIGEN COMMUNICATIONS INC,ATGN
124355, , ,5/31/11,San Jose,AltiGen Communications Inc,4520,452010,45,45201020,D,USA,334418,3661,180,940,C,CA,ALTIGEN COMMUNICATIONS INC,ATGN
124355, , ,6/30/11,San Jose,AltiGen Communications Inc,4520,452010,45,45201020,D,USA,334418,3661,180,940,C,CA,ALTIGEN COMMUNICATIONS INC,ATGN
124355, , ,7/31/11,San Jose,AltiGen Communications Inc,4520,452010,45,45201020,D,USA,334418,3661,180,940,C,CA,ALTIGEN COMMUNICATIONS INC,ATGN
124355, , ,8/31/11,San Jose,AltiGen Communications Inc,4520,452010,45,45201020,D,USA,334418,3661,180,940,C,CA,ALTIGEN COMMUNICATIONS INC,ATGN
124355, , ,9/30/11,San Jose,AltiGen Communications Inc,4520,452010,45,45201020,D,USA,334418,3661,180,940,C,CA,ALTIGEN COMMUNICATIONS INC,ATGN
124355, , ,10/31/11,San Jose,AltiGen Communications Inc,4520,452010,45,45201020,D,USA,334418,3661,180,940,C,CA,ALTIGEN COMMUNICATIONS INC,ATGN
124355, , ,11/30/11,San Jose,AltiGen Communications Inc,4520,452010,45,45201020,D,USA,334418,3661,180,940,C,CA,ALTIGEN COMMUNICATIONS INC,ATGN
124355, , ,12/31/11,San Jose,AltiGen Communications Inc,4520,452010,45,45201020,D,USA,334418,3661,180,940,C,CA,ALTIGEN COMMUNICATIONS INC,ATGN
124355, , ,1/31/12,San Jose,AltiGen Communications Inc,4520,452010,45,45201020,D,USA,334418,3661,180,940,C,CA,ALTIGEN COMMUNICATIONS INC,ATGN
124355, , ,2/29/12,San Jose,AltiGen Communications Inc,4520,452010,45,45201020,D,USA,334418,3661,180,940,C,CA,ALTIGEN COMMUNICATIONS INC,ATGN
124355, , ,3/31/12,San Jose,AltiGen Communications Inc,4520,452010,45,45201020,D,USA,334418,3661,180,940,C,CA,ALTIGEN COMMUNICATIONS INC,ATGN
124355, , ,4/30/12,San Jose,AltiGen Communications Inc,4520,452010,45,45201020,D,USA,334418,3661,180,940,C,CA,ALTIGEN COMMUNICATIONS INC,ATGN
124355, , ,5/31/12,San Jose,AltiGen Communications Inc,4520,452010,45,45201020,D,USA,334418,3661,180,940,C,CA,ALTIGEN COMMUNICATIONS INC,ATGN
124355, , ,6/30/12,San Jose,AltiGen Communications Inc,4520,452010,45,45201020,D,USA,334418,3661,180,940,C,CA,ALTIGEN COMMUNICATIONS INC,ATGN
124355, , ,7/31/12,San Jose,AltiGen Communications Inc,4520,452010,45,45201020,D,USA,334418,3661,180,940,C,CA,ALTIGEN COMMUNICATIONS INC,ATGN
124355, , ,8/31/12,San Jose,AltiGen Communications Inc,4520,452010,45,45201020,D,USA,334418,3661,180,940,C,CA,ALTIGEN COMMUNICATIONS INC,ATGN
124355, , ,9/30/12,San Jose,AltiGen Communications Inc,4520,452010,45,45201020,D,USA,334418,3661,180,940,C,CA,ALTIGEN COMMUNICATIONS INC,ATGN
124355, , ,10/31/12,San Jose,AltiGen Communications Inc,4520,452010,45,45201020,D,USA,334418,3661,180,940,C,CA,ALTIGEN COMMUNICATIONS INC,ATGN
124355, , ,11/30/12,San Jose,AltiGen Communications Inc,4520,452010,45,45201020,D,USA,334418,3661,180,940,C,CA,ALTIGEN COMMUNICATIONS INC,ATGN
124355, , ,12/31/12,San Jose,AltiGen Communications Inc,4520,452010,45,45201020,D,USA,334418,3661,180,940,C,CA,ALTIGEN COMMUNICATIONS INC,ATGN
124355, , ,1/31/13,San Jose,AltiGen Communications Inc,4520,452010,45,45201020,D,USA,334418,3661,180,940,C,CA,ALTIGEN COMMUNICATIONS INC,ATGN
124355, , ,2/28/13,San Jose,AltiGen Communications Inc,4520,452010,45,45201020,D,USA,334418,3661,180,940,C,CA,ALTIGEN COMMUNICATIONS INC,ATGN
124355, , ,3/31/13,San Jose,AltiGen Communications Inc,4520,452010,45,45201020,D,USA,334418,3661,180,940,C,CA,ALTIGEN COMMUNICATIONS INC,ATGN
124355, , ,4/30/13,San Jose,AltiGen Communications Inc,4520,452010,45,45201020,D,USA,334418,3661,180,940,C,CA,ALTIGEN COMMUNICATIONS INC,ATGN
124355, , ,5/31/13,San Jose,AltiGen Communications Inc,4520,452010,45,45201020,D,USA,334418,3661,180,940,C,CA,ALTIGEN COMMUNICATIONS INC,ATGN
124355, , ,6/30/13,San Jose,AltiGen Communications Inc,4520,452010,45,45201020,D,USA,334418,3661,180,940,C,CA,ALTIGEN COMMUNICATIONS INC,ATGN
124355, , ,7/31/13,San Jose,AltiGen Communications Inc,4520,452010,45,45201020,D,USA,334418,3661,180,940,C,CA,ALTIGEN COMMUNICATIONS INC,ATGN
124355, , ,8/31/13,San Jose,AltiGen Communications Inc,4520,452010,45,45201020,D,USA,334418,3661,180,940,C,CA,ALTIGEN COMMUNICATIONS INC,ATGN
124355, , ,9/30/13,San Jose,AltiGen Communications Inc,4520,452010,45,45201020,D,USA,334418,3661,180,940,C,CA,ALTIGEN COMMUNICATIONS INC,ATGN
124355, , ,10/31/13,San Jose,AltiGen Communications Inc,4520,452010,45,45201020,D,USA,334418,3661,180,940,C,CA,ALTIGEN COMMUNICATIONS INC,ATGN
124996,A, ,1/31/10,Munich,"Epcos AG, Muenchen",4520,452030,45,45203015,B,DEU,334414,3670,220,925, , ,EPCOS AG,EPCYY
124996,A, ,2/28/10,Munich,"Epcos AG, Muenchen",4520,452030,45,45203015,B,DEU,334414,3670,220,925, , ,EPCOS AG,EPCYY
124996,A, ,3/31/10,Munich,"Epcos AG, Muenchen",4520,452030,45,45203015,B,DEU,334414,3670,220,925, , ,EPCOS AG,EPCYY
124996,A, ,4/30/10,Munich,"Epcos AG, Muenchen",4520,452030,45,45203015,B,DEU,334414,3670,220,925, , ,EPCOS AG,EPCYY
124996,A, ,5/31/10,Munich,"Epcos AG, Muenchen",4520,452030,45,45203015,B,DEU,334414,3670,220,925, , ,EPCOS AG,EPCYY
124996,A, ,6/30/10,Munich,"Epcos AG, Muenchen",4520,452030,45,45203015,B,DEU,334414,3670,220,925, , ,EPCOS AG,EPCYY
124996,A, ,7/31/10,Munich,"Epcos AG, Muenchen",4520,452030,45,45203015,B,DEU,334414,3670,220,925, , ,EPCOS AG,EPCYY
124996,A, ,8/31/10,Munich,"Epcos AG, Muenchen",4520,452030,45,45203015,B,DEU,334414,3670,220,925, , ,EPCOS AG,EPCYY
124996,A, ,9/30/10,Munich,"Epcos AG, Muenchen",4520,452030,45,45203015,B,DEU,334414,3670,220,925, , ,EPCOS AG,EPCYY
124996,A, ,10/31/10,Munich,"Epcos AG, Muenchen",4520,452030,45,45203015,B,DEU,334414,3670,220,925, , ,EPCOS AG,EPCYY
125014, , ,1/31/10,Bloomingdale,PCTEL Inc,4520,452010,45,45201020,D,USA,334220,3663,185,940,B-,IL,PCTEL INC,PCTI
125014, , ,2/28/10,Bloomingdale,PCTEL Inc,4520,452010,45,45201020,D,USA,334220,3663,185,940,B-,IL,PCTEL INC,PCTI
125014, , ,3/31/10,Bloomingdale,PCTEL Inc,4520,452010,45,45201020,D,USA,334220,3663,185,940,B-,IL,PCTEL INC,PCTI
125014, , ,4/30/10,Bloomingdale,PCTEL Inc,4520,452010,45,45201020,D,USA,334220,3663,185,940,B-,IL,PCTEL INC,PCTI
125014, , ,5/31/10,Bloomingdale,PCTEL Inc,4520,452010,45,45201020,D,USA,334220,3663,185,940,B-,IL,PCTEL INC,PCTI
125014, , ,6/30/10,Bloomingdale,PCTEL Inc,4520,452010,45,45201020,D,USA,334220,3663,185,940,B-,IL,PCTEL INC,PCTI
125014, , ,7/31/10,Bloomingdale,PCTEL Inc,4520,452010,45,45201020,D,USA,334220,3663,185,940,B-,IL,PCTEL INC,PCTI
125014, , ,8/31/10,Bloomingdale,PCTEL Inc,4520,452010,45,45201020,D,USA,334220,3663,185,940,B-,IL,PCTEL INC,PCTI
125014, , ,9/30/10,Bloomingdale,PCTEL Inc,4520,452010,45,45201020,D,USA,334220,3663,185,940,B-,IL,PCTEL INC,PCTI
125014, , ,10/31/10,Bloomingdale,PCTEL Inc,4520,452010,45,45201020,D,USA,334220,3663,185,940,B-,IL,PCTEL INC,PCTI
125014, , ,11/30/10,Bloomingdale,PCTEL Inc,4520,452010,45,45201020,D,USA,334220,3663,185,940,B-,IL,PCTEL INC,PCTI
125014, , ,12/31/10,Bloomingdale,PCTEL Inc,4520,452010,45,45201020,D,USA,334220,3663,185,940,B-,IL,PCTEL INC,PCTI
125014, , ,1/31/11,Bloomingdale,PCTEL Inc,4520,452010,45,45201020,D,USA,334220,3663,185,940,B-,IL,PCTEL INC,PCTI
125014, , ,2/28/11,Bloomingdale,PCTEL Inc,4520,452010,45,45201020,D,USA,334220,3663,185,940,B-,IL,PCTEL INC,PCTI
125014, , ,3/31/11,Bloomingdale,PCTEL Inc,4520,452010,45,45201020,D,USA,334220,3663,185,940,B-,IL,PCTEL INC,PCTI
125014, , ,4/30/11,Bloomingdale,PCTEL Inc,4520,452010,45,45201020,D,USA,334220,3663,185,940,B-,IL,PCTEL INC,PCTI
125014, , ,5/31/11,Bloomingdale,PCTEL Inc,4520,452010,45,45201020,D,USA,334220,3663,185,940,B-,IL,PCTEL INC,PCTI
125014, , ,6/30/11,Bloomingdale,PCTEL Inc,4520,452010,45,45201020,D,USA,334220,3663,185,940,B-,IL,PCTEL INC,PCTI
125014, , ,7/31/11,Bloomingdale,PCTEL Inc,4520,452010,45,45201020,D,USA,334220,3663,185,940,B-,IL,PCTEL INC,PCTI
125014, , ,8/31/11,Bloomingdale,PCTEL Inc,4520,452010,45,45201020,D,USA,334220,3663,185,940,B-,IL,PCTEL INC,PCTI
125014, , ,9/30/11,Bloomingdale,PCTEL Inc,4520,452010,45,45201020,D,USA,334220,3663,185,940,B-,IL,PCTEL INC,PCTI
125014, , ,10/31/11,Bloomingdale,PCTEL Inc,4520,452010,45,45201020,D,USA,334220,3663,185,940,B-,IL,PCTEL INC,PCTI
125014, , ,11/30/11,Bloomingdale,PCTEL Inc,4520,452010,45,45201020,D,USA,334220,3663,185,940,B-,IL,PCTEL INC,PCTI
125014, , ,12/31/11,Bloomingdale,PCTEL Inc,4520,452010,45,45201020,D,USA,334220,3663,185,940,B-,IL,PCTEL INC,PCTI
125014, , ,1/31/12,Bloomingdale,PCTEL Inc,4520,452010,45,45201020,D,USA,334220,3663,185,940,B-,IL,PCTEL INC,PCTI
125014, , ,2/29/12,Bloomingdale,PCTEL Inc,4520,452010,45,45201020,D,USA,334220,3663,185,940,B-,IL,PCTEL INC,PCTI
125014, , ,3/31/12,Bloomingdale,PCTEL Inc,4520,452010,45,45201020,D,USA,334220,3663,185,940,B-,IL,PCTEL INC,PCTI
125014, , ,4/30/12,Bloomingdale,PCTEL Inc,4520,452010,45,45201020,D,USA,334220,3663,185,940,B-,IL,PCTEL INC,PCTI
125014, , ,5/31/12,Bloomingdale,PCTEL Inc,4520,452010,45,45201020,D,USA,334220,3663,185,940,B-,IL,PCTEL INC,PCTI
125014, , ,6/30/12,Bloomingdale,PCTEL Inc,4520,452010,45,45201020,D,USA,334220,3663,185,940,B-,IL,PCTEL INC,PCTI
125014, , ,7/31/12,Bloomingdale,PCTEL Inc,4520,452010,45,45201020,D,USA,334220,3663,185,940,B-,IL,PCTEL INC,PCTI
125014, , ,8/31/12,Bloomingdale,PCTEL Inc,4520,452010,45,45201020,D,USA,334220,3663,185,940,B-,IL,PCTEL INC,PCTI
125014, , ,9/30/12,Bloomingdale,PCTEL Inc,4520,452010,45,45201020,D,USA,334220,3663,185,940,B-,IL,PCTEL INC,PCTI
125014, , ,10/31/12,Bloomingdale,PCTEL Inc,4520,452010,45,45201020,D,USA,334220,3663,185,940,B-,IL,PCTEL INC,PCTI
125014, , ,11/30/12,Bloomingdale,PCTEL Inc,4520,452010,45,45201020,D,USA,334220,3663,185,940,B-,IL,PCTEL INC,PCTI
125014, , ,12/31/12,Bloomingdale,PCTEL Inc,4520,452010,45,45201020,D,USA,334220,3663,185,940,B-,IL,PCTEL INC,PCTI
125014, , ,1/31/13,Bloomingdale,PCTEL Inc,4520,452010,45,45201020,D,USA,334220,3663,185,940,B-,IL,PCTEL INC,PCTI
125014, , ,2/28/13,Bloomingdale,PCTEL Inc,4520,452010,45,45201020,D,USA,334220,3663,185,940,B-,IL,PCTEL INC,PCTI
125014, , ,3/31/13,Bloomingdale,PCTEL Inc,4520,452010,45,45201020,D,USA,334220,3663,185,940,B-,IL,PCTEL INC,PCTI
125014, , ,4/30/13,Bloomingdale,PCTEL Inc,4520,452010,45,45201020,D,USA,334220,3663,185,940,B-,IL,PCTEL INC,PCTI
125014, , ,5/31/13,Bloomingdale,PCTEL Inc,4520,452010,45,45201020,D,USA,334220,3663,185,940,B-,IL,PCTEL INC,PCTI
125014, , ,6/30/13,Bloomingdale,PCTEL Inc,4520,452010,45,45201020,D,USA,334220,3663,185,940,B-,IL,PCTEL INC,PCTI
125014, , ,7/31/13,Bloomingdale,PCTEL Inc,4520,452010,45,45201020,D,USA,334220,3663,185,940,B-,IL,PCTEL INC,PCTI
125014, , ,8/31/13,Bloomingdale,PCTEL Inc,4520,452010,45,45201020,D,USA,334220,3663,185,940,B-,IL,PCTEL INC,PCTI
125014, , ,9/30/13,Bloomingdale,PCTEL Inc,4520,452010,45,45201020,D,USA,334220,3663,185,940,B-,IL,PCTEL INC,PCTI
125014, , ,10/31/13,Bloomingdale,PCTEL Inc,4520,452010,45,45201020,D,USA,334220,3663,185,940,B-,IL,PCTEL INC,PCTI
125074, , ,1/31/10,Tel Aviv,Radware Ltd,4520,452010,45,45201020,B,ISR,334118,3576,190,940, , ,RADWARE LTD,RDWR
125074, , ,2/28/10,Tel Aviv,Radware Ltd,4520,452010,45,45201020,B,ISR,334118,3576,190,940, , ,RADWARE LTD,RDWR
125074, , ,3/31/10,Tel Aviv,Radware Ltd,4520,452010,45,45201020,B,ISR,334118,3576,190,940, , ,RADWARE LTD,RDWR
125074, , ,4/30/10,Tel Aviv,Radware Ltd,4520,452010,45,45201020,B,ISR,334118,3576,190,940, , ,RADWARE LTD,RDWR
125074, , ,5/31/10,Tel Aviv,Radware Ltd,4520,452010,45,45201020,B,ISR,334118,3576,190,940, , ,RADWARE LTD,RDWR
125074, , ,6/30/10,Tel Aviv,Radware Ltd,4520,452010,45,45201020,B,ISR,334118,3576,190,940, , ,RADWARE LTD,RDWR
125074, , ,7/31/10,Tel Aviv,Radware Ltd,4520,452010,45,45201020,B,ISR,334118,3576,190,940, , ,RADWARE LTD,RDWR
125074, , ,8/31/10,Tel Aviv,Radware Ltd,4520,452010,45,45201020,B,ISR,334118,3576,190,940, , ,RADWARE LTD,RDWR
125074, , ,9/30/10,Tel Aviv,Radware Ltd,4520,452010,45,45201020,B,ISR,334118,3576,190,940, , ,RADWARE LTD,RDWR
125074, , ,10/31/10,Tel Aviv,Radware Ltd,4520,452010,45,45201020,B,ISR,334118,3576,190,940, , ,RADWARE LTD,RDWR
125074, , ,11/30/10,Tel Aviv,Radware Ltd,4520,452010,45,45201020,B,ISR,334118,3576,190,940, , ,RADWARE LTD,RDWR
125074, , ,12/31/10,Tel Aviv,Radware Ltd,4520,452010,45,45201020,B,ISR,334118,3576,190,940, , ,RADWARE LTD,RDWR
125074, , ,1/31/11,Tel Aviv,Radware Ltd,4520,452010,45,45201020,B,ISR,334118,3576,190,940, , ,RADWARE LTD,RDWR
125074, , ,2/28/11,Tel Aviv,Radware Ltd,4520,452010,45,45201020,B,ISR,334118,3576,190,940, , ,RADWARE LTD,RDWR
125074, , ,3/31/11,Tel Aviv,Radware Ltd,4520,452010,45,45201020,B,ISR,334118,3576,190,940, , ,RADWARE LTD,RDWR
125074, , ,4/30/11,Tel Aviv,Radware Ltd,4520,452010,45,45201020,B,ISR,334118,3576,190,940, , ,RADWARE LTD,RDWR
125074, , ,5/31/11,Tel Aviv,Radware Ltd,4520,452010,45,45201020,B,ISR,334118,3576,190,940, , ,RADWARE LTD,RDWR
125074, , ,6/30/11,Tel Aviv,Radware Ltd,4520,452010,45,45201020,B,ISR,334118,3576,190,940, , ,RADWARE LTD,RDWR
125074, , ,7/31/11,Tel Aviv,Radware Ltd,4520,452010,45,45201020,B,ISR,334118,3576,190,940, , ,RADWARE LTD,RDWR
125074, , ,8/31/11,Tel Aviv,Radware Ltd,4520,452010,45,45201020,B,ISR,334118,3576,190,940, , ,RADWARE LTD,RDWR
125074, , ,9/30/11,Tel Aviv,Radware Ltd,4520,452010,45,45201020,B,ISR,334118,3576,190,940, , ,RADWARE LTD,RDWR
125074, , ,10/31/11,Tel Aviv,Radware Ltd,4520,452010,45,45201020,B,ISR,334118,3576,190,940, , ,RADWARE LTD,RDWR
125074, , ,11/30/11,Tel Aviv,Radware Ltd,4520,452010,45,45201020,B,ISR,334118,3576,190,940, , ,RADWARE LTD,RDWR
125074, , ,12/31/11,Tel Aviv,Radware Ltd,4520,452010,45,45201020,B,ISR,334118,3576,190,940, , ,RADWARE LTD,RDWR
125074, , ,1/31/12,Tel Aviv,Radware Ltd,4520,452010,45,45201020,B,ISR,334118,3576,190,940, , ,RADWARE LTD,RDWR
125074, , ,2/29/12,Tel Aviv,Radware Ltd,4520,452010,45,45201020,B,ISR,334118,3576,190,940, , ,RADWARE LTD,RDWR
125074, , ,3/31/12,Tel Aviv,Radware Ltd,4520,452010,45,45201020,B,ISR,334118,3576,190,940, , ,RADWARE LTD,RDWR
125074, , ,4/30/12,Tel Aviv,Radware Ltd,4520,452010,45,45201020,B,ISR,334118,3576,190,940, , ,RADWARE LTD,RDWR
125074, , ,5/31/12,Tel Aviv,Radware Ltd,4520,452010,45,45201020,B,ISR,334118,3576,190,940, , ,RADWARE LTD,RDWR
125074, , ,6/30/12,Tel Aviv,Radware Ltd,4520,452010,45,45201020,B,ISR,334118,3576,190,940, , ,RADWARE LTD,RDWR
125074, , ,7/31/12,Tel Aviv,Radware Ltd,4520,452010,45,45201020,B,ISR,334118,3576,190,940, , ,RADWARE LTD,RDWR
125074, , ,8/31/12,Tel Aviv,Radware Ltd,4520,452010,45,45201020,B,ISR,334118,3576,190,940, , ,RADWARE LTD,RDWR
125074, , ,9/30/12,Tel Aviv,Radware Ltd,4520,452010,45,45201020,B,ISR,334118,3576,190,940, , ,RADWARE LTD,RDWR
125074, , ,10/31/12,Tel Aviv,Radware Ltd,4520,452010,45,45201020,B,ISR,334118,3576,190,940, , ,RADWARE LTD,RDWR
125074, , ,11/30/12,Tel Aviv,Radware Ltd,4520,452010,45,45201020,B,ISR,334118,3576,190,940, , ,RADWARE LTD,RDWR
125074, , ,12/31/12,Tel Aviv,Radware Ltd,4520,452010,45,45201020,B,ISR,334118,3576,190,940, , ,RADWARE LTD,RDWR
125074, , ,1/31/13,Tel Aviv,Radware Ltd,4520,452010,45,45201020,B,ISR,334118,3576,190,940, , ,RADWARE LTD,RDWR
125074, , ,2/28/13,Tel Aviv,Radware Ltd,4520,452010,45,45201020,B,ISR,334118,3576,190,940, , ,RADWARE LTD,RDWR
125074, , ,3/31/13,Tel Aviv,Radware Ltd,4520,452010,45,45201020,B,ISR,334118,3576,190,940, , ,RADWARE LTD,RDWR
125074, , ,4/30/13,Tel Aviv,Radware Ltd,4520,452010,45,45201020,B,ISR,334118,3576,190,940, , ,RADWARE LTD,RDWR
125074, , ,5/31/13,Tel Aviv,Radware Ltd,4520,452010,45,45201020,B,ISR,334118,3576,190,940, , ,RADWARE LTD,RDWR
125074, , ,6/30/13,Tel Aviv,Radware Ltd,4520,452010,45,45201020,B,ISR,334118,3576,190,940, , ,RADWARE LTD,RDWR
125074, , ,7/31/13,Tel Aviv,Radware Ltd,4520,452010,45,45201020,B,ISR,334118,3576,190,940, , ,RADWARE LTD,RDWR
125074, , ,8/31/13,Tel Aviv,Radware Ltd,4520,452010,45,45201020,B,ISR,334118,3576,190,940, , ,RADWARE LTD,RDWR
125074, , ,9/30/13,Tel Aviv,Radware Ltd,4520,452010,45,45201020,B,ISR,334118,3576,190,940, , ,RADWARE LTD,RDWR
125074, , ,10/31/13,Tel Aviv,Radware Ltd,4520,452010,45,45201020,B,ISR,334118,3576,190,940, , ,RADWARE LTD,RDWR
125276, , ,1/31/10,Austin,Crossroads Systems Inc,4520,452020,45,45202030,D,USA,334118,3577,188,940,C,TX,CROSSROADS SYSTEMS INC,CRDS
125276, , ,2/28/10,Austin,Crossroads Systems Inc,4520,452020,45,45202030,D,USA,334118,3577,188,940,C,TX,CROSSROADS SYSTEMS INC,CRDS
125276, , ,3/31/10,Austin,Crossroads Systems Inc,4520,452020,45,45202030,D,USA,334118,3577,188,940,C,TX,CROSSROADS SYSTEMS INC,CRDS
125276, , ,4/30/10,Austin,Crossroads Systems Inc,4520,452020,45,45202030,D,USA,334118,3577,188,940,C,TX,CROSSROADS SYSTEMS INC,CRDS
125276, , ,5/31/10,Austin,Crossroads Systems Inc,4520,452020,45,45202030,D,USA,334118,3577,188,940,C,TX,CROSSROADS SYSTEMS INC,CRDS
125276, , ,6/30/10,Austin,Crossroads Systems Inc,4520,452020,45,45202030,D,USA,334118,3577,188,940,C,TX,CROSSROADS SYSTEMS INC,CRDS
125276, , ,7/31/10,Austin,Crossroads Systems Inc,4520,452020,45,45202030,D,USA,334118,3577,188,940,C,TX,CROSSROADS SYSTEMS INC,CRDS
125276, , ,8/31/10,Austin,Crossroads Systems Inc,4520,452020,45,45202030,D,USA,334118,3577,188,940,C,TX,CROSSROADS SYSTEMS INC,CRDS
125276, , ,9/30/10,Austin,Crossroads Systems Inc,4520,452020,45,45202030,D,USA,334118,3577,188,940,C,TX,CROSSROADS SYSTEMS INC,CRDS
125276, , ,10/31/10,Austin,Crossroads Systems Inc,4520,452020,45,45202030,D,USA,334118,3577,188,940,C,TX,CROSSROADS SYSTEMS INC,CRDS
125276, , ,11/30/10,Austin,Crossroads Systems Inc,4520,452020,45,45202030,D,USA,334118,3577,188,940,C,TX,CROSSROADS SYSTEMS INC,CRDS
125276, , ,12/31/10,Austin,Crossroads Systems Inc,4520,452020,45,45202030,D,USA,334118,3577,188,940,C,TX,CROSSROADS SYSTEMS INC,CRDS
125276, , ,1/31/11,Austin,Crossroads Systems Inc,4520,452020,45,45202030,D,USA,334118,3577,188,940,C,TX,CROSSROADS SYSTEMS INC,CRDS
125276, , ,2/28/11,Austin,Crossroads Systems Inc,4520,452020,45,45202030,D,USA,334118,3577,188,940,C,TX,CROSSROADS SYSTEMS INC,CRDS
125276, , ,3/31/11,Austin,Crossroads Systems Inc,4520,452020,45,45202030,D,USA,334118,3577,188,940,C,TX,CROSSROADS SYSTEMS INC,CRDS
125276, , ,4/30/11,Austin,Crossroads Systems Inc,4520,452020,45,45202030,D,USA,334118,3577,188,940,C,TX,CROSSROADS SYSTEMS INC,CRDS
125276, , ,5/31/11,Austin,Crossroads Systems Inc,4520,452020,45,45202030,D,USA,334118,3577,188,940,C,TX,CROSSROADS SYSTEMS INC,CRDS
125276, , ,6/30/11,Austin,Crossroads Systems Inc,4520,452020,45,45202030,D,USA,334118,3577,188,940,C,TX,CROSSROADS SYSTEMS INC,CRDS
125276, , ,7/31/11,Austin,Crossroads Systems Inc,4520,452020,45,45202030,D,USA,334118,3577,188,940,C,TX,CROSSROADS SYSTEMS INC,CRDS
125276, , ,8/31/11,Austin,Crossroads Systems Inc,4520,452020,45,45202030,D,USA,334118,3577,188,940,C,TX,CROSSROADS SYSTEMS INC,CRDS
125276, , ,9/30/11,Austin,Crossroads Systems Inc,4520,452020,45,45202030,D,USA,334118,3577,188,940,C,TX,CROSSROADS SYSTEMS INC,CRDS
125276, , ,10/31/11,Austin,Crossroads Systems Inc,4520,452020,45,45202030,D,USA,334118,3577,188,940,C,TX,CROSSROADS SYSTEMS INC,CRDS
125276, , ,11/30/11,Austin,Crossroads Systems Inc,4520,452020,45,45202030,D,USA,334118,3577,188,940,C,TX,CROSSROADS SYSTEMS INC,CRDS
125276, , ,12/31/11,Austin,Crossroads Systems Inc,4520,452020,45,45202030,D,USA,334118,3577,188,940,C,TX,CROSSROADS SYSTEMS INC,CRDS
125276, , ,1/31/12,Austin,Crossroads Systems Inc,4520,452020,45,45202030,D,USA,334118,3577,188,940,C,TX,CROSSROADS SYSTEMS INC,CRDS
125276, , ,2/29/12,Austin,Crossroads Systems Inc,4520,452020,45,45202030,D,USA,334118,3577,188,940,C,TX,CROSSROADS SYSTEMS INC,CRDS
125276, , ,3/31/12,Austin,Crossroads Systems Inc,4520,452020,45,45202030,D,USA,334118,3577,188,940,C,TX,CROSSROADS SYSTEMS INC,CRDS
125276, , ,4/30/12,Austin,Crossroads Systems Inc,4520,452020,45,45202030,D,USA,334118,3577,188,940,C,TX,CROSSROADS SYSTEMS INC,CRDS
125276, , ,5/31/12,Austin,Crossroads Systems Inc,4520,452020,45,45202030,D,USA,334118,3577,188,940,C,TX,CROSSROADS SYSTEMS INC,CRDS
125276, , ,6/30/12,Austin,Crossroads Systems Inc,4520,452020,45,45202030,D,USA,334118,3577,188,940,C,TX,CROSSROADS SYSTEMS INC,CRDS
125276, , ,7/31/12,Austin,Crossroads Systems Inc,4520,452020,45,45202030,D,USA,334118,3577,188,940,C,TX,CROSSROADS SYSTEMS INC,CRDS
125276, , ,8/31/12,Austin,Crossroads Systems Inc,4520,452020,45,45202030,D,USA,334118,3577,188,940,C,TX,CROSSROADS SYSTEMS INC,CRDS
125276, , ,9/30/12,Austin,Crossroads Systems Inc,4520,452020,45,45202030,D,USA,334118,3577,188,940,C,TX,CROSSROADS SYSTEMS INC,CRDS
125276, , ,10/31/12,Austin,Crossroads Systems Inc,4520,452020,45,45202030,D,USA,334118,3577,188,940,C,TX,CROSSROADS SYSTEMS INC,CRDS
125276, , ,11/30/12,Austin,Crossroads Systems Inc,4520,452020,45,45202030,D,USA,334118,3577,188,940,C,TX,CROSSROADS SYSTEMS INC,CRDS
125276, , ,12/31/12,Austin,Crossroads Systems Inc,4520,452020,45,45202030,D,USA,334118,3577,188,940,C,TX,CROSSROADS SYSTEMS INC,CRDS
125276, , ,1/31/13,Austin,Crossroads Systems Inc,4520,452020,45,45202030,D,USA,334118,3577,188,940,C,TX,CROSSROADS SYSTEMS INC,CRDS
125276, , ,2/28/13,Austin,Crossroads Systems Inc,4520,452020,45,45202030,D,USA,334118,3577,188,940,C,TX,CROSSROADS SYSTEMS INC,CRDS
125276, , ,3/31/13,Austin,Crossroads Systems Inc,4520,452020,45,45202030,D,USA,334118,3577,188,940,C,TX,CROSSROADS SYSTEMS INC,CRDS
125276, , ,4/30/13,Austin,Crossroads Systems Inc,4520,452020,45,45202030,D,USA,334118,3577,188,940,C,TX,CROSSROADS SYSTEMS INC,CRDS
125276, , ,5/31/13,Austin,Crossroads Systems Inc,4520,452020,45,45202030,D,USA,334118,3577,188,940,C,TX,CROSSROADS SYSTEMS INC,CRDS
125276, , ,6/30/13,Austin,Crossroads Systems Inc,4520,452020,45,45202030,D,USA,334118,3577,188,940,C,TX,CROSSROADS SYSTEMS INC,CRDS
125276, , ,7/31/13,Austin,Crossroads Systems Inc,4520,452020,45,45202030,D,USA,334118,3577,188,940,C,TX,CROSSROADS SYSTEMS INC,CRDS
125276, , ,8/31/13,Austin,Crossroads Systems Inc,4520,452020,45,45202030,D,USA,334118,3577,188,940,C,TX,CROSSROADS SYSTEMS INC,CRDS
125276, , ,9/30/13,Austin,Crossroads Systems Inc,4520,452020,45,45202030,D,USA,334118,3577,188,940,C,TX,CROSSROADS SYSTEMS INC,CRDS
125276, , ,10/31/13,Austin,Crossroads Systems Inc,4520,452020,45,45202030,D,USA,334118,3577,188,940,C,TX,CROSSROADS SYSTEMS INC,CRDS
125360, , ,1/31/10,Chelmsford,Sycamore Networks Inc,4520,452010,45,45201020,D,USA,334210,3661,180,940,B,MA,SYCAMORE NETWORKS INC,SCMR
125360, , ,2/28/10,Chelmsford,Sycamore Networks Inc,4520,452010,45,45201020,D,USA,334210,3661,180,940,B,MA,SYCAMORE NETWORKS INC,SCMR
125360, , ,3/31/10,Chelmsford,Sycamore Networks Inc,4520,452010,45,45201020,D,USA,334210,3661,180,940,B,MA,SYCAMORE NETWORKS INC,SCMR
125360, , ,4/30/10,Chelmsford,Sycamore Networks Inc,4520,452010,45,45201020,D,USA,334210,3661,180,940,B,MA,SYCAMORE NETWORKS INC,SCMR
125360, , ,5/31/10,Chelmsford,Sycamore Networks Inc,4520,452010,45,45201020,D,USA,334210,3661,180,940,B,MA,SYCAMORE NETWORKS INC,SCMR
125360, , ,6/30/10,Chelmsford,Sycamore Networks Inc,4520,452010,45,45201020,D,USA,334210,3661,180,940,B,MA,SYCAMORE NETWORKS INC,SCMR
125360, , ,7/31/10,Chelmsford,Sycamore Networks Inc,4520,452010,45,45201020,D,USA,334210,3661,180,940,B,MA,SYCAMORE NETWORKS INC,SCMR
125360, , ,8/31/10,Chelmsford,Sycamore Networks Inc,4520,452010,45,45201020,D,USA,334210,3661,180,940,B,MA,SYCAMORE NETWORKS INC,SCMR
125360, , ,9/30/10,Chelmsford,Sycamore Networks Inc,4520,452010,45,45201020,D,USA,334210,3661,180,940,B,MA,SYCAMORE NETWORKS INC,SCMR
125360, , ,10/31/10,Chelmsford,Sycamore Networks Inc,4520,452010,45,45201020,D,USA,334210,3661,180,940,B,MA,SYCAMORE NETWORKS INC,SCMR
125360, , ,11/30/10,Chelmsford,Sycamore Networks Inc,4520,452010,45,45201020,D,USA,334210,3661,180,940,B,MA,SYCAMORE NETWORKS INC,SCMR
125360, , ,12/31/10,Chelmsford,Sycamore Networks Inc,4520,452010,45,45201020,D,USA,334210,3661,180,940,B,MA,SYCAMORE NETWORKS INC,SCMR
125360, , ,1/31/11,Chelmsford,Sycamore Networks Inc,4520,452010,45,45201020,D,USA,334210,3661,180,940,B,MA,SYCAMORE NETWORKS INC,SCMR
125360, , ,2/28/11,Chelmsford,Sycamore Networks Inc,4520,452010,45,45201020,D,USA,334210,3661,180,940,B,MA,SYCAMORE NETWORKS INC,SCMR
125360, , ,3/31/11,Chelmsford,Sycamore Networks Inc,4520,452010,45,45201020,D,USA,334210,3661,180,940,B,MA,SYCAMORE NETWORKS INC,SCMR
125360, , ,4/30/11,Chelmsford,Sycamore Networks Inc,4520,452010,45,45201020,D,USA,334210,3661,180,940,B,MA,SYCAMORE NETWORKS INC,SCMR
125360, , ,5/31/11,Chelmsford,Sycamore Networks Inc,4520,452010,45,45201020,D,USA,334210,3661,180,940,B,MA,SYCAMORE NETWORKS INC,SCMR
125360, , ,6/30/11,Chelmsford,Sycamore Networks Inc,4520,452010,45,45201020,D,USA,334210,3661,180,940,B,MA,SYCAMORE NETWORKS INC,SCMR
125360, , ,7/31/11,Chelmsford,Sycamore Networks Inc,4520,452010,45,45201020,D,USA,334210,3661,180,940,B,MA,SYCAMORE NETWORKS INC,SCMR
125360, , ,8/31/11,Chelmsford,Sycamore Networks Inc,4520,452010,45,45201020,D,USA,334210,3661,180,940,B,MA,SYCAMORE NETWORKS INC,SCMR
125360, , ,9/30/11,Chelmsford,Sycamore Networks Inc,4520,452010,45,45201020,D,USA,334210,3661,180,940,B,MA,SYCAMORE NETWORKS INC,SCMR
125360, , ,10/31/11,Chelmsford,Sycamore Networks Inc,4520,452010,45,45201020,D,USA,334210,3661,180,940,B,MA,SYCAMORE NETWORKS INC,SCMR
125360, , ,11/30/11,Chelmsford,Sycamore Networks Inc,4520,452010,45,45201020,D,USA,334210,3661,180,940,B,MA,SYCAMORE NETWORKS INC,SCMR
125360, , ,12/31/11,Chelmsford,Sycamore Networks Inc,4520,452010,45,45201020,D,USA,334210,3661,180,940,B,MA,SYCAMORE NETWORKS INC,SCMR
125360, , ,1/31/12,Chelmsford,Sycamore Networks Inc,4520,452010,45,45201020,D,USA,334210,3661,180,940,B,MA,SYCAMORE NETWORKS INC,SCMR
125360, , ,2/29/12,Chelmsford,Sycamore Networks Inc,4520,452010,45,45201020,D,USA,334210,3661,180,940,B,MA,SYCAMORE NETWORKS INC,SCMR
125360, , ,3/31/12,Chelmsford,Sycamore Networks Inc,4520,452010,45,45201020,D,USA,334210,3661,180,940,B,MA,SYCAMORE NETWORKS INC,SCMR
125360, , ,4/30/12,Chelmsford,Sycamore Networks Inc,4520,452010,45,45201020,D,USA,334210,3661,180,940,B,MA,SYCAMORE NETWORKS INC,SCMR
125360, , ,5/31/12,Chelmsford,Sycamore Networks Inc,4520,452010,45,45201020,D,USA,334210,3661,180,940,B,MA,SYCAMORE NETWORKS INC,SCMR
125360, , ,6/30/12,Chelmsford,Sycamore Networks Inc,4520,452010,45,45201020,D,USA,334210,3661,180,940,B,MA,SYCAMORE NETWORKS INC,SCMR
125360, , ,7/31/12,Chelmsford,Sycamore Networks Inc,4520,452010,45,45201020,D,USA,334210,3661,180,940,B,MA,SYCAMORE NETWORKS INC,SCMR
125360, , ,8/31/12,Chelmsford,Sycamore Networks Inc,4520,452010,45,45201020,D,USA,334210,3661,180,940,B,MA,SYCAMORE NETWORKS INC,SCMR
125360, , ,9/30/12,Chelmsford,Sycamore Networks Inc,4520,452010,45,45201020,D,USA,334210,3661,180,940,B,MA,SYCAMORE NETWORKS INC,SCMR
125360, , ,10/31/12,Chelmsford,Sycamore Networks Inc,4520,452010,45,45201020,D,USA,334210,3661,180,940,B,MA,SYCAMORE NETWORKS INC,SCMR
125360, , ,11/30/12,Chelmsford,Sycamore Networks Inc,4520,452010,45,45201020,D,USA,334210,3661,180,940,B,MA,SYCAMORE NETWORKS INC,SCMR
125360, , ,12/31/12,Chelmsford,Sycamore Networks Inc,4520,452010,45,45201020,D,USA,334210,3661,180,940,B,MA,SYCAMORE NETWORKS INC,SCMR
125360, , ,1/31/13,Chelmsford,Sycamore Networks Inc,4520,452010,45,45201020,D,USA,334210,3661,180,940,B,MA,SYCAMORE NETWORKS INC,SCMR
125360, , ,2/28/13,Chelmsford,Sycamore Networks Inc,4520,452010,45,45201020,D,USA,334210,3661,180,940,B,MA,SYCAMORE NETWORKS INC,SCMR
125360, , ,3/31/13,Chelmsford,Sycamore Networks Inc,4520,452010,45,45201020,D,USA,334210,3661,180,940,B,MA,SYCAMORE NETWORKS INC,SCMR
125360, , ,4/30/13,Chelmsford,Sycamore Networks Inc,4520,452010,45,45201020,D,USA,334210,3661,180,940,B,MA,SYCAMORE NETWORKS INC,SCMR
125360, , ,5/31/13,Chelmsford,Sycamore Networks Inc,4520,452010,45,45201020,D,USA,334210,3661,180,940,B,MA,SYCAMORE NETWORKS INC,SCMR
125360, , ,6/30/13,Chelmsford,Sycamore Networks Inc,4520,452010,45,45201020,D,USA,334210,3661,180,940,B,MA,SYCAMORE NETWORKS INC,SCMR
125360, , ,7/31/13,Chelmsford,Sycamore Networks Inc,4520,452010,45,45201020,D,USA,334210,3661,180,940,B,MA,SYCAMORE NETWORKS INC,SCMR
125360, , ,8/31/13,Chelmsford,Sycamore Networks Inc,4520,452010,45,45201020,D,USA,334210,3661,180,940,B,MA,SYCAMORE NETWORKS INC,SCMR
125360, , ,9/30/13,Chelmsford,Sycamore Networks Inc,4520,452010,45,45201020,D,USA,334210,3661,180,940,B,MA,SYCAMORE NETWORKS INC,SCMR
125360, , ,10/31/13,Chelmsford,Sycamore Networks Inc,4520,452010,45,45201020,D,USA,334210,3661,180,940,B,MA,SYCAMORE NETWORKS INC,SCMR
125600, , ,1/31/10,Waukesha,Telkonet Inc,4520,452010,45,45201020,D,USA,334513,3823, , ,C,WI,TELKONET INC,TKOI
125600, , ,2/28/10,Waukesha,Telkonet Inc,4520,452010,45,45201020,D,USA,334513,3823, , ,C,WI,TELKONET INC,TKOI
125600, , ,3/31/10,Waukesha,Telkonet Inc,4520,452010,45,45201020,D,USA,334513,3823, , ,C,WI,TELKONET INC,TKOI
125600, , ,4/30/10,Waukesha,Telkonet Inc,4520,452010,45,45201020,D,USA,334513,3823, , ,C,WI,TELKONET INC,TKOI
125600, , ,5/31/10,Waukesha,Telkonet Inc,4520,452010,45,45201020,D,USA,334513,3823, , ,C,WI,TELKONET INC,TKOI
125600, , ,6/30/10,Waukesha,Telkonet Inc,4520,452010,45,45201020,D,USA,334513,3823, , ,C,WI,TELKONET INC,TKOI
125600, , ,7/31/10,Waukesha,Telkonet Inc,4520,452010,45,45201020,D,USA,334513,3823, , ,C,WI,TELKONET INC,TKOI
125600, , ,8/31/10,Waukesha,Telkonet Inc,4520,452010,45,45201020,D,USA,334513,3823, , ,C,WI,TELKONET INC,TKOI
125600, , ,9/30/10,Waukesha,Telkonet Inc,4520,452010,45,45201020,D,USA,334513,3823, , ,C,WI,TELKONET INC,TKOI
125600, , ,10/31/10,Waukesha,Telkonet Inc,4520,452010,45,45201020,D,USA,334513,3823, , ,C,WI,TELKONET INC,TKOI
125600, , ,11/30/10,Waukesha,Telkonet Inc,4520,452010,45,45201020,D,USA,334513,3823, , ,C,WI,TELKONET INC,TKOI
125600, , ,12/31/10,Waukesha,Telkonet Inc,4520,452010,45,45201020,D,USA,334513,3823, , ,C,WI,TELKONET INC,TKOI
125600, , ,1/31/11,Waukesha,Telkonet Inc,4520,452010,45,45201020,D,USA,334513,3823, , ,C,WI,TELKONET INC,TKOI
125600, , ,2/28/11,Waukesha,Telkonet Inc,4520,452010,45,45201020,D,USA,334513,3823, , ,C,WI,TELKONET INC,TKOI
125600, , ,3/31/11,Waukesha,Telkonet Inc,4520,452010,45,45201020,D,USA,334513,3823, , ,C,WI,TELKONET INC,TKOI
125600, , ,4/30/11,Waukesha,Telkonet Inc,4520,452010,45,45201020,D,USA,334513,3823, , ,C,WI,TELKONET INC,TKOI
125600, , ,5/31/11,Waukesha,Telkonet Inc,4520,452010,45,45201020,D,USA,334513,3823, , ,C,WI,TELKONET INC,TKOI
125600, , ,6/30/11,Waukesha,Telkonet Inc,4520,452010,45,45201020,D,USA,334513,3823, , ,C,WI,TELKONET INC,TKOI
125600, , ,7/31/11,Waukesha,Telkonet Inc,4520,452010,45,45201020,D,USA,334513,3823, , ,C,WI,TELKONET INC,TKOI
125600, , ,8/31/11,Waukesha,Telkonet Inc,4520,452010,45,45201020,D,USA,334513,3823, , ,C,WI,TELKONET INC,TKOI
125600, , ,9/30/11,Waukesha,Telkonet Inc,4520,452010,45,45201020,D,USA,334513,3823, , ,C,WI,TELKONET INC,TKOI
125600, , ,10/31/11,Waukesha,Telkonet Inc,4520,452010,45,45201020,D,USA,334513,3823, , ,C,WI,TELKONET INC,TKOI
125600, , ,11/30/11,Waukesha,Telkonet Inc,4520,452010,45,45201020,D,USA,334513,3823, , ,C,WI,TELKONET INC,TKOI
125600, , ,12/31/11,Waukesha,Telkonet Inc,4520,452010,45,45201020,D,USA,334513,3823, , ,C,WI,TELKONET INC,TKOI
125600, , ,1/31/12,Waukesha,Telkonet Inc,4520,452010,45,45201020,D,USA,334513,3823, , ,C,WI,TELKONET INC,TKOI
125600, , ,2/29/12,Waukesha,Telkonet Inc,4520,452010,45,45201020,D,USA,334513,3823, , ,C,WI,TELKONET INC,TKOI
125600, , ,3/31/12,Waukesha,Telkonet Inc,4520,452010,45,45201020,D,USA,334513,3823, , ,C,WI,TELKONET INC,TKOI
125600, , ,4/30/12,Waukesha,Telkonet Inc,4520,452010,45,45201020,D,USA,334513,3823, , ,C,WI,TELKONET INC,TKOI
125600, , ,5/31/12,Waukesha,Telkonet Inc,4520,452010,45,45201020,D,USA,334513,3823, , ,C,WI,TELKONET INC,TKOI
125600, , ,6/30/12,Waukesha,Telkonet Inc,4520,452010,45,45201020,D,USA,334513,3823, , ,C,WI,TELKONET INC,TKOI
125600, , ,7/31/12,Waukesha,Telkonet Inc,4520,452010,45,45201020,D,USA,334513,3823, , ,C,WI,TELKONET INC,TKOI
125600, , ,8/31/12,Waukesha,Telkonet Inc,4520,452010,45,45201020,D,USA,334513,3823, , ,C,WI,TELKONET INC,TKOI
125600, , ,9/30/12,Waukesha,Telkonet Inc,4520,452010,45,45201020,D,USA,334513,3823, , ,C,WI,TELKONET INC,TKOI
125600, , ,10/31/12,Waukesha,Telkonet Inc,4520,452010,45,45201020,D,USA,334513,3823, , ,C,WI,TELKONET INC,TKOI
125600, , ,11/30/12,Waukesha,Telkonet Inc,4520,452010,45,45201020,D,USA,334513,3823, , ,C,WI,TELKONET INC,TKOI
125600, , ,12/31/12,Waukesha,Telkonet Inc,4520,452010,45,45201020,D,USA,334513,3823, , ,C,WI,TELKONET INC,TKOI
125600, , ,1/31/13,Waukesha,Telkonet Inc,4520,452010,45,45201020,D,USA,334513,3823, , ,C,WI,TELKONET INC,TKOI
125600, , ,2/28/13,Waukesha,Telkonet Inc,4520,452010,45,45201020,D,USA,334513,3823, , ,C,WI,TELKONET INC,TKOI
125600, , ,3/31/13,Waukesha,Telkonet Inc,4520,452010,45,45201020,D,USA,334513,3823, , ,C,WI,TELKONET INC,TKOI
125600, , ,4/30/13,Waukesha,Telkonet Inc,4520,452010,45,45201020,D,USA,334513,3823, , ,C,WI,TELKONET INC,TKOI
125600, , ,5/31/13,Waukesha,Telkonet Inc,4520,452010,45,45201020,D,USA,334513,3823, , ,C,WI,TELKONET INC,TKOI
125600, , ,6/30/13,Waukesha,Telkonet Inc,4520,452010,45,45201020,D,USA,334513,3823, , ,C,WI,TELKONET INC,TKOI
125600, , ,7/31/13,Waukesha,Telkonet Inc,4520,452010,45,45201020,D,USA,334513,3823, , ,C,WI,TELKONET INC,TKOI
125600, , ,8/31/13,Waukesha,Telkonet Inc,4520,452010,45,45201020,D,USA,334513,3823, , ,C,WI,TELKONET INC,TKOI
125600, , ,9/30/13,Waukesha,Telkonet Inc,4520,452010,45,45201020,D,USA,334513,3823, , ,C,WI,TELKONET INC,TKOI
125600, , ,10/31/13,Waukesha,Telkonet Inc,4520,452010,45,45201020,D,USA,334513,3823, , ,C,WI,TELKONET INC,TKOI
126020, , ,1/31/10,Port Townsend,Intellicheck Mobilisa Inc,4520,452030,45,45203010,D,USA,334118,3579,370,925,C,WA,INTELLICHECK MOBILISA INC,IDN
126020, , ,2/28/10,Port Townsend,Intellicheck Mobilisa Inc,4520,452030,45,45203010,D,USA,334118,3579,370,925,C,WA,INTELLICHECK MOBILISA INC,IDN
126020, , ,3/31/10,Port Townsend,Intellicheck Mobilisa Inc,4520,452030,45,45203010,D,USA,334118,3579,370,925,C,WA,INTELLICHECK MOBILISA INC,IDN
126020, , ,4/30/10,Port Townsend,Intellicheck Mobilisa Inc,4520,452030,45,45203010,D,USA,334118,3579,370,925,C,WA,INTELLICHECK MOBILISA INC,IDN
126020, , ,5/31/10,Port Townsend,Intellicheck Mobilisa Inc,4520,452030,45,45203010,D,USA,334118,3579,370,925,C,WA,INTELLICHECK MOBILISA INC,IDN
126020, , ,6/30/10,Port Townsend,Intellicheck Mobilisa Inc,4520,452030,45,45203010,D,USA,334118,3579,370,925,C,WA,INTELLICHECK MOBILISA INC,IDN
126020, , ,7/31/10,Port Townsend,Intellicheck Mobilisa Inc,4520,452030,45,45203010,D,USA,334118,3579,370,925,C,WA,INTELLICHECK MOBILISA INC,IDN
126020, , ,8/31/10,Port Townsend,Intellicheck Mobilisa Inc,4520,452030,45,45203010,D,USA,334118,3579,370,925,C,WA,INTELLICHECK MOBILISA INC,IDN
126020, , ,9/30/10,Port Townsend,Intellicheck Mobilisa Inc,4520,452030,45,45203010,D,USA,334118,3579,370,925,C,WA,INTELLICHECK MOBILISA INC,IDN
126020, , ,10/31/10,Port Townsend,Intellicheck Mobilisa Inc,4520,452030,45,45203010,D,USA,334118,3579,370,925,C,WA,INTELLICHECK MOBILISA INC,IDN
126020, , ,11/30/10,Port Townsend,Intellicheck Mobilisa Inc,4520,452030,45,45203010,D,USA,334118,3579,370,925,C,WA,INTELLICHECK MOBILISA INC,IDN
126020, , ,12/31/10,Port Townsend,Intellicheck Mobilisa Inc,4520,452030,45,45203010,D,USA,334118,3579,370,925,C,WA,INTELLICHECK MOBILISA INC,IDN
126020, , ,1/31/11,Port Townsend,Intellicheck Mobilisa Inc,4520,452030,45,45203010,D,USA,334118,3579,370,925,C,WA,INTELLICHECK MOBILISA INC,IDN
126020, , ,2/28/11,Port Townsend,Intellicheck Mobilisa Inc,4520,452030,45,45203010,D,USA,334118,3579,370,925,C,WA,INTELLICHECK MOBILISA INC,IDN
126020, , ,3/31/11,Port Townsend,Intellicheck Mobilisa Inc,4520,452030,45,45203010,D,USA,334118,3579,370,925,C,WA,INTELLICHECK MOBILISA INC,IDN
126020, , ,4/30/11,Port Townsend,Intellicheck Mobilisa Inc,4520,452030,45,45203010,D,USA,334118,3579,370,925,C,WA,INTELLICHECK MOBILISA INC,IDN
126020, , ,5/31/11,Port Townsend,Intellicheck Mobilisa Inc,4520,452030,45,45203010,D,USA,334118,3579,370,925,C,WA,INTELLICHECK MOBILISA INC,IDN
126020, , ,6/30/11,Port Townsend,Intellicheck Mobilisa Inc,4520,452030,45,45203010,D,USA,334118,3579,370,925,C,WA,INTELLICHECK MOBILISA INC,IDN
126020, , ,7/31/11,Port Townsend,Intellicheck Mobilisa Inc,4520,452030,45,45203010,D,USA,334118,3579,370,925,C,WA,INTELLICHECK MOBILISA INC,IDN
126020, , ,8/31/11,Port Townsend,Intellicheck Mobilisa Inc,4520,452030,45,45203010,D,USA,334118,3579,370,925,C,WA,INTELLICHECK MOBILISA INC,IDN
126020, , ,9/30/11,Port Townsend,Intellicheck Mobilisa Inc,4520,452030,45,45203010,D,USA,334118,3579,370,925,C,WA,INTELLICHECK MOBILISA INC,IDN
126020, , ,10/31/11,Port Townsend,Intellicheck Mobilisa Inc,4520,452030,45,45203010,D,USA,334118,3579,370,925,C,WA,INTELLICHECK MOBILISA INC,IDN
126020, , ,11/30/11,Port Townsend,Intellicheck Mobilisa Inc,4520,452030,45,45203010,D,USA,334118,3579,370,925,C,WA,INTELLICHECK MOBILISA INC,IDN
126020, , ,12/31/11,Port Townsend,Intellicheck Mobilisa Inc,4520,452030,45,45203010,D,USA,334118,3579,370,925,C,WA,INTELLICHECK MOBILISA INC,IDN
126020, , ,1/31/12,Port Townsend,Intellicheck Mobilisa Inc,4520,452030,45,45203010,D,USA,334118,3579,370,925,C,WA,INTELLICHECK MOBILISA INC,IDN
126020, , ,2/29/12,Port Townsend,Intellicheck Mobilisa Inc,4520,452030,45,45203010,D,USA,334118,3579,370,925,C,WA,INTELLICHECK MOBILISA INC,IDN
126020, , ,3/31/12,Port Townsend,Intellicheck Mobilisa Inc,4520,452030,45,45203010,D,USA,334118,3579,370,925,C,WA,INTELLICHECK MOBILISA INC,IDN
126020, , ,4/30/12,Port Townsend,Intellicheck Mobilisa Inc,4520,452030,45,45203010,D,USA,334118,3579,370,925,C,WA,INTELLICHECK MOBILISA INC,IDN
126020, , ,5/31/12,Port Townsend,Intellicheck Mobilisa Inc,4520,452030,45,45203010,D,USA,334118,3579,370,925,C,WA,INTELLICHECK MOBILISA INC,IDN
126020, , ,6/30/12,Port Townsend,Intellicheck Mobilisa Inc,4520,452030,45,45203010,D,USA,334118,3579,370,925,C,WA,INTELLICHECK MOBILISA INC,IDN
126020, , ,7/31/12,Port Townsend,Intellicheck Mobilisa Inc,4520,452030,45,45203010,D,USA,334118,3579,370,925,C,WA,INTELLICHECK MOBILISA INC,IDN
126020, , ,8/31/12,Port Townsend,Intellicheck Mobilisa Inc,4520,452030,45,45203010,D,USA,334118,3579,370,925,C,WA,INTELLICHECK MOBILISA INC,IDN
126020, , ,9/30/12,Port Townsend,Intellicheck Mobilisa Inc,4520,452030,45,45203010,D,USA,334118,3579,370,925,C,WA,INTELLICHECK MOBILISA INC,IDN
126020, , ,10/31/12,Port Townsend,Intellicheck Mobilisa Inc,4520,452030,45,45203010,D,USA,334118,3579,370,925,C,WA,INTELLICHECK MOBILISA INC,IDN
126020, , ,11/30/12,Port Townsend,Intellicheck Mobilisa Inc,4520,452030,45,45203010,D,USA,334118,3579,370,925,C,WA,INTELLICHECK MOBILISA INC,IDN
126020, , ,12/31/12,Port Townsend,Intellicheck Mobilisa Inc,4520,452030,45,45203010,D,USA,334118,3579,370,925,C,WA,INTELLICHECK MOBILISA INC,IDN
126020, , ,1/31/13,Port Townsend,Intellicheck Mobilisa Inc,4520,452030,45,45203010,D,USA,334118,3579,370,925,C,WA,INTELLICHECK MOBILISA INC,IDN
126020, , ,2/28/13,Port Townsend,Intellicheck Mobilisa Inc,4520,452030,45,45203010,D,USA,334118,3579,370,925,C,WA,INTELLICHECK MOBILISA INC,IDN
126020, , ,3/31/13,Port Townsend,Intellicheck Mobilisa Inc,4520,452030,45,45203010,D,USA,334118,3579,370,925,C,WA,INTELLICHECK MOBILISA INC,IDN
126020, , ,4/30/13,Port Townsend,Intellicheck Mobilisa Inc,4520,452030,45,45203010,D,USA,334118,3579,370,925,C,WA,INTELLICHECK MOBILISA INC,IDN
126020, , ,5/31/13,Port Townsend,Intellicheck Mobilisa Inc,4520,452030,45,45203010,D,USA,334118,3579,370,925,C,WA,INTELLICHECK MOBILISA INC,IDN
126020, , ,6/30/13,Port Townsend,Intellicheck Mobilisa Inc,4520,452030,45,45203010,D,USA,334118,3579,370,925,C,WA,INTELLICHECK MOBILISA INC,IDN
126020, , ,7/31/13,Port Townsend,Intellicheck Mobilisa Inc,4520,452030,45,45203010,D,USA,334118,3579,370,925,C,WA,INTELLICHECK MOBILISA INC,IDN
126020, , ,8/31/13,Port Townsend,Intellicheck Mobilisa Inc,4520,452030,45,45203010,D,USA,334118,3579,370,925,C,WA,INTELLICHECK MOBILISA INC,IDN
126020, , ,9/30/13,Port Townsend,Intellicheck Mobilisa Inc,4520,452030,45,45203010,D,USA,334118,3579,370,925,C,WA,INTELLICHECK MOBILISA INC,IDN
126020, , ,10/31/13,Port Townsend,Intellicheck Mobilisa Inc,4520,452030,45,45203010,D,USA,334118,3579,370,925,C,WA,INTELLICHECK MOBILISA INC,IDN
126029, , ,1/31/10,Jacksonville,Tiger Telematics Inc,4520,452010,45,45201020,D,USA,334220,3663,449,976, ,FL,TIGER TELEMATICS INC,TGTL
126029, , ,2/28/10,Jacksonville,Tiger Telematics Inc,4520,452010,45,45201020,D,USA,334220,3663,449,976, ,FL,TIGER TELEMATICS INC,TGTL
126029, , ,3/31/10,Jacksonville,Tiger Telematics Inc,4520,452010,45,45201020,D,USA,334220,3663,449,976, ,FL,TIGER TELEMATICS INC,TGTL
126029, , ,4/30/10,Jacksonville,Tiger Telematics Inc,4520,452010,45,45201020,D,USA,334220,3663,449,976, ,FL,TIGER TELEMATICS INC,TGTL
126318, , ,1/31/10,San Jose,Immersion Corp,4520,452020,45,45202030,D,USA,511210,7372,188,940,C,CA,IMMERSION CORP,IMMR
126318, , ,2/28/10,San Jose,Immersion Corp,4520,452020,45,45202030,D,USA,511210,7372,188,940,C,CA,IMMERSION CORP,IMMR
126318, , ,3/31/10,San Jose,Immersion Corp,4520,452020,45,45202030,D,USA,511210,7372,188,940,C,CA,IMMERSION CORP,IMMR
126318, , ,4/30/10,San Jose,Immersion Corp,4520,452020,45,45202030,D,USA,511210,7372,188,940,C,CA,IMMERSION CORP,IMMR
126318, , ,5/31/10,San Jose,Immersion Corp,4520,452020,45,45202030,D,USA,511210,7372,188,940,C,CA,IMMERSION CORP,IMMR
126318, , ,6/30/10,San Jose,Immersion Corp,4520,452020,45,45202030,D,USA,511210,7372,188,940,C,CA,IMMERSION CORP,IMMR
126318, , ,7/31/10,San Jose,Immersion Corp,4520,452020,45,45202030,D,USA,511210,7372,188,940,C,CA,IMMERSION CORP,IMMR
126318, , ,8/31/10,San Jose,Immersion Corp,4520,452020,45,45202030,D,USA,511210,7372,188,940,C,CA,IMMERSION CORP,IMMR
126318, , ,9/30/10,San Jose,Immersion Corp,4520,452020,45,45202030,D,USA,511210,7372,188,940,C,CA,IMMERSION CORP,IMMR
126318, , ,10/31/10,San Jose,Immersion Corp,4520,452020,45,45202030,D,USA,511210,7372,188,940,C,CA,IMMERSION CORP,IMMR
126318, , ,11/30/10,San Jose,Immersion Corp,4520,452020,45,45202030,D,USA,511210,7372,188,940,C,CA,IMMERSION CORP,IMMR
126318, , ,12/31/10,San Jose,Immersion Corp,4520,452020,45,45202030,D,USA,511210,7372,188,940,C,CA,IMMERSION CORP,IMMR
126318, , ,1/31/11,San Jose,Immersion Corp,4520,452020,45,45202030,D,USA,511210,7372,188,940,C,CA,IMMERSION CORP,IMMR
126318, , ,2/28/11,San Jose,Immersion Corp,4520,452020,45,45202030,D,USA,511210,7372,188,940,C,CA,IMMERSION CORP,IMMR
126318, , ,3/31/11,San Jose,Immersion Corp,4520,452020,45,45202030,D,USA,511210,7372,188,940,C,CA,IMMERSION CORP,IMMR
126318, , ,4/30/11,San Jose,Immersion Corp,4520,452020,45,45202030,D,USA,511210,7372,188,940,C,CA,IMMERSION CORP,IMMR
126318, , ,5/31/11,San Jose,Immersion Corp,4520,452020,45,45202030,D,USA,511210,7372,188,940,C,CA,IMMERSION CORP,IMMR
126318, , ,6/30/11,San Jose,Immersion Corp,4520,452020,45,45202030,D,USA,511210,7372,188,940,C,CA,IMMERSION CORP,IMMR
126318, , ,7/31/11,San Jose,Immersion Corp,4520,452020,45,45202030,D,USA,511210,7372,188,940,C,CA,IMMERSION CORP,IMMR
126318, , ,8/31/11,San Jose,Immersion Corp,4520,452020,45,45202030,D,USA,511210,7372,188,940,C,CA,IMMERSION CORP,IMMR
126318, , ,9/30/11,San Jose,Immersion Corp,4520,452020,45,45202030,D,USA,511210,7372,188,940,C,CA,IMMERSION CORP,IMMR
126318, , ,10/31/11,San Jose,Immersion Corp,4520,452020,45,45202030,D,USA,511210,7372,188,940,C,CA,IMMERSION CORP,IMMR
126318, , ,11/30/11,San Jose,Immersion Corp,4520,452020,45,45202030,D,USA,511210,7372,188,940,C,CA,IMMERSION CORP,IMMR
126318, , ,12/31/11,San Jose,Immersion Corp,4520,452020,45,45202030,D,USA,511210,7372,188,940,C,CA,IMMERSION CORP,IMMR
126318, , ,1/31/12,San Jose,Immersion Corp,4520,452020,45,45202030,D,USA,511210,7372,188,940,C,CA,IMMERSION CORP,IMMR
126318, , ,2/29/12,San Jose,Immersion Corp,4520,452020,45,45202030,D,USA,511210,7372,188,940,C,CA,IMMERSION CORP,IMMR
126318, , ,3/31/12,San Jose,Immersion Corp,4520,452020,45,45202030,D,USA,511210,7372,188,940,C,CA,IMMERSION CORP,IMMR
126318, , ,4/30/12,San Jose,Immersion Corp,4520,452020,45,45202030,D,USA,511210,7372,188,940,C,CA,IMMERSION CORP,IMMR
126318, , ,5/31/12,San Jose,Immersion Corp,4520,452020,45,45202030,D,USA,511210,7372,188,940,C,CA,IMMERSION CORP,IMMR
126318, , ,6/30/12,San Jose,Immersion Corp,4520,452020,45,45202030,D,USA,511210,7372,188,940,C,CA,IMMERSION CORP,IMMR
126318, , ,7/31/12,San Jose,Immersion Corp,4520,452020,45,45202030,D,USA,511210,7372,188,940,C,CA,IMMERSION CORP,IMMR
126318, , ,8/31/12,San Jose,Immersion Corp,4520,452020,45,45202030,D,USA,511210,7372,188,940,C,CA,IMMERSION CORP,IMMR
126318, , ,9/30/12,San Jose,Immersion Corp,4520,452020,45,45202030,D,USA,511210,7372,188,940,C,CA,IMMERSION CORP,IMMR
126318, , ,10/31/12,San Jose,Immersion Corp,4520,452020,45,45202030,D,USA,511210,7372,188,940,C,CA,IMMERSION CORP,IMMR
126318, , ,11/30/12,San Jose,Immersion Corp,4520,452020,45,45202030,D,USA,511210,7372,188,940,C,CA,IMMERSION CORP,IMMR
126318, , ,12/31/12,San Jose,Immersion Corp,4520,452020,45,45202030,D,USA,511210,7372,188,940,C,CA,IMMERSION CORP,IMMR
126318, , ,1/31/13,San Jose,Immersion Corp,4520,452020,45,45202030,D,USA,511210,7372,188,940,C,CA,IMMERSION CORP,IMMR
126318, , ,2/28/13,San Jose,Immersion Corp,4520,452020,45,45202030,D,USA,511210,7372,188,940,C,CA,IMMERSION CORP,IMMR
126318, , ,3/31/13,San Jose,Immersion Corp,4520,452020,45,45202030,D,USA,511210,7372,188,940,C,CA,IMMERSION CORP,IMMR
126318, , ,4/30/13,San Jose,Immersion Corp,4520,452020,45,45202030,D,USA,511210,7372,188,940,C,CA,IMMERSION CORP,IMMR
126318, , ,5/31/13,San Jose,Immersion Corp,4520,452020,45,45202030,D,USA,511210,7372,188,940,C,CA,IMMERSION CORP,IMMR
126318, , ,6/30/13,San Jose,Immersion Corp,4520,452020,45,45202030,D,USA,511210,7372,188,940,C,CA,IMMERSION CORP,IMMR
126318, , ,7/31/13,San Jose,Immersion Corp,4520,452020,45,45202030,D,USA,511210,7372,188,940,C,CA,IMMERSION CORP,IMMR
126318, , ,8/31/13,San Jose,Immersion Corp,4520,452020,45,45202030,D,USA,511210,7372,188,940,C,CA,IMMERSION CORP,IMMR
126318, , ,9/30/13,San Jose,Immersion Corp,4520,452020,45,45202030,D,USA,511210,7372,188,940,C,CA,IMMERSION CORP,IMMR
126318, , ,10/31/13,San Jose,Immersion Corp,4520,452020,45,45202030,D,USA,511210,7372,188,940,C,CA,IMMERSION CORP,IMMR
126417, , ,1/31/10,Sunnyvale,Finisar Corp,4520,452010,45,45201020,D,USA,333316,3577,188,940,B,CA,FINISAR CORP,FNSR
126417, , ,2/28/10,Sunnyvale,Finisar Corp,4520,452010,45,45201020,D,USA,333316,3577,188,940,B,CA,FINISAR CORP,FNSR
126417, , ,3/31/10,Sunnyvale,Finisar Corp,4520,452010,45,45201020,D,USA,333316,3577,188,940,B,CA,FINISAR CORP,FNSR
126417, , ,4/30/10,Sunnyvale,Finisar Corp,4520,452010,45,45201020,D,USA,333316,3577,188,940,B,CA,FINISAR CORP,FNSR
126417, , ,5/31/10,Sunnyvale,Finisar Corp,4520,452010,45,45201020,D,USA,333316,3577,188,940,B,CA,FINISAR CORP,FNSR
126417, , ,6/30/10,Sunnyvale,Finisar Corp,4520,452010,45,45201020,D,USA,333316,3577,188,940,B,CA,FINISAR CORP,FNSR
126417, , ,7/31/10,Sunnyvale,Finisar Corp,4520,452010,45,45201020,D,USA,333316,3577,188,940,B,CA,FINISAR CORP,FNSR
126417, , ,8/31/10,Sunnyvale,Finisar Corp,4520,452010,45,45201020,D,USA,333316,3577,188,940,B,CA,FINISAR CORP,FNSR
126417, , ,9/30/10,Sunnyvale,Finisar Corp,4520,452010,45,45201020,D,USA,333316,3577,188,940,B,CA,FINISAR CORP,FNSR
126417, , ,10/31/10,Sunnyvale,Finisar Corp,4520,452010,45,45201020,D,USA,333316,3577,188,940,B,CA,FINISAR CORP,FNSR
126417, , ,11/30/10,Sunnyvale,Finisar Corp,4520,452010,45,45201020,D,USA,333316,3577,188,940,B,CA,FINISAR CORP,FNSR
126417, , ,12/31/10,Sunnyvale,Finisar Corp,4520,452010,45,45201020,D,USA,333316,3577,188,940,B,CA,FINISAR CORP,FNSR
126417, , ,1/31/11,Sunnyvale,Finisar Corp,4520,452010,45,45201020,D,USA,333316,3577,188,940,B,CA,FINISAR CORP,FNSR
126417, , ,2/28/11,Sunnyvale,Finisar Corp,4520,452010,45,45201020,D,USA,333316,3577,188,940,B,CA,FINISAR CORP,FNSR
126417, , ,3/31/11,Sunnyvale,Finisar Corp,4520,452010,45,45201020,D,USA,333316,3577,188,940,B,CA,FINISAR CORP,FNSR
126417, , ,4/30/11,Sunnyvale,Finisar Corp,4520,452010,45,45201020,D,USA,333316,3577,188,940,B,CA,FINISAR CORP,FNSR
126417, , ,5/31/11,Sunnyvale,Finisar Corp,4520,452010,45,45201020,D,USA,333316,3577,188,940,B,CA,FINISAR CORP,FNSR
126417, , ,6/30/11,Sunnyvale,Finisar Corp,4520,452010,45,45201020,D,USA,333316,3577,188,940,B,CA,FINISAR CORP,FNSR
126417, , ,7/31/11,Sunnyvale,Finisar Corp,4520,452010,45,45201020,D,USA,333316,3577,188,940,B,CA,FINISAR CORP,FNSR
126417, , ,8/31/11,Sunnyvale,Finisar Corp,4520,452010,45,45201020,D,USA,333316,3577,188,940,B,CA,FINISAR CORP,FNSR
126417, , ,9/30/11,Sunnyvale,Finisar Corp,4520,452010,45,45201020,D,USA,333316,3577,188,940,B,CA,FINISAR CORP,FNSR
126417, , ,10/31/11,Sunnyvale,Finisar Corp,4520,452010,45,45201020,D,USA,333316,3577,188,940,B,CA,FINISAR CORP,FNSR
126417, , ,11/30/11,Sunnyvale,Finisar Corp,4520,452010,45,45201020,D,USA,333316,3577,188,940,B,CA,FINISAR CORP,FNSR
126417, , ,12/31/11,Sunnyvale,Finisar Corp,4520,452010,45,45201020,D,USA,333316,3577,188,940,B,CA,FINISAR CORP,FNSR
126417, , ,1/31/12,Sunnyvale,Finisar Corp,4520,452010,45,45201020,D,USA,333316,3577,188,940,B,CA,FINISAR CORP,FNSR
126417, , ,2/29/12,Sunnyvale,Finisar Corp,4520,452010,45,45201020,D,USA,333316,3577,188,940,B,CA,FINISAR CORP,FNSR
126417, , ,3/31/12,Sunnyvale,Finisar Corp,4520,452010,45,45201020,D,USA,333316,3577,188,940,B,CA,FINISAR CORP,FNSR
126417, , ,4/30/12,Sunnyvale,Finisar Corp,4520,452010,45,45201020,D,USA,333316,3577,188,940,B,CA,FINISAR CORP,FNSR
126417, , ,5/31/12,Sunnyvale,Finisar Corp,4520,452010,45,45201020,D,USA,333316,3577,188,940,B,CA,FINISAR CORP,FNSR
126417, , ,6/30/12,Sunnyvale,Finisar Corp,4520,452010,45,45201020,D,USA,333316,3577,188,940,B,CA,FINISAR CORP,FNSR
126417, , ,7/31/12,Sunnyvale,Finisar Corp,4520,452010,45,45201020,D,USA,333316,3577,188,940,B,CA,FINISAR CORP,FNSR
126417, , ,8/31/12,Sunnyvale,Finisar Corp,4520,452010,45,45201020,D,USA,333316,3577,188,940,B,CA,FINISAR CORP,FNSR
126417, , ,9/30/12,Sunnyvale,Finisar Corp,4520,452010,45,45201020,D,USA,333316,3577,188,940,B,CA,FINISAR CORP,FNSR
126417, , ,10/31/12,Sunnyvale,Finisar Corp,4520,452010,45,45201020,D,USA,333316,3577,188,940,B,CA,FINISAR CORP,FNSR
126417, , ,11/30/12,Sunnyvale,Finisar Corp,4520,452010,45,45201020,D,USA,333316,3577,188,940,B,CA,FINISAR CORP,FNSR
126417, , ,12/31/12,Sunnyvale,Finisar Corp,4520,452010,45,45201020,D,USA,333316,3577,188,940,B,CA,FINISAR CORP,FNSR
126417, , ,1/31/13,Sunnyvale,Finisar Corp,4520,452010,45,45201020,D,USA,333316,3577,188,940,B,CA,FINISAR CORP,FNSR
126417, , ,2/28/13,Sunnyvale,Finisar Corp,4520,452010,45,45201020,D,USA,333316,3577,188,940,B,CA,FINISAR CORP,FNSR
126417, , ,3/31/13,Sunnyvale,Finisar Corp,4520,452010,45,45201020,D,USA,333316,3577,188,940,B,CA,FINISAR CORP,FNSR
126417, , ,4/30/13,Sunnyvale,Finisar Corp,4520,452010,45,45201020,D,USA,333316,3577,188,940,B,CA,FINISAR CORP,FNSR
126417, , ,5/31/13,Sunnyvale,Finisar Corp,4520,452010,45,45201020,D,USA,333316,3577,188,940,B,CA,FINISAR CORP,FNSR
126417, , ,6/30/13,Sunnyvale,Finisar Corp,4520,452010,45,45201020,D,USA,333316,3577,188,940,B,CA,FINISAR CORP,FNSR
126417, , ,7/31/13,Sunnyvale,Finisar Corp,4520,452010,45,45201020,D,USA,333316,3577,188,940,B,CA,FINISAR CORP,FNSR
126417, , ,8/31/13,Sunnyvale,Finisar Corp,4520,452010,45,45201020,D,USA,333316,3577,188,940,B,CA,FINISAR CORP,FNSR
126417, , ,9/30/13,Sunnyvale,Finisar Corp,4520,452010,45,45201020,D,USA,333316,3577,188,940,B,CA,FINISAR CORP,FNSR
126417, , ,10/31/13,Sunnyvale,Finisar Corp,4520,452010,45,45201020,D,USA,333316,3577,188,940,B,CA,FINISAR CORP,FNSR
126615, , ,1/31/10,Sunnyvale,Blue Coat Systems Inc,4520,452010,45,45201020,D,USA,334112,3572,188,940,B-,CA,BLUE COAT SYSTEMS INC,BCSI
126615, , ,2/28/10,Sunnyvale,Blue Coat Systems Inc,4520,452010,45,45201020,D,USA,334112,3572,188,940,B-,CA,BLUE COAT SYSTEMS INC,BCSI
126615, , ,3/31/10,Sunnyvale,Blue Coat Systems Inc,4520,452010,45,45201020,D,USA,334112,3572,188,940,B-,CA,BLUE COAT SYSTEMS INC,BCSI
126615, , ,4/30/10,Sunnyvale,Blue Coat Systems Inc,4520,452010,45,45201020,D,USA,334112,3572,188,940,B-,CA,BLUE COAT SYSTEMS INC,BCSI
126615, , ,5/31/10,Sunnyvale,Blue Coat Systems Inc,4520,452010,45,45201020,D,USA,334112,3572,188,940,B-,CA,BLUE COAT SYSTEMS INC,BCSI
126615, , ,6/30/10,Sunnyvale,Blue Coat Systems Inc,4520,452010,45,45201020,D,USA,334112,3572,188,940,B-,CA,BLUE COAT SYSTEMS INC,BCSI
126615, , ,7/31/10,Sunnyvale,Blue Coat Systems Inc,4520,452010,45,45201020,D,USA,334112,3572,188,940,B-,CA,BLUE COAT SYSTEMS INC,BCSI
126615, , ,8/31/10,Sunnyvale,Blue Coat Systems Inc,4520,452010,45,45201020,D,USA,334112,3572,188,940,B-,CA,BLUE COAT SYSTEMS INC,BCSI
126615, , ,9/30/10,Sunnyvale,Blue Coat Systems Inc,4520,452010,45,45201020,D,USA,334112,3572,188,940,B-,CA,BLUE COAT SYSTEMS INC,BCSI
126615, , ,10/31/10,Sunnyvale,Blue Coat Systems Inc,4520,452010,45,45201020,D,USA,334112,3572,188,940,B-,CA,BLUE COAT SYSTEMS INC,BCSI
126615, , ,11/30/10,Sunnyvale,Blue Coat Systems Inc,4520,452010,45,45201020,D,USA,334112,3572,188,940,B-,CA,BLUE COAT SYSTEMS INC,BCSI
126615, , ,12/31/10,Sunnyvale,Blue Coat Systems Inc,4520,452010,45,45201020,D,USA,334112,3572,188,940,B-,CA,BLUE COAT SYSTEMS INC,BCSI
126615, , ,1/31/11,Sunnyvale,Blue Coat Systems Inc,4520,452010,45,45201020,D,USA,334112,3572,188,940,B-,CA,BLUE COAT SYSTEMS INC,BCSI
126615, , ,2/28/11,Sunnyvale,Blue Coat Systems Inc,4520,452010,45,45201020,D,USA,334112,3572,188,940,B-,CA,BLUE COAT SYSTEMS INC,BCSI
126615, , ,3/31/11,Sunnyvale,Blue Coat Systems Inc,4520,452010,45,45201020,D,USA,334112,3572,188,940,B-,CA,BLUE COAT SYSTEMS INC,BCSI
126615, , ,4/30/11,Sunnyvale,Blue Coat Systems Inc,4520,452010,45,45201020,D,USA,334112,3572,188,940,B-,CA,BLUE COAT SYSTEMS INC,BCSI
126615, , ,5/31/11,Sunnyvale,Blue Coat Systems Inc,4520,452010,45,45201020,D,USA,334112,3572,188,940,B-,CA,BLUE COAT SYSTEMS INC,BCSI
126615, , ,6/30/11,Sunnyvale,Blue Coat Systems Inc,4520,452010,45,45201020,D,USA,334112,3572,188,940,B-,CA,BLUE COAT SYSTEMS INC,BCSI
126615, , ,7/31/11,Sunnyvale,Blue Coat Systems Inc,4520,452010,45,45201020,D,USA,334112,3572,188,940,B-,CA,BLUE COAT SYSTEMS INC,BCSI
126615, , ,8/31/11,Sunnyvale,Blue Coat Systems Inc,4520,452010,45,45201020,D,USA,334112,3572,188,940,B-,CA,BLUE COAT SYSTEMS INC,BCSI
126615, , ,9/30/11,Sunnyvale,Blue Coat Systems Inc,4520,452010,45,45201020,D,USA,334112,3572,188,940,B-,CA,BLUE COAT SYSTEMS INC,BCSI
126615, , ,10/31/11,Sunnyvale,Blue Coat Systems Inc,4520,452010,45,45201020,D,USA,334112,3572,188,940,B-,CA,BLUE COAT SYSTEMS INC,BCSI
126615, , ,11/30/11,Sunnyvale,Blue Coat Systems Inc,4520,452010,45,45201020,D,USA,334112,3572,188,940,B-,CA,BLUE COAT SYSTEMS INC,BCSI
126615, , ,12/31/11,Sunnyvale,Blue Coat Systems Inc,4520,452010,45,45201020,D,USA,334112,3572,188,940,B-,CA,BLUE COAT SYSTEMS INC,BCSI
126615, , ,1/31/12,Sunnyvale,Blue Coat Systems Inc,4520,452010,45,45201020,D,USA,334112,3572,188,940,B-,CA,BLUE COAT SYSTEMS INC,BCSI
126615,B+, ,2/29/12,Sunnyvale,Blue Coat Systems Inc,4520,452010,45,45201020,D,USA,334112,3572,188,940,B-,CA,BLUE COAT SYSTEMS INC,BCSI
126615,B+, ,3/31/12,Sunnyvale,Blue Coat Systems Inc,4520,452010,45,45201020,D,USA,334112,3572,188,940,B-,CA,BLUE COAT SYSTEMS INC,BCSI
126775, , ,1/31/10,San Diego,Axesstel Inc,4520,452010,45,45201020,D,USA,334220,3663, , ,B-,CA,AXESSTEL INC,AXST
126775, , ,2/28/10,San Diego,Axesstel Inc,4520,452010,45,45201020,D,USA,334220,3663, , ,B-,CA,AXESSTEL INC,AXST
126775, , ,3/31/10,San Diego,Axesstel Inc,4520,452010,45,45201020,D,USA,334220,3663, , ,B-,CA,AXESSTEL INC,AXST
126775, , ,4/30/10,San Diego,Axesstel Inc,4520,452010,45,45201020,D,USA,334220,3663, , ,B-,CA,AXESSTEL INC,AXST
126775, , ,5/31/10,San Diego,Axesstel Inc,4520,452010,45,45201020,D,USA,334220,3663, , ,B-,CA,AXESSTEL INC,AXST
126775, , ,6/30/10,San Diego,Axesstel Inc,4520,452010,45,45201020,D,USA,334220,3663, , ,B-,CA,AXESSTEL INC,AXST
126775, , ,7/31/10,San Diego,Axesstel Inc,4520,452010,45,45201020,D,USA,334220,3663, , ,B-,CA,AXESSTEL INC,AXST
126775, , ,8/31/10,San Diego,Axesstel Inc,4520,452010,45,45201020,D,USA,334220,3663, , ,B-,CA,AXESSTEL INC,AXST
126775, , ,9/30/10,San Diego,Axesstel Inc,4520,452010,45,45201020,D,USA,334220,3663, , ,B-,CA,AXESSTEL INC,AXST
126775, , ,10/31/10,San Diego,Axesstel Inc,4520,452010,45,45201020,D,USA,334220,3663, , ,B-,CA,AXESSTEL INC,AXST
126775, , ,11/30/10,San Diego,Axesstel Inc,4520,452010,45,45201020,D,USA,334220,3663, , ,B-,CA,AXESSTEL INC,AXST
126775, , ,12/31/10,San Diego,Axesstel Inc,4520,452010,45,45201020,D,USA,334220,3663, , ,B-,CA,AXESSTEL INC,AXST
126775, , ,1/31/11,San Diego,Axesstel Inc,4520,452010,45,45201020,D,USA,334220,3663, , ,B-,CA,AXESSTEL INC,AXST
126775, , ,2/28/11,San Diego,Axesstel Inc,4520,452010,45,45201020,D,USA,334220,3663, , ,B-,CA,AXESSTEL INC,AXST
126775, , ,3/31/11,San Diego,Axesstel Inc,4520,452010,45,45201020,D,USA,334220,3663, , ,B-,CA,AXESSTEL INC,AXST
126775, , ,4/30/11,San Diego,Axesstel Inc,4520,452010,45,45201020,D,USA,334220,3663, , ,B-,CA,AXESSTEL INC,AXST
126775, , ,5/31/11,San Diego,Axesstel Inc,4520,452010,45,45201020,D,USA,334220,3663, , ,B-,CA,AXESSTEL INC,AXST
126775, , ,6/30/11,San Diego,Axesstel Inc,4520,452010,45,45201020,D,USA,334220,3663, , ,B-,CA,AXESSTEL INC,AXST
126775, , ,7/31/11,San Diego,Axesstel Inc,4520,452010,45,45201020,D,USA,334220,3663, , ,B-,CA,AXESSTEL INC,AXST
126775, , ,8/31/11,San Diego,Axesstel Inc,4520,452010,45,45201020,D,USA,334220,3663, , ,B-,CA,AXESSTEL INC,AXST
126775, , ,9/30/11,San Diego,Axesstel Inc,4520,452010,45,45201020,D,USA,334220,3663, , ,B-,CA,AXESSTEL INC,AXST
126775, , ,10/31/11,San Diego,Axesstel Inc,4520,452010,45,45201020,D,USA,334220,3663, , ,B-,CA,AXESSTEL INC,AXST
126775, , ,11/30/11,San Diego,Axesstel Inc,4520,452010,45,45201020,D,USA,334220,3663, , ,B-,CA,AXESSTEL INC,AXST
126775, , ,12/31/11,San Diego,Axesstel Inc,4520,452010,45,45201020,D,USA,334220,3663, , ,B-,CA,AXESSTEL INC,AXST
126775, , ,1/31/12,San Diego,Axesstel Inc,4520,452010,45,45201020,D,USA,334220,3663, , ,B-,CA,AXESSTEL INC,AXST
126775, , ,2/29/12,San Diego,Axesstel Inc,4520,452010,45,45201020,D,USA,334220,3663, , ,B-,CA,AXESSTEL INC,AXST
126775, , ,3/31/12,San Diego,Axesstel Inc,4520,452010,45,45201020,D,USA,334220,3663, , ,B-,CA,AXESSTEL INC,AXST
126775, , ,4/30/12,San Diego,Axesstel Inc,4520,452010,45,45201020,D,USA,334220,3663, , ,B-,CA,AXESSTEL INC,AXST
126775, , ,5/31/12,San Diego,Axesstel Inc,4520,452010,45,45201020,D,USA,334220,3663, , ,B-,CA,AXESSTEL INC,AXST
126775, , ,6/30/12,San Diego,Axesstel Inc,4520,452010,45,45201020,D,USA,334220,3663, , ,B-,CA,AXESSTEL INC,AXST
126775, , ,7/31/12,San Diego,Axesstel Inc,4520,452010,45,45201020,D,USA,334220,3663, , ,B-,CA,AXESSTEL INC,AXST
126775, , ,8/31/12,San Diego,Axesstel Inc,4520,452010,45,45201020,D,USA,334220,3663, , ,B-,CA,AXESSTEL INC,AXST
126775, , ,9/30/12,San Diego,Axesstel Inc,4520,452010,45,45201020,D,USA,334220,3663, , ,B-,CA,AXESSTEL INC,AXST
126775, , ,10/31/12,San Diego,Axesstel Inc,4520,452010,45,45201020,D,USA,334220,3663, , ,B-,CA,AXESSTEL INC,AXST
126775, , ,11/30/12,San Diego,Axesstel Inc,4520,452010,45,45201020,D,USA,334220,3663, , ,B-,CA,AXESSTEL INC,AXST
126775, , ,12/31/12,San Diego,Axesstel Inc,4520,452010,45,45201020,D,USA,334220,3663, , ,B-,CA,AXESSTEL INC,AXST
126775, , ,1/31/13,San Diego,Axesstel Inc,4520,452010,45,45201020,D,USA,334220,3663, , ,B-,CA,AXESSTEL INC,AXST
126775, , ,2/28/13,San Diego,Axesstel Inc,4520,452010,45,45201020,D,USA,334220,3663, , ,B-,CA,AXESSTEL INC,AXST
126775, , ,3/31/13,San Diego,Axesstel Inc,4520,452010,45,45201020,D,USA,334220,3663, , ,B-,CA,AXESSTEL INC,AXST
126775, , ,4/30/13,San Diego,Axesstel Inc,4520,452010,45,45201020,D,USA,334220,3663, , ,B-,CA,AXESSTEL INC,AXST
126775, , ,5/31/13,San Diego,Axesstel Inc,4520,452010,45,45201020,D,USA,334220,3663, , ,B-,CA,AXESSTEL INC,AXST
126775, , ,6/30/13,San Diego,Axesstel Inc,4520,452010,45,45201020,D,USA,334220,3663, , ,B-,CA,AXESSTEL INC,AXST
126775, , ,7/31/13,San Diego,Axesstel Inc,4520,452010,45,45201020,D,USA,334220,3663, , ,B-,CA,AXESSTEL INC,AXST
126775, , ,8/31/13,San Diego,Axesstel Inc,4520,452010,45,45201020,D,USA,334220,3663, , ,B-,CA,AXESSTEL INC,AXST
126775, , ,9/30/13,San Diego,Axesstel Inc,4520,452010,45,45201020,D,USA,334220,3663, , ,B-,CA,AXESSTEL INC,AXST
126775, , ,10/31/13,San Diego,Axesstel Inc,4520,452010,45,45201020,D,USA,334220,3663, , ,B-,CA,AXESSTEL INC,AXST
127655, , ,1/31/10,Calgary,Advanced ID Corp,4520,452030,45,45203010,D,CAN,334413,3674, , , ,AB,ADVANCED ID CORP,AIDO
127655, , ,2/28/10,Calgary,Advanced ID Corp,4520,452030,45,45203010,D,CAN,334413,3674, , , ,AB,ADVANCED ID CORP,AIDO
127655, , ,3/31/10,Calgary,Advanced ID Corp,4520,452030,45,45203010,D,CAN,334413,3674, , , ,AB,ADVANCED ID CORP,AIDO
127655, , ,4/30/10,Calgary,Advanced ID Corp,4520,452030,45,45203010,D,CAN,334413,3674, , , ,AB,ADVANCED ID CORP,AIDO
127655, , ,5/31/10,Calgary,Advanced ID Corp,4520,452030,45,45203010,D,CAN,334413,3674, , , ,AB,ADVANCED ID CORP,AIDO
127655, , ,6/30/10,Calgary,Advanced ID Corp,4520,452030,45,45203010,D,CAN,334413,3674, , , ,AB,ADVANCED ID CORP,AIDO
127655, , ,7/31/10,Calgary,Advanced ID Corp,4520,452030,45,45203010,D,CAN,334413,3674, , , ,AB,ADVANCED ID CORP,AIDO
127655, , ,8/31/10,Calgary,Advanced ID Corp,4520,452030,45,45203010,D,CAN,334413,3674, , , ,AB,ADVANCED ID CORP,AIDO
127655, , ,9/30/10,Calgary,Advanced ID Corp,4520,452030,45,45203010,D,CAN,334413,3674, , , ,AB,ADVANCED ID CORP,AIDO
127655, , ,10/31/10,Calgary,Advanced ID Corp,4520,452030,45,45203010,D,CAN,334413,3674, , , ,AB,ADVANCED ID CORP,AIDO
127655, , ,11/30/10,Calgary,Advanced ID Corp,4520,452030,45,45203010,D,CAN,334413,3674, , , ,AB,ADVANCED ID CORP,AIDO
127655, , ,12/31/10,Calgary,Advanced ID Corp,4520,452030,45,45203010,D,CAN,334413,3674, , , ,AB,ADVANCED ID CORP,AIDO
127655, , ,1/31/11,Calgary,Advanced ID Corp,4520,452030,45,45203010,D,CAN,334413,3674, , , ,AB,ADVANCED ID CORP,AIDO
127655, , ,2/28/11,Calgary,Advanced ID Corp,4520,452030,45,45203010,D,CAN,334413,3674, , , ,AB,ADVANCED ID CORP,AIDO
127655, , ,3/31/11,Calgary,Advanced ID Corp,4520,452030,45,45203010,D,CAN,334413,3674, , , ,AB,ADVANCED ID CORP,AIDO
127655, , ,4/30/11,Calgary,Advanced ID Corp,4520,452030,45,45203010,D,CAN,334413,3674, , , ,AB,ADVANCED ID CORP,AIDO
127655, , ,5/31/11,Calgary,Advanced ID Corp,4520,452030,45,45203010,D,CAN,334413,3674, , , ,AB,ADVANCED ID CORP,AIDO
127655, , ,6/30/11,Calgary,Advanced ID Corp,4520,452030,45,45203010,D,CAN,334413,3674, , , ,AB,ADVANCED ID CORP,AIDO
127655, , ,7/31/11,Calgary,Advanced ID Corp,4520,452030,45,45203010,D,CAN,334413,3674, , , ,AB,ADVANCED ID CORP,AIDO
127655, , ,8/31/11,Calgary,Advanced ID Corp,4520,452030,45,45203010,D,CAN,334413,3674, , , ,AB,ADVANCED ID CORP,AIDO
127655, , ,9/30/11,Calgary,Advanced ID Corp,4520,452030,45,45203010,D,CAN,334413,3674, , , ,AB,ADVANCED ID CORP,AIDO
127655, , ,10/31/11,Calgary,Advanced ID Corp,4520,452030,45,45203010,D,CAN,334413,3674, , , ,AB,ADVANCED ID CORP,AIDO
127655, , ,11/30/11,Calgary,Advanced ID Corp,4520,452030,45,45203010,D,CAN,334413,3674, , , ,AB,ADVANCED ID CORP,AIDO
127655, , ,12/31/11,Calgary,Advanced ID Corp,4520,452030,45,45203010,D,CAN,334413,3674, , , ,AB,ADVANCED ID CORP,AIDO
127655, , ,1/31/12,Calgary,Advanced ID Corp,4520,452030,45,45203010,D,CAN,334413,3674, , , ,AB,ADVANCED ID CORP,AIDO
127655, , ,2/29/12,Calgary,Advanced ID Corp,4520,452030,45,45203010,D,CAN,334413,3674, , , ,AB,ADVANCED ID CORP,AIDO
127655, , ,3/31/12,Calgary,Advanced ID Corp,4520,452030,45,45203010,D,CAN,334413,3674, , , ,AB,ADVANCED ID CORP,AIDO
127655, , ,4/30/12,Calgary,Advanced ID Corp,4520,452030,45,45203010,D,CAN,334413,3674, , , ,AB,ADVANCED ID CORP,AIDO
127655, , ,5/31/12,Calgary,Advanced ID Corp,4520,452030,45,45203010,D,CAN,334413,3674, , , ,AB,ADVANCED ID CORP,AIDO
127655, , ,6/30/12,Calgary,Advanced ID Corp,4520,452030,45,45203010,D,CAN,334413,3674, , , ,AB,ADVANCED ID CORP,AIDO
127655, , ,7/31/12,Calgary,Advanced ID Corp,4520,452030,45,45203010,D,CAN,334413,3674, , , ,AB,ADVANCED ID CORP,AIDO
127655, , ,8/31/12,Calgary,Advanced ID Corp,4520,452030,45,45203010,D,CAN,334413,3674, , , ,AB,ADVANCED ID CORP,AIDO
127655, , ,9/30/12,Calgary,Advanced ID Corp,4520,452030,45,45203010,D,CAN,334413,3674, , , ,AB,ADVANCED ID CORP,AIDO
127655, , ,10/31/12,Calgary,Advanced ID Corp,4520,452030,45,45203010,D,CAN,334413,3674, , , ,AB,ADVANCED ID CORP,AIDO
127655, , ,11/30/12,Calgary,Advanced ID Corp,4520,452030,45,45203010,D,CAN,334413,3674, , , ,AB,ADVANCED ID CORP,AIDO
127655, , ,12/31/12,Calgary,Advanced ID Corp,4520,452030,45,45203010,D,CAN,334413,3674, , , ,AB,ADVANCED ID CORP,AIDO
127655, , ,1/31/13,Calgary,Advanced ID Corp,4520,452030,45,45203010,D,CAN,334413,3674, , , ,AB,ADVANCED ID CORP,AIDO
127655, , ,2/28/13,Calgary,Advanced ID Corp,4520,452030,45,45203010,D,CAN,334413,3674, , , ,AB,ADVANCED ID CORP,AIDO
127655, , ,3/31/13,Calgary,Advanced ID Corp,4520,452030,45,45203010,D,CAN,334413,3674, , , ,AB,ADVANCED ID CORP,AIDO
128121, , ,1/31/10,Ottawa,Wi-LAN Inc,4520,452010,45,45201020,D,CAN,334118,3576,190,940, ,ON,WI-LAN INC,WILN
128121, , ,2/28/10,Ottawa,Wi-LAN Inc,4520,452010,45,45201020,D,CAN,334118,3576,190,940, ,ON,WI-LAN INC,WILN
128121, , ,3/31/10,Ottawa,Wi-LAN Inc,4520,452010,45,45201020,D,CAN,334118,3576,190,940, ,ON,WI-LAN INC,WILN
128121, , ,4/30/10,Ottawa,Wi-LAN Inc,4520,452010,45,45201020,D,CAN,334118,3576,190,940, ,ON,WI-LAN INC,WILN
128121, , ,5/31/10,Ottawa,Wi-LAN Inc,4520,452010,45,45201020,D,CAN,334118,3576,190,940, ,ON,WI-LAN INC,WILN
128121, , ,6/30/10,Ottawa,Wi-LAN Inc,4520,452010,45,45201020,D,CAN,334118,3576,190,940, ,ON,WI-LAN INC,WILN
128121, , ,7/31/10,Ottawa,Wi-LAN Inc,4520,452010,45,45201020,D,CAN,334118,3576,190,940, ,ON,WI-LAN INC,WILN
128121, , ,8/31/10,Ottawa,Wi-LAN Inc,4520,452010,45,45201020,D,CAN,334118,3576,190,940, ,ON,WI-LAN INC,WILN
128121, , ,9/30/10,Ottawa,Wi-LAN Inc,4520,452010,45,45201020,D,CAN,334118,3576,190,940, ,ON,WI-LAN INC,WILN
128121, , ,10/31/10,Ottawa,Wi-LAN Inc,4520,452010,45,45201020,D,CAN,334118,3576,190,940, ,ON,WI-LAN INC,WILN
128121, , ,11/30/10,Ottawa,Wi-LAN Inc,4520,452010,45,45201020,D,CAN,334118,3576,190,940, ,ON,WI-LAN INC,WILN
128121, , ,12/31/10,Ottawa,Wi-LAN Inc,4520,452010,45,45201020,D,CAN,334118,3576,190,940, ,ON,WI-LAN INC,WILN
128121, , ,1/31/11,Ottawa,Wi-LAN Inc,4520,452010,45,45201020,D,CAN,334118,3576,190,940, ,ON,WI-LAN INC,WILN
128121, , ,2/28/11,Ottawa,Wi-LAN Inc,4520,452010,45,45201020,D,CAN,334118,3576,190,940, ,ON,WI-LAN INC,WILN
128121, , ,3/31/11,Ottawa,Wi-LAN Inc,4520,452010,45,45201020,D,CAN,334118,3576,190,940, ,ON,WI-LAN INC,WILN
128121, , ,4/30/11,Ottawa,Wi-LAN Inc,4520,452010,45,45201020,D,CAN,334118,3576,190,940, ,ON,WI-LAN INC,WILN
128121, , ,5/31/11,Ottawa,Wi-LAN Inc,4520,452010,45,45201020,D,CAN,334118,3576,190,940, ,ON,WI-LAN INC,WILN
128121, , ,6/30/11,Ottawa,Wi-LAN Inc,4520,452010,45,45201020,D,CAN,334118,3576,190,940, ,ON,WI-LAN INC,WILN
128121, , ,7/31/11,Ottawa,Wi-LAN Inc,4520,452010,45,45201020,D,CAN,334118,3576,190,940, ,ON,WI-LAN INC,WILN
128121, , ,8/31/11,Ottawa,Wi-LAN Inc,4520,452010,45,45201020,D,CAN,334118,3576,190,940, ,ON,WI-LAN INC,WILN
128121, , ,9/30/11,Ottawa,Wi-LAN Inc,4520,452010,45,45201020,D,CAN,334118,3576,190,940, ,ON,WI-LAN INC,WILN
128121, , ,10/31/11,Ottawa,Wi-LAN Inc,4520,452010,45,45201020,D,CAN,334118,3576,190,940, ,ON,WI-LAN INC,WILN
128121, , ,11/30/11,Ottawa,Wi-LAN Inc,4520,452010,45,45201020,D,CAN,334118,3576,190,940, ,ON,WI-LAN INC,WILN
128121, , ,12/31/11,Ottawa,Wi-LAN Inc,4520,452010,45,45201020,D,CAN,334118,3576,190,940, ,ON,WI-LAN INC,WILN
128121, , ,1/31/12,Ottawa,Wi-LAN Inc,4520,452010,45,45201020,D,CAN,334118,3576,190,940, ,ON,WI-LAN INC,WILN
128121, , ,2/29/12,Ottawa,Wi-LAN Inc,4520,452010,45,45201020,D,CAN,334118,3576,190,940, ,ON,WI-LAN INC,WILN
128121, , ,3/31/12,Ottawa,Wi-LAN Inc,4520,452010,45,45201020,D,CAN,334118,3576,190,940, ,ON,WI-LAN INC,WILN
128121, , ,4/30/12,Ottawa,Wi-LAN Inc,4520,452010,45,45201020,D,CAN,334118,3576,190,940, ,ON,WI-LAN INC,WILN
128121, , ,5/31/12,Ottawa,Wi-LAN Inc,4520,452010,45,45201020,D,CAN,334118,3576,190,940, ,ON,WI-LAN INC,WILN
128121, , ,6/30/12,Ottawa,Wi-LAN Inc,4520,452010,45,45201020,D,CAN,334118,3576,190,940, ,ON,WI-LAN INC,WILN
128121, , ,7/31/12,Ottawa,Wi-LAN Inc,4520,452010,45,45201020,D,CAN,334118,3576,190,940, ,ON,WI-LAN INC,WILN
128121, , ,8/31/12,Ottawa,Wi-LAN Inc,4520,452010,45,45201020,D,CAN,334118,3576,190,940, ,ON,WI-LAN INC,WILN
128121, , ,9/30/12,Ottawa,Wi-LAN Inc,4520,452010,45,45201020,D,CAN,334118,3576,190,940, ,ON,WI-LAN INC,WILN
128121, , ,10/31/12,Ottawa,Wi-LAN Inc,4520,452010,45,45201020,D,CAN,334118,3576,190,940, ,ON,WI-LAN INC,WILN
128121, , ,11/30/12,Ottawa,Wi-LAN Inc,4520,452010,45,45201020,D,CAN,334118,3576,190,940, ,ON,WI-LAN INC,WILN
128121, , ,12/31/12,Ottawa,Wi-LAN Inc,4520,452010,45,45201020,D,CAN,334118,3576,190,940, ,ON,WI-LAN INC,WILN
128121, , ,1/31/13,Ottawa,Wi-LAN Inc,4520,452010,45,45201020,D,CAN,334118,3576,190,940, ,ON,WI-LAN INC,WILN
128121, , ,2/28/13,Ottawa,Wi-LAN Inc,4520,452010,45,45201020,D,CAN,334118,3576,190,940, ,ON,WI-LAN INC,WILN
128121, , ,3/31/13,Ottawa,Wi-LAN Inc,4520,452010,45,45201020,D,CAN,334118,3576,190,940, ,ON,WI-LAN INC,WILN
128121, , ,4/30/13,Ottawa,Wi-LAN Inc,4520,452010,45,45201020,D,CAN,334118,3576,190,940, ,ON,WI-LAN INC,WILN
128121, , ,5/31/13,Ottawa,Wi-LAN Inc,4520,452010,45,45201020,D,CAN,334118,3576,190,940, ,ON,WI-LAN INC,WILN
128121, , ,6/30/13,Ottawa,Wi-LAN Inc,4520,452010,45,45201020,D,CAN,334118,3576,190,940, ,ON,WI-LAN INC,WILN
128121, , ,7/31/13,Ottawa,Wi-LAN Inc,4520,452010,45,45201020,D,CAN,334118,3576,190,940, ,ON,WI-LAN INC,WILN
128121, , ,8/31/13,Ottawa,Wi-LAN Inc,4520,452010,45,45201020,D,CAN,334118,3576,190,940, ,ON,WI-LAN INC,WILN
128121, , ,9/30/13,Ottawa,Wi-LAN Inc,4520,452010,45,45201020,D,CAN,334118,3576,190,940, ,ON,WI-LAN INC,WILN
128121, , ,10/31/13,Ottawa,Wi-LAN Inc,4520,452010,45,45201020,D,CAN,334118,3576,190,940, ,ON,WI-LAN INC,WILN
129120, , ,1/31/10,Milpitas,Proxim Wireless Corp,4520,452010,45,45201020,D,USA,334220,3663,180,940,C,CA,PROXIM WIRELESS CORP,PRXM
129120, , ,2/28/10,Milpitas,Proxim Wireless Corp,4520,452010,45,45201020,D,USA,334220,3663,180,940,C,CA,PROXIM WIRELESS CORP,PRXM
129120, , ,3/31/10,Milpitas,Proxim Wireless Corp,4520,452010,45,45201020,D,USA,334220,3663,180,940,C,CA,PROXIM WIRELESS CORP,PRXM
129120, , ,4/30/10,Milpitas,Proxim Wireless Corp,4520,452010,45,45201020,D,USA,334220,3663,180,940,C,CA,PROXIM WIRELESS CORP,PRXM
129120, , ,5/31/10,Milpitas,Proxim Wireless Corp,4520,452010,45,45201020,D,USA,334220,3663,180,940,C,CA,PROXIM WIRELESS CORP,PRXM
129120, , ,6/30/10,Milpitas,Proxim Wireless Corp,4520,452010,45,45201020,D,USA,334220,3663,180,940,C,CA,PROXIM WIRELESS CORP,PRXM
129120, , ,7/31/10,Milpitas,Proxim Wireless Corp,4520,452010,45,45201020,D,USA,334220,3663,180,940,C,CA,PROXIM WIRELESS CORP,PRXM
129120, , ,8/31/10,Milpitas,Proxim Wireless Corp,4520,452010,45,45201020,D,USA,334220,3663,180,940,C,CA,PROXIM WIRELESS CORP,PRXM
129120, , ,9/30/10,Milpitas,Proxim Wireless Corp,4520,452010,45,45201020,D,USA,334220,3663,180,940,C,CA,PROXIM WIRELESS CORP,PRXM
129120, , ,10/31/10,Milpitas,Proxim Wireless Corp,4520,452010,45,45201020,D,USA,334220,3663,180,940,C,CA,PROXIM WIRELESS CORP,PRXM
129120, , ,11/30/10,Milpitas,Proxim Wireless Corp,4520,452010,45,45201020,D,USA,334220,3663,180,940,C,CA,PROXIM WIRELESS CORP,PRXM
129120, , ,12/31/10,Milpitas,Proxim Wireless Corp,4520,452010,45,45201020,D,USA,334220,3663,180,940,C,CA,PROXIM WIRELESS CORP,PRXM
129120, , ,1/31/11,Milpitas,Proxim Wireless Corp,4520,452010,45,45201020,D,USA,334220,3663,180,940,C,CA,PROXIM WIRELESS CORP,PRXM
129120, , ,2/28/11,Milpitas,Proxim Wireless Corp,4520,452010,45,45201020,D,USA,334220,3663,180,940,C,CA,PROXIM WIRELESS CORP,PRXM
129120, , ,3/31/11,Milpitas,Proxim Wireless Corp,4520,452010,45,45201020,D,USA,334220,3663,180,940,C,CA,PROXIM WIRELESS CORP,PRXM
129120, , ,4/30/11,Milpitas,Proxim Wireless Corp,4520,452010,45,45201020,D,USA,334220,3663,180,940,C,CA,PROXIM WIRELESS CORP,PRXM
129120, , ,5/31/11,Milpitas,Proxim Wireless Corp,4520,452010,45,45201020,D,USA,334220,3663,180,940,C,CA,PROXIM WIRELESS CORP,PRXM
129120, , ,6/30/11,Milpitas,Proxim Wireless Corp,4520,452010,45,45201020,D,USA,334220,3663,180,940,C,CA,PROXIM WIRELESS CORP,PRXM
129120, , ,7/31/11,Milpitas,Proxim Wireless Corp,4520,452010,45,45201020,D,USA,334220,3663,180,940,C,CA,PROXIM WIRELESS CORP,PRXM
129120, , ,8/31/11,Milpitas,Proxim Wireless Corp,4520,452010,45,45201020,D,USA,334220,3663,180,940,C,CA,PROXIM WIRELESS CORP,PRXM
129120, , ,9/30/11,Milpitas,Proxim Wireless Corp,4520,452010,45,45201020,D,USA,334220,3663,180,940,C,CA,PROXIM WIRELESS CORP,PRXM
129120, , ,10/31/11,Milpitas,Proxim Wireless Corp,4520,452010,45,45201020,D,USA,334220,3663,180,940,C,CA,PROXIM WIRELESS CORP,PRXM
129120, , ,11/30/11,Milpitas,Proxim Wireless Corp,4520,452010,45,45201020,D,USA,334220,3663,180,940,C,CA,PROXIM WIRELESS CORP,PRXM
129120, , ,12/31/11,Milpitas,Proxim Wireless Corp,4520,452010,45,45201020,D,USA,334220,3663,180,940,C,CA,PROXIM WIRELESS CORP,PRXM
129120, , ,1/31/12,Milpitas,Proxim Wireless Corp,4520,452010,45,45201020,D,USA,334220,3663,180,940,C,CA,PROXIM WIRELESS CORP,PRXM
129120, , ,2/29/12,Milpitas,Proxim Wireless Corp,4520,452010,45,45201020,D,USA,334220,3663,180,940,C,CA,PROXIM WIRELESS CORP,PRXM
129120, , ,3/31/12,Milpitas,Proxim Wireless Corp,4520,452010,45,45201020,D,USA,334220,3663,180,940,C,CA,PROXIM WIRELESS CORP,PRXM
129120, , ,4/30/12,Milpitas,Proxim Wireless Corp,4520,452010,45,45201020,D,USA,334220,3663,180,940,C,CA,PROXIM WIRELESS CORP,PRXM
129120, , ,5/31/12,Milpitas,Proxim Wireless Corp,4520,452010,45,45201020,D,USA,334220,3663,180,940,C,CA,PROXIM WIRELESS CORP,PRXM
129120, , ,6/30/12,Milpitas,Proxim Wireless Corp,4520,452010,45,45201020,D,USA,334220,3663,180,940,C,CA,PROXIM WIRELESS CORP,PRXM
129120, , ,7/31/12,Milpitas,Proxim Wireless Corp,4520,452010,45,45201020,D,USA,334220,3663,180,940,C,CA,PROXIM WIRELESS CORP,PRXM
129120, , ,8/31/12,Milpitas,Proxim Wireless Corp,4520,452010,45,45201020,D,USA,334220,3663,180,940,C,CA,PROXIM WIRELESS CORP,PRXM
129120, , ,9/30/12,Milpitas,Proxim Wireless Corp,4520,452010,45,45201020,D,USA,334220,3663,180,940,C,CA,PROXIM WIRELESS CORP,PRXM
129120, , ,10/31/12,Milpitas,Proxim Wireless Corp,4520,452010,45,45201020,D,USA,334220,3663,180,940,C,CA,PROXIM WIRELESS CORP,PRXM
129120, , ,11/30/12,Milpitas,Proxim Wireless Corp,4520,452010,45,45201020,D,USA,334220,3663,180,940,C,CA,PROXIM WIRELESS CORP,PRXM
129120, , ,12/31/12,Milpitas,Proxim Wireless Corp,4520,452010,45,45201020,D,USA,334220,3663,180,940,C,CA,PROXIM WIRELESS CORP,PRXM
129120, , ,1/31/13,Milpitas,Proxim Wireless Corp,4520,452010,45,45201020,D,USA,334220,3663,180,940,C,CA,PROXIM WIRELESS CORP,PRXM
129120, , ,2/28/13,Milpitas,Proxim Wireless Corp,4520,452010,45,45201020,D,USA,334220,3663,180,940,C,CA,PROXIM WIRELESS CORP,PRXM
129120, , ,3/31/13,Milpitas,Proxim Wireless Corp,4520,452010,45,45201020,D,USA,334220,3663,180,940,C,CA,PROXIM WIRELESS CORP,PRXM
129120, , ,4/30/13,Milpitas,Proxim Wireless Corp,4520,452010,45,45201020,D,USA,334220,3663,180,940,C,CA,PROXIM WIRELESS CORP,PRXM
129120, , ,5/31/13,Milpitas,Proxim Wireless Corp,4520,452010,45,45201020,D,USA,334220,3663,180,940,C,CA,PROXIM WIRELESS CORP,PRXM
129120, , ,6/30/13,Milpitas,Proxim Wireless Corp,4520,452010,45,45201020,D,USA,334220,3663,180,940,C,CA,PROXIM WIRELESS CORP,PRXM
129120, , ,7/31/13,Milpitas,Proxim Wireless Corp,4520,452010,45,45201020,D,USA,334220,3663,180,940,C,CA,PROXIM WIRELESS CORP,PRXM
129120, , ,8/31/13,Milpitas,Proxim Wireless Corp,4520,452010,45,45201020,D,USA,334220,3663,180,940,C,CA,PROXIM WIRELESS CORP,PRXM
129120, , ,9/30/13,Milpitas,Proxim Wireless Corp,4520,452010,45,45201020,D,USA,334220,3663,180,940,C,CA,PROXIM WIRELESS CORP,PRXM
129120, , ,10/31/13,Milpitas,Proxim Wireless Corp,4520,452010,45,45201020,D,USA,334220,3663,180,940,C,CA,PROXIM WIRELESS CORP,PRXM
129469, , ,1/31/10,Corinth,eOn Communications Corp,4520,452010,45,45201020,D,USA,517911,4899,463,974,B,MS,EON COMMUNICATIONS CORP,EONC
129469, , ,2/28/10,Corinth,eOn Communications Corp,4520,452010,45,45201020,D,USA,517911,4899,463,974,B,MS,EON COMMUNICATIONS CORP,EONC
129469, , ,3/31/10,Corinth,eOn Communications Corp,4520,452010,45,45201020,D,USA,517911,4899,463,974,B,MS,EON COMMUNICATIONS CORP,EONC
129469, , ,4/30/10,Corinth,eOn Communications Corp,4520,452010,45,45201020,D,USA,517911,4899,463,974,B,MS,EON COMMUNICATIONS CORP,EONC
129469, , ,5/31/10,Corinth,eOn Communications Corp,4520,452010,45,45201020,D,USA,517911,4899,463,974,B,MS,EON COMMUNICATIONS CORP,EONC
129469, , ,6/30/10,Corinth,eOn Communications Corp,4520,452010,45,45201020,D,USA,517911,4899,463,974,B,MS,EON COMMUNICATIONS CORP,EONC
129469, , ,7/31/10,Corinth,eOn Communications Corp,4520,452010,45,45201020,D,USA,517911,4899,463,974,B,MS,EON COMMUNICATIONS CORP,EONC
129469, , ,8/31/10,Corinth,eOn Communications Corp,4520,452010,45,45201020,D,USA,517911,4899,463,974,B,MS,EON COMMUNICATIONS CORP,EONC
129469, , ,9/30/10,Corinth,eOn Communications Corp,4520,452010,45,45201020,D,USA,517911,4899,463,974,B,MS,EON COMMUNICATIONS CORP,EONC
129469, , ,10/31/10,Corinth,eOn Communications Corp,4520,452010,45,45201020,D,USA,517911,4899,463,974,B,MS,EON COMMUNICATIONS CORP,EONC
129469, , ,11/30/10,Corinth,eOn Communications Corp,4520,452010,45,45201020,D,USA,517911,4899,463,974,B,MS,EON COMMUNICATIONS CORP,EONC
129469, , ,12/31/10,Corinth,eOn Communications Corp,4520,452010,45,45201020,D,USA,517911,4899,463,974,B,MS,EON COMMUNICATIONS CORP,EONC
129469, , ,1/31/11,Corinth,eOn Communications Corp,4520,452010,45,45201020,D,USA,517911,4899,463,974,B,MS,EON COMMUNICATIONS CORP,EONC
129469, , ,2/28/11,Corinth,eOn Communications Corp,4520,452010,45,45201020,D,USA,517911,4899,463,974,B,MS,EON COMMUNICATIONS CORP,EONC
129469, , ,3/31/11,Corinth,eOn Communications Corp,4520,452010,45,45201020,D,USA,517911,4899,463,974,B,MS,EON COMMUNICATIONS CORP,EONC
129469, , ,4/30/11,Corinth,eOn Communications Corp,4520,452010,45,45201020,D,USA,517911,4899,463,974,B,MS,EON COMMUNICATIONS CORP,EONC
129469, , ,5/31/11,Corinth,eOn Communications Corp,4520,452010,45,45201020,D,USA,517911,4899,463,974,B,MS,EON COMMUNICATIONS CORP,EONC
129469, , ,6/30/11,Corinth,eOn Communications Corp,4520,452010,45,45201020,D,USA,517911,4899,463,974,B,MS,EON COMMUNICATIONS CORP,EONC
129469, , ,7/31/11,Corinth,eOn Communications Corp,4520,452010,45,45201020,D,USA,517911,4899,463,974,B,MS,EON COMMUNICATIONS CORP,EONC
129469, , ,8/31/11,Corinth,eOn Communications Corp,4520,452010,45,45201020,D,USA,517911,4899,463,974,B,MS,EON COMMUNICATIONS CORP,EONC
129469, , ,9/30/11,Corinth,eOn Communications Corp,4520,452010,45,45201020,D,USA,517911,4899,463,974,B,MS,EON COMMUNICATIONS CORP,EONC
129469, , ,10/31/11,Corinth,eOn Communications Corp,4520,452010,45,45201020,D,USA,517911,4899,463,974,B,MS,EON COMMUNICATIONS CORP,EONC
129469, , ,11/30/11,Corinth,eOn Communications Corp,4520,452010,45,45201020,D,USA,517911,4899,463,974,B,MS,EON COMMUNICATIONS CORP,EONC
129469, , ,12/31/11,Corinth,eOn Communications Corp,4520,452010,45,45201020,D,USA,517911,4899,463,974,B,MS,EON COMMUNICATIONS CORP,EONC
129469, , ,1/31/12,Corinth,eOn Communications Corp,4520,452010,45,45201020,D,USA,517911,4899,463,974,B,MS,EON COMMUNICATIONS CORP,EONC
129469, , ,2/29/12,Corinth,eOn Communications Corp,4520,452010,45,45201020,D,USA,517911,4899,463,974,B,MS,EON COMMUNICATIONS CORP,EONC
129469, , ,3/31/12,Corinth,eOn Communications Corp,4520,452010,45,45201020,D,USA,517911,4899,463,974,B,MS,EON COMMUNICATIONS CORP,EONC
129469, , ,4/30/12,Corinth,eOn Communications Corp,4520,452010,45,45201020,D,USA,517911,4899,463,974,B,MS,EON COMMUNICATIONS CORP,EONC
129469, , ,5/31/12,Corinth,eOn Communications Corp,4520,452010,45,45201020,D,USA,517911,4899,463,974,B,MS,EON COMMUNICATIONS CORP,EONC
129469, , ,6/30/12,Corinth,eOn Communications Corp,4520,452010,45,45201020,D,USA,517911,4899,463,974,B,MS,EON COMMUNICATIONS CORP,EONC
129469, , ,7/31/12,Corinth,eOn Communications Corp,4520,452010,45,45201020,D,USA,517911,4899,463,974,B,MS,EON COMMUNICATIONS CORP,EONC
129469, , ,8/31/12,Corinth,eOn Communications Corp,4520,452010,45,45201020,D,USA,517911,4899,463,974,B,MS,EON COMMUNICATIONS CORP,EONC
129469, , ,9/30/12,Corinth,eOn Communications Corp,4520,452010,45,45201020,D,USA,517911,4899,463,974,B,MS,EON COMMUNICATIONS CORP,EONC
129469, , ,10/31/12,Corinth,eOn Communications Corp,4520,452010,45,45201020,D,USA,517911,4899,463,974,B,MS,EON COMMUNICATIONS CORP,EONC
129469, , ,11/30/12,Corinth,eOn Communications Corp,4520,452010,45,45201020,D,USA,517911,4899,463,974,B,MS,EON COMMUNICATIONS CORP,EONC
129469, , ,12/31/12,Corinth,eOn Communications Corp,4520,452010,45,45201020,D,USA,517911,4899,463,974,B,MS,EON COMMUNICATIONS CORP,EONC
129469, , ,1/31/13,Corinth,eOn Communications Corp,4520,452010,45,45201020,D,USA,517911,4899,463,974,B,MS,EON COMMUNICATIONS CORP,EONC
129469, , ,2/28/13,Corinth,eOn Communications Corp,4520,452010,45,45201020,D,USA,517911,4899,463,974,B,MS,EON COMMUNICATIONS CORP,EONC
129469, , ,3/31/13,Corinth,eOn Communications Corp,4520,452010,45,45201020,D,USA,517911,4899,463,974,B,MS,EON COMMUNICATIONS CORP,EONC
129469, , ,4/30/13,Corinth,eOn Communications Corp,4520,452010,45,45201020,D,USA,517911,4899,463,974,B,MS,EON COMMUNICATIONS CORP,EONC
129469, , ,5/31/13,Corinth,eOn Communications Corp,4520,452010,45,45201020,D,USA,517911,4899,463,974,B,MS,EON COMMUNICATIONS CORP,EONC
129469, , ,6/30/13,Corinth,eOn Communications Corp,4520,452010,45,45201020,D,USA,517911,4899,463,974,B,MS,EON COMMUNICATIONS CORP,EONC
129469, , ,7/31/13,Corinth,eOn Communications Corp,4520,452010,45,45201020,D,USA,517911,4899,463,974,B,MS,EON COMMUNICATIONS CORP,EONC
129469, , ,8/31/13,Corinth,eOn Communications Corp,4520,452010,45,45201020,D,USA,517911,4899,463,974,B,MS,EON COMMUNICATIONS CORP,EONC
129469, , ,9/30/13,Corinth,eOn Communications Corp,4520,452010,45,45201020,D,USA,517911,4899,463,974,B,MS,EON COMMUNICATIONS CORP,EONC
129469, , ,10/31/13,Corinth,eOn Communications Corp,4520,452010,45,45201020,D,USA,517911,4899,463,974,B,MS,EON COMMUNICATIONS CORP,EONC
132407, , ,1/31/10,Los Gatos,Home Director Inc,4520,452010,45,45201020,D,USA,334290,3669, , , ,CA,HOME DIRECTOR INC,HMDO
132407, , ,2/28/10,Los Gatos,Home Director Inc,4520,452010,45,45201020,D,USA,334290,3669, , , ,CA,HOME DIRECTOR INC,HMDO
132407, , ,3/31/10,Los Gatos,Home Director Inc,4520,452010,45,45201020,D,USA,334290,3669, , , ,CA,HOME DIRECTOR INC,HMDO
132407, , ,4/30/10,Los Gatos,Home Director Inc,4520,452010,45,45201020,D,USA,334290,3669, , , ,CA,HOME DIRECTOR INC,HMDO
132407, , ,5/31/10,Los Gatos,Home Director Inc,4520,452010,45,45201020,D,USA,334290,3669, , , ,CA,HOME DIRECTOR INC,HMDO
132407, , ,6/30/10,Los Gatos,Home Director Inc,4520,452010,45,45201020,D,USA,334290,3669, , , ,CA,HOME DIRECTOR INC,HMDO
132407, , ,7/31/10,Los Gatos,Home Director Inc,4520,452010,45,45201020,D,USA,334290,3669, , , ,CA,HOME DIRECTOR INC,HMDO
132407, , ,8/31/10,Los Gatos,Home Director Inc,4520,452010,45,45201020,D,USA,334290,3669, , , ,CA,HOME DIRECTOR INC,HMDO
132407, , ,9/30/10,Los Gatos,Home Director Inc,4520,452010,45,45201020,D,USA,334290,3669, , , ,CA,HOME DIRECTOR INC,HMDO
132407, , ,10/31/10,Los Gatos,Home Director Inc,4520,452010,45,45201020,D,USA,334290,3669, , , ,CA,HOME DIRECTOR INC,HMDO
132407, , ,11/30/10,Los Gatos,Home Director Inc,4520,452010,45,45201020,D,USA,334290,3669, , , ,CA,HOME DIRECTOR INC,HMDO
132407, , ,12/31/10,Los Gatos,Home Director Inc,4520,452010,45,45201020,D,USA,334290,3669, , , ,CA,HOME DIRECTOR INC,HMDO
132407, , ,1/31/11,Los Gatos,Home Director Inc,4520,452010,45,45201020,D,USA,334290,3669, , , ,CA,HOME DIRECTOR INC,HMDO
132407, , ,2/28/11,Los Gatos,Home Director Inc,4520,452010,45,45201020,D,USA,334290,3669, , , ,CA,HOME DIRECTOR INC,HMDO
132407, , ,3/31/11,Los Gatos,Home Director Inc,4520,452010,45,45201020,D,USA,334290,3669, , , ,CA,HOME DIRECTOR INC,HMDO
132407, , ,4/30/11,Los Gatos,Home Director Inc,4520,452010,45,45201020,D,USA,334290,3669, , , ,CA,HOME DIRECTOR INC,HMDO
132407, , ,5/31/11,Los Gatos,Home Director Inc,4520,452010,45,45201020,D,USA,334290,3669, , , ,CA,HOME DIRECTOR INC,HMDO
132407, , ,6/30/11,Los Gatos,Home Director Inc,4520,452010,45,45201020,D,USA,334290,3669, , , ,CA,HOME DIRECTOR INC,HMDO
132407, , ,7/31/11,Los Gatos,Home Director Inc,4520,452010,45,45201020,D,USA,334290,3669, , , ,CA,HOME DIRECTOR INC,HMDO
132407, , ,8/31/11,Los Gatos,Home Director Inc,4520,452010,45,45201020,D,USA,334290,3669, , , ,CA,HOME DIRECTOR INC,HMDO
132407, , ,9/30/11,Los Gatos,Home Director Inc,4520,452010,45,45201020,D,USA,334290,3669, , , ,CA,HOME DIRECTOR INC,HMDO
132407, , ,10/31/11,Los Gatos,Home Director Inc,4520,452010,45,45201020,D,USA,334290,3669, , , ,CA,HOME DIRECTOR INC,HMDO
132407, , ,11/30/11,Los Gatos,Home Director Inc,4520,452010,45,45201020,D,USA,334290,3669, , , ,CA,HOME DIRECTOR INC,HMDO
132407, , ,12/31/11,Los Gatos,Home Director Inc,4520,452010,45,45201020,D,USA,334290,3669, , , ,CA,HOME DIRECTOR INC,HMDO
132407, , ,1/31/12,Los Gatos,Home Director Inc,4520,452010,45,45201020,D,USA,334290,3669, , , ,CA,HOME DIRECTOR INC,HMDO
132407, , ,2/29/12,Los Gatos,Home Director Inc,4520,452010,45,45201020,D,USA,334290,3669, , , ,CA,HOME DIRECTOR INC,HMDO
132407, , ,3/31/12,Los Gatos,Home Director Inc,4520,452010,45,45201020,D,USA,334290,3669, , , ,CA,HOME DIRECTOR INC,HMDO
132407, , ,4/30/12,Los Gatos,Home Director Inc,4520,452010,45,45201020,D,USA,334290,3669, , , ,CA,HOME DIRECTOR INC,HMDO
132407, , ,5/31/12,Los Gatos,Home Director Inc,4520,452010,45,45201020,D,USA,334290,3669, , , ,CA,HOME DIRECTOR INC,HMDO
132407, , ,6/30/12,Los Gatos,Home Director Inc,4520,452010,45,45201020,D,USA,334290,3669, , , ,CA,HOME DIRECTOR INC,HMDO
132407, , ,7/31/12,Los Gatos,Home Director Inc,4520,452010,45,45201020,D,USA,334290,3669, , , ,CA,HOME DIRECTOR INC,HMDO
132407, , ,8/31/12,Los Gatos,Home Director Inc,4520,452010,45,45201020,D,USA,334290,3669, , , ,CA,HOME DIRECTOR INC,HMDO
132407, , ,9/30/12,Los Gatos,Home Director Inc,4520,452010,45,45201020,D,USA,334290,3669, , , ,CA,HOME DIRECTOR INC,HMDO
132407, , ,10/31/12,Los Gatos,Home Director Inc,4520,452010,45,45201020,D,USA,334290,3669, , , ,CA,HOME DIRECTOR INC,HMDO
132407, , ,11/30/12,Los Gatos,Home Director Inc,4520,452010,45,45201020,D,USA,334290,3669, , , ,CA,HOME DIRECTOR INC,HMDO
132407, , ,12/31/12,Los Gatos,Home Director Inc,4520,452010,45,45201020,D,USA,334290,3669, , , ,CA,HOME DIRECTOR INC,HMDO
132502,CCC+, ,1/31/10,Sunnyvale,Palm Inc,4520,452010,45,45201020,D,USA,334111,3571,190,940,C,CA,PALM INC,PALM
132502,CCC+, ,2/28/10,Sunnyvale,Palm Inc,4520,452010,45,45201020,D,USA,334111,3571,190,940,C,CA,PALM INC,PALM
132502,CCC+, ,3/31/10,Sunnyvale,Palm Inc,4520,452010,45,45201020,D,USA,334111,3571,190,940,C,CA,PALM INC,PALM
132502,CCC+, ,4/30/10,Sunnyvale,Palm Inc,4520,452010,45,45201020,D,USA,334111,3571,190,940,C,CA,PALM INC,PALM
132502,CCC+, ,5/31/10,Sunnyvale,Palm Inc,4520,452010,45,45201020,D,USA,334111,3571,190,940,C,CA,PALM INC,PALM
132502,CCC+, ,6/30/10,Sunnyvale,Palm Inc,4520,452010,45,45201020,D,USA,334111,3571,190,940,C,CA,PALM INC,PALM
132502, , ,7/31/10,Sunnyvale,Palm Inc,4520,452010,45,45201020,D,USA,334111,3571,190,940,C,CA,PALM INC,PALM
132525, , ,1/31/10,Hong Kong,Utstarcom Holdings Corp,4520,452010,45,45201020,B,CHN,334220,3663,180,940,B, ,UTSTARCOM HOLDINGS CORP,UTSI
132525, , ,2/28/10,Hong Kong,Utstarcom Holdings Corp,4520,452010,45,45201020,B,CHN,334220,3663,180,940,B, ,UTSTARCOM HOLDINGS CORP,UTSI
132525, , ,3/31/10,Hong Kong,Utstarcom Holdings Corp,4520,452010,45,45201020,B,CHN,334220,3663,180,940,B, ,UTSTARCOM HOLDINGS CORP,UTSI
132525, , ,4/30/10,Hong Kong,Utstarcom Holdings Corp,4520,452010,45,45201020,B,CHN,334220,3663,180,940,B, ,UTSTARCOM HOLDINGS CORP,UTSI
132525, , ,5/31/10,Hong Kong,Utstarcom Holdings Corp,4520,452010,45,45201020,B,CHN,334220,3663,180,940,B, ,UTSTARCOM HOLDINGS CORP,UTSI
132525, , ,6/30/10,Hong Kong,Utstarcom Holdings Corp,4520,452010,45,45201020,B,CHN,334220,3663,180,940,B, ,UTSTARCOM HOLDINGS CORP,UTSI
132525, , ,7/31/10,Hong Kong,Utstarcom Holdings Corp,4520,452010,45,45201020,B,CHN,334220,3663,180,940,B, ,UTSTARCOM HOLDINGS CORP,UTSI
132525, , ,8/31/10,Hong Kong,Utstarcom Holdings Corp,4520,452010,45,45201020,B,CHN,334220,3663,180,940,B, ,UTSTARCOM HOLDINGS CORP,UTSI
132525, , ,9/30/10,Hong Kong,Utstarcom Holdings Corp,4520,452010,45,45201020,B,CHN,334220,3663,180,940,B, ,UTSTARCOM HOLDINGS CORP,UTSI
132525, , ,10/31/10,Hong Kong,Utstarcom Holdings Corp,4520,452010,45,45201020,B,CHN,334220,3663,180,940,B, ,UTSTARCOM HOLDINGS CORP,UTSI
132525, , ,11/30/10,Hong Kong,Utstarcom Holdings Corp,4520,452010,45,45201020,B,CHN,334220,3663,180,940,B, ,UTSTARCOM HOLDINGS CORP,UTSI
132525, , ,12/31/10,Hong Kong,Utstarcom Holdings Corp,4520,452010,45,45201020,B,CHN,334220,3663,180,940,B, ,UTSTARCOM HOLDINGS CORP,UTSI
132525, , ,1/31/11,Hong Kong,Utstarcom Holdings Corp,4520,452010,45,45201020,B,CHN,334220,3663,180,940,B, ,UTSTARCOM HOLDINGS CORP,UTSI
132525, , ,2/28/11,Hong Kong,Utstarcom Holdings Corp,4520,452010,45,45201020,B,CHN,334220,3663,180,940,B, ,UTSTARCOM HOLDINGS CORP,UTSI
132525, , ,3/31/11,Hong Kong,Utstarcom Holdings Corp,4520,452010,45,45201020,B,CHN,334220,3663,180,940,B, ,UTSTARCOM HOLDINGS CORP,UTSI
132525, , ,4/30/11,Hong Kong,Utstarcom Holdings Corp,4520,452010,45,45201020,B,CHN,334220,3663,180,940,B, ,UTSTARCOM HOLDINGS CORP,UTSI
132525, , ,5/31/11,Hong Kong,Utstarcom Holdings Corp,4520,452010,45,45201020,B,CHN,334220,3663,180,940,B, ,UTSTARCOM HOLDINGS CORP,UTSI
132525, , ,6/30/11,Hong Kong,Utstarcom Holdings Corp,4520,452010,45,45201020,B,CHN,334220,3663,180,940,B, ,UTSTARCOM HOLDINGS CORP,UTSI
132525, , ,7/31/11,Hong Kong,Utstarcom Holdings Corp,4520,452010,45,45201020,B,CHN,334220,3663,180,940,B, ,UTSTARCOM HOLDINGS CORP,UTSI
132525, , ,8/31/11,Hong Kong,Utstarcom Holdings Corp,4520,452010,45,45201020,B,CHN,334220,3663,180,940,B, ,UTSTARCOM HOLDINGS CORP,UTSI
132525, , ,9/30/11,Hong Kong,Utstarcom Holdings Corp,4520,452010,45,45201020,B,CHN,334220,3663,180,940,B, ,UTSTARCOM HOLDINGS CORP,UTSI
132525, , ,10/31/11,Hong Kong,Utstarcom Holdings Corp,4520,452010,45,45201020,B,CHN,334220,3663,180,940,B, ,UTSTARCOM HOLDINGS CORP,UTSI
132525, , ,11/30/11,Hong Kong,Utstarcom Holdings Corp,4520,452010,45,45201020,B,CHN,334220,3663,180,940,B, ,UTSTARCOM HOLDINGS CORP,UTSI
132525, , ,12/31/11,Hong Kong,Utstarcom Holdings Corp,4520,452010,45,45201020,B,CHN,334220,3663,180,940,B, ,UTSTARCOM HOLDINGS CORP,UTSI
132525, , ,1/31/12,Hong Kong,Utstarcom Holdings Corp,4520,452010,45,45201020,B,CHN,334220,3663,180,940,B, ,UTSTARCOM HOLDINGS CORP,UTSI
132525, , ,2/29/12,Hong Kong,Utstarcom Holdings Corp,4520,452010,45,45201020,B,CHN,334220,3663,180,940,B, ,UTSTARCOM HOLDINGS CORP,UTSI
132525, , ,3/31/12,Hong Kong,Utstarcom Holdings Corp,4520,452010,45,45201020,B,CHN,334220,3663,180,940,B, ,UTSTARCOM HOLDINGS CORP,UTSI
132525, , ,4/30/12,Hong Kong,Utstarcom Holdings Corp,4520,452010,45,45201020,B,CHN,334220,3663,180,940,B, ,UTSTARCOM HOLDINGS CORP,UTSI
132525, , ,5/31/12,Hong Kong,Utstarcom Holdings Corp,4520,452010,45,45201020,B,CHN,334220,3663,180,940,B, ,UTSTARCOM HOLDINGS CORP,UTSI
132525, , ,6/30/12,Hong Kong,Utstarcom Holdings Corp,4520,452010,45,45201020,B,CHN,334220,3663,180,940,B, ,UTSTARCOM HOLDINGS CORP,UTSI
132525, , ,7/31/12,Hong Kong,Utstarcom Holdings Corp,4520,452010,45,45201020,B,CHN,334220,3663,180,940,B, ,UTSTARCOM HOLDINGS CORP,UTSI
132525, , ,8/31/12,Hong Kong,Utstarcom Holdings Corp,4520,452010,45,45201020,B,CHN,334220,3663,180,940,B, ,UTSTARCOM HOLDINGS CORP,UTSI
132525, , ,9/30/12,Hong Kong,Utstarcom Holdings Corp,4520,452010,45,45201020,B,CHN,334220,3663,180,940,B, ,UTSTARCOM HOLDINGS CORP,UTSI
132525, , ,10/31/12,Hong Kong,Utstarcom Holdings Corp,4520,452010,45,45201020,B,CHN,334220,3663,180,940,B, ,UTSTARCOM HOLDINGS CORP,UTSI
132525, , ,11/30/12,Hong Kong,Utstarcom Holdings Corp,4520,452010,45,45201020,B,CHN,334220,3663,180,940,B, ,UTSTARCOM HOLDINGS CORP,UTSI
132525, , ,12/31/12,Hong Kong,Utstarcom Holdings Corp,4520,452010,45,45201020,B,CHN,334220,3663,180,940,B, ,UTSTARCOM HOLDINGS CORP,UTSI
132525, , ,1/31/13,Hong Kong,Utstarcom Holdings Corp,4520,452010,45,45201020,B,CHN,334220,3663,180,940,B, ,UTSTARCOM HOLDINGS CORP,UTSI
132525, , ,2/28/13,Hong Kong,Utstarcom Holdings Corp,4520,452010,45,45201020,B,CHN,334220,3663,180,940,B, ,UTSTARCOM HOLDINGS CORP,UTSI
132525, , ,3/31/13,Hong Kong,Utstarcom Holdings Corp,4520,452010,45,45201020,B,CHN,334220,3663,180,940,B, ,UTSTARCOM HOLDINGS CORP,UTSI
132525, , ,4/30/13,Hong Kong,Utstarcom Holdings Corp,4520,452010,45,45201020,B,CHN,334220,3663,180,940,B, ,UTSTARCOM HOLDINGS CORP,UTSI
132525, , ,5/31/13,Hong Kong,Utstarcom Holdings Corp,4520,452010,45,45201020,B,CHN,334220,3663,180,940,B, ,UTSTARCOM HOLDINGS CORP,UTSI
132525, , ,6/30/13,Hong Kong,Utstarcom Holdings Corp,4520,452010,45,45201020,B,CHN,334220,3663,180,940,B, ,UTSTARCOM HOLDINGS CORP,UTSI
132525, , ,7/31/13,Hong Kong,Utstarcom Holdings Corp,4520,452010,45,45201020,B,CHN,334220,3663,180,940,B, ,UTSTARCOM HOLDINGS CORP,UTSI
132525, , ,8/31/13,Hong Kong,Utstarcom Holdings Corp,4520,452010,45,45201020,B,CHN,334220,3663,180,940,B, ,UTSTARCOM HOLDINGS CORP,UTSI
132525, , ,9/30/13,Hong Kong,Utstarcom Holdings Corp,4520,452010,45,45201020,B,CHN,334220,3663,180,940,B, ,UTSTARCOM HOLDINGS CORP,UTSI
132525, , ,10/31/13,Hong Kong,Utstarcom Holdings Corp,4520,452010,45,45201020,B,CHN,334220,3663,180,940,B, ,UTSTARCOM HOLDINGS CORP,UTSI
132799, , ,1/31/10,Coppell,Costar Technologies Inc,4520,452030,45,45203010,D,USA,334310,3651,185,940,B-,TX,COSTAR TECHNOLOGIES INC,CSTI
132799, , ,2/28/10,Coppell,Costar Technologies Inc,4520,452030,45,45203010,D,USA,334310,3651,185,940,B-,TX,COSTAR TECHNOLOGIES INC,CSTI
132799, , ,3/31/10,Coppell,Costar Technologies Inc,4520,452030,45,45203010,D,USA,334310,3651,185,940,B-,TX,COSTAR TECHNOLOGIES INC,CSTI
132799, , ,4/30/10,Coppell,Costar Technologies Inc,4520,452030,45,45203010,D,USA,334310,3651,185,940,B-,TX,COSTAR TECHNOLOGIES INC,CSTI
132799, , ,5/31/10,Coppell,Costar Technologies Inc,4520,452030,45,45203010,D,USA,334310,3651,185,940,B-,TX,COSTAR TECHNOLOGIES INC,CSTI
132799, , ,6/30/10,Coppell,Costar Technologies Inc,4520,452030,45,45203010,D,USA,334310,3651,185,940,B-,TX,COSTAR TECHNOLOGIES INC,CSTI
132799, , ,7/31/10,Coppell,Costar Technologies Inc,4520,452030,45,45203010,D,USA,334310,3651,185,940,B-,TX,COSTAR TECHNOLOGIES INC,CSTI
132799, , ,8/31/10,Coppell,Costar Technologies Inc,4520,452030,45,45203010,D,USA,334310,3651,185,940,B-,TX,COSTAR TECHNOLOGIES INC,CSTI
132799, , ,9/30/10,Coppell,Costar Technologies Inc,4520,452030,45,45203010,D,USA,334310,3651,185,940,B-,TX,COSTAR TECHNOLOGIES INC,CSTI
132799, , ,10/31/10,Coppell,Costar Technologies Inc,4520,452030,45,45203010,D,USA,334310,3651,185,940,B-,TX,COSTAR TECHNOLOGIES INC,CSTI
132799, , ,11/30/10,Coppell,Costar Technologies Inc,4520,452030,45,45203010,D,USA,334310,3651,185,940,B-,TX,COSTAR TECHNOLOGIES INC,CSTI
132799, , ,12/31/10,Coppell,Costar Technologies Inc,4520,452030,45,45203010,D,USA,334310,3651,185,940,B-,TX,COSTAR TECHNOLOGIES INC,CSTI
132799, , ,1/31/11,Coppell,Costar Technologies Inc,4520,452030,45,45203010,D,USA,334310,3651,185,940,B-,TX,COSTAR TECHNOLOGIES INC,CSTI
132799, , ,2/28/11,Coppell,Costar Technologies Inc,4520,452030,45,45203010,D,USA,334310,3651,185,940,B-,TX,COSTAR TECHNOLOGIES INC,CSTI
132799, , ,3/31/11,Coppell,Costar Technologies Inc,4520,452030,45,45203010,D,USA,334310,3651,185,940,B-,TX,COSTAR TECHNOLOGIES INC,CSTI
132799, , ,4/30/11,Coppell,Costar Technologies Inc,4520,452030,45,45203010,D,USA,334310,3651,185,940,B-,TX,COSTAR TECHNOLOGIES INC,CSTI
132799, , ,5/31/11,Coppell,Costar Technologies Inc,4520,452030,45,45203010,D,USA,334310,3651,185,940,B-,TX,COSTAR TECHNOLOGIES INC,CSTI
132799, , ,6/30/11,Coppell,Costar Technologies Inc,4520,452030,45,45203010,D,USA,334310,3651,185,940,B-,TX,COSTAR TECHNOLOGIES INC,CSTI
132799, , ,7/31/11,Coppell,Costar Technologies Inc,4520,452030,45,45203010,D,USA,334310,3651,185,940,B-,TX,COSTAR TECHNOLOGIES INC,CSTI
132799, , ,8/31/11,Coppell,Costar Technologies Inc,4520,452030,45,45203010,D,USA,334310,3651,185,940,B-,TX,COSTAR TECHNOLOGIES INC,CSTI
132799, , ,9/30/11,Coppell,Costar Technologies Inc,4520,452030,45,45203010,D,USA,334310,3651,185,940,B-,TX,COSTAR TECHNOLOGIES INC,CSTI
132799, , ,10/31/11,Coppell,Costar Technologies Inc,4520,452030,45,45203010,D,USA,334310,3651,185,940,B-,TX,COSTAR TECHNOLOGIES INC,CSTI
132799, , ,11/30/11,Coppell,Costar Technologies Inc,4520,452030,45,45203010,D,USA,334310,3651,185,940,B-,TX,COSTAR TECHNOLOGIES INC,CSTI
132799, , ,12/31/11,Coppell,Costar Technologies Inc,4520,452030,45,45203010,D,USA,334310,3651,185,940,B-,TX,COSTAR TECHNOLOGIES INC,CSTI
132799, , ,1/31/12,Coppell,Costar Technologies Inc,4520,452030,45,45203010,D,USA,334310,3651,185,940,B-,TX,COSTAR TECHNOLOGIES INC,CSTI
132799, , ,2/29/12,Coppell,Costar Technologies Inc,4520,452030,45,45203010,D,USA,334310,3651,185,940,B-,TX,COSTAR TECHNOLOGIES INC,CSTI
132799, , ,3/31/12,Coppell,Costar Technologies Inc,4520,452030,45,45203010,D,USA,334310,3651,185,940,B-,TX,COSTAR TECHNOLOGIES INC,CSTI
132799, , ,4/30/12,Coppell,Costar Technologies Inc,4520,452030,45,45203010,D,USA,334310,3651,185,940,B-,TX,COSTAR TECHNOLOGIES INC,CSTI
132799, , ,5/31/12,Coppell,Costar Technologies Inc,4520,452030,45,45203010,D,USA,334310,3651,185,940,B-,TX,COSTAR TECHNOLOGIES INC,CSTI
132799, , ,6/30/12,Coppell,Costar Technologies Inc,4520,452030,45,45203010,D,USA,334310,3651,185,940,B-,TX,COSTAR TECHNOLOGIES INC,CSTI
132799, , ,7/31/12,Coppell,Costar Technologies Inc,4520,452030,45,45203010,D,USA,334310,3651,185,940,B-,TX,COSTAR TECHNOLOGIES INC,CSTI
132799, , ,8/31/12,Coppell,Costar Technologies Inc,4520,452030,45,45203010,D,USA,334310,3651,185,940,B-,TX,COSTAR TECHNOLOGIES INC,CSTI
132799, , ,9/30/12,Coppell,Costar Technologies Inc,4520,452030,45,45203010,D,USA,334310,3651,185,940,B-,TX,COSTAR TECHNOLOGIES INC,CSTI
132799, , ,10/31/12,Coppell,Costar Technologies Inc,4520,452030,45,45203010,D,USA,334310,3651,185,940,B-,TX,COSTAR TECHNOLOGIES INC,CSTI
132799, , ,11/30/12,Coppell,Costar Technologies Inc,4520,452030,45,45203010,D,USA,334310,3651,185,940,B-,TX,COSTAR TECHNOLOGIES INC,CSTI
132799, , ,12/31/12,Coppell,Costar Technologies Inc,4520,452030,45,45203010,D,USA,334310,3651,185,940,B-,TX,COSTAR TECHNOLOGIES INC,CSTI
132799, , ,1/31/13,Coppell,Costar Technologies Inc,4520,452030,45,45203010,D,USA,334310,3651,185,940,B-,TX,COSTAR TECHNOLOGIES INC,CSTI
132799, , ,2/28/13,Coppell,Costar Technologies Inc,4520,452030,45,45203010,D,USA,334310,3651,185,940,B-,TX,COSTAR TECHNOLOGIES INC,CSTI
132799, , ,3/31/13,Coppell,Costar Technologies Inc,4520,452030,45,45203010,D,USA,334310,3651,185,940,B-,TX,COSTAR TECHNOLOGIES INC,CSTI
132799, , ,4/30/13,Coppell,Costar Technologies Inc,4520,452030,45,45203010,D,USA,334310,3651,185,940,B-,TX,COSTAR TECHNOLOGIES INC,CSTI
132799, , ,5/31/13,Coppell,Costar Technologies Inc,4520,452030,45,45203010,D,USA,334310,3651,185,940,B-,TX,COSTAR TECHNOLOGIES INC,CSTI
132799, , ,6/30/13,Coppell,Costar Technologies Inc,4520,452030,45,45203010,D,USA,334310,3651,185,940,B-,TX,COSTAR TECHNOLOGIES INC,CSTI
132799, , ,7/31/13,Coppell,Costar Technologies Inc,4520,452030,45,45203010,D,USA,334310,3651,185,940,B-,TX,COSTAR TECHNOLOGIES INC,CSTI
132799, , ,8/31/13,Coppell,Costar Technologies Inc,4520,452030,45,45203010,D,USA,334310,3651,185,940,B-,TX,COSTAR TECHNOLOGIES INC,CSTI
132799, , ,9/30/13,Coppell,Costar Technologies Inc,4520,452030,45,45203010,D,USA,334310,3651,185,940,B-,TX,COSTAR TECHNOLOGIES INC,CSTI
132799, , ,10/31/13,Coppell,Costar Technologies Inc,4520,452030,45,45203010,D,USA,334310,3651,185,940,B-,TX,COSTAR TECHNOLOGIES INC,CSTI
133304, , ,1/31/10,Tel Aviv,Alvarion Ltd,4520,452010,45,45201020,B,ISR,334418,3661,180,940, , ,ALVARION LTD,ALVRQ
133304, , ,2/28/10,Tel Aviv,Alvarion Ltd,4520,452010,45,45201020,B,ISR,334418,3661,180,940, , ,ALVARION LTD,ALVRQ
133304, , ,3/31/10,Tel Aviv,Alvarion Ltd,4520,452010,45,45201020,B,ISR,334418,3661,180,940, , ,ALVARION LTD,ALVRQ
133304, , ,4/30/10,Tel Aviv,Alvarion Ltd,4520,452010,45,45201020,B,ISR,334418,3661,180,940, , ,ALVARION LTD,ALVRQ
133304, , ,5/31/10,Tel Aviv,Alvarion Ltd,4520,452010,45,45201020,B,ISR,334418,3661,180,940, , ,ALVARION LTD,ALVRQ
133304, , ,6/30/10,Tel Aviv,Alvarion Ltd,4520,452010,45,45201020,B,ISR,334418,3661,180,940, , ,ALVARION LTD,ALVRQ
133304, , ,7/31/10,Tel Aviv,Alvarion Ltd,4520,452010,45,45201020,B,ISR,334418,3661,180,940, , ,ALVARION LTD,ALVRQ
133304, , ,8/31/10,Tel Aviv,Alvarion Ltd,4520,452010,45,45201020,B,ISR,334418,3661,180,940, , ,ALVARION LTD,ALVRQ
133304, , ,9/30/10,Tel Aviv,Alvarion Ltd,4520,452010,45,45201020,B,ISR,334418,3661,180,940, , ,ALVARION LTD,ALVRQ
133304, , ,10/31/10,Tel Aviv,Alvarion Ltd,4520,452010,45,45201020,B,ISR,334418,3661,180,940, , ,ALVARION LTD,ALVRQ
133304, , ,11/30/10,Tel Aviv,Alvarion Ltd,4520,452010,45,45201020,B,ISR,334418,3661,180,940, , ,ALVARION LTD,ALVRQ
133304, , ,12/31/10,Tel Aviv,Alvarion Ltd,4520,452010,45,45201020,B,ISR,334418,3661,180,940, , ,ALVARION LTD,ALVRQ
133304, , ,1/31/11,Tel Aviv,Alvarion Ltd,4520,452010,45,45201020,B,ISR,334418,3661,180,940, , ,ALVARION LTD,ALVRQ
133304, , ,2/28/11,Tel Aviv,Alvarion Ltd,4520,452010,45,45201020,B,ISR,334418,3661,180,940, , ,ALVARION LTD,ALVRQ
133304, , ,3/31/11,Tel Aviv,Alvarion Ltd,4520,452010,45,45201020,B,ISR,334418,3661,180,940, , ,ALVARION LTD,ALVRQ
133304, , ,4/30/11,Tel Aviv,Alvarion Ltd,4520,452010,45,45201020,B,ISR,334418,3661,180,940, , ,ALVARION LTD,ALVRQ
133304, , ,5/31/11,Tel Aviv,Alvarion Ltd,4520,452010,45,45201020,B,ISR,334418,3661,180,940, , ,ALVARION LTD,ALVRQ
133304, , ,6/30/11,Tel Aviv,Alvarion Ltd,4520,452010,45,45201020,B,ISR,334418,3661,180,940, , ,ALVARION LTD,ALVRQ
133304, , ,7/31/11,Tel Aviv,Alvarion Ltd,4520,452010,45,45201020,B,ISR,334418,3661,180,940, , ,ALVARION LTD,ALVRQ
133304, , ,8/31/11,Tel Aviv,Alvarion Ltd,4520,452010,45,45201020,B,ISR,334418,3661,180,940, , ,ALVARION LTD,ALVRQ
133304, , ,9/30/11,Tel Aviv,Alvarion Ltd,4520,452010,45,45201020,B,ISR,334418,3661,180,940, , ,ALVARION LTD,ALVRQ
133304, , ,10/31/11,Tel Aviv,Alvarion Ltd,4520,452010,45,45201020,B,ISR,334418,3661,180,940, , ,ALVARION LTD,ALVRQ
133304, , ,11/30/11,Tel Aviv,Alvarion Ltd,4520,452010,45,45201020,B,ISR,334418,3661,180,940, , ,ALVARION LTD,ALVRQ
133304, , ,12/31/11,Tel Aviv,Alvarion Ltd,4520,452010,45,45201020,B,ISR,334418,3661,180,940, , ,ALVARION LTD,ALVRQ
133304, , ,1/31/12,Tel Aviv,Alvarion Ltd,4520,452010,45,45201020,B,ISR,334418,3661,180,940, , ,ALVARION LTD,ALVRQ
133304, , ,2/29/12,Tel Aviv,Alvarion Ltd,4520,452010,45,45201020,B,ISR,334418,3661,180,940, , ,ALVARION LTD,ALVRQ
133304, , ,3/31/12,Tel Aviv,Alvarion Ltd,4520,452010,45,45201020,B,ISR,334418,3661,180,940, , ,ALVARION LTD,ALVRQ
133304, , ,4/30/12,Tel Aviv,Alvarion Ltd,4520,452010,45,45201020,B,ISR,334418,3661,180,940, , ,ALVARION LTD,ALVRQ
133304, , ,5/31/12,Tel Aviv,Alvarion Ltd,4520,452010,45,45201020,B,ISR,334418,3661,180,940, , ,ALVARION LTD,ALVRQ
133304, , ,6/30/12,Tel Aviv,Alvarion Ltd,4520,452010,45,45201020,B,ISR,334418,3661,180,940, , ,ALVARION LTD,ALVRQ
133304, , ,7/31/12,Tel Aviv,Alvarion Ltd,4520,452010,45,45201020,B,ISR,334418,3661,180,940, , ,ALVARION LTD,ALVRQ
133304, , ,8/31/12,Tel Aviv,Alvarion Ltd,4520,452010,45,45201020,B,ISR,334418,3661,180,940, , ,ALVARION LTD,ALVRQ
133304, , ,9/30/12,Tel Aviv,Alvarion Ltd,4520,452010,45,45201020,B,ISR,334418,3661,180,940, , ,ALVARION LTD,ALVRQ
133304, , ,10/31/12,Tel Aviv,Alvarion Ltd,4520,452010,45,45201020,B,ISR,334418,3661,180,940, , ,ALVARION LTD,ALVRQ
133304, , ,11/30/12,Tel Aviv,Alvarion Ltd,4520,452010,45,45201020,B,ISR,334418,3661,180,940, , ,ALVARION LTD,ALVRQ
133304, , ,12/31/12,Tel Aviv,Alvarion Ltd,4520,452010,45,45201020,B,ISR,334418,3661,180,940, , ,ALVARION LTD,ALVRQ
133304, , ,1/31/13,Tel Aviv,Alvarion Ltd,4520,452010,45,45201020,B,ISR,334418,3661,180,940, , ,ALVARION LTD,ALVRQ
133304, , ,2/28/13,Tel Aviv,Alvarion Ltd,4520,452010,45,45201020,B,ISR,334418,3661,180,940, , ,ALVARION LTD,ALVRQ
133304, , ,3/31/13,Tel Aviv,Alvarion Ltd,4520,452010,45,45201020,B,ISR,334418,3661,180,940, , ,ALVARION LTD,ALVRQ
133304, , ,4/30/13,Tel Aviv,Alvarion Ltd,4520,452010,45,45201020,B,ISR,334418,3661,180,940, , ,ALVARION LTD,ALVRQ
133304, , ,5/31/13,Tel Aviv,Alvarion Ltd,4520,452010,45,45201020,B,ISR,334418,3661,180,940, , ,ALVARION LTD,ALVRQ
133304, , ,6/30/13,Tel Aviv,Alvarion Ltd,4520,452010,45,45201020,B,ISR,334418,3661,180,940, , ,ALVARION LTD,ALVRQ
133304, , ,7/31/13,Tel Aviv,Alvarion Ltd,4520,452010,45,45201020,B,ISR,334418,3661,180,940, , ,ALVARION LTD,ALVRQ
133304, , ,8/31/13,Tel Aviv,Alvarion Ltd,4520,452010,45,45201020,B,ISR,334418,3661,180,940, , ,ALVARION LTD,ALVRQ
133304, , ,9/30/13,Tel Aviv,Alvarion Ltd,4520,452010,45,45201020,B,ISR,334418,3661,180,940, , ,ALVARION LTD,ALVRQ
133304, , ,10/31/13,Tel Aviv,Alvarion Ltd,4520,452010,45,45201020,B,ISR,334418,3661,180,940, , ,ALVARION LTD,ALVRQ
133346, , ,2/29/12,St. Louis,Viasystems Group Inc,4520,452030,45,45203020,D,USA,334412,3672,220,925, ,MO,VIASYSTEMS GROUP INC,VIAS
133346, , ,3/31/12,St. Louis,Viasystems Group Inc,4520,452030,45,45203020,D,USA,334412,3672,220,925, ,MO,VIASYSTEMS GROUP INC,VIAS
133346, , ,4/30/12,St. Louis,Viasystems Group Inc,4520,452030,45,45203020,D,USA,334412,3672,220,925, ,MO,VIASYSTEMS GROUP INC,VIAS
133346, , ,5/31/12,St. Louis,Viasystems Group Inc,4520,452030,45,45203020,D,USA,334412,3672,220,925, ,MO,VIASYSTEMS GROUP INC,VIAS
133346, , ,6/30/12,St. Louis,Viasystems Group Inc,4520,452030,45,45203020,D,USA,334412,3672,220,925, ,MO,VIASYSTEMS GROUP INC,VIAS
133346, , ,7/31/12,St. Louis,Viasystems Group Inc,4520,452030,45,45203020,D,USA,334412,3672,220,925, ,MO,VIASYSTEMS GROUP INC,VIAS
133346, , ,8/31/12,St. Louis,Viasystems Group Inc,4520,452030,45,45203020,D,USA,334412,3672,220,925, ,MO,VIASYSTEMS GROUP INC,VIAS
133346, , ,9/30/12,St. Louis,Viasystems Group Inc,4520,452030,45,45203020,D,USA,334412,3672,220,925, ,MO,VIASYSTEMS GROUP INC,VIAS
133346, , ,10/31/12,St. Louis,Viasystems Group Inc,4520,452030,45,45203020,D,USA,334412,3672,220,925, ,MO,VIASYSTEMS GROUP INC,VIAS
133346, , ,11/30/12,St. Louis,Viasystems Group Inc,4520,452030,45,45203020,D,USA,334412,3672,220,925, ,MO,VIASYSTEMS GROUP INC,VIAS
133346, , ,12/31/12,St. Louis,Viasystems Group Inc,4520,452030,45,45203020,D,USA,334412,3672,220,925, ,MO,VIASYSTEMS GROUP INC,VIAS
133346, , ,1/31/13,St. Louis,Viasystems Group Inc,4520,452030,45,45203020,D,USA,334412,3672,220,925, ,MO,VIASYSTEMS GROUP INC,VIAS
133346, , ,2/28/13,St. Louis,Viasystems Group Inc,4520,452030,45,45203020,D,USA,334412,3672,220,925, ,MO,VIASYSTEMS GROUP INC,VIAS
133346, , ,3/31/13,St. Louis,Viasystems Group Inc,4520,452030,45,45203020,D,USA,334412,3672,220,925, ,MO,VIASYSTEMS GROUP INC,VIAS
133346, , ,4/30/13,St. Louis,Viasystems Group Inc,4520,452030,45,45203020,D,USA,334412,3672,220,925, ,MO,VIASYSTEMS GROUP INC,VIAS
133346, , ,5/31/13,St. Louis,Viasystems Group Inc,4520,452030,45,45203020,D,USA,334412,3672,220,925, ,MO,VIASYSTEMS GROUP INC,VIAS
133346, , ,6/30/13,St. Louis,Viasystems Group Inc,4520,452030,45,45203020,D,USA,334412,3672,220,925, ,MO,VIASYSTEMS GROUP INC,VIAS
133346, , ,7/31/13,St. Louis,Viasystems Group Inc,4520,452030,45,45203020,D,USA,334412,3672,220,925, ,MO,VIASYSTEMS GROUP INC,VIAS
133346, , ,8/31/13,St. Louis,Viasystems Group Inc,4520,452030,45,45203020,D,USA,334412,3672,220,925, ,MO,VIASYSTEMS GROUP INC,VIAS
133346, , ,9/30/13,St. Louis,Viasystems Group Inc,4520,452030,45,45203020,D,USA,334412,3672,220,925, ,MO,VIASYSTEMS GROUP INC,VIAS
133346, , ,10/31/13,St. Louis,Viasystems Group Inc,4520,452030,45,45203020,D,USA,334412,3672,220,925, ,MO,VIASYSTEMS GROUP INC,VIAS
133944, , ,1/31/10,San Jose,Oclaro Inc,4520,452010,45,45201020,B,USA,334413,3674,235,940,B-,CA,OCLARO INC,OCLR
133944, , ,2/28/10,San Jose,Oclaro Inc,4520,452010,45,45201020,B,USA,334413,3674,235,940,B-,CA,OCLARO INC,OCLR
133944, , ,3/31/10,San Jose,Oclaro Inc,4520,452010,45,45201020,B,USA,334413,3674,235,940,B-,CA,OCLARO INC,OCLR
133944, , ,4/30/10,San Jose,Oclaro Inc,4520,452010,45,45201020,B,USA,334413,3674,235,940,B-,CA,OCLARO INC,OCLR
133944, , ,5/31/10,San Jose,Oclaro Inc,4520,452010,45,45201020,B,USA,334413,3674,235,940,B-,CA,OCLARO INC,OCLR
133944, , ,6/30/10,San Jose,Oclaro Inc,4520,452010,45,45201020,B,USA,334413,3674,235,940,B-,CA,OCLARO INC,OCLR
133944, , ,7/31/10,San Jose,Oclaro Inc,4520,452010,45,45201020,B,USA,334413,3674,235,940,B-,CA,OCLARO INC,OCLR
133944, , ,8/31/10,San Jose,Oclaro Inc,4520,452010,45,45201020,B,USA,334413,3674,235,940,B-,CA,OCLARO INC,OCLR
133944, , ,9/30/10,San Jose,Oclaro Inc,4520,452010,45,45201020,B,USA,334413,3674,235,940,B-,CA,OCLARO INC,OCLR
133944, , ,10/31/10,San Jose,Oclaro Inc,4520,452010,45,45201020,B,USA,334413,3674,235,940,B-,CA,OCLARO INC,OCLR
133944, , ,11/30/10,San Jose,Oclaro Inc,4520,452010,45,45201020,B,USA,334413,3674,235,940,B-,CA,OCLARO INC,OCLR
133944, , ,12/31/10,San Jose,Oclaro Inc,4520,452010,45,45201020,B,USA,334413,3674,235,940,B-,CA,OCLARO INC,OCLR
133944, , ,1/31/11,San Jose,Oclaro Inc,4520,452010,45,45201020,B,USA,334413,3674,235,940,B-,CA,OCLARO INC,OCLR
133944, , ,2/28/11,San Jose,Oclaro Inc,4520,452010,45,45201020,B,USA,334413,3674,235,940,B-,CA,OCLARO INC,OCLR
133944, , ,3/31/11,San Jose,Oclaro Inc,4520,452010,45,45201020,B,USA,334413,3674,235,940,B-,CA,OCLARO INC,OCLR
133944, , ,4/30/11,San Jose,Oclaro Inc,4520,452010,45,45201020,B,USA,334413,3674,235,940,B-,CA,OCLARO INC,OCLR
133944, , ,5/31/11,San Jose,Oclaro Inc,4520,452010,45,45201020,B,USA,334413,3674,235,940,B-,CA,OCLARO INC,OCLR
133944, , ,6/30/11,San Jose,Oclaro Inc,4520,452010,45,45201020,B,USA,334413,3674,235,940,B-,CA,OCLARO INC,OCLR
133944, , ,7/31/11,San Jose,Oclaro Inc,4520,452010,45,45201020,B,USA,334413,3674,235,940,B-,CA,OCLARO INC,OCLR
133944, , ,8/31/11,San Jose,Oclaro Inc,4520,452010,45,45201020,B,USA,334413,3674,235,940,B-,CA,OCLARO INC,OCLR
133944, , ,9/30/11,San Jose,Oclaro Inc,4520,452010,45,45201020,B,USA,334413,3674,235,940,B-,CA,OCLARO INC,OCLR
133944, , ,10/31/11,San Jose,Oclaro Inc,4520,452010,45,45201020,B,USA,334413,3674,235,940,B-,CA,OCLARO INC,OCLR
133944, , ,11/30/11,San Jose,Oclaro Inc,4520,452010,45,45201020,B,USA,334413,3674,235,940,B-,CA,OCLARO INC,OCLR
133944, , ,12/31/11,San Jose,Oclaro Inc,4520,452010,45,45201020,B,USA,334413,3674,235,940,B-,CA,OCLARO INC,OCLR
133944, , ,1/31/12,San Jose,Oclaro Inc,4520,452010,45,45201020,B,USA,334413,3674,235,940,B-,CA,OCLARO INC,OCLR
133944, , ,2/29/12,San Jose,Oclaro Inc,4520,452010,45,45201020,B,USA,334413,3674,235,940,B-,CA,OCLARO INC,OCLR
133944, , ,3/31/12,San Jose,Oclaro Inc,4520,452010,45,45201020,B,USA,334413,3674,235,940,B-,CA,OCLARO INC,OCLR
133944, , ,4/30/12,San Jose,Oclaro Inc,4520,452010,45,45201020,B,USA,334413,3674,235,940,B-,CA,OCLARO INC,OCLR
133944, , ,5/31/12,San Jose,Oclaro Inc,4520,452010,45,45201020,B,USA,334413,3674,235,940,B-,CA,OCLARO INC,OCLR
133944, , ,6/30/12,San Jose,Oclaro Inc,4520,452010,45,45201020,B,USA,334413,3674,235,940,B-,CA,OCLARO INC,OCLR
133944, , ,7/31/12,San Jose,Oclaro Inc,4520,452010,45,45201020,B,USA,334413,3674,235,940,B-,CA,OCLARO INC,OCLR
133944, , ,8/31/12,San Jose,Oclaro Inc,4520,452010,45,45201020,B,USA,334413,3674,235,940,B-,CA,OCLARO INC,OCLR
133944, , ,9/30/12,San Jose,Oclaro Inc,4520,452010,45,45201020,B,USA,334413,3674,235,940,B-,CA,OCLARO INC,OCLR
133944, , ,10/31/12,San Jose,Oclaro Inc,4520,452010,45,45201020,B,USA,334413,3674,235,940,B-,CA,OCLARO INC,OCLR
133944, , ,11/30/12,San Jose,Oclaro Inc,4520,452010,45,45201020,B,USA,334413,3674,235,940,B-,CA,OCLARO INC,OCLR
133944, , ,12/31/12,San Jose,Oclaro Inc,4520,452010,45,45201020,B,USA,334413,3674,235,940,B-,CA,OCLARO INC,OCLR
133944, , ,1/31/13,San Jose,Oclaro Inc,4520,452010,45,45201020,B,USA,334413,3674,235,940,B-,CA,OCLARO INC,OCLR
133944, , ,2/28/13,San Jose,Oclaro Inc,4520,452010,45,45201020,B,USA,334413,3674,235,940,B-,CA,OCLARO INC,OCLR
133944, , ,3/31/13,San Jose,Oclaro Inc,4520,452010,45,45201020,B,USA,334413,3674,235,940,B-,CA,OCLARO INC,OCLR
133944, , ,4/30/13,San Jose,Oclaro Inc,4520,452010,45,45201020,B,USA,334413,3674,235,940,B-,CA,OCLARO INC,OCLR
133944, , ,5/31/13,San Jose,Oclaro Inc,4520,452010,45,45201020,B,USA,334413,3674,235,940,B-,CA,OCLARO INC,OCLR
133944, , ,6/30/13,San Jose,Oclaro Inc,4520,452010,45,45201020,B,USA,334413,3674,235,940,B-,CA,OCLARO INC,OCLR
133944, , ,7/31/13,San Jose,Oclaro Inc,4520,452010,45,45201020,B,USA,334413,3674,235,940,B-,CA,OCLARO INC,OCLR
133944, , ,8/31/13,San Jose,Oclaro Inc,4520,452010,45,45201020,B,USA,334413,3674,235,940,B-,CA,OCLARO INC,OCLR
133944, , ,9/30/13,San Jose,Oclaro Inc,4520,452010,45,45201020,B,USA,334413,3674,235,940,B-,CA,OCLARO INC,OCLR
133944, , ,10/31/13,San Jose,Oclaro Inc,4520,452010,45,45201020,B,USA,334413,3674,235,940,B-,CA,OCLARO INC,OCLR
133945, , ,5/31/12,Anaheim,DDi Corp.,4520,452030,45,45203020,D,USA,334412,3672,220,925, ,CA,DDI CORP,DDIC
133949, , ,1/31/10,Simi Valley,Qualstar Corp,4520,452020,45,45202030,D,USA,334112,3572,188,940,C,CA,QUALSTAR CORP,QBAK
133949, , ,2/28/10,Simi Valley,Qualstar Corp,4520,452020,45,45202030,D,USA,334112,3572,188,940,C,CA,QUALSTAR CORP,QBAK
133949, , ,3/31/10,Simi Valley,Qualstar Corp,4520,452020,45,45202030,D,USA,334112,3572,188,940,C,CA,QUALSTAR CORP,QBAK
133949, , ,4/30/10,Simi Valley,Qualstar Corp,4520,452020,45,45202030,D,USA,334112,3572,188,940,C,CA,QUALSTAR CORP,QBAK
133949, , ,5/31/10,Simi Valley,Qualstar Corp,4520,452020,45,45202030,D,USA,334112,3572,188,940,C,CA,QUALSTAR CORP,QBAK
133949, , ,6/30/10,Simi Valley,Qualstar Corp,4520,452020,45,45202030,D,USA,334112,3572,188,940,C,CA,QUALSTAR CORP,QBAK
133949, , ,7/31/10,Simi Valley,Qualstar Corp,4520,452020,45,45202030,D,USA,334112,3572,188,940,C,CA,QUALSTAR CORP,QBAK
133949, , ,8/31/10,Simi Valley,Qualstar Corp,4520,452020,45,45202030,D,USA,334112,3572,188,940,C,CA,QUALSTAR CORP,QBAK
133949, , ,9/30/10,Simi Valley,Qualstar Corp,4520,452020,45,45202030,D,USA,334112,3572,188,940,C,CA,QUALSTAR CORP,QBAK
133949, , ,10/31/10,Simi Valley,Qualstar Corp,4520,452020,45,45202030,D,USA,334112,3572,188,940,C,CA,QUALSTAR CORP,QBAK
133949, , ,11/30/10,Simi Valley,Qualstar Corp,4520,452020,45,45202030,D,USA,334112,3572,188,940,C,CA,QUALSTAR CORP,QBAK
133949, , ,12/31/10,Simi Valley,Qualstar Corp,4520,452020,45,45202030,D,USA,334112,3572,188,940,C,CA,QUALSTAR CORP,QBAK
133949, , ,1/31/11,Simi Valley,Qualstar Corp,4520,452020,45,45202030,D,USA,334112,3572,188,940,C,CA,QUALSTAR CORP,QBAK
133949, , ,2/28/11,Simi Valley,Qualstar Corp,4520,452020,45,45202030,D,USA,334112,3572,188,940,C,CA,QUALSTAR CORP,QBAK
133949, , ,3/31/11,Simi Valley,Qualstar Corp,4520,452020,45,45202030,D,USA,334112,3572,188,940,C,CA,QUALSTAR CORP,QBAK
133949, , ,4/30/11,Simi Valley,Qualstar Corp,4520,452020,45,45202030,D,USA,334112,3572,188,940,C,CA,QUALSTAR CORP,QBAK
133949, , ,5/31/11,Simi Valley,Qualstar Corp,4520,452020,45,45202030,D,USA,334112,3572,188,940,C,CA,QUALSTAR CORP,QBAK
133949, , ,6/30/11,Simi Valley,Qualstar Corp,4520,452020,45,45202030,D,USA,334112,3572,188,940,C,CA,QUALSTAR CORP,QBAK
133949, , ,7/31/11,Simi Valley,Qualstar Corp,4520,452020,45,45202030,D,USA,334112,3572,188,940,C,CA,QUALSTAR CORP,QBAK
133949, , ,8/31/11,Simi Valley,Qualstar Corp,4520,452020,45,45202030,D,USA,334112,3572,188,940,C,CA,QUALSTAR CORP,QBAK
133949, , ,9/30/11,Simi Valley,Qualstar Corp,4520,452020,45,45202030,D,USA,334112,3572,188,940,C,CA,QUALSTAR CORP,QBAK
133949, , ,10/31/11,Simi Valley,Qualstar Corp,4520,452020,45,45202030,D,USA,334112,3572,188,940,C,CA,QUALSTAR CORP,QBAK
133949, , ,11/30/11,Simi Valley,Qualstar Corp,4520,452020,45,45202030,D,USA,334112,3572,188,940,C,CA,QUALSTAR CORP,QBAK
133949, , ,12/31/11,Simi Valley,Qualstar Corp,4520,452020,45,45202030,D,USA,334112,3572,188,940,C,CA,QUALSTAR CORP,QBAK
133949, , ,1/31/12,Simi Valley,Qualstar Corp,4520,452020,45,45202030,D,USA,334112,3572,188,940,C,CA,QUALSTAR CORP,QBAK
133949, , ,2/29/12,Simi Valley,Qualstar Corp,4520,452020,45,45202030,D,USA,334112,3572,188,940,C,CA,QUALSTAR CORP,QBAK
133949, , ,3/31/12,Simi Valley,Qualstar Corp,4520,452020,45,45202030,D,USA,334112,3572,188,940,C,CA,QUALSTAR CORP,QBAK
133949, , ,4/30/12,Simi Valley,Qualstar Corp,4520,452020,45,45202030,D,USA,334112,3572,188,940,C,CA,QUALSTAR CORP,QBAK
133949, , ,5/31/12,Simi Valley,Qualstar Corp,4520,452020,45,45202030,D,USA,334112,3572,188,940,C,CA,QUALSTAR CORP,QBAK
133949, , ,6/30/12,Simi Valley,Qualstar Corp,4520,452020,45,45202030,D,USA,334112,3572,188,940,C,CA,QUALSTAR CORP,QBAK
133949, , ,7/31/12,Simi Valley,Qualstar Corp,4520,452020,45,45202030,D,USA,334112,3572,188,940,C,CA,QUALSTAR CORP,QBAK
133949, , ,8/31/12,Simi Valley,Qualstar Corp,4520,452020,45,45202030,D,USA,334112,3572,188,940,C,CA,QUALSTAR CORP,QBAK
133949, , ,9/30/12,Simi Valley,Qualstar Corp,4520,452020,45,45202030,D,USA,334112,3572,188,940,C,CA,QUALSTAR CORP,QBAK
133949, , ,10/31/12,Simi Valley,Qualstar Corp,4520,452020,45,45202030,D,USA,334112,3572,188,940,C,CA,QUALSTAR CORP,QBAK
133949, , ,11/30/12,Simi Valley,Qualstar Corp,4520,452020,45,45202030,D,USA,334112,3572,188,940,C,CA,QUALSTAR CORP,QBAK
133949, , ,12/31/12,Simi Valley,Qualstar Corp,4520,452020,45,45202030,D,USA,334112,3572,188,940,C,CA,QUALSTAR CORP,QBAK
133949, , ,1/31/13,Simi Valley,Qualstar Corp,4520,452020,45,45202030,D,USA,334112,3572,188,940,C,CA,QUALSTAR CORP,QBAK
133949, , ,2/28/13,Simi Valley,Qualstar Corp,4520,452020,45,45202030,D,USA,334112,3572,188,940,C,CA,QUALSTAR CORP,QBAK
133949, , ,3/31/13,Simi Valley,Qualstar Corp,4520,452020,45,45202030,D,USA,334112,3572,188,940,C,CA,QUALSTAR CORP,QBAK
133949, , ,4/30/13,Simi Valley,Qualstar Corp,4520,452020,45,45202030,D,USA,334112,3572,188,940,C,CA,QUALSTAR CORP,QBAK
133949, , ,5/31/13,Simi Valley,Qualstar Corp,4520,452020,45,45202030,D,USA,334112,3572,188,940,C,CA,QUALSTAR CORP,QBAK
133949, , ,6/30/13,Simi Valley,Qualstar Corp,4520,452020,45,45202030,D,USA,334112,3572,188,940,C,CA,QUALSTAR CORP,QBAK
133949, , ,7/31/13,Simi Valley,Qualstar Corp,4520,452020,45,45202030,D,USA,334112,3572,188,940,C,CA,QUALSTAR CORP,QBAK
133949, , ,8/31/13,Simi Valley,Qualstar Corp,4520,452020,45,45202030,D,USA,334112,3572,188,940,C,CA,QUALSTAR CORP,QBAK
133949, , ,9/30/13,Simi Valley,Qualstar Corp,4520,452020,45,45202030,D,USA,334112,3572,188,940,C,CA,QUALSTAR CORP,QBAK
133949, , ,10/31/13,Simi Valley,Qualstar Corp,4520,452020,45,45202030,D,USA,334112,3572,188,940,C,CA,QUALSTAR CORP,QBAK
134384, , ,1/31/10,Santa Ana,STEC Inc,4520,452020,45,45202020,D,USA,334112,3572,188,940,C,CA,STEC INC,STEC
134384, , ,2/28/10,Santa Ana,STEC Inc,4520,452020,45,45202020,D,USA,334112,3572,188,940,C,CA,STEC INC,STEC
134384, , ,3/31/10,Santa Ana,STEC Inc,4520,452020,45,45202020,D,USA,334112,3572,188,940,C,CA,STEC INC,STEC
134384, , ,4/30/10,Santa Ana,STEC Inc,4520,452020,45,45202020,D,USA,334112,3572,188,940,C,CA,STEC INC,STEC
134384, , ,5/31/10,Santa Ana,STEC Inc,4520,452020,45,45202020,D,USA,334112,3572,188,940,C,CA,STEC INC,STEC
134384, , ,6/30/10,Santa Ana,STEC Inc,4520,452020,45,45202020,D,USA,334112,3572,188,940,C,CA,STEC INC,STEC
134384, , ,7/31/10,Santa Ana,STEC Inc,4520,452020,45,45202020,D,USA,334112,3572,188,940,C,CA,STEC INC,STEC
134384, , ,8/31/10,Santa Ana,STEC Inc,4520,452020,45,45202020,D,USA,334112,3572,188,940,C,CA,STEC INC,STEC
134384, , ,9/30/10,Santa Ana,STEC Inc,4520,452020,45,45202020,D,USA,334112,3572,188,940,C,CA,STEC INC,STEC
134384, , ,10/31/10,Santa Ana,STEC Inc,4520,452020,45,45202020,D,USA,334112,3572,188,940,C,CA,STEC INC,STEC
134384, , ,11/30/10,Santa Ana,STEC Inc,4520,452020,45,45202020,D,USA,334112,3572,188,940,C,CA,STEC INC,STEC
134384, , ,12/31/10,Santa Ana,STEC Inc,4520,452020,45,45202020,D,USA,334112,3572,188,940,C,CA,STEC INC,STEC
134384, , ,1/31/11,Santa Ana,STEC Inc,4520,452020,45,45202020,D,USA,334112,3572,188,940,C,CA,STEC INC,STEC
134384, , ,2/28/11,Santa Ana,STEC Inc,4520,452020,45,45202020,D,USA,334112,3572,188,940,C,CA,STEC INC,STEC
134384, , ,3/31/11,Santa Ana,STEC Inc,4520,452020,45,45202020,D,USA,334112,3572,188,940,C,CA,STEC INC,STEC
134384, , ,4/30/11,Santa Ana,STEC Inc,4520,452020,45,45202020,D,USA,334112,3572,188,940,C,CA,STEC INC,STEC
134384, , ,5/31/11,Santa Ana,STEC Inc,4520,452020,45,45202020,D,USA,334112,3572,188,940,C,CA,STEC INC,STEC
134384, , ,6/30/11,Santa Ana,STEC Inc,4520,452020,45,45202020,D,USA,334112,3572,188,940,C,CA,STEC INC,STEC
134384, , ,7/31/11,Santa Ana,STEC Inc,4520,452020,45,45202020,D,USA,334112,3572,188,940,C,CA,STEC INC,STEC
134384, , ,8/31/11,Santa Ana,STEC Inc,4520,452020,45,45202020,D,USA,334112,3572,188,940,C,CA,STEC INC,STEC
134384, , ,9/30/11,Santa Ana,STEC Inc,4520,452020,45,45202020,D,USA,334112,3572,188,940,C,CA,STEC INC,STEC
134384, , ,10/31/11,Santa Ana,STEC Inc,4520,452020,45,45202020,D,USA,334112,3572,188,940,C,CA,STEC INC,STEC
134384, , ,11/30/11,Santa Ana,STEC Inc,4520,452020,45,45202020,D,USA,334112,3572,188,940,C,CA,STEC INC,STEC
134384, , ,12/31/11,Santa Ana,STEC Inc,4520,452020,45,45202020,D,USA,334112,3572,188,940,C,CA,STEC INC,STEC
134384, , ,1/31/12,Santa Ana,STEC Inc,4520,452020,45,45202020,D,USA,334112,3572,188,940,C,CA,STEC INC,STEC
134384, , ,2/29/12,Santa Ana,STEC Inc,4520,452020,45,45202020,D,USA,334112,3572,188,940,C,CA,STEC INC,STEC
134384, , ,3/31/12,Santa Ana,STEC Inc,4520,452020,45,45202020,D,USA,334112,3572,188,940,C,CA,STEC INC,STEC
134384, , ,4/30/12,Santa Ana,STEC Inc,4520,452020,45,45202020,D,USA,334112,3572,188,940,C,CA,STEC INC,STEC
134384, , ,5/31/12,Santa Ana,STEC Inc,4520,452020,45,45202020,D,USA,334112,3572,188,940,C,CA,STEC INC,STEC
134384, , ,6/30/12,Santa Ana,STEC Inc,4520,452020,45,45202020,D,USA,334112,3572,188,940,C,CA,STEC INC,STEC
134384, , ,7/31/12,Santa Ana,STEC Inc,4520,452020,45,45202020,D,USA,334112,3572,188,940,C,CA,STEC INC,STEC
134384, , ,8/31/12,Santa Ana,STEC Inc,4520,452020,45,45202020,D,USA,334112,3572,188,940,C,CA,STEC INC,STEC
134384, , ,9/30/12,Santa Ana,STEC Inc,4520,452020,45,45202020,D,USA,334112,3572,188,940,C,CA,STEC INC,STEC
134384, , ,10/31/12,Santa Ana,STEC Inc,4520,452020,45,45202020,D,USA,334112,3572,188,940,C,CA,STEC INC,STEC
134384, , ,11/30/12,Santa Ana,STEC Inc,4520,452020,45,45202020,D,USA,334112,3572,188,940,C,CA,STEC INC,STEC
134384, , ,12/31/12,Santa Ana,STEC Inc,4520,452020,45,45202020,D,USA,334112,3572,188,940,C,CA,STEC INC,STEC
134384, , ,1/31/13,Santa Ana,STEC Inc,4520,452020,45,45202020,D,USA,334112,3572,188,940,C,CA,STEC INC,STEC
134384, , ,2/28/13,Santa Ana,STEC Inc,4520,452020,45,45202020,D,USA,334112,3572,188,940,C,CA,STEC INC,STEC
134384, , ,3/31/13,Santa Ana,STEC Inc,4520,452020,45,45202020,D,USA,334112,3572,188,940,C,CA,STEC INC,STEC
134384, , ,4/30/13,Santa Ana,STEC Inc,4520,452020,45,45202020,D,USA,334112,3572,188,940,C,CA,STEC INC,STEC
134384, , ,5/31/13,Santa Ana,STEC Inc,4520,452020,45,45202020,D,USA,334112,3572,188,940,C,CA,STEC INC,STEC
134384, , ,6/30/13,Santa Ana,STEC Inc,4520,452020,45,45202020,D,USA,334112,3572,188,940,C,CA,STEC INC,STEC
134384, , ,7/31/13,Santa Ana,STEC Inc,4520,452020,45,45202020,D,USA,334112,3572,188,940,C,CA,STEC INC,STEC
134384, , ,8/31/13,Santa Ana,STEC Inc,4520,452020,45,45202020,D,USA,334112,3572,188,940,C,CA,STEC INC,STEC
134384, , ,9/30/13,Santa Ana,STEC Inc,4520,452020,45,45202020,D,USA,334112,3572,188,940,C,CA,STEC INC,STEC
134504, , ,1/31/10,Hangzhou,Yosen Group Inc,4520,452030,45,45203030,D,CHN,423690,5065,245,978,C, ,YOSEN GROUP INC,YOSN
134504, , ,2/28/10,Hangzhou,Yosen Group Inc,4520,452030,45,45203030,D,CHN,423690,5065,245,978,C, ,YOSEN GROUP INC,YOSN
134504, , ,3/31/10,Hangzhou,Yosen Group Inc,4520,452030,45,45203030,D,CHN,423690,5065,245,978,C, ,YOSEN GROUP INC,YOSN
134504, , ,4/30/10,Hangzhou,Yosen Group Inc,4520,452030,45,45203030,D,CHN,423690,5065,245,978,C, ,YOSEN GROUP INC,YOSN
134504, , ,5/31/10,Hangzhou,Yosen Group Inc,4520,452030,45,45203030,D,CHN,423690,5065,245,978,C, ,YOSEN GROUP INC,YOSN
134504, , ,6/30/10,Hangzhou,Yosen Group Inc,4520,452030,45,45203030,D,CHN,423690,5065,245,978,C, ,YOSEN GROUP INC,YOSN
134504, , ,7/31/10,Hangzhou,Yosen Group Inc,4520,452030,45,45203030,D,CHN,423690,5065,245,978,C, ,YOSEN GROUP INC,YOSN
134504, , ,8/31/10,Hangzhou,Yosen Group Inc,4520,452030,45,45203030,D,CHN,423690,5065,245,978,C, ,YOSEN GROUP INC,YOSN
134504, , ,9/30/10,Hangzhou,Yosen Group Inc,4520,452030,45,45203030,D,CHN,423690,5065,245,978,C, ,YOSEN GROUP INC,YOSN
134504, , ,10/31/10,Hangzhou,Yosen Group Inc,4520,452030,45,45203030,D,CHN,423690,5065,245,978,C, ,YOSEN GROUP INC,YOSN
134504, , ,11/30/10,Hangzhou,Yosen Group Inc,4520,452030,45,45203030,D,CHN,423690,5065,245,978,C, ,YOSEN GROUP INC,YOSN
134504, , ,12/31/10,Hangzhou,Yosen Group Inc,4520,452030,45,45203030,D,CHN,423690,5065,245,978,C, ,YOSEN GROUP INC,YOSN
134504, , ,1/31/11,Hangzhou,Yosen Group Inc,4520,452030,45,45203030,D,CHN,423690,5065,245,978,C, ,YOSEN GROUP INC,YOSN
134504, , ,2/28/11,Hangzhou,Yosen Group Inc,4520,452030,45,45203030,D,CHN,423690,5065,245,978,C, ,YOSEN GROUP INC,YOSN
134504, , ,3/31/11,Hangzhou,Yosen Group Inc,4520,452030,45,45203030,D,CHN,423690,5065,245,978,C, ,YOSEN GROUP INC,YOSN
134504, , ,4/30/11,Hangzhou,Yosen Group Inc,4520,452030,45,45203030,D,CHN,423690,5065,245,978,C, ,YOSEN GROUP INC,YOSN
134504, , ,5/31/11,Hangzhou,Yosen Group Inc,4520,452030,45,45203030,D,CHN,423690,5065,245,978,C, ,YOSEN GROUP INC,YOSN
134504, , ,6/30/11,Hangzhou,Yosen Group Inc,4520,452030,45,45203030,D,CHN,423690,5065,245,978,C, ,YOSEN GROUP INC,YOSN
134504, , ,7/31/11,Hangzhou,Yosen Group Inc,4520,452030,45,45203030,D,CHN,423690,5065,245,978,C, ,YOSEN GROUP INC,YOSN
134504, , ,8/31/11,Hangzhou,Yosen Group Inc,4520,452030,45,45203030,D,CHN,423690,5065,245,978,C, ,YOSEN GROUP INC,YOSN
134504, , ,9/30/11,Hangzhou,Yosen Group Inc,4520,452030,45,45203030,D,CHN,423690,5065,245,978,C, ,YOSEN GROUP INC,YOSN
134504, , ,10/31/11,Hangzhou,Yosen Group Inc,4520,452030,45,45203030,D,CHN,423690,5065,245,978,C, ,YOSEN GROUP INC,YOSN
134504, , ,11/30/11,Hangzhou,Yosen Group Inc,4520,452030,45,45203030,D,CHN,423690,5065,245,978,C, ,YOSEN GROUP INC,YOSN
134504, , ,12/31/11,Hangzhou,Yosen Group Inc,4520,452030,45,45203030,D,CHN,423690,5065,245,978,C, ,YOSEN GROUP INC,YOSN
134504, , ,1/31/12,Hangzhou,Yosen Group Inc,4520,452030,45,45203030,D,CHN,423690,5065,245,978,C, ,YOSEN GROUP INC,YOSN
134504, , ,2/29/12,Hangzhou,Yosen Group Inc,4520,452030,45,45203030,D,CHN,423690,5065,245,978,C, ,YOSEN GROUP INC,YOSN
134504, , ,3/31/12,Hangzhou,Yosen Group Inc,4520,452030,45,45203030,D,CHN,423690,5065,245,978,C, ,YOSEN GROUP INC,YOSN
134504, , ,4/30/12,Hangzhou,Yosen Group Inc,4520,452030,45,45203030,D,CHN,423690,5065,245,978,C, ,YOSEN GROUP INC,YOSN
134504, , ,5/31/12,Hangzhou,Yosen Group Inc,4520,452030,45,45203030,D,CHN,423690,5065,245,978,C, ,YOSEN GROUP INC,YOSN
134504, , ,6/30/12,Hangzhou,Yosen Group Inc,4520,452030,45,45203030,D,CHN,423690,5065,245,978,C, ,YOSEN GROUP INC,YOSN
134504, , ,7/31/12,Hangzhou,Yosen Group Inc,4520,452030,45,45203030,D,CHN,423690,5065,245,978,C, ,YOSEN GROUP INC,YOSN
134504, , ,8/31/12,Hangzhou,Yosen Group Inc,4520,452030,45,45203030,D,CHN,423690,5065,245,978,C, ,YOSEN GROUP INC,YOSN
134504, , ,9/30/12,Hangzhou,Yosen Group Inc,4520,452030,45,45203030,D,CHN,423690,5065,245,978,C, ,YOSEN GROUP INC,YOSN
134504, , ,10/31/12,Hangzhou,Yosen Group Inc,4520,452030,45,45203030,D,CHN,423690,5065,245,978,C, ,YOSEN GROUP INC,YOSN
134504, , ,11/30/12,Hangzhou,Yosen Group Inc,4520,452030,45,45203030,D,CHN,423690,5065,245,978,C, ,YOSEN GROUP INC,YOSN
134504, , ,12/31/12,Hangzhou,Yosen Group Inc,4520,452030,45,45203030,D,CHN,423690,5065,245,978,C, ,YOSEN GROUP INC,YOSN
134504, , ,1/31/13,Hangzhou,Yosen Group Inc,4520,452030,45,45203030,D,CHN,423690,5065,245,978,C, ,YOSEN GROUP INC,YOSN
134504, , ,2/28/13,Hangzhou,Yosen Group Inc,4520,452030,45,45203030,D,CHN,423690,5065,245,978,C, ,YOSEN GROUP INC,YOSN
134504, , ,3/31/13,Hangzhou,Yosen Group Inc,4520,452030,45,45203030,D,CHN,423690,5065,245,978,C, ,YOSEN GROUP INC,YOSN
134504, , ,4/30/13,Hangzhou,Yosen Group Inc,4520,452030,45,45203030,D,CHN,423690,5065,245,978,C, ,YOSEN GROUP INC,YOSN
134504, , ,5/31/13,Hangzhou,Yosen Group Inc,4520,452030,45,45203030,D,CHN,423690,5065,245,978,C, ,YOSEN GROUP INC,YOSN
134504, , ,6/30/13,Hangzhou,Yosen Group Inc,4520,452030,45,45203030,D,CHN,423690,5065,245,978,C, ,YOSEN GROUP INC,YOSN
134504, , ,7/31/13,Hangzhou,Yosen Group Inc,4520,452030,45,45203030,D,CHN,423690,5065,245,978,C, ,YOSEN GROUP INC,YOSN
134504, , ,8/31/13,Hangzhou,Yosen Group Inc,4520,452030,45,45203030,D,CHN,423690,5065,245,978,C, ,YOSEN GROUP INC,YOSN
134504, , ,9/30/13,Hangzhou,Yosen Group Inc,4520,452030,45,45203030,D,CHN,423690,5065,245,978,C, ,YOSEN GROUP INC,YOSN
134504, , ,10/31/13,Hangzhou,Yosen Group Inc,4520,452030,45,45203030,D,CHN,423690,5065,245,978,C, ,YOSEN GROUP INC,YOSN
134867, , ,1/31/10,Lakewood,BSI2000 Inc,4520,452030,45,45203010,D,USA,334119,3577, , , ,CO,BSI2000 INC,BSIO
134867, , ,2/28/10,Lakewood,BSI2000 Inc,4520,452030,45,45203010,D,USA,334119,3577, , , ,CO,BSI2000 INC,BSIO
134867, , ,3/31/10,Lakewood,BSI2000 Inc,4520,452030,45,45203010,D,USA,334119,3577, , , ,CO,BSI2000 INC,BSIO
134867, , ,4/30/10,Lakewood,BSI2000 Inc,4520,452030,45,45203010,D,USA,334119,3577, , , ,CO,BSI2000 INC,BSIO
134867, , ,5/31/10,Lakewood,BSI2000 Inc,4520,452030,45,45203010,D,USA,334119,3577, , , ,CO,BSI2000 INC,BSIO
134867, , ,6/30/10,Lakewood,BSI2000 Inc,4520,452030,45,45203010,D,USA,334119,3577, , , ,CO,BSI2000 INC,BSIO
134867, , ,7/31/10,Lakewood,BSI2000 Inc,4520,452030,45,45203010,D,USA,334119,3577, , , ,CO,BSI2000 INC,BSIO
134867, , ,8/31/10,Lakewood,BSI2000 Inc,4520,452030,45,45203010,D,USA,334119,3577, , , ,CO,BSI2000 INC,BSIO
134867, , ,9/30/10,Lakewood,BSI2000 Inc,4520,452030,45,45203010,D,USA,334119,3577, , , ,CO,BSI2000 INC,BSIO
134867, , ,10/31/10,Lakewood,BSI2000 Inc,4520,452030,45,45203010,D,USA,334119,3577, , , ,CO,BSI2000 INC,BSIO
134867, , ,11/30/10,Lakewood,BSI2000 Inc,4520,452030,45,45203010,D,USA,334119,3577, , , ,CO,BSI2000 INC,BSIO
134867, , ,12/31/10,Lakewood,BSI2000 Inc,4520,452030,45,45203010,D,USA,334119,3577, , , ,CO,BSI2000 INC,BSIO
134867, , ,1/31/11,Lakewood,BSI2000 Inc,4520,452030,45,45203010,D,USA,334119,3577, , , ,CO,BSI2000 INC,BSIO
134867, , ,2/28/11,Lakewood,BSI2000 Inc,4520,452030,45,45203010,D,USA,334119,3577, , , ,CO,BSI2000 INC,BSIO
134867, , ,3/31/11,Lakewood,BSI2000 Inc,4520,452030,45,45203010,D,USA,334119,3577, , , ,CO,BSI2000 INC,BSIO
134870, , ,1/31/10,Redmond,Metawave Communications Corp,4520,452010,45,45201020,D,USA,334220,3663,180,940,D,WA,METAWAVE COMMUNICATIONS CP,MTWV
134870, , ,2/28/10,Redmond,Metawave Communications Corp,4520,452010,45,45201020,D,USA,334220,3663,180,940,D,WA,METAWAVE COMMUNICATIONS CP,MTWV
135401, , ,1/31/10,New York,Forum Mobile Inc,4520,452020,45,45202030,D,USA,334220,3663, , , ,NY,FORUM MOBILE INC,FRMB
135401, , ,2/28/10,New York,Forum Mobile Inc,4520,452020,45,45202030,D,USA,334220,3663, , , ,NY,FORUM MOBILE INC,FRMB
135401, , ,3/31/10,New York,Forum Mobile Inc,4520,452020,45,45202030,D,USA,334220,3663, , , ,NY,FORUM MOBILE INC,FRMB
135401, , ,4/30/10,New York,Forum Mobile Inc,4520,452020,45,45202030,D,USA,334220,3663, , , ,NY,FORUM MOBILE INC,FRMB
135401, , ,5/31/10,New York,Forum Mobile Inc,4520,452020,45,45202030,D,USA,334220,3663, , , ,NY,FORUM MOBILE INC,FRMB
135401, , ,6/30/10,New York,Forum Mobile Inc,4520,452020,45,45202030,D,USA,334220,3663, , , ,NY,FORUM MOBILE INC,FRMB
135401, , ,7/31/10,New York,Forum Mobile Inc,4520,452020,45,45202030,D,USA,334220,3663, , , ,NY,FORUM MOBILE INC,FRMB
135401, , ,8/31/10,New York,Forum Mobile Inc,4520,452020,45,45202030,D,USA,334220,3663, , , ,NY,FORUM MOBILE INC,FRMB
135401, , ,9/30/10,New York,Forum Mobile Inc,4520,452020,45,45202030,D,USA,334220,3663, , , ,NY,FORUM MOBILE INC,FRMB
135401, , ,10/31/10,New York,Forum Mobile Inc,4520,452020,45,45202030,D,USA,334220,3663, , , ,NY,FORUM MOBILE INC,FRMB
135401, , ,11/30/10,New York,Forum Mobile Inc,4520,452020,45,45202030,D,USA,334220,3663, , , ,NY,FORUM MOBILE INC,FRMB
135401, , ,12/31/10,New York,Forum Mobile Inc,4520,452020,45,45202030,D,USA,334220,3663, , , ,NY,FORUM MOBILE INC,FRMB
135401, , ,1/31/11,New York,Forum Mobile Inc,4520,452020,45,45202030,D,USA,334220,3663, , , ,NY,FORUM MOBILE INC,FRMB
135401, , ,2/28/11,New York,Forum Mobile Inc,4520,452020,45,45202030,D,USA,334220,3663, , , ,NY,FORUM MOBILE INC,FRMB
135401, , ,3/31/11,New York,Forum Mobile Inc,4520,452020,45,45202030,D,USA,334220,3663, , , ,NY,FORUM MOBILE INC,FRMB
135401, , ,4/30/11,New York,Forum Mobile Inc,4520,452020,45,45202030,D,USA,334220,3663, , , ,NY,FORUM MOBILE INC,FRMB
135401, , ,5/31/11,New York,Forum Mobile Inc,4520,452020,45,45202030,D,USA,334220,3663, , , ,NY,FORUM MOBILE INC,FRMB
135401, , ,6/30/11,New York,Forum Mobile Inc,4520,452020,45,45202030,D,USA,334220,3663, , , ,NY,FORUM MOBILE INC,FRMB
135401, , ,7/31/11,New York,Forum Mobile Inc,4520,452020,45,45202030,D,USA,334220,3663, , , ,NY,FORUM MOBILE INC,FRMB
135401, , ,8/31/11,New York,Forum Mobile Inc,4520,452020,45,45202030,D,USA,334220,3663, , , ,NY,FORUM MOBILE INC,FRMB
135401, , ,9/30/11,New York,Forum Mobile Inc,4520,452020,45,45202030,D,USA,334220,3663, , , ,NY,FORUM MOBILE INC,FRMB
135401, , ,10/31/11,New York,Forum Mobile Inc,4520,452020,45,45202030,D,USA,334220,3663, , , ,NY,FORUM MOBILE INC,FRMB
135401, , ,11/30/11,New York,Forum Mobile Inc,4520,452020,45,45202030,D,USA,334220,3663, , , ,NY,FORUM MOBILE INC,FRMB
135401, , ,12/31/11,New York,Forum Mobile Inc,4520,452020,45,45202030,D,USA,334220,3663, , , ,NY,FORUM MOBILE INC,FRMB
135401, , ,1/31/12,New York,Forum Mobile Inc,4520,452020,45,45202030,D,USA,334220,3663, , , ,NY,FORUM MOBILE INC,FRMB
135401, , ,2/29/12,New York,Forum Mobile Inc,4520,452020,45,45202030,D,USA,334220,3663, , , ,NY,FORUM MOBILE INC,FRMB
135401, , ,3/31/12,New York,Forum Mobile Inc,4520,452020,45,45202030,D,USA,334220,3663, , , ,NY,FORUM MOBILE INC,FRMB
135401, , ,4/30/12,New York,Forum Mobile Inc,4520,452020,45,45202030,D,USA,334220,3663, , , ,NY,FORUM MOBILE INC,FRMB
135401, , ,5/31/12,New York,Forum Mobile Inc,4520,452020,45,45202030,D,USA,334220,3663, , , ,NY,FORUM MOBILE INC,FRMB
135401, , ,6/30/12,New York,Forum Mobile Inc,4520,452020,45,45202030,D,USA,334220,3663, , , ,NY,FORUM MOBILE INC,FRMB
135401, , ,7/31/12,New York,Forum Mobile Inc,4520,452020,45,45202030,D,USA,334220,3663, , , ,NY,FORUM MOBILE INC,FRMB
135401, , ,8/31/12,New York,Forum Mobile Inc,4520,452020,45,45202030,D,USA,334220,3663, , , ,NY,FORUM MOBILE INC,FRMB
135401, , ,9/30/12,New York,Forum Mobile Inc,4520,452020,45,45202030,D,USA,334220,3663, , , ,NY,FORUM MOBILE INC,FRMB
135401, , ,10/31/12,New York,Forum Mobile Inc,4520,452020,45,45202030,D,USA,334220,3663, , , ,NY,FORUM MOBILE INC,FRMB
135401, , ,11/30/12,New York,Forum Mobile Inc,4520,452020,45,45202030,D,USA,334220,3663, , , ,NY,FORUM MOBILE INC,FRMB
135401, , ,12/31/12,New York,Forum Mobile Inc,4520,452020,45,45202030,D,USA,334220,3663, , , ,NY,FORUM MOBILE INC,FRMB
135401, , ,1/31/13,New York,Forum Mobile Inc,4520,452020,45,45202030,D,USA,334220,3663, , , ,NY,FORUM MOBILE INC,FRMB
135401, , ,2/28/13,New York,Forum Mobile Inc,4520,452020,45,45202030,D,USA,334220,3663, , , ,NY,FORUM MOBILE INC,FRMB
135401, , ,3/31/13,New York,Forum Mobile Inc,4520,452020,45,45202030,D,USA,334220,3663, , , ,NY,FORUM MOBILE INC,FRMB
135401, , ,4/30/13,New York,Forum Mobile Inc,4520,452020,45,45202030,D,USA,334220,3663, , , ,NY,FORUM MOBILE INC,FRMB
135401, , ,5/31/13,New York,Forum Mobile Inc,4520,452020,45,45202030,D,USA,334220,3663, , , ,NY,FORUM MOBILE INC,FRMB
135401, , ,6/30/13,New York,Forum Mobile Inc,4520,452020,45,45202030,D,USA,334220,3663, , , ,NY,FORUM MOBILE INC,FRMB
135401, , ,7/31/13,New York,Forum Mobile Inc,4520,452020,45,45202030,D,USA,334220,3663, , , ,NY,FORUM MOBILE INC,FRMB
135401, , ,8/31/13,New York,Forum Mobile Inc,4520,452020,45,45202030,D,USA,334220,3663, , , ,NY,FORUM MOBILE INC,FRMB
135401, , ,9/30/13,New York,Forum Mobile Inc,4520,452020,45,45202030,D,USA,334220,3663, , , ,NY,FORUM MOBILE INC,FRMB
135401, , ,10/31/13,New York,Forum Mobile Inc,4520,452020,45,45202030,D,USA,334220,3663, , , ,NY,FORUM MOBILE INC,FRMB
135965, , ,1/31/10,Westford,Sonus Networks Inc,4520,452010,45,45201020,D,USA,334210,4813,454,940,B,MA,SONUS NETWORKS INC,SONS
135965, , ,2/28/10,Westford,Sonus Networks Inc,4520,452010,45,45201020,D,USA,334210,4813,454,940,B,MA,SONUS NETWORKS INC,SONS
135965, , ,3/31/10,Westford,Sonus Networks Inc,4520,452010,45,45201020,D,USA,334210,4813,454,940,B,MA,SONUS NETWORKS INC,SONS
135965, , ,4/30/10,Westford,Sonus Networks Inc,4520,452010,45,45201020,D,USA,334210,4813,454,940,B,MA,SONUS NETWORKS INC,SONS
135965, , ,5/31/10,Westford,Sonus Networks Inc,4520,452010,45,45201020,D,USA,334210,4813,454,940,B,MA,SONUS NETWORKS INC,SONS
135965, , ,6/30/10,Westford,Sonus Networks Inc,4520,452010,45,45201020,D,USA,334210,4813,454,940,B,MA,SONUS NETWORKS INC,SONS
135965, , ,7/31/10,Westford,Sonus Networks Inc,4520,452010,45,45201020,D,USA,334210,4813,454,940,B,MA,SONUS NETWORKS INC,SONS
135965, , ,8/31/10,Westford,Sonus Networks Inc,4520,452010,45,45201020,D,USA,334210,4813,454,940,B,MA,SONUS NETWORKS INC,SONS
135965, , ,9/30/10,Westford,Sonus Networks Inc,4520,452010,45,45201020,D,USA,334210,4813,454,940,B,MA,SONUS NETWORKS INC,SONS
135965, , ,10/31/10,Westford,Sonus Networks Inc,4520,452010,45,45201020,D,USA,334210,4813,454,940,B,MA,SONUS NETWORKS INC,SONS
135965, , ,11/30/10,Westford,Sonus Networks Inc,4520,452010,45,45201020,D,USA,334210,4813,454,940,B,MA,SONUS NETWORKS INC,SONS
135965, , ,12/31/10,Westford,Sonus Networks Inc,4520,452010,45,45201020,D,USA,334210,4813,454,940,B,MA,SONUS NETWORKS INC,SONS
135965, , ,1/31/11,Westford,Sonus Networks Inc,4520,452010,45,45201020,D,USA,334210,4813,454,940,B,MA,SONUS NETWORKS INC,SONS
135965, , ,2/28/11,Westford,Sonus Networks Inc,4520,452010,45,45201020,D,USA,334210,4813,454,940,B,MA,SONUS NETWORKS INC,SONS
135965, , ,3/31/11,Westford,Sonus Networks Inc,4520,452010,45,45201020,D,USA,334210,4813,454,940,B,MA,SONUS NETWORKS INC,SONS
135965, , ,4/30/11,Westford,Sonus Networks Inc,4520,452010,45,45201020,D,USA,334210,4813,454,940,B,MA,SONUS NETWORKS INC,SONS
135965, , ,5/31/11,Westford,Sonus Networks Inc,4520,452010,45,45201020,D,USA,334210,4813,454,940,B,MA,SONUS NETWORKS INC,SONS
135965, , ,6/30/11,Westford,Sonus Networks Inc,4520,452010,45,45201020,D,USA,334210,4813,454,940,B,MA,SONUS NETWORKS INC,SONS
135965, , ,7/31/11,Westford,Sonus Networks Inc,4520,452010,45,45201020,D,USA,334210,4813,454,940,B,MA,SONUS NETWORKS INC,SONS
135965, , ,8/31/11,Westford,Sonus Networks Inc,4520,452010,45,45201020,D,USA,334210,4813,454,940,B,MA,SONUS NETWORKS INC,SONS
135965, , ,9/30/11,Westford,Sonus Networks Inc,4520,452010,45,45201020,D,USA,334210,4813,454,940,B,MA,SONUS NETWORKS INC,SONS
135965, , ,10/31/11,Westford,Sonus Networks Inc,4520,452010,45,45201020,D,USA,334210,4813,454,940,B,MA,SONUS NETWORKS INC,SONS
135965, , ,11/30/11,Westford,Sonus Networks Inc,4520,452010,45,45201020,D,USA,334210,4813,454,940,B,MA,SONUS NETWORKS INC,SONS
135965, , ,12/31/11,Westford,Sonus Networks Inc,4520,452010,45,45201020,D,USA,334210,4813,454,940,B,MA,SONUS NETWORKS INC,SONS
135965, , ,1/31/12,Westford,Sonus Networks Inc,4520,452010,45,45201020,D,USA,334210,4813,454,940,B,MA,SONUS NETWORKS INC,SONS
135965, , ,2/29/12,Westford,Sonus Networks Inc,4520,452010,45,45201020,D,USA,334210,4813,454,940,B,MA,SONUS NETWORKS INC,SONS
135965, , ,3/31/12,Westford,Sonus Networks Inc,4520,452010,45,45201020,D,USA,334210,4813,454,940,B,MA,SONUS NETWORKS INC,SONS
135965, , ,4/30/12,Westford,Sonus Networks Inc,4520,452010,45,45201020,D,USA,334210,4813,454,940,B,MA,SONUS NETWORKS INC,SONS
135965, , ,5/31/12,Westford,Sonus Networks Inc,4520,452010,45,45201020,D,USA,334210,4813,454,940,B,MA,SONUS NETWORKS INC,SONS
135965, , ,6/30/12,Westford,Sonus Networks Inc,4520,452010,45,45201020,D,USA,334210,4813,454,940,B,MA,SONUS NETWORKS INC,SONS
135965, , ,7/31/12,Westford,Sonus Networks Inc,4520,452010,45,45201020,D,USA,334210,4813,454,940,B,MA,SONUS NETWORKS INC,SONS
135965, , ,8/31/12,Westford,Sonus Networks Inc,4520,452010,45,45201020,D,USA,334210,4813,454,940,B,MA,SONUS NETWORKS INC,SONS
135965, , ,9/30/12,Westford,Sonus Networks Inc,4520,452010,45,45201020,D,USA,334210,4813,454,940,B,MA,SONUS NETWORKS INC,SONS
135965, , ,10/31/12,Westford,Sonus Networks Inc,4520,452010,45,45201020,D,USA,334210,4813,454,940,B,MA,SONUS NETWORKS INC,SONS
135965, , ,11/30/12,Westford,Sonus Networks Inc,4520,452010,45,45201020,D,USA,334210,4813,454,940,B,MA,SONUS NETWORKS INC,SONS
135965, , ,12/31/12,Westford,Sonus Networks Inc,4520,452010,45,45201020,D,USA,334210,4813,454,940,B,MA,SONUS NETWORKS INC,SONS
135965, , ,1/31/13,Westford,Sonus Networks Inc,4520,452010,45,45201020,D,USA,334210,4813,454,940,B,MA,SONUS NETWORKS INC,SONS
135965, , ,2/28/13,Westford,Sonus Networks Inc,4520,452010,45,45201020,D,USA,334210,4813,454,940,B,MA,SONUS NETWORKS INC,SONS
135965, , ,3/31/13,Westford,Sonus Networks Inc,4520,452010,45,45201020,D,USA,334210,4813,454,940,B,MA,SONUS NETWORKS INC,SONS
135965, , ,4/30/13,Westford,Sonus Networks Inc,4520,452010,45,45201020,D,USA,334210,4813,454,940,B,MA,SONUS NETWORKS INC,SONS
135965, , ,5/31/13,Westford,Sonus Networks Inc,4520,452010,45,45201020,D,USA,334210,4813,454,940,B,MA,SONUS NETWORKS INC,SONS
135965, , ,6/30/13,Westford,Sonus Networks Inc,4520,452010,45,45201020,D,USA,334210,4813,454,940,B,MA,SONUS NETWORKS INC,SONS
135965, , ,7/31/13,Westford,Sonus Networks Inc,4520,452010,45,45201020,D,USA,334210,4813,454,940,B,MA,SONUS NETWORKS INC,SONS
135965, , ,8/31/13,Westford,Sonus Networks Inc,4520,452010,45,45201020,D,USA,334210,4813,454,940,B,MA,SONUS NETWORKS INC,SONS
135965, , ,9/30/13,Westford,Sonus Networks Inc,4520,452010,45,45201020,D,USA,334210,4813,454,940,B,MA,SONUS NETWORKS INC,SONS
135965, , ,10/31/13,Westford,Sonus Networks Inc,4520,452010,45,45201020,D,USA,334210,4813,454,940,B,MA,SONUS NETWORKS INC,SONS
137130, , ,1/31/10,Santa Barbara,Occam Networks Inc,4520,452010,45,45201020,D,USA,334210,3661,180,940,B,CA,OCCAM NETWORKS INC,OCNW
137130, , ,2/28/10,Santa Barbara,Occam Networks Inc,4520,452010,45,45201020,D,USA,334210,3661,180,940,B,CA,OCCAM NETWORKS INC,OCNW
137130, , ,3/31/10,Santa Barbara,Occam Networks Inc,4520,452010,45,45201020,D,USA,334210,3661,180,940,B,CA,OCCAM NETWORKS INC,OCNW
137130, , ,4/30/10,Santa Barbara,Occam Networks Inc,4520,452010,45,45201020,D,USA,334210,3661,180,940,B,CA,OCCAM NETWORKS INC,OCNW
137130, , ,5/31/10,Santa Barbara,Occam Networks Inc,4520,452010,45,45201020,D,USA,334210,3661,180,940,B,CA,OCCAM NETWORKS INC,OCNW
137130, , ,6/30/10,Santa Barbara,Occam Networks Inc,4520,452010,45,45201020,D,USA,334210,3661,180,940,B,CA,OCCAM NETWORKS INC,OCNW
137130, , ,7/31/10,Santa Barbara,Occam Networks Inc,4520,452010,45,45201020,D,USA,334210,3661,180,940,B,CA,OCCAM NETWORKS INC,OCNW
137130, , ,8/31/10,Santa Barbara,Occam Networks Inc,4520,452010,45,45201020,D,USA,334210,3661,180,940,B,CA,OCCAM NETWORKS INC,OCNW
137130, , ,9/30/10,Santa Barbara,Occam Networks Inc,4520,452010,45,45201020,D,USA,334210,3661,180,940,B,CA,OCCAM NETWORKS INC,OCNW
137130, , ,10/31/10,Santa Barbara,Occam Networks Inc,4520,452010,45,45201020,D,USA,334210,3661,180,940,B,CA,OCCAM NETWORKS INC,OCNW
137130, , ,11/30/10,Santa Barbara,Occam Networks Inc,4520,452010,45,45201020,D,USA,334210,3661,180,940,B,CA,OCCAM NETWORKS INC,OCNW
137130, , ,12/31/10,Santa Barbara,Occam Networks Inc,4520,452010,45,45201020,D,USA,334210,3661,180,940,B,CA,OCCAM NETWORKS INC,OCNW
137130, , ,1/31/11,Santa Barbara,Occam Networks Inc,4520,452010,45,45201020,D,USA,334210,3661,180,940,B,CA,OCCAM NETWORKS INC,OCNW
137130, , ,2/28/11,Santa Barbara,Occam Networks Inc,4520,452010,45,45201020,D,USA,334210,3661,180,940,B,CA,OCCAM NETWORKS INC,OCNW
137377, , ,1/31/10,Quebec,EXFO Inc,4520,452010,45,45201020,D,CAN,334515,3825,230,940,B,QC,EXFO INC,EXFO
137377, , ,2/28/10,Quebec,EXFO Inc,4520,452010,45,45201020,D,CAN,334515,3825,230,940,B,QC,EXFO INC,EXFO
137377, , ,3/31/10,Quebec,EXFO Inc,4520,452010,45,45201020,D,CAN,334515,3825,230,940,B,QC,EXFO INC,EXFO
137377, , ,4/30/10,Quebec,EXFO Inc,4520,452010,45,45201020,D,CAN,334515,3825,230,940,B,QC,EXFO INC,EXFO
137377, , ,5/31/10,Quebec,EXFO Inc,4520,452010,45,45201020,D,CAN,334515,3825,230,940,B,QC,EXFO INC,EXFO
137377, , ,6/30/10,Quebec,EXFO Inc,4520,452010,45,45201020,D,CAN,334515,3825,230,940,B,QC,EXFO INC,EXFO
137377, , ,7/31/10,Quebec,EXFO Inc,4520,452010,45,45201020,D,CAN,334515,3825,230,940,B,QC,EXFO INC,EXFO
137377, , ,8/31/10,Quebec,EXFO Inc,4520,452010,45,45201020,D,CAN,334515,3825,230,940,B,QC,EXFO INC,EXFO
137377, , ,9/30/10,Quebec,EXFO Inc,4520,452010,45,45201020,D,CAN,334515,3825,230,940,B,QC,EXFO INC,EXFO
137377, , ,10/31/10,Quebec,EXFO Inc,4520,452010,45,45201020,D,CAN,334515,3825,230,940,B,QC,EXFO INC,EXFO
137377, , ,11/30/10,Quebec,EXFO Inc,4520,452010,45,45201020,D,CAN,334515,3825,230,940,B,QC,EXFO INC,EXFO
137377, , ,12/31/10,Quebec,EXFO Inc,4520,452010,45,45201020,D,CAN,334515,3825,230,940,B,QC,EXFO INC,EXFO
137377, , ,1/31/11,Quebec,EXFO Inc,4520,452010,45,45201020,D,CAN,334515,3825,230,940,B,QC,EXFO INC,EXFO
137377, , ,2/28/11,Quebec,EXFO Inc,4520,452010,45,45201020,D,CAN,334515,3825,230,940,B,QC,EXFO INC,EXFO
137377, , ,3/31/11,Quebec,EXFO Inc,4520,452010,45,45201020,D,CAN,334515,3825,230,940,B,QC,EXFO INC,EXFO
137377, , ,4/30/11,Quebec,EXFO Inc,4520,452010,45,45201020,D,CAN,334515,3825,230,940,B,QC,EXFO INC,EXFO
137377, , ,5/31/11,Quebec,EXFO Inc,4520,452010,45,45201020,D,CAN,334515,3825,230,940,B,QC,EXFO INC,EXFO
137377, , ,6/30/11,Quebec,EXFO Inc,4520,452010,45,45201020,D,CAN,334515,3825,230,940,B,QC,EXFO INC,EXFO
137377, , ,7/31/11,Quebec,EXFO Inc,4520,452010,45,45201020,D,CAN,334515,3825,230,940,B,QC,EXFO INC,EXFO
137377, , ,8/31/11,Quebec,EXFO Inc,4520,452010,45,45201020,D,CAN,334515,3825,230,940,B,QC,EXFO INC,EXFO
137377, , ,9/30/11,Quebec,EXFO Inc,4520,452010,45,45201020,D,CAN,334515,3825,230,940,B,QC,EXFO INC,EXFO
137377, , ,10/31/11,Quebec,EXFO Inc,4520,452010,45,45201020,D,CAN,334515,3825,230,940,B,QC,EXFO INC,EXFO
137377, , ,11/30/11,Quebec,EXFO Inc,4520,452010,45,45201020,D,CAN,334515,3825,230,940,B,QC,EXFO INC,EXFO
137377, , ,12/31/11,Quebec,EXFO Inc,4520,452010,45,45201020,D,CAN,334515,3825,230,940,B,QC,EXFO INC,EXFO
137377, , ,1/31/12,Quebec,EXFO Inc,4520,452010,45,45201020,D,CAN,334515,3825,230,940,B,QC,EXFO INC,EXFO
137377, , ,2/29/12,Quebec,EXFO Inc,4520,452010,45,45201020,D,CAN,334515,3825,230,940,B,QC,EXFO INC,EXFO
137377, , ,3/31/12,Quebec,EXFO Inc,4520,452010,45,45201020,D,CAN,334515,3825,230,940,B,QC,EXFO INC,EXFO
137377, , ,4/30/12,Quebec,EXFO Inc,4520,452010,45,45201020,D,CAN,334515,3825,230,940,B,QC,EXFO INC,EXFO
137377, , ,5/31/12,Quebec,EXFO Inc,4520,452010,45,45201020,D,CAN,334515,3825,230,940,B,QC,EXFO INC,EXFO
137377, , ,6/30/12,Quebec,EXFO Inc,4520,452010,45,45201020,D,CAN,334515,3825,230,940,B,QC,EXFO INC,EXFO
137377, , ,7/31/12,Quebec,EXFO Inc,4520,452010,45,45201020,D,CAN,334515,3825,230,940,B,QC,EXFO INC,EXFO
137377, , ,8/31/12,Quebec,EXFO Inc,4520,452010,45,45201020,D,CAN,334515,3825,230,940,B,QC,EXFO INC,EXFO
137377, , ,9/30/12,Quebec,EXFO Inc,4520,452010,45,45201020,D,CAN,334515,3825,230,940,B,QC,EXFO INC,EXFO
137377, , ,10/31/12,Quebec,EXFO Inc,4520,452010,45,45201020,D,CAN,334515,3825,230,940,B,QC,EXFO INC,EXFO
137377, , ,11/30/12,Quebec,EXFO Inc,4520,452010,45,45201020,D,CAN,334515,3825,230,940,B,QC,EXFO INC,EXFO
137377, , ,12/31/12,Quebec,EXFO Inc,4520,452010,45,45201020,D,CAN,334515,3825,230,940,B,QC,EXFO INC,EXFO
137377, , ,1/31/13,Quebec,EXFO Inc,4520,452010,45,45201020,D,CAN,334515,3825,230,940,B,QC,EXFO INC,EXFO
137377, , ,2/28/13,Quebec,EXFO Inc,4520,452010,45,45201020,D,CAN,334515,3825,230,940,B,QC,EXFO INC,EXFO
137377, , ,3/31/13,Quebec,EXFO Inc,4520,452010,45,45201020,D,CAN,334515,3825,230,940,B,QC,EXFO INC,EXFO
137377, , ,4/30/13,Quebec,EXFO Inc,4520,452010,45,45201020,D,CAN,334515,3825,230,940,B,QC,EXFO INC,EXFO
137377, , ,5/31/13,Quebec,EXFO Inc,4520,452010,45,45201020,D,CAN,334515,3825,230,940,B,QC,EXFO INC,EXFO
137377, , ,6/30/13,Quebec,EXFO Inc,4520,452010,45,45201020,D,CAN,334515,3825,230,940,B,QC,EXFO INC,EXFO
137377, , ,7/31/13,Quebec,EXFO Inc,4520,452010,45,45201020,D,CAN,334515,3825,230,940,B,QC,EXFO INC,EXFO
137377, , ,8/31/13,Quebec,EXFO Inc,4520,452010,45,45201020,D,CAN,334515,3825,230,940,B,QC,EXFO INC,EXFO
137377, , ,9/30/13,Quebec,EXFO Inc,4520,452010,45,45201020,D,CAN,334515,3825,230,940,B,QC,EXFO INC,EXFO
137377, , ,10/31/13,Quebec,EXFO Inc,4520,452010,45,45201020,D,CAN,334515,3825,230,940,B,QC,EXFO INC,EXFO
137434, , ,1/31/10,Scottsdale,iGo Inc,4520,452020,45,45202030,D,USA,334118,3577,188,940,C,AZ,IGO INC,IGOI
137434, , ,2/28/10,Scottsdale,iGo Inc,4520,452020,45,45202030,D,USA,334118,3577,188,940,C,AZ,IGO INC,IGOI
137434, , ,3/31/10,Scottsdale,iGo Inc,4520,452020,45,45202030,D,USA,334118,3577,188,940,C,AZ,IGO INC,IGOI
137434, , ,4/30/10,Scottsdale,iGo Inc,4520,452020,45,45202030,D,USA,334118,3577,188,940,C,AZ,IGO INC,IGOI
137434, , ,5/31/10,Scottsdale,iGo Inc,4520,452020,45,45202030,D,USA,334118,3577,188,940,C,AZ,IGO INC,IGOI
137434, , ,6/30/10,Scottsdale,iGo Inc,4520,452020,45,45202030,D,USA,334118,3577,188,940,C,AZ,IGO INC,IGOI
137434, , ,7/31/10,Scottsdale,iGo Inc,4520,452020,45,45202030,D,USA,334118,3577,188,940,C,AZ,IGO INC,IGOI
137434, , ,8/31/10,Scottsdale,iGo Inc,4520,452020,45,45202030,D,USA,334118,3577,188,940,C,AZ,IGO INC,IGOI
137434, , ,9/30/10,Scottsdale,iGo Inc,4520,452020,45,45202030,D,USA,334118,3577,188,940,C,AZ,IGO INC,IGOI
137434, , ,10/31/10,Scottsdale,iGo Inc,4520,452020,45,45202030,D,USA,334118,3577,188,940,C,AZ,IGO INC,IGOI
137434, , ,11/30/10,Scottsdale,iGo Inc,4520,452020,45,45202030,D,USA,334118,3577,188,940,C,AZ,IGO INC,IGOI
137434, , ,12/31/10,Scottsdale,iGo Inc,4520,452020,45,45202030,D,USA,334118,3577,188,940,C,AZ,IGO INC,IGOI
137434, , ,1/31/11,Scottsdale,iGo Inc,4520,452020,45,45202030,D,USA,334118,3577,188,940,C,AZ,IGO INC,IGOI
137434, , ,2/28/11,Scottsdale,iGo Inc,4520,452020,45,45202030,D,USA,334118,3577,188,940,C,AZ,IGO INC,IGOI
137434, , ,3/31/11,Scottsdale,iGo Inc,4520,452020,45,45202030,D,USA,334118,3577,188,940,C,AZ,IGO INC,IGOI
137434, , ,4/30/11,Scottsdale,iGo Inc,4520,452020,45,45202030,D,USA,334118,3577,188,940,C,AZ,IGO INC,IGOI
137434, , ,5/31/11,Scottsdale,iGo Inc,4520,452020,45,45202030,D,USA,334118,3577,188,940,C,AZ,IGO INC,IGOI
137434, , ,6/30/11,Scottsdale,iGo Inc,4520,452020,45,45202030,D,USA,334118,3577,188,940,C,AZ,IGO INC,IGOI
137434, , ,7/31/11,Scottsdale,iGo Inc,4520,452020,45,45202030,D,USA,334118,3577,188,940,C,AZ,IGO INC,IGOI
137434, , ,8/31/11,Scottsdale,iGo Inc,4520,452020,45,45202030,D,USA,334118,3577,188,940,C,AZ,IGO INC,IGOI
137434, , ,9/30/11,Scottsdale,iGo Inc,4520,452020,45,45202030,D,USA,334118,3577,188,940,C,AZ,IGO INC,IGOI
137434, , ,10/31/11,Scottsdale,iGo Inc,4520,452020,45,45202030,D,USA,334118,3577,188,940,C,AZ,IGO INC,IGOI
137434, , ,11/30/11,Scottsdale,iGo Inc,4520,452020,45,45202030,D,USA,334118,3577,188,940,C,AZ,IGO INC,IGOI
137434, , ,12/31/11,Scottsdale,iGo Inc,4520,452020,45,45202030,D,USA,334118,3577,188,940,C,AZ,IGO INC,IGOI
137434, , ,1/31/12,Scottsdale,iGo Inc,4520,452020,45,45202030,D,USA,334118,3577,188,940,C,AZ,IGO INC,IGOI
137434, , ,2/29/12,Scottsdale,iGo Inc,4520,452020,45,45202030,D,USA,334118,3577,188,940,C,AZ,IGO INC,IGOI
137434, , ,3/31/12,Scottsdale,iGo Inc,4520,452020,45,45202030,D,USA,334118,3577,188,940,C,AZ,IGO INC,IGOI
137434, , ,4/30/12,Scottsdale,iGo Inc,4520,452020,45,45202030,D,USA,334118,3577,188,940,C,AZ,IGO INC,IGOI
137434, , ,5/31/12,Scottsdale,iGo Inc,4520,452020,45,45202030,D,USA,334118,3577,188,940,C,AZ,IGO INC,IGOI
137434, , ,6/30/12,Scottsdale,iGo Inc,4520,452020,45,45202030,D,USA,334118,3577,188,940,C,AZ,IGO INC,IGOI
137434, , ,7/31/12,Scottsdale,iGo Inc,4520,452020,45,45202030,D,USA,334118,3577,188,940,C,AZ,IGO INC,IGOI
137434, , ,8/31/12,Scottsdale,iGo Inc,4520,452020,45,45202030,D,USA,334118,3577,188,940,C,AZ,IGO INC,IGOI
137434, , ,9/30/12,Scottsdale,iGo Inc,4520,452020,45,45202030,D,USA,334118,3577,188,940,C,AZ,IGO INC,IGOI
137434, , ,10/31/12,Scottsdale,iGo Inc,4520,452020,45,45202030,D,USA,334118,3577,188,940,C,AZ,IGO INC,IGOI
137434, , ,11/30/12,Scottsdale,iGo Inc,4520,452020,45,45202030,D,USA,334118,3577,188,940,C,AZ,IGO INC,IGOI
137434, , ,12/31/12,Scottsdale,iGo Inc,4520,452020,45,45202030,D,USA,334118,3577,188,940,C,AZ,IGO INC,IGOI
137434, , ,1/31/13,Scottsdale,iGo Inc,4520,452020,45,45202030,D,USA,334118,3577,188,940,C,AZ,IGO INC,IGOI
137434, , ,2/28/13,Scottsdale,iGo Inc,4520,452020,45,45202030,D,USA,334118,3577,188,940,C,AZ,IGO INC,IGOI
137434, , ,3/31/13,Scottsdale,iGo Inc,4520,452020,45,45202030,D,USA,334118,3577,188,940,C,AZ,IGO INC,IGOI
137434, , ,4/30/13,Scottsdale,iGo Inc,4520,452020,45,45202030,D,USA,334118,3577,188,940,C,AZ,IGO INC,IGOI
137434, , ,5/31/13,Scottsdale,iGo Inc,4520,452020,45,45202030,D,USA,334118,3577,188,940,C,AZ,IGO INC,IGOI
137434, , ,6/30/13,Scottsdale,iGo Inc,4520,452020,45,45202030,D,USA,334118,3577,188,940,C,AZ,IGO INC,IGOI
137434, , ,7/31/13,Scottsdale,iGo Inc,4520,452020,45,45202030,D,USA,334118,3577,188,940,C,AZ,IGO INC,IGOI
137434, , ,8/31/13,Scottsdale,iGo Inc,4520,452020,45,45202030,D,USA,334118,3577,188,940,C,AZ,IGO INC,IGOI
137434, , ,9/30/13,Scottsdale,iGo Inc,4520,452020,45,45202030,D,USA,334118,3577,188,940,C,AZ,IGO INC,IGOI
137434, , ,10/31/13,Scottsdale,iGo Inc,4520,452020,45,45202030,D,USA,334118,3577,188,940,C,AZ,IGO INC,IGOI
137530, , ,1/31/10,Addison,Icon Media Holdings Inc,4520,452030,45,45203010,D,USA,334290,3669,185,940, ,TX,ICON MEDIA HOLDINGS INC,ICNM
137530, , ,2/28/10,Addison,Icon Media Holdings Inc,4520,452030,45,45203010,D,USA,334290,3669,185,940, ,TX,ICON MEDIA HOLDINGS INC,ICNM
137530, , ,3/31/10,Addison,Icon Media Holdings Inc,4520,452030,45,45203010,D,USA,334290,3669,185,940, ,TX,ICON MEDIA HOLDINGS INC,ICNM
137530, , ,4/30/10,Addison,Icon Media Holdings Inc,4520,452030,45,45203010,D,USA,334290,3669,185,940, ,TX,ICON MEDIA HOLDINGS INC,ICNM
137530, , ,5/31/10,Addison,Icon Media Holdings Inc,4520,452030,45,45203010,D,USA,334290,3669,185,940, ,TX,ICON MEDIA HOLDINGS INC,ICNM
137530, , ,6/30/10,Addison,Icon Media Holdings Inc,4520,452030,45,45203010,D,USA,334290,3669,185,940, ,TX,ICON MEDIA HOLDINGS INC,ICNM
137530, , ,7/31/10,Addison,Icon Media Holdings Inc,4520,452030,45,45203010,D,USA,334290,3669,185,940, ,TX,ICON MEDIA HOLDINGS INC,ICNM
137530, , ,8/31/10,Addison,Icon Media Holdings Inc,4520,452030,45,45203010,D,USA,334290,3669,185,940, ,TX,ICON MEDIA HOLDINGS INC,ICNM
137530, , ,9/30/10,Addison,Icon Media Holdings Inc,4520,452030,45,45203010,D,USA,334290,3669,185,940, ,TX,ICON MEDIA HOLDINGS INC,ICNM
137530, , ,10/31/10,Addison,Icon Media Holdings Inc,4520,452030,45,45203010,D,USA,334290,3669,185,940, ,TX,ICON MEDIA HOLDINGS INC,ICNM
137530, , ,11/30/10,Addison,Icon Media Holdings Inc,4520,452030,45,45203010,D,USA,334290,3669,185,940, ,TX,ICON MEDIA HOLDINGS INC,ICNM
137530, , ,12/31/10,Addison,Icon Media Holdings Inc,4520,452030,45,45203010,D,USA,334290,3669,185,940, ,TX,ICON MEDIA HOLDINGS INC,ICNM
137530, , ,1/31/11,Addison,Icon Media Holdings Inc,4520,452030,45,45203010,D,USA,334290,3669,185,940, ,TX,ICON MEDIA HOLDINGS INC,ICNM
137530, , ,2/28/11,Addison,Icon Media Holdings Inc,4520,452030,45,45203010,D,USA,334290,3669,185,940, ,TX,ICON MEDIA HOLDINGS INC,ICNM
137530, , ,3/31/11,Addison,Icon Media Holdings Inc,4520,452030,45,45203010,D,USA,334290,3669,185,940, ,TX,ICON MEDIA HOLDINGS INC,ICNM
137530, , ,4/30/11,Addison,Icon Media Holdings Inc,4520,452030,45,45203010,D,USA,334290,3669,185,940, ,TX,ICON MEDIA HOLDINGS INC,ICNM
137530, , ,5/31/11,Addison,Icon Media Holdings Inc,4520,452030,45,45203010,D,USA,334290,3669,185,940, ,TX,ICON MEDIA HOLDINGS INC,ICNM
137530, , ,6/30/11,Addison,Icon Media Holdings Inc,4520,452030,45,45203010,D,USA,334290,3669,185,940, ,TX,ICON MEDIA HOLDINGS INC,ICNM
137530, , ,7/31/11,Addison,Icon Media Holdings Inc,4520,452030,45,45203010,D,USA,334290,3669,185,940, ,TX,ICON MEDIA HOLDINGS INC,ICNM
137530, , ,8/31/11,Addison,Icon Media Holdings Inc,4520,452030,45,45203010,D,USA,334290,3669,185,940, ,TX,ICON MEDIA HOLDINGS INC,ICNM
137530, , ,9/30/11,Addison,Icon Media Holdings Inc,4520,452030,45,45203010,D,USA,334290,3669,185,940, ,TX,ICON MEDIA HOLDINGS INC,ICNM
137530, , ,10/31/11,Addison,Icon Media Holdings Inc,4520,452030,45,45203010,D,USA,334290,3669,185,940, ,TX,ICON MEDIA HOLDINGS INC,ICNM
137530, , ,11/30/11,Addison,Icon Media Holdings Inc,4520,452030,45,45203010,D,USA,334290,3669,185,940, ,TX,ICON MEDIA HOLDINGS INC,ICNM
137530, , ,12/31/11,Addison,Icon Media Holdings Inc,4520,452030,45,45203010,D,USA,334290,3669,185,940, ,TX,ICON MEDIA HOLDINGS INC,ICNM
137530, , ,1/31/12,Addison,Icon Media Holdings Inc,4520,452030,45,45203010,D,USA,334290,3669,185,940, ,TX,ICON MEDIA HOLDINGS INC,ICNM
137530, , ,2/29/12,Addison,Icon Media Holdings Inc,4520,452030,45,45203010,D,USA,334290,3669,185,940, ,TX,ICON MEDIA HOLDINGS INC,ICNM
137530, , ,3/31/12,Addison,Icon Media Holdings Inc,4520,452030,45,45203010,D,USA,334290,3669,185,940, ,TX,ICON MEDIA HOLDINGS INC,ICNM
137530, , ,4/30/12,Addison,Icon Media Holdings Inc,4520,452030,45,45203010,D,USA,334290,3669,185,940, ,TX,ICON MEDIA HOLDINGS INC,ICNM
137530, , ,5/31/12,Addison,Icon Media Holdings Inc,4520,452030,45,45203010,D,USA,334290,3669,185,940, ,TX,ICON MEDIA HOLDINGS INC,ICNM
137530, , ,6/30/12,Addison,Icon Media Holdings Inc,4520,452030,45,45203010,D,USA,334290,3669,185,940, ,TX,ICON MEDIA HOLDINGS INC,ICNM
137530, , ,7/31/12,Addison,Icon Media Holdings Inc,4520,452030,45,45203010,D,USA,334290,3669,185,940, ,TX,ICON MEDIA HOLDINGS INC,ICNM
137530, , ,8/31/12,Addison,Icon Media Holdings Inc,4520,452030,45,45203010,D,USA,334290,3669,185,940, ,TX,ICON MEDIA HOLDINGS INC,ICNM
137530, , ,9/30/12,Addison,Icon Media Holdings Inc,4520,452030,45,45203010,D,USA,334290,3669,185,940, ,TX,ICON MEDIA HOLDINGS INC,ICNM
137530, , ,10/31/12,Addison,Icon Media Holdings Inc,4520,452030,45,45203010,D,USA,334290,3669,185,940, ,TX,ICON MEDIA HOLDINGS INC,ICNM
137530, , ,11/30/12,Addison,Icon Media Holdings Inc,4520,452030,45,45203010,D,USA,334290,3669,185,940, ,TX,ICON MEDIA HOLDINGS INC,ICNM
137530, , ,12/31/12,Addison,Icon Media Holdings Inc,4520,452030,45,45203010,D,USA,334290,3669,185,940, ,TX,ICON MEDIA HOLDINGS INC,ICNM
137530, , ,1/31/13,Addison,Icon Media Holdings Inc,4520,452030,45,45203010,D,USA,334290,3669,185,940, ,TX,ICON MEDIA HOLDINGS INC,ICNM
137530, , ,2/28/13,Addison,Icon Media Holdings Inc,4520,452030,45,45203010,D,USA,334290,3669,185,940, ,TX,ICON MEDIA HOLDINGS INC,ICNM
137530, , ,3/31/13,Addison,Icon Media Holdings Inc,4520,452030,45,45203010,D,USA,334290,3669,185,940, ,TX,ICON MEDIA HOLDINGS INC,ICNM
137530, , ,4/30/13,Addison,Icon Media Holdings Inc,4520,452030,45,45203010,D,USA,334290,3669,185,940, ,TX,ICON MEDIA HOLDINGS INC,ICNM
137530, , ,5/31/13,Addison,Icon Media Holdings Inc,4520,452030,45,45203010,D,USA,334290,3669,185,940, ,TX,ICON MEDIA HOLDINGS INC,ICNM
137530, , ,6/30/13,Addison,Icon Media Holdings Inc,4520,452030,45,45203010,D,USA,334290,3669,185,940, ,TX,ICON MEDIA HOLDINGS INC,ICNM
137530, , ,7/31/13,Addison,Icon Media Holdings Inc,4520,452030,45,45203010,D,USA,334290,3669,185,940, ,TX,ICON MEDIA HOLDINGS INC,ICNM
137530, , ,8/31/13,Addison,Icon Media Holdings Inc,4520,452030,45,45203010,D,USA,334290,3669,185,940, ,TX,ICON MEDIA HOLDINGS INC,ICNM
137530, , ,9/30/13,Addison,Icon Media Holdings Inc,4520,452030,45,45203010,D,USA,334290,3669,185,940, ,TX,ICON MEDIA HOLDINGS INC,ICNM
137530, , ,10/31/13,Addison,Icon Media Holdings Inc,4520,452030,45,45203010,D,USA,334290,3669,185,940, ,TX,ICON MEDIA HOLDINGS INC,ICNM
137641, , ,1/31/10,Canton,Network Engines Inc,4520,452010,45,45201020,D,USA,541512,7373,454,940,B-,MA,NETWORK ENGINES INC,NEI
137641, , ,2/28/10,Canton,Network Engines Inc,4520,452010,45,45201020,D,USA,541512,7373,454,940,B-,MA,NETWORK ENGINES INC,NEI
137641, , ,3/31/10,Canton,Network Engines Inc,4520,452010,45,45201020,D,USA,541512,7373,454,940,B-,MA,NETWORK ENGINES INC,NEI
137641, , ,4/30/10,Canton,Network Engines Inc,4520,452010,45,45201020,D,USA,541512,7373,454,940,B-,MA,NETWORK ENGINES INC,NEI
137641, , ,5/31/10,Canton,Network Engines Inc,4520,452010,45,45201020,D,USA,541512,7373,454,940,B-,MA,NETWORK ENGINES INC,NEI
137641, , ,6/30/10,Canton,Network Engines Inc,4520,452010,45,45201020,D,USA,541512,7373,454,940,B-,MA,NETWORK ENGINES INC,NEI
137641, , ,7/31/10,Canton,Network Engines Inc,4520,452010,45,45201020,D,USA,541512,7373,454,940,B-,MA,NETWORK ENGINES INC,NEI
137641, , ,8/31/10,Canton,Network Engines Inc,4520,452010,45,45201020,D,USA,541512,7373,454,940,B-,MA,NETWORK ENGINES INC,NEI
137641, , ,9/30/10,Canton,Network Engines Inc,4520,452010,45,45201020,D,USA,541512,7373,454,940,B-,MA,NETWORK ENGINES INC,NEI
137641, , ,10/31/10,Canton,Network Engines Inc,4520,452010,45,45201020,D,USA,541512,7373,454,940,B-,MA,NETWORK ENGINES INC,NEI
137641, , ,11/30/10,Canton,Network Engines Inc,4520,452010,45,45201020,D,USA,541512,7373,454,940,B-,MA,NETWORK ENGINES INC,NEI
137641, , ,12/31/10,Canton,Network Engines Inc,4520,452010,45,45201020,D,USA,541512,7373,454,940,B-,MA,NETWORK ENGINES INC,NEI
137641, , ,1/31/11,Canton,Network Engines Inc,4520,452010,45,45201020,D,USA,541512,7373,454,940,B-,MA,NETWORK ENGINES INC,NEI
137641, , ,2/28/11,Canton,Network Engines Inc,4520,452010,45,45201020,D,USA,541512,7373,454,940,B-,MA,NETWORK ENGINES INC,NEI
137641, , ,3/31/11,Canton,Network Engines Inc,4520,452010,45,45201020,D,USA,541512,7373,454,940,B-,MA,NETWORK ENGINES INC,NEI
137641, , ,4/30/11,Canton,Network Engines Inc,4520,452010,45,45201020,D,USA,541512,7373,454,940,B-,MA,NETWORK ENGINES INC,NEI
137641, , ,5/31/11,Canton,Network Engines Inc,4520,452010,45,45201020,D,USA,541512,7373,454,940,B-,MA,NETWORK ENGINES INC,NEI
137641, , ,6/30/11,Canton,Network Engines Inc,4520,452010,45,45201020,D,USA,541512,7373,454,940,B-,MA,NETWORK ENGINES INC,NEI
137641, , ,7/31/11,Canton,Network Engines Inc,4520,452010,45,45201020,D,USA,541512,7373,454,940,B-,MA,NETWORK ENGINES INC,NEI
137641, , ,8/31/11,Canton,Network Engines Inc,4520,452010,45,45201020,D,USA,541512,7373,454,940,B-,MA,NETWORK ENGINES INC,NEI
137641, , ,9/30/11,Canton,Network Engines Inc,4520,452010,45,45201020,D,USA,541512,7373,454,940,B-,MA,NETWORK ENGINES INC,NEI
137641, , ,10/31/11,Canton,Network Engines Inc,4520,452010,45,45201020,D,USA,541512,7373,454,940,B-,MA,NETWORK ENGINES INC,NEI
137641, , ,11/30/11,Canton,Network Engines Inc,4520,452010,45,45201020,D,USA,541512,7373,454,940,B-,MA,NETWORK ENGINES INC,NEI
137641, , ,12/31/11,Canton,Network Engines Inc,4520,452010,45,45201020,D,USA,541512,7373,454,940,B-,MA,NETWORK ENGINES INC,NEI
137641, , ,1/31/12,Canton,Network Engines Inc,4520,452010,45,45201020,D,USA,541512,7373,454,940,B-,MA,NETWORK ENGINES INC,NEI
137641, , ,2/29/12,Canton,Network Engines Inc,4520,452010,45,45201020,D,USA,541512,7373,454,940,B-,MA,NETWORK ENGINES INC,NEI
137641, , ,3/31/12,Canton,Network Engines Inc,4520,452010,45,45201020,D,USA,541512,7373,454,940,B-,MA,NETWORK ENGINES INC,NEI
137641, , ,4/30/12,Canton,Network Engines Inc,4520,452010,45,45201020,D,USA,541512,7373,454,940,B-,MA,NETWORK ENGINES INC,NEI
137641, , ,5/31/12,Canton,Network Engines Inc,4520,452010,45,45201020,D,USA,541512,7373,454,940,B-,MA,NETWORK ENGINES INC,NEI
137641, , ,6/30/12,Canton,Network Engines Inc,4520,452010,45,45201020,D,USA,541512,7373,454,940,B-,MA,NETWORK ENGINES INC,NEI
137641, , ,7/31/12,Canton,Network Engines Inc,4520,452010,45,45201020,D,USA,541512,7373,454,940,B-,MA,NETWORK ENGINES INC,NEI
137641, , ,8/31/12,Canton,Network Engines Inc,4520,452010,45,45201020,D,USA,541512,7373,454,940,B-,MA,NETWORK ENGINES INC,NEI
137641, , ,9/30/12,Canton,Network Engines Inc,4520,452010,45,45201020,D,USA,541512,7373,454,940,B-,MA,NETWORK ENGINES INC,NEI
137667, , ,1/31/10,San Jose,Sunrise Telecom Inc,4520,452010,45,45201020,D,USA,334515,3825,230,940,B,CA,SUNRISE TELECOM INC,SRTI
137667, , ,2/28/10,San Jose,Sunrise Telecom Inc,4520,452010,45,45201020,D,USA,334515,3825,230,940,B,CA,SUNRISE TELECOM INC,SRTI
137667, , ,3/31/10,San Jose,Sunrise Telecom Inc,4520,452010,45,45201020,D,USA,334515,3825,230,940,B,CA,SUNRISE TELECOM INC,SRTI
137667, , ,4/30/10,San Jose,Sunrise Telecom Inc,4520,452010,45,45201020,D,USA,334515,3825,230,940,B,CA,SUNRISE TELECOM INC,SRTI
137667, , ,5/31/10,San Jose,Sunrise Telecom Inc,4520,452010,45,45201020,D,USA,334515,3825,230,940,B,CA,SUNRISE TELECOM INC,SRTI
137667, , ,6/30/10,San Jose,Sunrise Telecom Inc,4520,452010,45,45201020,D,USA,334515,3825,230,940,B,CA,SUNRISE TELECOM INC,SRTI
137667, , ,7/31/10,San Jose,Sunrise Telecom Inc,4520,452010,45,45201020,D,USA,334515,3825,230,940,B,CA,SUNRISE TELECOM INC,SRTI
137667, , ,8/31/10,San Jose,Sunrise Telecom Inc,4520,452010,45,45201020,D,USA,334515,3825,230,940,B,CA,SUNRISE TELECOM INC,SRTI
137667, , ,9/30/10,San Jose,Sunrise Telecom Inc,4520,452010,45,45201020,D,USA,334515,3825,230,940,B,CA,SUNRISE TELECOM INC,SRTI
137667, , ,10/31/10,San Jose,Sunrise Telecom Inc,4520,452010,45,45201020,D,USA,334515,3825,230,940,B,CA,SUNRISE TELECOM INC,SRTI
137667, , ,11/30/10,San Jose,Sunrise Telecom Inc,4520,452010,45,45201020,D,USA,334515,3825,230,940,B,CA,SUNRISE TELECOM INC,SRTI
137667, , ,12/31/10,San Jose,Sunrise Telecom Inc,4520,452010,45,45201020,D,USA,334515,3825,230,940,B,CA,SUNRISE TELECOM INC,SRTI
137667, , ,1/31/11,San Jose,Sunrise Telecom Inc,4520,452010,45,45201020,D,USA,334515,3825,230,940,B,CA,SUNRISE TELECOM INC,SRTI
137667, , ,2/28/11,San Jose,Sunrise Telecom Inc,4520,452010,45,45201020,D,USA,334515,3825,230,940,B,CA,SUNRISE TELECOM INC,SRTI
137667, , ,3/31/11,San Jose,Sunrise Telecom Inc,4520,452010,45,45201020,D,USA,334515,3825,230,940,B,CA,SUNRISE TELECOM INC,SRTI
137667, , ,4/30/11,San Jose,Sunrise Telecom Inc,4520,452010,45,45201020,D,USA,334515,3825,230,940,B,CA,SUNRISE TELECOM INC,SRTI
137667, , ,5/31/11,San Jose,Sunrise Telecom Inc,4520,452010,45,45201020,D,USA,334515,3825,230,940,B,CA,SUNRISE TELECOM INC,SRTI
137667, , ,6/30/11,San Jose,Sunrise Telecom Inc,4520,452010,45,45201020,D,USA,334515,3825,230,940,B,CA,SUNRISE TELECOM INC,SRTI
137667, , ,7/31/11,San Jose,Sunrise Telecom Inc,4520,452010,45,45201020,D,USA,334515,3825,230,940,B,CA,SUNRISE TELECOM INC,SRTI
137667, , ,8/31/11,San Jose,Sunrise Telecom Inc,4520,452010,45,45201020,D,USA,334515,3825,230,940,B,CA,SUNRISE TELECOM INC,SRTI
137667, , ,9/30/11,San Jose,Sunrise Telecom Inc,4520,452010,45,45201020,D,USA,334515,3825,230,940,B,CA,SUNRISE TELECOM INC,SRTI
137667, , ,10/31/11,San Jose,Sunrise Telecom Inc,4520,452010,45,45201020,D,USA,334515,3825,230,940,B,CA,SUNRISE TELECOM INC,SRTI
137667, , ,11/30/11,San Jose,Sunrise Telecom Inc,4520,452010,45,45201020,D,USA,334515,3825,230,940,B,CA,SUNRISE TELECOM INC,SRTI
137667, , ,12/31/11,San Jose,Sunrise Telecom Inc,4520,452010,45,45201020,D,USA,334515,3825,230,940,B,CA,SUNRISE TELECOM INC,SRTI
137667, , ,1/31/12,San Jose,Sunrise Telecom Inc,4520,452010,45,45201020,D,USA,334515,3825,230,940,B,CA,SUNRISE TELECOM INC,SRTI
137667, , ,2/29/12,San Jose,Sunrise Telecom Inc,4520,452010,45,45201020,D,USA,334515,3825,230,940,B,CA,SUNRISE TELECOM INC,SRTI
137667, , ,3/31/12,San Jose,Sunrise Telecom Inc,4520,452010,45,45201020,D,USA,334515,3825,230,940,B,CA,SUNRISE TELECOM INC,SRTI
137667, , ,4/30/12,San Jose,Sunrise Telecom Inc,4520,452010,45,45201020,D,USA,334515,3825,230,940,B,CA,SUNRISE TELECOM INC,SRTI
137667, , ,5/31/12,San Jose,Sunrise Telecom Inc,4520,452010,45,45201020,D,USA,334515,3825,230,940,B,CA,SUNRISE TELECOM INC,SRTI
137667, , ,6/30/12,San Jose,Sunrise Telecom Inc,4520,452010,45,45201020,D,USA,334515,3825,230,940,B,CA,SUNRISE TELECOM INC,SRTI
137667, , ,7/31/12,San Jose,Sunrise Telecom Inc,4520,452010,45,45201020,D,USA,334515,3825,230,940,B,CA,SUNRISE TELECOM INC,SRTI
137667, , ,8/31/12,San Jose,Sunrise Telecom Inc,4520,452010,45,45201020,D,USA,334515,3825,230,940,B,CA,SUNRISE TELECOM INC,SRTI
137667, , ,9/30/12,San Jose,Sunrise Telecom Inc,4520,452010,45,45201020,D,USA,334515,3825,230,940,B,CA,SUNRISE TELECOM INC,SRTI
137667, , ,10/31/12,San Jose,Sunrise Telecom Inc,4520,452010,45,45201020,D,USA,334515,3825,230,940,B,CA,SUNRISE TELECOM INC,SRTI
137667, , ,11/30/12,San Jose,Sunrise Telecom Inc,4520,452010,45,45201020,D,USA,334515,3825,230,940,B,CA,SUNRISE TELECOM INC,SRTI
137667, , ,12/31/12,San Jose,Sunrise Telecom Inc,4520,452010,45,45201020,D,USA,334515,3825,230,940,B,CA,SUNRISE TELECOM INC,SRTI
137667, , ,1/31/13,San Jose,Sunrise Telecom Inc,4520,452010,45,45201020,D,USA,334515,3825,230,940,B,CA,SUNRISE TELECOM INC,SRTI
137667, , ,2/28/13,San Jose,Sunrise Telecom Inc,4520,452010,45,45201020,D,USA,334515,3825,230,940,B,CA,SUNRISE TELECOM INC,SRTI
137667, , ,3/31/13,San Jose,Sunrise Telecom Inc,4520,452010,45,45201020,D,USA,334515,3825,230,940,B,CA,SUNRISE TELECOM INC,SRTI
137667, , ,4/30/13,San Jose,Sunrise Telecom Inc,4520,452010,45,45201020,D,USA,334515,3825,230,940,B,CA,SUNRISE TELECOM INC,SRTI
137667, , ,5/31/13,San Jose,Sunrise Telecom Inc,4520,452010,45,45201020,D,USA,334515,3825,230,940,B,CA,SUNRISE TELECOM INC,SRTI
137667, , ,6/30/13,San Jose,Sunrise Telecom Inc,4520,452010,45,45201020,D,USA,334515,3825,230,940,B,CA,SUNRISE TELECOM INC,SRTI
137667, , ,7/31/13,San Jose,Sunrise Telecom Inc,4520,452010,45,45201020,D,USA,334515,3825,230,940,B,CA,SUNRISE TELECOM INC,SRTI
137667, , ,8/31/13,San Jose,Sunrise Telecom Inc,4520,452010,45,45201020,D,USA,334515,3825,230,940,B,CA,SUNRISE TELECOM INC,SRTI
137667, , ,9/30/13,San Jose,Sunrise Telecom Inc,4520,452010,45,45201020,D,USA,334515,3825,230,940,B,CA,SUNRISE TELECOM INC,SRTI
137667, , ,10/31/13,San Jose,Sunrise Telecom Inc,4520,452010,45,45201020,D,USA,334515,3825,230,940,B,CA,SUNRISE TELECOM INC,SRTI
137861, , ,1/31/10,Boca Raton,Airspan Networks Inc,4520,452010,45,45201020,D,USA,334220,3663,180,940,C,FL,AIRSPAN NETWORKS INC,AIRO
137861, , ,2/28/10,Boca Raton,Airspan Networks Inc,4520,452010,45,45201020,D,USA,334220,3663,180,940,C,FL,AIRSPAN NETWORKS INC,AIRO
137861, , ,3/31/10,Boca Raton,Airspan Networks Inc,4520,452010,45,45201020,D,USA,334220,3663,180,940,C,FL,AIRSPAN NETWORKS INC,AIRO
137861, , ,4/30/10,Boca Raton,Airspan Networks Inc,4520,452010,45,45201020,D,USA,334220,3663,180,940,C,FL,AIRSPAN NETWORKS INC,AIRO
137861, , ,5/31/10,Boca Raton,Airspan Networks Inc,4520,452010,45,45201020,D,USA,334220,3663,180,940,C,FL,AIRSPAN NETWORKS INC,AIRO
137861, , ,6/30/10,Boca Raton,Airspan Networks Inc,4520,452010,45,45201020,D,USA,334220,3663,180,940,C,FL,AIRSPAN NETWORKS INC,AIRO
137861, , ,7/31/10,Boca Raton,Airspan Networks Inc,4520,452010,45,45201020,D,USA,334220,3663,180,940,C,FL,AIRSPAN NETWORKS INC,AIRO
137861, , ,8/31/10,Boca Raton,Airspan Networks Inc,4520,452010,45,45201020,D,USA,334220,3663,180,940,C,FL,AIRSPAN NETWORKS INC,AIRO
137861, , ,9/30/10,Boca Raton,Airspan Networks Inc,4520,452010,45,45201020,D,USA,334220,3663,180,940,C,FL,AIRSPAN NETWORKS INC,AIRO
137861, , ,10/31/10,Boca Raton,Airspan Networks Inc,4520,452010,45,45201020,D,USA,334220,3663,180,940,C,FL,AIRSPAN NETWORKS INC,AIRO
137861, , ,11/30/10,Boca Raton,Airspan Networks Inc,4520,452010,45,45201020,D,USA,334220,3663,180,940,C,FL,AIRSPAN NETWORKS INC,AIRO
137861, , ,12/31/10,Boca Raton,Airspan Networks Inc,4520,452010,45,45201020,D,USA,334220,3663,180,940,C,FL,AIRSPAN NETWORKS INC,AIRO
137861, , ,1/31/11,Boca Raton,Airspan Networks Inc,4520,452010,45,45201020,D,USA,334220,3663,180,940,C,FL,AIRSPAN NETWORKS INC,AIRO
137861, , ,2/28/11,Boca Raton,Airspan Networks Inc,4520,452010,45,45201020,D,USA,334220,3663,180,940,C,FL,AIRSPAN NETWORKS INC,AIRO
137861, , ,3/31/11,Boca Raton,Airspan Networks Inc,4520,452010,45,45201020,D,USA,334220,3663,180,940,C,FL,AIRSPAN NETWORKS INC,AIRO
137861, , ,4/30/11,Boca Raton,Airspan Networks Inc,4520,452010,45,45201020,D,USA,334220,3663,180,940,C,FL,AIRSPAN NETWORKS INC,AIRO
137861, , ,5/31/11,Boca Raton,Airspan Networks Inc,4520,452010,45,45201020,D,USA,334220,3663,180,940,C,FL,AIRSPAN NETWORKS INC,AIRO
137861, , ,6/30/11,Boca Raton,Airspan Networks Inc,4520,452010,45,45201020,D,USA,334220,3663,180,940,C,FL,AIRSPAN NETWORKS INC,AIRO
137861, , ,7/31/11,Boca Raton,Airspan Networks Inc,4520,452010,45,45201020,D,USA,334220,3663,180,940,C,FL,AIRSPAN NETWORKS INC,AIRO
137861, , ,8/31/11,Boca Raton,Airspan Networks Inc,4520,452010,45,45201020,D,USA,334220,3663,180,940,C,FL,AIRSPAN NETWORKS INC,AIRO
137861, , ,9/30/11,Boca Raton,Airspan Networks Inc,4520,452010,45,45201020,D,USA,334220,3663,180,940,C,FL,AIRSPAN NETWORKS INC,AIRO
137861, , ,10/31/11,Boca Raton,Airspan Networks Inc,4520,452010,45,45201020,D,USA,334220,3663,180,940,C,FL,AIRSPAN NETWORKS INC,AIRO
137861, , ,11/30/11,Boca Raton,Airspan Networks Inc,4520,452010,45,45201020,D,USA,334220,3663,180,940,C,FL,AIRSPAN NETWORKS INC,AIRO
137861, , ,12/31/11,Boca Raton,Airspan Networks Inc,4520,452010,45,45201020,D,USA,334220,3663,180,940,C,FL,AIRSPAN NETWORKS INC,AIRO
137861, , ,1/31/12,Boca Raton,Airspan Networks Inc,4520,452010,45,45201020,D,USA,334220,3663,180,940,C,FL,AIRSPAN NETWORKS INC,AIRO
137861, , ,2/29/12,Boca Raton,Airspan Networks Inc,4520,452010,45,45201020,D,USA,334220,3663,180,940,C,FL,AIRSPAN NETWORKS INC,AIRO
137861, , ,3/31/12,Boca Raton,Airspan Networks Inc,4520,452010,45,45201020,D,USA,334220,3663,180,940,C,FL,AIRSPAN NETWORKS INC,AIRO
137861, , ,4/30/12,Boca Raton,Airspan Networks Inc,4520,452010,45,45201020,D,USA,334220,3663,180,940,C,FL,AIRSPAN NETWORKS INC,AIRO
137861, , ,5/31/12,Boca Raton,Airspan Networks Inc,4520,452010,45,45201020,D,USA,334220,3663,180,940,C,FL,AIRSPAN NETWORKS INC,AIRO
137861, , ,6/30/12,Boca Raton,Airspan Networks Inc,4520,452010,45,45201020,D,USA,334220,3663,180,940,C,FL,AIRSPAN NETWORKS INC,AIRO
137861, , ,7/31/12,Boca Raton,Airspan Networks Inc,4520,452010,45,45201020,D,USA,334220,3663,180,940,C,FL,AIRSPAN NETWORKS INC,AIRO
137861, , ,8/31/12,Boca Raton,Airspan Networks Inc,4520,452010,45,45201020,D,USA,334220,3663,180,940,C,FL,AIRSPAN NETWORKS INC,AIRO
137861, , ,9/30/12,Boca Raton,Airspan Networks Inc,4520,452010,45,45201020,D,USA,334220,3663,180,940,C,FL,AIRSPAN NETWORKS INC,AIRO
137861, , ,10/31/12,Boca Raton,Airspan Networks Inc,4520,452010,45,45201020,D,USA,334220,3663,180,940,C,FL,AIRSPAN NETWORKS INC,AIRO
137861, , ,11/30/12,Boca Raton,Airspan Networks Inc,4520,452010,45,45201020,D,USA,334220,3663,180,940,C,FL,AIRSPAN NETWORKS INC,AIRO
137861, , ,12/31/12,Boca Raton,Airspan Networks Inc,4520,452010,45,45201020,D,USA,334220,3663,180,940,C,FL,AIRSPAN NETWORKS INC,AIRO
137861, , ,1/31/13,Boca Raton,Airspan Networks Inc,4520,452010,45,45201020,D,USA,334220,3663,180,940,C,FL,AIRSPAN NETWORKS INC,AIRO
137861, , ,2/28/13,Boca Raton,Airspan Networks Inc,4520,452010,45,45201020,D,USA,334220,3663,180,940,C,FL,AIRSPAN NETWORKS INC,AIRO
137861, , ,3/31/13,Boca Raton,Airspan Networks Inc,4520,452010,45,45201020,D,USA,334220,3663,180,940,C,FL,AIRSPAN NETWORKS INC,AIRO
137861, , ,4/30/13,Boca Raton,Airspan Networks Inc,4520,452010,45,45201020,D,USA,334220,3663,180,940,C,FL,AIRSPAN NETWORKS INC,AIRO
137861, , ,5/31/13,Boca Raton,Airspan Networks Inc,4520,452010,45,45201020,D,USA,334220,3663,180,940,C,FL,AIRSPAN NETWORKS INC,AIRO
137861, , ,6/30/13,Boca Raton,Airspan Networks Inc,4520,452010,45,45201020,D,USA,334220,3663,180,940,C,FL,AIRSPAN NETWORKS INC,AIRO
137861, , ,7/31/13,Boca Raton,Airspan Networks Inc,4520,452010,45,45201020,D,USA,334220,3663,180,940,C,FL,AIRSPAN NETWORKS INC,AIRO
137861, , ,8/31/13,Boca Raton,Airspan Networks Inc,4520,452010,45,45201020,D,USA,334220,3663,180,940,C,FL,AIRSPAN NETWORKS INC,AIRO
137861, , ,9/30/13,Boca Raton,Airspan Networks Inc,4520,452010,45,45201020,D,USA,334220,3663,180,940,C,FL,AIRSPAN NETWORKS INC,AIRO
137861, , ,10/31/13,Boca Raton,Airspan Networks Inc,4520,452010,45,45201020,D,USA,334220,3663,180,940,C,FL,AIRSPAN NETWORKS INC,AIRO
137874, , ,1/31/10,Markham,SMTC Corp,4520,452030,45,45203020,D,CAN,334412,3672,220,925,C,ON,SMTC CORP,SMTX
137874, , ,2/28/10,Markham,SMTC Corp,4520,452030,45,45203020,D,CAN,334412,3672,220,925,C,ON,SMTC CORP,SMTX
137874, , ,3/31/10,Markham,SMTC Corp,4520,452030,45,45203020,D,CAN,334412,3672,220,925,C,ON,SMTC CORP,SMTX
137874, , ,4/30/10,Markham,SMTC Corp,4520,452030,45,45203020,D,CAN,334412,3672,220,925,C,ON,SMTC CORP,SMTX
137874, , ,5/31/10,Markham,SMTC Corp,4520,452030,45,45203020,D,CAN,334412,3672,220,925,C,ON,SMTC CORP,SMTX
137874, , ,6/30/10,Markham,SMTC Corp,4520,452030,45,45203020,D,CAN,334412,3672,220,925,C,ON,SMTC CORP,SMTX
137874, , ,7/31/10,Markham,SMTC Corp,4520,452030,45,45203020,D,CAN,334412,3672,220,925,C,ON,SMTC CORP,SMTX
137874, , ,8/31/10,Markham,SMTC Corp,4520,452030,45,45203020,D,CAN,334412,3672,220,925,C,ON,SMTC CORP,SMTX
137874, , ,9/30/10,Markham,SMTC Corp,4520,452030,45,45203020,D,CAN,334412,3672,220,925,C,ON,SMTC CORP,SMTX
137874, , ,10/31/10,Markham,SMTC Corp,4520,452030,45,45203020,D,CAN,334412,3672,220,925,C,ON,SMTC CORP,SMTX
137874, , ,11/30/10,Markham,SMTC Corp,4520,452030,45,45203020,D,CAN,334412,3672,220,925,C,ON,SMTC CORP,SMTX
137874, , ,12/31/10,Markham,SMTC Corp,4520,452030,45,45203020,D,CAN,334412,3672,220,925,C,ON,SMTC CORP,SMTX
137874, , ,1/31/11,Markham,SMTC Corp,4520,452030,45,45203020,D,CAN,334412,3672,220,925,C,ON,SMTC CORP,SMTX
137874, , ,2/28/11,Markham,SMTC Corp,4520,452030,45,45203020,D,CAN,334412,3672,220,925,C,ON,SMTC CORP,SMTX
137874, , ,3/31/11,Markham,SMTC Corp,4520,452030,45,45203020,D,CAN,334412,3672,220,925,C,ON,SMTC CORP,SMTX
137874, , ,4/30/11,Markham,SMTC Corp,4520,452030,45,45203020,D,CAN,334412,3672,220,925,C,ON,SMTC CORP,SMTX
137874, , ,5/31/11,Markham,SMTC Corp,4520,452030,45,45203020,D,CAN,334412,3672,220,925,C,ON,SMTC CORP,SMTX
137874, , ,6/30/11,Markham,SMTC Corp,4520,452030,45,45203020,D,CAN,334412,3672,220,925,C,ON,SMTC CORP,SMTX
137874, , ,7/31/11,Markham,SMTC Corp,4520,452030,45,45203020,D,CAN,334412,3672,220,925,C,ON,SMTC CORP,SMTX
137874, , ,8/31/11,Markham,SMTC Corp,4520,452030,45,45203020,D,CAN,334412,3672,220,925,C,ON,SMTC CORP,SMTX
137874, , ,9/30/11,Markham,SMTC Corp,4520,452030,45,45203020,D,CAN,334412,3672,220,925,C,ON,SMTC CORP,SMTX
137874, , ,10/31/11,Markham,SMTC Corp,4520,452030,45,45203020,D,CAN,334412,3672,220,925,C,ON,SMTC CORP,SMTX
137874, , ,11/30/11,Markham,SMTC Corp,4520,452030,45,45203020,D,CAN,334412,3672,220,925,C,ON,SMTC CORP,SMTX
137874, , ,12/31/11,Markham,SMTC Corp,4520,452030,45,45203020,D,CAN,334412,3672,220,925,C,ON,SMTC CORP,SMTX
137874, , ,1/31/12,Markham,SMTC Corp,4520,452030,45,45203020,D,CAN,334412,3672,220,925,C,ON,SMTC CORP,SMTX
137874, , ,2/29/12,Markham,SMTC Corp,4520,452030,45,45203020,D,CAN,334412,3672,220,925,C,ON,SMTC CORP,SMTX
137874, , ,3/31/12,Markham,SMTC Corp,4520,452030,45,45203020,D,CAN,334412,3672,220,925,C,ON,SMTC CORP,SMTX
137874, , ,4/30/12,Markham,SMTC Corp,4520,452030,45,45203020,D,CAN,334412,3672,220,925,C,ON,SMTC CORP,SMTX
137874, , ,5/31/12,Markham,SMTC Corp,4520,452030,45,45203020,D,CAN,334412,3672,220,925,C,ON,SMTC CORP,SMTX
137874, , ,6/30/12,Markham,SMTC Corp,4520,452030,45,45203020,D,CAN,334412,3672,220,925,C,ON,SMTC CORP,SMTX
137874, , ,7/31/12,Markham,SMTC Corp,4520,452030,45,45203020,D,CAN,334412,3672,220,925,C,ON,SMTC CORP,SMTX
137874, , ,8/31/12,Markham,SMTC Corp,4520,452030,45,45203020,D,CAN,334412,3672,220,925,C,ON,SMTC CORP,SMTX
137874, , ,9/30/12,Markham,SMTC Corp,4520,452030,45,45203020,D,CAN,334412,3672,220,925,C,ON,SMTC CORP,SMTX
137874, , ,10/31/12,Markham,SMTC Corp,4520,452030,45,45203020,D,CAN,334412,3672,220,925,C,ON,SMTC CORP,SMTX
137874, , ,11/30/12,Markham,SMTC Corp,4520,452030,45,45203020,D,CAN,334412,3672,220,925,C,ON,SMTC CORP,SMTX
137874, , ,12/31/12,Markham,SMTC Corp,4520,452030,45,45203020,D,CAN,334412,3672,220,925,C,ON,SMTC CORP,SMTX
137874, , ,1/31/13,Markham,SMTC Corp,4520,452030,45,45203020,D,CAN,334412,3672,220,925,C,ON,SMTC CORP,SMTX
137874, , ,2/28/13,Markham,SMTC Corp,4520,452030,45,45203020,D,CAN,334412,3672,220,925,C,ON,SMTC CORP,SMTX
137874, , ,3/31/13,Markham,SMTC Corp,4520,452030,45,45203020,D,CAN,334412,3672,220,925,C,ON,SMTC CORP,SMTX
137874, , ,4/30/13,Markham,SMTC Corp,4520,452030,45,45203020,D,CAN,334412,3672,220,925,C,ON,SMTC CORP,SMTX
137874, , ,5/31/13,Markham,SMTC Corp,4520,452030,45,45203020,D,CAN,334412,3672,220,925,C,ON,SMTC CORP,SMTX
137874, , ,6/30/13,Markham,SMTC Corp,4520,452030,45,45203020,D,CAN,334412,3672,220,925,C,ON,SMTC CORP,SMTX
137874, , ,7/31/13,Markham,SMTC Corp,4520,452030,45,45203020,D,CAN,334412,3672,220,925,C,ON,SMTC CORP,SMTX
137874, , ,8/31/13,Markham,SMTC Corp,4520,452030,45,45203020,D,CAN,334412,3672,220,925,C,ON,SMTC CORP,SMTX
137874, , ,9/30/13,Markham,SMTC Corp,4520,452030,45,45203020,D,CAN,334412,3672,220,925,C,ON,SMTC CORP,SMTX
137874, , ,10/31/13,Markham,SMTC Corp,4520,452030,45,45203020,D,CAN,334412,3672,220,925,C,ON,SMTC CORP,SMTX
137882, , ,1/31/10,Markham,SMTC Manufacturing Corp of Canada,4520,452030,45,45203020,D,CAN,334412,3670, , , ,ON,SMTC MANUFACTURING CP OF CDA,SMX.
137882, , ,2/28/10,Markham,SMTC Manufacturing Corp of Canada,4520,452030,45,45203020,D,CAN,334412,3670, , , ,ON,SMTC MANUFACTURING CP OF CDA,SMX.
137882, , ,3/31/10,Markham,SMTC Manufacturing Corp of Canada,4520,452030,45,45203020,D,CAN,334412,3670, , , ,ON,SMTC MANUFACTURING CP OF CDA,SMX.
137882, , ,4/30/10,Markham,SMTC Manufacturing Corp of Canada,4520,452030,45,45203020,D,CAN,334412,3670, , , ,ON,SMTC MANUFACTURING CP OF CDA,SMX.
137882, , ,5/31/10,Markham,SMTC Manufacturing Corp of Canada,4520,452030,45,45203020,D,CAN,334412,3670, , , ,ON,SMTC MANUFACTURING CP OF CDA,SMX.
137882, , ,6/30/10,Markham,SMTC Manufacturing Corp of Canada,4520,452030,45,45203020,D,CAN,334412,3670, , , ,ON,SMTC MANUFACTURING CP OF CDA,SMX.
137882, , ,7/31/10,Markham,SMTC Manufacturing Corp of Canada,4520,452030,45,45203020,D,CAN,334412,3670, , , ,ON,SMTC MANUFACTURING CP OF CDA,SMX.
137882, , ,8/31/10,Markham,SMTC Manufacturing Corp of Canada,4520,452030,45,45203020,D,CAN,334412,3670, , , ,ON,SMTC MANUFACTURING CP OF CDA,SMX.
137882, , ,9/30/10,Markham,SMTC Manufacturing Corp of Canada,4520,452030,45,45203020,D,CAN,334412,3670, , , ,ON,SMTC MANUFACTURING CP OF CDA,SMX.
137882, , ,10/31/10,Markham,SMTC Manufacturing Corp of Canada,4520,452030,45,45203020,D,CAN,334412,3670, , , ,ON,SMTC MANUFACTURING CP OF CDA,SMX.
137882, , ,11/30/10,Markham,SMTC Manufacturing Corp of Canada,4520,452030,45,45203020,D,CAN,334412,3670, , , ,ON,SMTC MANUFACTURING CP OF CDA,SMX.
137882, , ,12/31/10,Markham,SMTC Manufacturing Corp of Canada,4520,452030,45,45203020,D,CAN,334412,3670, , , ,ON,SMTC MANUFACTURING CP OF CDA,SMX.
137882, , ,1/31/11,Markham,SMTC Manufacturing Corp of Canada,4520,452030,45,45203020,D,CAN,334412,3670, , , ,ON,SMTC MANUFACTURING CP OF CDA,SMX.
137882, , ,2/28/11,Markham,SMTC Manufacturing Corp of Canada,4520,452030,45,45203020,D,CAN,334412,3670, , , ,ON,SMTC MANUFACTURING CP OF CDA,SMX.
137882, , ,3/31/11,Markham,SMTC Manufacturing Corp of Canada,4520,452030,45,45203020,D,CAN,334412,3670, , , ,ON,SMTC MANUFACTURING CP OF CDA,SMX.
137882, , ,4/30/11,Markham,SMTC Manufacturing Corp of Canada,4520,452030,45,45203020,D,CAN,334412,3670, , , ,ON,SMTC MANUFACTURING CP OF CDA,SMX.
137882, , ,5/31/11,Markham,SMTC Manufacturing Corp of Canada,4520,452030,45,45203020,D,CAN,334412,3670, , , ,ON,SMTC MANUFACTURING CP OF CDA,SMX.
137882, , ,6/30/11,Markham,SMTC Manufacturing Corp of Canada,4520,452030,45,45203020,D,CAN,334412,3670, , , ,ON,SMTC MANUFACTURING CP OF CDA,SMX.
137882, , ,7/31/11,Markham,SMTC Manufacturing Corp of Canada,4520,452030,45,45203020,D,CAN,334412,3670, , , ,ON,SMTC MANUFACTURING CP OF CDA,SMX.
137882, , ,8/31/11,Markham,SMTC Manufacturing Corp of Canada,4520,452030,45,45203020,D,CAN,334412,3670, , , ,ON,SMTC MANUFACTURING CP OF CDA,SMX.
137882, , ,9/30/11,Markham,SMTC Manufacturing Corp of Canada,4520,452030,45,45203020,D,CAN,334412,3670, , , ,ON,SMTC MANUFACTURING CP OF CDA,SMX.
137882, , ,10/31/11,Markham,SMTC Manufacturing Corp of Canada,4520,452030,45,45203020,D,CAN,334412,3670, , , ,ON,SMTC MANUFACTURING CP OF CDA,SMX.
137882, , ,11/30/11,Markham,SMTC Manufacturing Corp of Canada,4520,452030,45,45203020,D,CAN,334412,3670, , , ,ON,SMTC MANUFACTURING CP OF CDA,SMX.
137882, , ,12/31/11,Markham,SMTC Manufacturing Corp of Canada,4520,452030,45,45203020,D,CAN,334412,3670, , , ,ON,SMTC MANUFACTURING CP OF CDA,SMX.
137882, , ,1/31/12,Markham,SMTC Manufacturing Corp of Canada,4520,452030,45,45203020,D,CAN,334412,3670, , , ,ON,SMTC MANUFACTURING CP OF CDA,SMX.
137882, , ,2/29/12,Markham,SMTC Manufacturing Corp of Canada,4520,452030,45,45203020,D,CAN,334412,3670, , , ,ON,SMTC MANUFACTURING CP OF CDA,SMX.
137882, , ,3/31/12,Markham,SMTC Manufacturing Corp of Canada,4520,452030,45,45203020,D,CAN,334412,3670, , , ,ON,SMTC MANUFACTURING CP OF CDA,SMX.
137882, , ,4/30/12,Markham,SMTC Manufacturing Corp of Canada,4520,452030,45,45203020,D,CAN,334412,3670, , , ,ON,SMTC MANUFACTURING CP OF CDA,SMX.
137882, , ,5/31/12,Markham,SMTC Manufacturing Corp of Canada,4520,452030,45,45203020,D,CAN,334412,3670, , , ,ON,SMTC MANUFACTURING CP OF CDA,SMX.
137882, , ,6/30/12,Markham,SMTC Manufacturing Corp of Canada,4520,452030,45,45203020,D,CAN,334412,3670, , , ,ON,SMTC MANUFACTURING CP OF CDA,SMX.
138342, , ,1/31/10,Lakewood,Eroomsystem Technologies Inc,4520,452030,45,45203010,D,USA,334118,3570,190,940,C,NJ,EROOMSYSTEM TECHNOLOGIES INC,ERMS
138342, , ,2/28/10,Lakewood,Eroomsystem Technologies Inc,4520,452030,45,45203010,D,USA,334118,3570,190,940,C,NJ,EROOMSYSTEM TECHNOLOGIES INC,ERMS
138342, , ,3/31/10,Lakewood,Eroomsystem Technologies Inc,4520,452030,45,45203010,D,USA,334118,3570,190,940,C,NJ,EROOMSYSTEM TECHNOLOGIES INC,ERMS
138342, , ,4/30/10,Lakewood,Eroomsystem Technologies Inc,4520,452030,45,45203010,D,USA,334118,3570,190,940,C,NJ,EROOMSYSTEM TECHNOLOGIES INC,ERMS
138342, , ,5/31/10,Lakewood,Eroomsystem Technologies Inc,4520,452030,45,45203010,D,USA,334118,3570,190,940,C,NJ,EROOMSYSTEM TECHNOLOGIES INC,ERMS
138342, , ,6/30/10,Lakewood,Eroomsystem Technologies Inc,4520,452030,45,45203010,D,USA,334118,3570,190,940,C,NJ,EROOMSYSTEM TECHNOLOGIES INC,ERMS
138342, , ,7/31/10,Lakewood,Eroomsystem Technologies Inc,4520,452030,45,45203010,D,USA,334118,3570,190,940,C,NJ,EROOMSYSTEM TECHNOLOGIES INC,ERMS
138342, , ,8/31/10,Lakewood,Eroomsystem Technologies Inc,4520,452030,45,45203010,D,USA,334118,3570,190,940,C,NJ,EROOMSYSTEM TECHNOLOGIES INC,ERMS
138342, , ,9/30/10,Lakewood,Eroomsystem Technologies Inc,4520,452030,45,45203010,D,USA,334118,3570,190,940,C,NJ,EROOMSYSTEM TECHNOLOGIES INC,ERMS
138342, , ,10/31/10,Lakewood,Eroomsystem Technologies Inc,4520,452030,45,45203010,D,USA,334118,3570,190,940,C,NJ,EROOMSYSTEM TECHNOLOGIES INC,ERMS
138342, , ,11/30/10,Lakewood,Eroomsystem Technologies Inc,4520,452030,45,45203010,D,USA,334118,3570,190,940,C,NJ,EROOMSYSTEM TECHNOLOGIES INC,ERMS
138342, , ,12/31/10,Lakewood,Eroomsystem Technologies Inc,4520,452030,45,45203010,D,USA,334118,3570,190,940,C,NJ,EROOMSYSTEM TECHNOLOGIES INC,ERMS
138342, , ,1/31/11,Lakewood,Eroomsystem Technologies Inc,4520,452030,45,45203010,D,USA,334118,3570,190,940,C,NJ,EROOMSYSTEM TECHNOLOGIES INC,ERMS
138342, , ,2/28/11,Lakewood,Eroomsystem Technologies Inc,4520,452030,45,45203010,D,USA,334118,3570,190,940,C,NJ,EROOMSYSTEM TECHNOLOGIES INC,ERMS
138342, , ,3/31/11,Lakewood,Eroomsystem Technologies Inc,4520,452030,45,45203010,D,USA,334118,3570,190,940,C,NJ,EROOMSYSTEM TECHNOLOGIES INC,ERMS
138342, , ,4/30/11,Lakewood,Eroomsystem Technologies Inc,4520,452030,45,45203010,D,USA,334118,3570,190,940,C,NJ,EROOMSYSTEM TECHNOLOGIES INC,ERMS
138342, , ,5/31/11,Lakewood,Eroomsystem Technologies Inc,4520,452030,45,45203010,D,USA,334118,3570,190,940,C,NJ,EROOMSYSTEM TECHNOLOGIES INC,ERMS
138342, , ,6/30/11,Lakewood,Eroomsystem Technologies Inc,4520,452030,45,45203010,D,USA,334118,3570,190,940,C,NJ,EROOMSYSTEM TECHNOLOGIES INC,ERMS
138342, , ,7/31/11,Lakewood,Eroomsystem Technologies Inc,4520,452030,45,45203010,D,USA,334118,3570,190,940,C,NJ,EROOMSYSTEM TECHNOLOGIES INC,ERMS
138342, , ,8/31/11,Lakewood,Eroomsystem Technologies Inc,4520,452030,45,45203010,D,USA,334118,3570,190,940,C,NJ,EROOMSYSTEM TECHNOLOGIES INC,ERMS
138342, , ,9/30/11,Lakewood,Eroomsystem Technologies Inc,4520,452030,45,45203010,D,USA,334118,3570,190,940,C,NJ,EROOMSYSTEM TECHNOLOGIES INC,ERMS
138342, , ,10/31/11,Lakewood,Eroomsystem Technologies Inc,4520,452030,45,45203010,D,USA,334118,3570,190,940,C,NJ,EROOMSYSTEM TECHNOLOGIES INC,ERMS
138342, , ,11/30/11,Lakewood,Eroomsystem Technologies Inc,4520,452030,45,45203010,D,USA,334118,3570,190,940,C,NJ,EROOMSYSTEM TECHNOLOGIES INC,ERMS
138342, , ,12/31/11,Lakewood,Eroomsystem Technologies Inc,4520,452030,45,45203010,D,USA,334118,3570,190,940,C,NJ,EROOMSYSTEM TECHNOLOGIES INC,ERMS
138342, , ,1/31/12,Lakewood,Eroomsystem Technologies Inc,4520,452030,45,45203010,D,USA,334118,3570,190,940,C,NJ,EROOMSYSTEM TECHNOLOGIES INC,ERMS
138342, , ,2/29/12,Lakewood,Eroomsystem Technologies Inc,4520,452030,45,45203010,D,USA,334118,3570,190,940,C,NJ,EROOMSYSTEM TECHNOLOGIES INC,ERMS
138342, , ,3/31/12,Lakewood,Eroomsystem Technologies Inc,4520,452030,45,45203010,D,USA,334118,3570,190,940,C,NJ,EROOMSYSTEM TECHNOLOGIES INC,ERMS
138342, , ,4/30/12,Lakewood,Eroomsystem Technologies Inc,4520,452030,45,45203010,D,USA,334118,3570,190,940,C,NJ,EROOMSYSTEM TECHNOLOGIES INC,ERMS
138342, , ,5/31/12,Lakewood,Eroomsystem Technologies Inc,4520,452030,45,45203010,D,USA,334118,3570,190,940,C,NJ,EROOMSYSTEM TECHNOLOGIES INC,ERMS
138342, , ,6/30/12,Lakewood,Eroomsystem Technologies Inc,4520,452030,45,45203010,D,USA,334118,3570,190,940,C,NJ,EROOMSYSTEM TECHNOLOGIES INC,ERMS
138342, , ,7/31/12,Lakewood,Eroomsystem Technologies Inc,4520,452030,45,45203010,D,USA,334118,3570,190,940,C,NJ,EROOMSYSTEM TECHNOLOGIES INC,ERMS
138342, , ,8/31/12,Lakewood,Eroomsystem Technologies Inc,4520,452030,45,45203010,D,USA,334118,3570,190,940,C,NJ,EROOMSYSTEM TECHNOLOGIES INC,ERMS
138342, , ,9/30/12,Lakewood,Eroomsystem Technologies Inc,4520,452030,45,45203010,D,USA,334118,3570,190,940,C,NJ,EROOMSYSTEM TECHNOLOGIES INC,ERMS
138342, , ,10/31/12,Lakewood,Eroomsystem Technologies Inc,4520,452030,45,45203010,D,USA,334118,3570,190,940,C,NJ,EROOMSYSTEM TECHNOLOGIES INC,ERMS
138342, , ,11/30/12,Lakewood,Eroomsystem Technologies Inc,4520,452030,45,45203010,D,USA,334118,3570,190,940,C,NJ,EROOMSYSTEM TECHNOLOGIES INC,ERMS
138342, , ,12/31/12,Lakewood,Eroomsystem Technologies Inc,4520,452030,45,45203010,D,USA,334118,3570,190,940,C,NJ,EROOMSYSTEM TECHNOLOGIES INC,ERMS
138342, , ,1/31/13,Lakewood,Eroomsystem Technologies Inc,4520,452030,45,45203010,D,USA,334118,3570,190,940,C,NJ,EROOMSYSTEM TECHNOLOGIES INC,ERMS
138342, , ,2/28/13,Lakewood,Eroomsystem Technologies Inc,4520,452030,45,45203010,D,USA,334118,3570,190,940,C,NJ,EROOMSYSTEM TECHNOLOGIES INC,ERMS
138342, , ,3/31/13,Lakewood,Eroomsystem Technologies Inc,4520,452030,45,45203010,D,USA,334118,3570,190,940,C,NJ,EROOMSYSTEM TECHNOLOGIES INC,ERMS
138342, , ,4/30/13,Lakewood,Eroomsystem Technologies Inc,4520,452030,45,45203010,D,USA,334118,3570,190,940,C,NJ,EROOMSYSTEM TECHNOLOGIES INC,ERMS
138342, , ,5/31/13,Lakewood,Eroomsystem Technologies Inc,4520,452030,45,45203010,D,USA,334118,3570,190,940,C,NJ,EROOMSYSTEM TECHNOLOGIES INC,ERMS
138342, , ,6/30/13,Lakewood,Eroomsystem Technologies Inc,4520,452030,45,45203010,D,USA,334118,3570,190,940,C,NJ,EROOMSYSTEM TECHNOLOGIES INC,ERMS
138342, , ,7/31/13,Lakewood,Eroomsystem Technologies Inc,4520,452030,45,45203010,D,USA,334118,3570,190,940,C,NJ,EROOMSYSTEM TECHNOLOGIES INC,ERMS
138342, , ,8/31/13,Lakewood,Eroomsystem Technologies Inc,4520,452030,45,45203010,D,USA,334118,3570,190,940,C,NJ,EROOMSYSTEM TECHNOLOGIES INC,ERMS
138342, , ,9/30/13,Lakewood,Eroomsystem Technologies Inc,4520,452030,45,45203010,D,USA,334118,3570,190,940,C,NJ,EROOMSYSTEM TECHNOLOGIES INC,ERMS
138342, , ,10/31/13,Lakewood,Eroomsystem Technologies Inc,4520,452030,45,45203010,D,USA,334118,3570,190,940,C,NJ,EROOMSYSTEM TECHNOLOGIES INC,ERMS
138347, , ,1/31/10,San Jose,Proxim Corp,4520,452010,45,45201020,D,USA,334290,3669,180,940,D,CA,PROXIM CORP,PROXQ
138347, , ,2/28/10,San Jose,Proxim Corp,4520,452010,45,45201020,D,USA,334290,3669,180,940,D,CA,PROXIM CORP,PROXQ
138347, , ,3/31/10,San Jose,Proxim Corp,4520,452010,45,45201020,D,USA,334290,3669,180,940,D,CA,PROXIM CORP,PROXQ
138347, , ,4/30/10,San Jose,Proxim Corp,4520,452010,45,45201020,D,USA,334290,3669,180,940,D,CA,PROXIM CORP,PROXQ
138347, , ,5/31/10,San Jose,Proxim Corp,4520,452010,45,45201020,D,USA,334290,3669,180,940,D,CA,PROXIM CORP,PROXQ
138347, , ,6/30/10,San Jose,Proxim Corp,4520,452010,45,45201020,D,USA,334290,3669,180,940,D,CA,PROXIM CORP,PROXQ
138347, , ,7/31/10,San Jose,Proxim Corp,4520,452010,45,45201020,D,USA,334290,3669,180,940,D,CA,PROXIM CORP,PROXQ
138347, , ,8/31/10,San Jose,Proxim Corp,4520,452010,45,45201020,D,USA,334290,3669,180,940,D,CA,PROXIM CORP,PROXQ
138347, , ,9/30/10,San Jose,Proxim Corp,4520,452010,45,45201020,D,USA,334290,3669,180,940,D,CA,PROXIM CORP,PROXQ
138347, , ,10/31/10,San Jose,Proxim Corp,4520,452010,45,45201020,D,USA,334290,3669,180,940,D,CA,PROXIM CORP,PROXQ
138347, , ,11/30/10,San Jose,Proxim Corp,4520,452010,45,45201020,D,USA,334290,3669,180,940,D,CA,PROXIM CORP,PROXQ
138347, , ,12/31/10,San Jose,Proxim Corp,4520,452010,45,45201020,D,USA,334290,3669,180,940,D,CA,PROXIM CORP,PROXQ
138347, , ,1/31/11,San Jose,Proxim Corp,4520,452010,45,45201020,D,USA,334290,3669,180,940,D,CA,PROXIM CORP,PROXQ
138347, , ,2/28/11,San Jose,Proxim Corp,4520,452010,45,45201020,D,USA,334290,3669,180,940,D,CA,PROXIM CORP,PROXQ
138347, , ,3/31/11,San Jose,Proxim Corp,4520,452010,45,45201020,D,USA,334290,3669,180,940,D,CA,PROXIM CORP,PROXQ
138347, , ,4/30/11,San Jose,Proxim Corp,4520,452010,45,45201020,D,USA,334290,3669,180,940,D,CA,PROXIM CORP,PROXQ
138347, , ,5/31/11,San Jose,Proxim Corp,4520,452010,45,45201020,D,USA,334290,3669,180,940,D,CA,PROXIM CORP,PROXQ
138347, , ,6/30/11,San Jose,Proxim Corp,4520,452010,45,45201020,D,USA,334290,3669,180,940,D,CA,PROXIM CORP,PROXQ
138347, , ,7/31/11,San Jose,Proxim Corp,4520,452010,45,45201020,D,USA,334290,3669,180,940,D,CA,PROXIM CORP,PROXQ
138347, , ,8/31/11,San Jose,Proxim Corp,4520,452010,45,45201020,D,USA,334290,3669,180,940,D,CA,PROXIM CORP,PROXQ
138347, , ,9/30/11,San Jose,Proxim Corp,4520,452010,45,45201020,D,USA,334290,3669,180,940,D,CA,PROXIM CORP,PROXQ
138347, , ,10/31/11,San Jose,Proxim Corp,4520,452010,45,45201020,D,USA,334290,3669,180,940,D,CA,PROXIM CORP,PROXQ
138347, , ,11/30/11,San Jose,Proxim Corp,4520,452010,45,45201020,D,USA,334290,3669,180,940,D,CA,PROXIM CORP,PROXQ
138347, , ,12/31/11,San Jose,Proxim Corp,4520,452010,45,45201020,D,USA,334290,3669,180,940,D,CA,PROXIM CORP,PROXQ
138347, , ,1/31/12,San Jose,Proxim Corp,4520,452010,45,45201020,D,USA,334290,3669,180,940,D,CA,PROXIM CORP,PROXQ
138347, , ,2/29/12,San Jose,Proxim Corp,4520,452010,45,45201020,D,USA,334290,3669,180,940,D,CA,PROXIM CORP,PROXQ
138347, , ,3/31/12,San Jose,Proxim Corp,4520,452010,45,45201020,D,USA,334290,3669,180,940,D,CA,PROXIM CORP,PROXQ
138347, , ,4/30/12,San Jose,Proxim Corp,4520,452010,45,45201020,D,USA,334290,3669,180,940,D,CA,PROXIM CORP,PROXQ
138347, , ,5/31/12,San Jose,Proxim Corp,4520,452010,45,45201020,D,USA,334290,3669,180,940,D,CA,PROXIM CORP,PROXQ
138347, , ,6/30/12,San Jose,Proxim Corp,4520,452010,45,45201020,D,USA,334290,3669,180,940,D,CA,PROXIM CORP,PROXQ
138347, , ,7/31/12,San Jose,Proxim Corp,4520,452010,45,45201020,D,USA,334290,3669,180,940,D,CA,PROXIM CORP,PROXQ
138347, , ,8/31/12,San Jose,Proxim Corp,4520,452010,45,45201020,D,USA,334290,3669,180,940,D,CA,PROXIM CORP,PROXQ
138347, , ,9/30/12,San Jose,Proxim Corp,4520,452010,45,45201020,D,USA,334290,3669,180,940,D,CA,PROXIM CORP,PROXQ
138347, , ,10/31/12,San Jose,Proxim Corp,4520,452010,45,45201020,D,USA,334290,3669,180,940,D,CA,PROXIM CORP,PROXQ
138347, , ,11/30/12,San Jose,Proxim Corp,4520,452010,45,45201020,D,USA,334290,3669,180,940,D,CA,PROXIM CORP,PROXQ
138347, , ,12/31/12,San Jose,Proxim Corp,4520,452010,45,45201020,D,USA,334290,3669,180,940,D,CA,PROXIM CORP,PROXQ
138347, , ,1/31/13,San Jose,Proxim Corp,4520,452010,45,45201020,D,USA,334290,3669,180,940,D,CA,PROXIM CORP,PROXQ
138347, , ,2/28/13,San Jose,Proxim Corp,4520,452010,45,45201020,D,USA,334290,3669,180,940,D,CA,PROXIM CORP,PROXQ
138347, , ,3/31/13,San Jose,Proxim Corp,4520,452010,45,45201020,D,USA,334290,3669,180,940,D,CA,PROXIM CORP,PROXQ
138347, , ,4/30/13,San Jose,Proxim Corp,4520,452010,45,45201020,D,USA,334290,3669,180,940,D,CA,PROXIM CORP,PROXQ
138347, , ,5/31/13,San Jose,Proxim Corp,4520,452010,45,45201020,D,USA,334290,3669,180,940,D,CA,PROXIM CORP,PROXQ
138347, , ,6/30/13,San Jose,Proxim Corp,4520,452010,45,45201020,D,USA,334290,3669,180,940,D,CA,PROXIM CORP,PROXQ
138347, , ,7/31/13,San Jose,Proxim Corp,4520,452010,45,45201020,D,USA,334290,3669,180,940,D,CA,PROXIM CORP,PROXQ
138347, , ,8/31/13,San Jose,Proxim Corp,4520,452010,45,45201020,D,USA,334290,3669,180,940,D,CA,PROXIM CORP,PROXQ
138347, , ,9/30/13,San Jose,Proxim Corp,4520,452010,45,45201020,D,USA,334290,3669,180,940,D,CA,PROXIM CORP,PROXQ
138347, , ,10/31/13,San Jose,Proxim Corp,4520,452010,45,45201020,D,USA,334290,3669,180,940,D,CA,PROXIM CORP,PROXQ
138467, , ,1/31/10,Irvine,Lantronix Inc,4520,452010,45,45201020,D,USA,334118,3576,190,940,C,CA,LANTRONIX INC,LTRX
138467, , ,2/28/10,Irvine,Lantronix Inc,4520,452010,45,45201020,D,USA,334118,3576,190,940,C,CA,LANTRONIX INC,LTRX
138467, , ,3/31/10,Irvine,Lantronix Inc,4520,452010,45,45201020,D,USA,334118,3576,190,940,C,CA,LANTRONIX INC,LTRX
138467, , ,4/30/10,Irvine,Lantronix Inc,4520,452010,45,45201020,D,USA,334118,3576,190,940,C,CA,LANTRONIX INC,LTRX
138467, , ,5/31/10,Irvine,Lantronix Inc,4520,452010,45,45201020,D,USA,334118,3576,190,940,C,CA,LANTRONIX INC,LTRX
138467, , ,6/30/10,Irvine,Lantronix Inc,4520,452010,45,45201020,D,USA,334118,3576,190,940,C,CA,LANTRONIX INC,LTRX
138467, , ,7/31/10,Irvine,Lantronix Inc,4520,452010,45,45201020,D,USA,334118,3576,190,940,C,CA,LANTRONIX INC,LTRX
138467, , ,8/31/10,Irvine,Lantronix Inc,4520,452010,45,45201020,D,USA,334118,3576,190,940,C,CA,LANTRONIX INC,LTRX
138467, , ,9/30/10,Irvine,Lantronix Inc,4520,452010,45,45201020,D,USA,334118,3576,190,940,C,CA,LANTRONIX INC,LTRX
138467, , ,10/31/10,Irvine,Lantronix Inc,4520,452010,45,45201020,D,USA,334118,3576,190,940,C,CA,LANTRONIX INC,LTRX
138467, , ,11/30/10,Irvine,Lantronix Inc,4520,452010,45,45201020,D,USA,334118,3576,190,940,C,CA,LANTRONIX INC,LTRX
138467, , ,12/31/10,Irvine,Lantronix Inc,4520,452010,45,45201020,D,USA,334118,3576,190,940,C,CA,LANTRONIX INC,LTRX
138467, , ,1/31/11,Irvine,Lantronix Inc,4520,452010,45,45201020,D,USA,334118,3576,190,940,C,CA,LANTRONIX INC,LTRX
138467, , ,2/28/11,Irvine,Lantronix Inc,4520,452010,45,45201020,D,USA,334118,3576,190,940,C,CA,LANTRONIX INC,LTRX
138467, , ,3/31/11,Irvine,Lantronix Inc,4520,452010,45,45201020,D,USA,334118,3576,190,940,C,CA,LANTRONIX INC,LTRX
138467, , ,4/30/11,Irvine,Lantronix Inc,4520,452010,45,45201020,D,USA,334118,3576,190,940,C,CA,LANTRONIX INC,LTRX
138467, , ,5/31/11,Irvine,Lantronix Inc,4520,452010,45,45201020,D,USA,334118,3576,190,940,C,CA,LANTRONIX INC,LTRX
138467, , ,6/30/11,Irvine,Lantronix Inc,4520,452010,45,45201020,D,USA,334118,3576,190,940,C,CA,LANTRONIX INC,LTRX
138467, , ,7/31/11,Irvine,Lantronix Inc,4520,452010,45,45201020,D,USA,334118,3576,190,940,C,CA,LANTRONIX INC,LTRX
138467, , ,8/31/11,Irvine,Lantronix Inc,4520,452010,45,45201020,D,USA,334118,3576,190,940,C,CA,LANTRONIX INC,LTRX
138467, , ,9/30/11,Irvine,Lantronix Inc,4520,452010,45,45201020,D,USA,334118,3576,190,940,C,CA,LANTRONIX INC,LTRX
138467, , ,10/31/11,Irvine,Lantronix Inc,4520,452010,45,45201020,D,USA,334118,3576,190,940,C,CA,LANTRONIX INC,LTRX
138467, , ,11/30/11,Irvine,Lantronix Inc,4520,452010,45,45201020,D,USA,334118,3576,190,940,C,CA,LANTRONIX INC,LTRX
138467, , ,12/31/11,Irvine,Lantronix Inc,4520,452010,45,45201020,D,USA,334118,3576,190,940,C,CA,LANTRONIX INC,LTRX
138467, , ,1/31/12,Irvine,Lantronix Inc,4520,452010,45,45201020,D,USA,334118,3576,190,940,C,CA,LANTRONIX INC,LTRX
138467, , ,2/29/12,Irvine,Lantronix Inc,4520,452010,45,45201020,D,USA,334118,3576,190,940,C,CA,LANTRONIX INC,LTRX
138467, , ,3/31/12,Irvine,Lantronix Inc,4520,452010,45,45201020,D,USA,334118,3576,190,940,C,CA,LANTRONIX INC,LTRX
138467, , ,4/30/12,Irvine,Lantronix Inc,4520,452010,45,45201020,D,USA,334118,3576,190,940,C,CA,LANTRONIX INC,LTRX
138467, , ,5/31/12,Irvine,Lantronix Inc,4520,452010,45,45201020,D,USA,334118,3576,190,940,C,CA,LANTRONIX INC,LTRX
138467, , ,6/30/12,Irvine,Lantronix Inc,4520,452010,45,45201020,D,USA,334118,3576,190,940,C,CA,LANTRONIX INC,LTRX
138467, , ,7/31/12,Irvine,Lantronix Inc,4520,452010,45,45201020,D,USA,334118,3576,190,940,C,CA,LANTRONIX INC,LTRX
138467, , ,8/31/12,Irvine,Lantronix Inc,4520,452010,45,45201020,D,USA,334118,3576,190,940,C,CA,LANTRONIX INC,LTRX
138467, , ,9/30/12,Irvine,Lantronix Inc,4520,452010,45,45201020,D,USA,334118,3576,190,940,C,CA,LANTRONIX INC,LTRX
138467, , ,10/31/12,Irvine,Lantronix Inc,4520,452010,45,45201020,D,USA,334118,3576,190,940,C,CA,LANTRONIX INC,LTRX
138467, , ,11/30/12,Irvine,Lantronix Inc,4520,452010,45,45201020,D,USA,334118,3576,190,940,C,CA,LANTRONIX INC,LTRX
138467, , ,12/31/12,Irvine,Lantronix Inc,4520,452010,45,45201020,D,USA,334118,3576,190,940,C,CA,LANTRONIX INC,LTRX
138467, , ,1/31/13,Irvine,Lantronix Inc,4520,452010,45,45201020,D,USA,334118,3576,190,940,C,CA,LANTRONIX INC,LTRX
138467, , ,2/28/13,Irvine,Lantronix Inc,4520,452010,45,45201020,D,USA,334118,3576,190,940,C,CA,LANTRONIX INC,LTRX
138467, , ,3/31/13,Irvine,Lantronix Inc,4520,452010,45,45201020,D,USA,334118,3576,190,940,C,CA,LANTRONIX INC,LTRX
138467, , ,4/30/13,Irvine,Lantronix Inc,4520,452010,45,45201020,D,USA,334118,3576,190,940,C,CA,LANTRONIX INC,LTRX
138467, , ,5/31/13,Irvine,Lantronix Inc,4520,452010,45,45201020,D,USA,334118,3576,190,940,C,CA,LANTRONIX INC,LTRX
138467, , ,6/30/13,Irvine,Lantronix Inc,4520,452010,45,45201020,D,USA,334118,3576,190,940,C,CA,LANTRONIX INC,LTRX
138467, , ,7/31/13,Irvine,Lantronix Inc,4520,452010,45,45201020,D,USA,334118,3576,190,940,C,CA,LANTRONIX INC,LTRX
138467, , ,8/31/13,Irvine,Lantronix Inc,4520,452010,45,45201020,D,USA,334118,3576,190,940,C,CA,LANTRONIX INC,LTRX
138467, , ,9/30/13,Irvine,Lantronix Inc,4520,452010,45,45201020,D,USA,334118,3576,190,940,C,CA,LANTRONIX INC,LTRX
138467, , ,10/31/13,Irvine,Lantronix Inc,4520,452010,45,45201020,D,USA,334118,3576,190,940,C,CA,LANTRONIX INC,LTRX
138501, , ,1/31/10,Tel Aviv,Ceragon Networks Ltd,4520,452010,45,45201020,B,ISR,334220,3663,180,940, , ,CERAGON NETWORKS LTD,CRNT
138501, , ,2/28/10,Tel Aviv,Ceragon Networks Ltd,4520,452010,45,45201020,B,ISR,334220,3663,180,940, , ,CERAGON NETWORKS LTD,CRNT
138501, , ,3/31/10,Tel Aviv,Ceragon Networks Ltd,4520,452010,45,45201020,B,ISR,334220,3663,180,940, , ,CERAGON NETWORKS LTD,CRNT
138501, , ,4/30/10,Tel Aviv,Ceragon Networks Ltd,4520,452010,45,45201020,B,ISR,334220,3663,180,940, , ,CERAGON NETWORKS LTD,CRNT
138501, , ,5/31/10,Tel Aviv,Ceragon Networks Ltd,4520,452010,45,45201020,B,ISR,334220,3663,180,940, , ,CERAGON NETWORKS LTD,CRNT
138501, , ,6/30/10,Tel Aviv,Ceragon Networks Ltd,4520,452010,45,45201020,B,ISR,334220,3663,180,940, , ,CERAGON NETWORKS LTD,CRNT
138501, , ,7/31/10,Tel Aviv,Ceragon Networks Ltd,4520,452010,45,45201020,B,ISR,334220,3663,180,940, , ,CERAGON NETWORKS LTD,CRNT
138501, , ,8/31/10,Tel Aviv,Ceragon Networks Ltd,4520,452010,45,45201020,B,ISR,334220,3663,180,940, , ,CERAGON NETWORKS LTD,CRNT
138501, , ,9/30/10,Tel Aviv,Ceragon Networks Ltd,4520,452010,45,45201020,B,ISR,334220,3663,180,940, , ,CERAGON NETWORKS LTD,CRNT
138501, , ,10/31/10,Tel Aviv,Ceragon Networks Ltd,4520,452010,45,45201020,B,ISR,334220,3663,180,940, , ,CERAGON NETWORKS LTD,CRNT
138501, , ,11/30/10,Tel Aviv,Ceragon Networks Ltd,4520,452010,45,45201020,B,ISR,334220,3663,180,940, , ,CERAGON NETWORKS LTD,CRNT
138501, , ,12/31/10,Tel Aviv,Ceragon Networks Ltd,4520,452010,45,45201020,B,ISR,334220,3663,180,940, , ,CERAGON NETWORKS LTD,CRNT
138501, , ,1/31/11,Tel Aviv,Ceragon Networks Ltd,4520,452010,45,45201020,B,ISR,334220,3663,180,940, , ,CERAGON NETWORKS LTD,CRNT
138501, , ,2/28/11,Tel Aviv,Ceragon Networks Ltd,4520,452010,45,45201020,B,ISR,334220,3663,180,940, , ,CERAGON NETWORKS LTD,CRNT
138501, , ,3/31/11,Tel Aviv,Ceragon Networks Ltd,4520,452010,45,45201020,B,ISR,334220,3663,180,940, , ,CERAGON NETWORKS LTD,CRNT
138501, , ,4/30/11,Tel Aviv,Ceragon Networks Ltd,4520,452010,45,45201020,B,ISR,334220,3663,180,940, , ,CERAGON NETWORKS LTD,CRNT
138501, , ,5/31/11,Tel Aviv,Ceragon Networks Ltd,4520,452010,45,45201020,B,ISR,334220,3663,180,940, , ,CERAGON NETWORKS LTD,CRNT
138501, , ,6/30/11,Tel Aviv,Ceragon Networks Ltd,4520,452010,45,45201020,B,ISR,334220,3663,180,940, , ,CERAGON NETWORKS LTD,CRNT
138501, , ,7/31/11,Tel Aviv,Ceragon Networks Ltd,4520,452010,45,45201020,B,ISR,334220,3663,180,940, , ,CERAGON NETWORKS LTD,CRNT
138501, , ,8/31/11,Tel Aviv,Ceragon Networks Ltd,4520,452010,45,45201020,B,ISR,334220,3663,180,940, , ,CERAGON NETWORKS LTD,CRNT
138501, , ,9/30/11,Tel Aviv,Ceragon Networks Ltd,4520,452010,45,45201020,B,ISR,334220,3663,180,940, , ,CERAGON NETWORKS LTD,CRNT
138501, , ,10/31/11,Tel Aviv,Ceragon Networks Ltd,4520,452010,45,45201020,B,ISR,334220,3663,180,940, , ,CERAGON NETWORKS LTD,CRNT
138501, , ,11/30/11,Tel Aviv,Ceragon Networks Ltd,4520,452010,45,45201020,B,ISR,334220,3663,180,940, , ,CERAGON NETWORKS LTD,CRNT
138501, , ,12/31/11,Tel Aviv,Ceragon Networks Ltd,4520,452010,45,45201020,B,ISR,334220,3663,180,940, , ,CERAGON NETWORKS LTD,CRNT
138501, , ,1/31/12,Tel Aviv,Ceragon Networks Ltd,4520,452010,45,45201020,B,ISR,334220,3663,180,940, , ,CERAGON NETWORKS LTD,CRNT
138501, , ,2/29/12,Tel Aviv,Ceragon Networks Ltd,4520,452010,45,45201020,B,ISR,334220,3663,180,940, , ,CERAGON NETWORKS LTD,CRNT
138501, , ,3/31/12,Tel Aviv,Ceragon Networks Ltd,4520,452010,45,45201020,B,ISR,334220,3663,180,940, , ,CERAGON NETWORKS LTD,CRNT
138501, , ,4/30/12,Tel Aviv,Ceragon Networks Ltd,4520,452010,45,45201020,B,ISR,334220,3663,180,940, , ,CERAGON NETWORKS LTD,CRNT
138501, , ,5/31/12,Tel Aviv,Ceragon Networks Ltd,4520,452010,45,45201020,B,ISR,334220,3663,180,940, , ,CERAGON NETWORKS LTD,CRNT
138501, , ,6/30/12,Tel Aviv,Ceragon Networks Ltd,4520,452010,45,45201020,B,ISR,334220,3663,180,940, , ,CERAGON NETWORKS LTD,CRNT
138501, , ,7/31/12,Tel Aviv,Ceragon Networks Ltd,4520,452010,45,45201020,B,ISR,334220,3663,180,940, , ,CERAGON NETWORKS LTD,CRNT
138501, , ,8/31/12,Tel Aviv,Ceragon Networks Ltd,4520,452010,45,45201020,B,ISR,334220,3663,180,940, , ,CERAGON NETWORKS LTD,CRNT
138501, , ,9/30/12,Tel Aviv,Ceragon Networks Ltd,4520,452010,45,45201020,B,ISR,334220,3663,180,940, , ,CERAGON NETWORKS LTD,CRNT
138501, , ,10/31/12,Tel Aviv,Ceragon Networks Ltd,4520,452010,45,45201020,B,ISR,334220,3663,180,940, , ,CERAGON NETWORKS LTD,CRNT
138501, , ,11/30/12,Tel Aviv,Ceragon Networks Ltd,4520,452010,45,45201020,B,ISR,334220,3663,180,940, , ,CERAGON NETWORKS LTD,CRNT
138501, , ,12/31/12,Tel Aviv,Ceragon Networks Ltd,4520,452010,45,45201020,B,ISR,334220,3663,180,940, , ,CERAGON NETWORKS LTD,CRNT
138501, , ,1/31/13,Tel Aviv,Ceragon Networks Ltd,4520,452010,45,45201020,B,ISR,334220,3663,180,940, , ,CERAGON NETWORKS LTD,CRNT
138501, , ,2/28/13,Tel Aviv,Ceragon Networks Ltd,4520,452010,45,45201020,B,ISR,334220,3663,180,940, , ,CERAGON NETWORKS LTD,CRNT
138501, , ,3/31/13,Tel Aviv,Ceragon Networks Ltd,4520,452010,45,45201020,B,ISR,334220,3663,180,940, , ,CERAGON NETWORKS LTD,CRNT
138501, , ,4/30/13,Tel Aviv,Ceragon Networks Ltd,4520,452010,45,45201020,B,ISR,334220,3663,180,940, , ,CERAGON NETWORKS LTD,CRNT
138501, , ,5/31/13,Tel Aviv,Ceragon Networks Ltd,4520,452010,45,45201020,B,ISR,334220,3663,180,940, , ,CERAGON NETWORKS LTD,CRNT
138501, , ,6/30/13,Tel Aviv,Ceragon Networks Ltd,4520,452010,45,45201020,B,ISR,334220,3663,180,940, , ,CERAGON NETWORKS LTD,CRNT
138501, , ,7/31/13,Tel Aviv,Ceragon Networks Ltd,4520,452010,45,45201020,B,ISR,334220,3663,180,940, , ,CERAGON NETWORKS LTD,CRNT
138501, , ,8/31/13,Tel Aviv,Ceragon Networks Ltd,4520,452010,45,45201020,B,ISR,334220,3663,180,940, , ,CERAGON NETWORKS LTD,CRNT
138501, , ,9/30/13,Tel Aviv,Ceragon Networks Ltd,4520,452010,45,45201020,B,ISR,334220,3663,180,940, , ,CERAGON NETWORKS LTD,CRNT
138501, , ,10/31/13,Tel Aviv,Ceragon Networks Ltd,4520,452010,45,45201020,B,ISR,334220,3663,180,940, , ,CERAGON NETWORKS LTD,CRNT
138921, , ,1/31/10,San Mateo,Avistar Communications Corp,4520,452010,45,45201020,D,USA,334118,3576,190,940,C,CA,AVISTAR COMMUNICATIONS CORP,AVSR
138921, , ,2/28/10,San Mateo,Avistar Communications Corp,4520,452010,45,45201020,D,USA,334118,3576,190,940,C,CA,AVISTAR COMMUNICATIONS CORP,AVSR
138921, , ,3/31/10,San Mateo,Avistar Communications Corp,4520,452010,45,45201020,D,USA,334118,3576,190,940,C,CA,AVISTAR COMMUNICATIONS CORP,AVSR
138921, , ,4/30/10,San Mateo,Avistar Communications Corp,4520,452010,45,45201020,D,USA,334118,3576,190,940,C,CA,AVISTAR COMMUNICATIONS CORP,AVSR
138921, , ,5/31/10,San Mateo,Avistar Communications Corp,4520,452010,45,45201020,D,USA,334118,3576,190,940,C,CA,AVISTAR COMMUNICATIONS CORP,AVSR
138921, , ,6/30/10,San Mateo,Avistar Communications Corp,4520,452010,45,45201020,D,USA,334118,3576,190,940,C,CA,AVISTAR COMMUNICATIONS CORP,AVSR
138921, , ,7/31/10,San Mateo,Avistar Communications Corp,4520,452010,45,45201020,D,USA,334118,3576,190,940,C,CA,AVISTAR COMMUNICATIONS CORP,AVSR
138921, , ,8/31/10,San Mateo,Avistar Communications Corp,4520,452010,45,45201020,D,USA,334118,3576,190,940,C,CA,AVISTAR COMMUNICATIONS CORP,AVSR
138921, , ,9/30/10,San Mateo,Avistar Communications Corp,4520,452010,45,45201020,D,USA,334118,3576,190,940,C,CA,AVISTAR COMMUNICATIONS CORP,AVSR
138921, , ,10/31/10,San Mateo,Avistar Communications Corp,4520,452010,45,45201020,D,USA,334118,3576,190,940,C,CA,AVISTAR COMMUNICATIONS CORP,AVSR
138921, , ,11/30/10,San Mateo,Avistar Communications Corp,4520,452010,45,45201020,D,USA,334118,3576,190,940,C,CA,AVISTAR COMMUNICATIONS CORP,AVSR
138921, , ,12/31/10,San Mateo,Avistar Communications Corp,4520,452010,45,45201020,D,USA,334118,3576,190,940,C,CA,AVISTAR COMMUNICATIONS CORP,AVSR
138921, , ,1/31/11,San Mateo,Avistar Communications Corp,4520,452010,45,45201020,D,USA,334118,3576,190,940,C,CA,AVISTAR COMMUNICATIONS CORP,AVSR
138921, , ,2/28/11,San Mateo,Avistar Communications Corp,4520,452010,45,45201020,D,USA,334118,3576,190,940,C,CA,AVISTAR COMMUNICATIONS CORP,AVSR
138921, , ,3/31/11,San Mateo,Avistar Communications Corp,4520,452010,45,45201020,D,USA,334118,3576,190,940,C,CA,AVISTAR COMMUNICATIONS CORP,AVSR
138921, , ,4/30/11,San Mateo,Avistar Communications Corp,4520,452010,45,45201020,D,USA,334118,3576,190,940,C,CA,AVISTAR COMMUNICATIONS CORP,AVSR
138921, , ,5/31/11,San Mateo,Avistar Communications Corp,4520,452010,45,45201020,D,USA,334118,3576,190,940,C,CA,AVISTAR COMMUNICATIONS CORP,AVSR
138921, , ,6/30/11,San Mateo,Avistar Communications Corp,4520,452010,45,45201020,D,USA,334118,3576,190,940,C,CA,AVISTAR COMMUNICATIONS CORP,AVSR
138921, , ,7/31/11,San Mateo,Avistar Communications Corp,4520,452010,45,45201020,D,USA,334118,3576,190,940,C,CA,AVISTAR COMMUNICATIONS CORP,AVSR
138921, , ,8/31/11,San Mateo,Avistar Communications Corp,4520,452010,45,45201020,D,USA,334118,3576,190,940,C,CA,AVISTAR COMMUNICATIONS CORP,AVSR
138921, , ,9/30/11,San Mateo,Avistar Communications Corp,4520,452010,45,45201020,D,USA,334118,3576,190,940,C,CA,AVISTAR COMMUNICATIONS CORP,AVSR
138921, , ,10/31/11,San Mateo,Avistar Communications Corp,4520,452010,45,45201020,D,USA,334118,3576,190,940,C,CA,AVISTAR COMMUNICATIONS CORP,AVSR
138921, , ,11/30/11,San Mateo,Avistar Communications Corp,4520,452010,45,45201020,D,USA,334118,3576,190,940,C,CA,AVISTAR COMMUNICATIONS CORP,AVSR
138921, , ,12/31/11,San Mateo,Avistar Communications Corp,4520,452010,45,45201020,D,USA,334118,3576,190,940,C,CA,AVISTAR COMMUNICATIONS CORP,AVSR
138921, , ,1/31/12,San Mateo,Avistar Communications Corp,4520,452010,45,45201020,D,USA,334118,3576,190,940,C,CA,AVISTAR COMMUNICATIONS CORP,AVSR
138921, , ,2/29/12,San Mateo,Avistar Communications Corp,4520,452010,45,45201020,D,USA,334118,3576,190,940,C,CA,AVISTAR COMMUNICATIONS CORP,AVSR
138921, , ,3/31/12,San Mateo,Avistar Communications Corp,4520,452010,45,45201020,D,USA,334118,3576,190,940,C,CA,AVISTAR COMMUNICATIONS CORP,AVSR
138921, , ,4/30/12,San Mateo,Avistar Communications Corp,4520,452010,45,45201020,D,USA,334118,3576,190,940,C,CA,AVISTAR COMMUNICATIONS CORP,AVSR
138921, , ,5/31/12,San Mateo,Avistar Communications Corp,4520,452010,45,45201020,D,USA,334118,3576,190,940,C,CA,AVISTAR COMMUNICATIONS CORP,AVSR
138921, , ,6/30/12,San Mateo,Avistar Communications Corp,4520,452010,45,45201020,D,USA,334118,3576,190,940,C,CA,AVISTAR COMMUNICATIONS CORP,AVSR
138921, , ,7/31/12,San Mateo,Avistar Communications Corp,4520,452010,45,45201020,D,USA,334118,3576,190,940,C,CA,AVISTAR COMMUNICATIONS CORP,AVSR
138921, , ,8/31/12,San Mateo,Avistar Communications Corp,4520,452010,45,45201020,D,USA,334118,3576,190,940,C,CA,AVISTAR COMMUNICATIONS CORP,AVSR
138921, , ,9/30/12,San Mateo,Avistar Communications Corp,4520,452010,45,45201020,D,USA,334118,3576,190,940,C,CA,AVISTAR COMMUNICATIONS CORP,AVSR
138921, , ,10/31/12,San Mateo,Avistar Communications Corp,4520,452010,45,45201020,D,USA,334118,3576,190,940,C,CA,AVISTAR COMMUNICATIONS CORP,AVSR
138921, , ,11/30/12,San Mateo,Avistar Communications Corp,4520,452010,45,45201020,D,USA,334118,3576,190,940,C,CA,AVISTAR COMMUNICATIONS CORP,AVSR
138921, , ,12/31/12,San Mateo,Avistar Communications Corp,4520,452010,45,45201020,D,USA,334118,3576,190,940,C,CA,AVISTAR COMMUNICATIONS CORP,AVSR
138921, , ,1/31/13,San Mateo,Avistar Communications Corp,4520,452010,45,45201020,D,USA,334118,3576,190,940,C,CA,AVISTAR COMMUNICATIONS CORP,AVSR
138921, , ,2/28/13,San Mateo,Avistar Communications Corp,4520,452010,45,45201020,D,USA,334118,3576,190,940,C,CA,AVISTAR COMMUNICATIONS CORP,AVSR
138921, , ,3/31/13,San Mateo,Avistar Communications Corp,4520,452010,45,45201020,D,USA,334118,3576,190,940,C,CA,AVISTAR COMMUNICATIONS CORP,AVSR
138921, , ,4/30/13,San Mateo,Avistar Communications Corp,4520,452010,45,45201020,D,USA,334118,3576,190,940,C,CA,AVISTAR COMMUNICATIONS CORP,AVSR
138921, , ,5/31/13,San Mateo,Avistar Communications Corp,4520,452010,45,45201020,D,USA,334118,3576,190,940,C,CA,AVISTAR COMMUNICATIONS CORP,AVSR
138921, , ,6/30/13,San Mateo,Avistar Communications Corp,4520,452010,45,45201020,D,USA,334118,3576,190,940,C,CA,AVISTAR COMMUNICATIONS CORP,AVSR
138921, , ,7/31/13,San Mateo,Avistar Communications Corp,4520,452010,45,45201020,D,USA,334118,3576,190,940,C,CA,AVISTAR COMMUNICATIONS CORP,AVSR
138921, , ,8/31/13,San Mateo,Avistar Communications Corp,4520,452010,45,45201020,D,USA,334118,3576,190,940,C,CA,AVISTAR COMMUNICATIONS CORP,AVSR
138921, , ,9/30/13,San Mateo,Avistar Communications Corp,4520,452010,45,45201020,D,USA,334118,3576,190,940,C,CA,AVISTAR COMMUNICATIONS CORP,AVSR
138921, , ,10/31/13,San Mateo,Avistar Communications Corp,4520,452010,45,45201020,D,USA,334118,3576,190,940,C,CA,AVISTAR COMMUNICATIONS CORP,AVSR
139137, , ,1/31/10,Sarasota,Invisa Inc,4520,452030,45,45203010,D,USA,334290,3669, , ,C,FL,INVISA INC,INSA
139137, , ,2/28/10,Sarasota,Invisa Inc,4520,452030,45,45203010,D,USA,334290,3669, , ,C,FL,INVISA INC,INSA
139137, , ,3/31/10,Sarasota,Invisa Inc,4520,452030,45,45203010,D,USA,334290,3669, , ,C,FL,INVISA INC,INSA
139137, , ,4/30/10,Sarasota,Invisa Inc,4520,452030,45,45203010,D,USA,334290,3669, , ,C,FL,INVISA INC,INSA
139137, , ,5/31/10,Sarasota,Invisa Inc,4520,452030,45,45203010,D,USA,334290,3669, , ,C,FL,INVISA INC,INSA
139137, , ,6/30/10,Sarasota,Invisa Inc,4520,452030,45,45203010,D,USA,334290,3669, , ,C,FL,INVISA INC,INSA
139137, , ,7/31/10,Sarasota,Invisa Inc,4520,452030,45,45203010,D,USA,334290,3669, , ,C,FL,INVISA INC,INSA
139137, , ,8/31/10,Sarasota,Invisa Inc,4520,452030,45,45203010,D,USA,334290,3669, , ,C,FL,INVISA INC,INSA
139137, , ,9/30/10,Sarasota,Invisa Inc,4520,452030,45,45203010,D,USA,334290,3669, , ,C,FL,INVISA INC,INSA
139137, , ,10/31/10,Sarasota,Invisa Inc,4520,452030,45,45203010,D,USA,334290,3669, , ,C,FL,INVISA INC,INSA
139137, , ,11/30/10,Sarasota,Invisa Inc,4520,452030,45,45203010,D,USA,334290,3669, , ,C,FL,INVISA INC,INSA
139137, , ,12/31/10,Sarasota,Invisa Inc,4520,452030,45,45203010,D,USA,334290,3669, , ,C,FL,INVISA INC,INSA
139137, , ,1/31/11,Sarasota,Invisa Inc,4520,452030,45,45203010,D,USA,334290,3669, , ,C,FL,INVISA INC,INSA
139137, , ,2/28/11,Sarasota,Invisa Inc,4520,452030,45,45203010,D,USA,334290,3669, , ,C,FL,INVISA INC,INSA
139137, , ,3/31/11,Sarasota,Invisa Inc,4520,452030,45,45203010,D,USA,334290,3669, , ,C,FL,INVISA INC,INSA
139137, , ,4/30/11,Sarasota,Invisa Inc,4520,452030,45,45203010,D,USA,334290,3669, , ,C,FL,INVISA INC,INSA
139137, , ,5/31/11,Sarasota,Invisa Inc,4520,452030,45,45203010,D,USA,334290,3669, , ,C,FL,INVISA INC,INSA
139137, , ,6/30/11,Sarasota,Invisa Inc,4520,452030,45,45203010,D,USA,334290,3669, , ,C,FL,INVISA INC,INSA
139137, , ,7/31/11,Sarasota,Invisa Inc,4520,452030,45,45203010,D,USA,334290,3669, , ,C,FL,INVISA INC,INSA
139137, , ,8/31/11,Sarasota,Invisa Inc,4520,452030,45,45203010,D,USA,334290,3669, , ,C,FL,INVISA INC,INSA
139137, , ,9/30/11,Sarasota,Invisa Inc,4520,452030,45,45203010,D,USA,334290,3669, , ,C,FL,INVISA INC,INSA
139137, , ,10/31/11,Sarasota,Invisa Inc,4520,452030,45,45203010,D,USA,334290,3669, , ,C,FL,INVISA INC,INSA
139137, , ,11/30/11,Sarasota,Invisa Inc,4520,452030,45,45203010,D,USA,334290,3669, , ,C,FL,INVISA INC,INSA
139137, , ,12/31/11,Sarasota,Invisa Inc,4520,452030,45,45203010,D,USA,334290,3669, , ,C,FL,INVISA INC,INSA
139137, , ,1/31/12,Sarasota,Invisa Inc,4520,452030,45,45203010,D,USA,334290,3669, , ,C,FL,INVISA INC,INSA
139137, , ,2/29/12,Sarasota,Invisa Inc,4520,452030,45,45203010,D,USA,334290,3669, , ,C,FL,INVISA INC,INSA
139137, , ,3/31/12,Sarasota,Invisa Inc,4520,452030,45,45203010,D,USA,334290,3669, , ,C,FL,INVISA INC,INSA
139137, , ,4/30/12,Sarasota,Invisa Inc,4520,452030,45,45203010,D,USA,334290,3669, , ,C,FL,INVISA INC,INSA
139137, , ,5/31/12,Sarasota,Invisa Inc,4520,452030,45,45203010,D,USA,334290,3669, , ,C,FL,INVISA INC,INSA
139137, , ,6/30/12,Sarasota,Invisa Inc,4520,452030,45,45203010,D,USA,334290,3669, , ,C,FL,INVISA INC,INSA
139137, , ,7/31/12,Sarasota,Invisa Inc,4520,452030,45,45203010,D,USA,334290,3669, , ,C,FL,INVISA INC,INSA
139137, , ,8/31/12,Sarasota,Invisa Inc,4520,452030,45,45203010,D,USA,334290,3669, , ,C,FL,INVISA INC,INSA
139137, , ,9/30/12,Sarasota,Invisa Inc,4520,452030,45,45203010,D,USA,334290,3669, , ,C,FL,INVISA INC,INSA
139137, , ,10/31/12,Sarasota,Invisa Inc,4520,452030,45,45203010,D,USA,334290,3669, , ,C,FL,INVISA INC,INSA
139137, , ,11/30/12,Sarasota,Invisa Inc,4520,452030,45,45203010,D,USA,334290,3669, , ,C,FL,INVISA INC,INSA
139137, , ,12/31/12,Sarasota,Invisa Inc,4520,452030,45,45203010,D,USA,334290,3669, , ,C,FL,INVISA INC,INSA
139137, , ,1/31/13,Sarasota,Invisa Inc,4520,452030,45,45203010,D,USA,334290,3669, , ,C,FL,INVISA INC,INSA
139137, , ,2/28/13,Sarasota,Invisa Inc,4520,452030,45,45203010,D,USA,334290,3669, , ,C,FL,INVISA INC,INSA
139137, , ,3/31/13,Sarasota,Invisa Inc,4520,452030,45,45203010,D,USA,334290,3669, , ,C,FL,INVISA INC,INSA
139137, , ,4/30/13,Sarasota,Invisa Inc,4520,452030,45,45203010,D,USA,334290,3669, , ,C,FL,INVISA INC,INSA
139137, , ,5/31/13,Sarasota,Invisa Inc,4520,452030,45,45203010,D,USA,334290,3669, , ,C,FL,INVISA INC,INSA
139137, , ,6/30/13,Sarasota,Invisa Inc,4520,452030,45,45203010,D,USA,334290,3669, , ,C,FL,INVISA INC,INSA
139137, , ,7/31/13,Sarasota,Invisa Inc,4520,452030,45,45203010,D,USA,334290,3669, , ,C,FL,INVISA INC,INSA
139137, , ,8/31/13,Sarasota,Invisa Inc,4520,452030,45,45203010,D,USA,334290,3669, , ,C,FL,INVISA INC,INSA
139137, , ,9/30/13,Sarasota,Invisa Inc,4520,452030,45,45203010,D,USA,334290,3669, , ,C,FL,INVISA INC,INSA
139137, , ,10/31/13,Sarasota,Invisa Inc,4520,452030,45,45203010,D,USA,334290,3669, , ,C,FL,INVISA INC,INSA
139662,B-, ,1/31/11,Santa Clara,Avaya Inc,4520,452010,45,45201020,D,USA,334220,3663,187,940, ,CA,AVAYA INC,5933B
139662,B-, ,2/28/11,Santa Clara,Avaya Inc,4520,452010,45,45201020,D,USA,334220,3663,187,940, ,CA,AVAYA INC,5933B
139662,B-, ,3/31/11,Santa Clara,Avaya Inc,4520,452010,45,45201020,D,USA,334220,3663,187,940, ,CA,AVAYA INC,5933B
139662,B-, ,4/30/11,Santa Clara,Avaya Inc,4520,452010,45,45201020,D,USA,334220,3663,187,940, ,CA,AVAYA INC,5933B
139662,B-, ,5/31/11,Santa Clara,Avaya Inc,4520,452010,45,45201020,D,USA,334220,3663,187,940, ,CA,AVAYA INC,5933B
139662,B-, ,6/30/11,Santa Clara,Avaya Inc,4520,452010,45,45201020,D,USA,334220,3663,187,940, ,CA,AVAYA INC,5933B
139662,B-, ,7/31/11,Santa Clara,Avaya Inc,4520,452010,45,45201020,D,USA,334220,3663,187,940, ,CA,AVAYA INC,5933B
139662,B-, ,8/31/11,Santa Clara,Avaya Inc,4520,452010,45,45201020,D,USA,334220,3663,187,940, ,CA,AVAYA INC,5933B
139662,B-, ,9/30/11,Santa Clara,Avaya Inc,4520,452010,45,45201020,D,USA,334220,3663,187,940, ,CA,AVAYA INC,5933B
139662,B-, ,10/31/11,Santa Clara,Avaya Inc,4520,452010,45,45201020,D,USA,334220,3663,187,940, ,CA,AVAYA INC,5933B
139662,B-, ,11/30/11,Santa Clara,Avaya Inc,4520,452010,45,45201020,D,USA,334220,3663,187,940, ,CA,AVAYA INC,5933B
139662,B-, ,12/31/11,Santa Clara,Avaya Inc,4520,452010,45,45201020,D,USA,334220,3663,187,940, ,CA,AVAYA INC,5933B
139662,B-, ,1/31/12,Santa Clara,Avaya Inc,4520,452010,45,45201020,D,USA,334220,3663,187,940, ,CA,AVAYA INC,5933B
139662,B-, ,2/29/12,Santa Clara,Avaya Inc,4520,452010,45,45201020,D,USA,334220,3663,187,940, ,CA,AVAYA INC,5933B
139662,B-, ,3/31/12,Santa Clara,Avaya Inc,4520,452010,45,45201020,D,USA,334220,3663,187,940, ,CA,AVAYA INC,5933B
139662,B-, ,4/30/12,Santa Clara,Avaya Inc,4520,452010,45,45201020,D,USA,334220,3663,187,940, ,CA,AVAYA INC,5933B
139662,B-, ,5/31/12,Santa Clara,Avaya Inc,4520,452010,45,45201020,D,USA,334220,3663,187,940, ,CA,AVAYA INC,5933B
139662,B-, ,6/30/12,Santa Clara,Avaya Inc,4520,452010,45,45201020,D,USA,334220,3663,187,940, ,CA,AVAYA INC,5933B
139662,B-, ,7/31/12,Santa Clara,Avaya Inc,4520,452010,45,45201020,D,USA,334220,3663,187,940, ,CA,AVAYA INC,5933B
139662,B-, ,8/31/12,Santa Clara,Avaya Inc,4520,452010,45,45201020,D,USA,334220,3663,187,940, ,CA,AVAYA INC,5933B
139662,B-, ,9/30/12,Santa Clara,Avaya Inc,4520,452010,45,45201020,D,USA,334220,3663,187,940, ,CA,AVAYA INC,5933B
139662,B-, ,10/31/12,Santa Clara,Avaya Inc,4520,452010,45,45201020,D,USA,334220,3663,187,940, ,CA,AVAYA INC,5933B
139662,B-, ,11/30/12,Santa Clara,Avaya Inc,4520,452010,45,45201020,D,USA,334220,3663,187,940, ,CA,AVAYA INC,5933B
139662,B-, ,12/31/12,Santa Clara,Avaya Inc,4520,452010,45,45201020,D,USA,334220,3663,187,940, ,CA,AVAYA INC,5933B
139662,B-, ,1/31/13,Santa Clara,Avaya Inc,4520,452010,45,45201020,D,USA,334220,3663,187,940, ,CA,AVAYA INC,5933B
139662,B-, ,2/28/13,Santa Clara,Avaya Inc,4520,452010,45,45201020,D,USA,334220,3663,187,940, ,CA,AVAYA INC,5933B
139662,B-, ,3/31/13,Santa Clara,Avaya Inc,4520,452010,45,45201020,D,USA,334220,3663,187,940, ,CA,AVAYA INC,5933B
139662,B-, ,4/30/13,Santa Clara,Avaya Inc,4520,452010,45,45201020,D,USA,334220,3663,187,940, ,CA,AVAYA INC,5933B
139662,B-, ,5/31/13,Santa Clara,Avaya Inc,4520,452010,45,45201020,D,USA,334220,3663,187,940, ,CA,AVAYA INC,5933B
139662,B-, ,6/30/13,Santa Clara,Avaya Inc,4520,452010,45,45201020,D,USA,334220,3663,187,940, ,CA,AVAYA INC,5933B
139662,B-, ,7/31/13,Santa Clara,Avaya Inc,4520,452010,45,45201020,D,USA,334220,3663,187,940, ,CA,AVAYA INC,5933B
139662,B-, ,8/31/13,Santa Clara,Avaya Inc,4520,452010,45,45201020,D,USA,334220,3663,187,940, ,CA,AVAYA INC,5933B
139662,B-, ,9/30/13,Santa Clara,Avaya Inc,4520,452010,45,45201020,D,USA,334220,3663,187,940, ,CA,AVAYA INC,5933B
139662,B-, ,10/31/13,Santa Clara,Avaya Inc,4520,452010,45,45201020,D,USA,334220,3663,187,940, ,CA,AVAYA INC,5933B
139662,B-, ,11/30/13,Santa Clara,Avaya Inc,4520,452010,45,45201020,D,USA,334220,3663,187,940, ,CA,AVAYA INC,5933B
139662,B-, ,12/31/13,Santa Clara,Avaya Inc,4520,452010,45,45201020,D,USA,334220,3663,187,940, ,CA,AVAYA INC,5933B
139662,B-, ,1/31/14,Santa Clara,Avaya Inc,4520,452010,45,45201020,D,USA,334220,3663,187,940, ,CA,AVAYA INC,5933B
139662,B-, ,2/28/14,Santa Clara,Avaya Inc,4520,452010,45,45201020,D,USA,334220,3663,187,940, ,CA,AVAYA INC,5933B
139662,B-, ,3/31/14,Santa Clara,Avaya Inc,4520,452010,45,45201020,D,USA,334220,3663,187,940, ,CA,AVAYA INC,5933B
139662,B-, ,4/30/14,Santa Clara,Avaya Inc,4520,452010,45,45201020,D,USA,334220,3663,187,940, ,CA,AVAYA INC,5933B
139662,B-, ,5/31/14,Santa Clara,Avaya Inc,4520,452010,45,45201020,D,USA,334220,3663,187,940, ,CA,AVAYA INC,5933B
139662,B-, ,6/30/14,Santa Clara,Avaya Inc,4520,452010,45,45201020,D,USA,334220,3663,187,940, ,CA,AVAYA INC,5933B
139804,BB-, ,1/31/10,Costa Mesa,TTM Technologies Inc,4520,452030,45,45203020,D,USA,334412,3672,220,925,B-,CA,TTM TECHNOLOGIES INC,TTMI
139804,BB-, ,2/28/10,Costa Mesa,TTM Technologies Inc,4520,452030,45,45203020,D,USA,334412,3672,220,925,B-,CA,TTM TECHNOLOGIES INC,TTMI
139804,BB-, ,3/31/10,Costa Mesa,TTM Technologies Inc,4520,452030,45,45203020,D,USA,334412,3672,220,925,B-,CA,TTM TECHNOLOGIES INC,TTMI
139804,BB-, ,4/30/10,Costa Mesa,TTM Technologies Inc,4520,452030,45,45203020,D,USA,334412,3672,220,925,B-,CA,TTM TECHNOLOGIES INC,TTMI
139804,BB-, ,5/31/10,Costa Mesa,TTM Technologies Inc,4520,452030,45,45203020,D,USA,334412,3672,220,925,B-,CA,TTM TECHNOLOGIES INC,TTMI
139804,BB-, ,6/30/10,Costa Mesa,TTM Technologies Inc,4520,452030,45,45203020,D,USA,334412,3672,220,925,B-,CA,TTM TECHNOLOGIES INC,TTMI
139804,BB-, ,7/31/10,Costa Mesa,TTM Technologies Inc,4520,452030,45,45203020,D,USA,334412,3672,220,925,B-,CA,TTM TECHNOLOGIES INC,TTMI
139804,BB-, ,8/31/10,Costa Mesa,TTM Technologies Inc,4520,452030,45,45203020,D,USA,334412,3672,220,925,B-,CA,TTM TECHNOLOGIES INC,TTMI
139804,BB-, ,9/30/10,Costa Mesa,TTM Technologies Inc,4520,452030,45,45203020,D,USA,334412,3672,220,925,B-,CA,TTM TECHNOLOGIES INC,TTMI
139804,BB-, ,10/31/10,Costa Mesa,TTM Technologies Inc,4520,452030,45,45203020,D,USA,334412,3672,220,925,B-,CA,TTM TECHNOLOGIES INC,TTMI
139804,BB-, ,11/30/10,Costa Mesa,TTM Technologies Inc,4520,452030,45,45203020,D,USA,334412,3672,220,925,B-,CA,TTM TECHNOLOGIES INC,TTMI
139804,BB-, ,12/31/10,Costa Mesa,TTM Technologies Inc,4520,452030,45,45203020,D,USA,334412,3672,220,925,B-,CA,TTM TECHNOLOGIES INC,TTMI
139804,BB-, ,1/31/11,Costa Mesa,TTM Technologies Inc,4520,452030,45,45203020,D,USA,334412,3672,220,925,B-,CA,TTM TECHNOLOGIES INC,TTMI
139804,BB-, ,2/28/11,Costa Mesa,TTM Technologies Inc,4520,452030,45,45203020,D,USA,334412,3672,220,925,B-,CA,TTM TECHNOLOGIES INC,TTMI
139804,BB-, ,3/31/11,Costa Mesa,TTM Technologies Inc,4520,452030,45,45203020,D,USA,334412,3672,220,925,B-,CA,TTM TECHNOLOGIES INC,TTMI
139804,BB-, ,4/30/11,Costa Mesa,TTM Technologies Inc,4520,452030,45,45203020,D,USA,334412,3672,220,925,B-,CA,TTM TECHNOLOGIES INC,TTMI
139804,BB-, ,5/31/11,Costa Mesa,TTM Technologies Inc,4520,452030,45,45203020,D,USA,334412,3672,220,925,B-,CA,TTM TECHNOLOGIES INC,TTMI
139804,BB-, ,6/30/11,Costa Mesa,TTM Technologies Inc,4520,452030,45,45203020,D,USA,334412,3672,220,925,B-,CA,TTM TECHNOLOGIES INC,TTMI
139804,BB-, ,7/31/11,Costa Mesa,TTM Technologies Inc,4520,452030,45,45203020,D,USA,334412,3672,220,925,B-,CA,TTM TECHNOLOGIES INC,TTMI
139804,BB-, ,8/31/11,Costa Mesa,TTM Technologies Inc,4520,452030,45,45203020,D,USA,334412,3672,220,925,B-,CA,TTM TECHNOLOGIES INC,TTMI
139804,BB-, ,9/30/11,Costa Mesa,TTM Technologies Inc,4520,452030,45,45203020,D,USA,334412,3672,220,925,B-,CA,TTM TECHNOLOGIES INC,TTMI
139804,BB-, ,10/31/11,Costa Mesa,TTM Technologies Inc,4520,452030,45,45203020,D,USA,334412,3672,220,925,B-,CA,TTM TECHNOLOGIES INC,TTMI
139804,BB-, ,11/30/11,Costa Mesa,TTM Technologies Inc,4520,452030,45,45203020,D,USA,334412,3672,220,925,B-,CA,TTM TECHNOLOGIES INC,TTMI
139804,BB-, ,12/31/11,Costa Mesa,TTM Technologies Inc,4520,452030,45,45203020,D,USA,334412,3672,220,925,B-,CA,TTM TECHNOLOGIES INC,TTMI
139804,BB-, ,1/31/12,Costa Mesa,TTM Technologies Inc,4520,452030,45,45203020,D,USA,334412,3672,220,925,B-,CA,TTM TECHNOLOGIES INC,TTMI
139804,BB-, ,2/29/12,Costa Mesa,TTM Technologies Inc,4520,452030,45,45203020,D,USA,334412,3672,220,925,B-,CA,TTM TECHNOLOGIES INC,TTMI
139804,BB-, ,3/31/12,Costa Mesa,TTM Technologies Inc,4520,452030,45,45203020,D,USA,334412,3672,220,925,B-,CA,TTM TECHNOLOGIES INC,TTMI
139804,BB-, ,4/30/12,Costa Mesa,TTM Technologies Inc,4520,452030,45,45203020,D,USA,334412,3672,220,925,B-,CA,TTM TECHNOLOGIES INC,TTMI
139804,BB-, ,5/31/12,Costa Mesa,TTM Technologies Inc,4520,452030,45,45203020,D,USA,334412,3672,220,925,B-,CA,TTM TECHNOLOGIES INC,TTMI
139804,BB-, ,6/30/12,Costa Mesa,TTM Technologies Inc,4520,452030,45,45203020,D,USA,334412,3672,220,925,B-,CA,TTM TECHNOLOGIES INC,TTMI
139804,BB-, ,7/31/12,Costa Mesa,TTM Technologies Inc,4520,452030,45,45203020,D,USA,334412,3672,220,925,B-,CA,TTM TECHNOLOGIES INC,TTMI
139804,BB-, ,8/31/12,Costa Mesa,TTM Technologies Inc,4520,452030,45,45203020,D,USA,334412,3672,220,925,B-,CA,TTM TECHNOLOGIES INC,TTMI
139804,BB-, ,9/30/12,Costa Mesa,TTM Technologies Inc,4520,452030,45,45203020,D,USA,334412,3672,220,925,B-,CA,TTM TECHNOLOGIES INC,TTMI
139804,BB-, ,10/31/12,Costa Mesa,TTM Technologies Inc,4520,452030,45,45203020,D,USA,334412,3672,220,925,B-,CA,TTM TECHNOLOGIES INC,TTMI
139804,BB, ,11/30/12,Costa Mesa,TTM Technologies Inc,4520,452030,45,45203020,D,USA,334412,3672,220,925,B-,CA,TTM TECHNOLOGIES INC,TTMI
139804,BB, ,12/31/12,Costa Mesa,TTM Technologies Inc,4520,452030,45,45203020,D,USA,334412,3672,220,925,B-,CA,TTM TECHNOLOGIES INC,TTMI
139804,BB, ,1/31/13,Costa Mesa,TTM Technologies Inc,4520,452030,45,45203020,D,USA,334412,3672,220,925,B-,CA,TTM TECHNOLOGIES INC,TTMI
139804,BB, ,2/28/13,Costa Mesa,TTM Technologies Inc,4520,452030,45,45203020,D,USA,334412,3672,220,925,B-,CA,TTM TECHNOLOGIES INC,TTMI
139804,BB, ,3/31/13,Costa Mesa,TTM Technologies Inc,4520,452030,45,45203020,D,USA,334412,3672,220,925,B-,CA,TTM TECHNOLOGIES INC,TTMI
139804,BB, ,4/30/13,Costa Mesa,TTM Technologies Inc,4520,452030,45,45203020,D,USA,334412,3672,220,925,B-,CA,TTM TECHNOLOGIES INC,TTMI
139804,BB, ,5/31/13,Costa Mesa,TTM Technologies Inc,4520,452030,45,45203020,D,USA,334412,3672,220,925,B-,CA,TTM TECHNOLOGIES INC,TTMI
139804,BB, ,6/30/13,Costa Mesa,TTM Technologies Inc,4520,452030,45,45203020,D,USA,334412,3672,220,925,B-,CA,TTM TECHNOLOGIES INC,TTMI
139804,BB, ,7/31/13,Costa Mesa,TTM Technologies Inc,4520,452030,45,45203020,D,USA,334412,3672,220,925,B-,CA,TTM TECHNOLOGIES INC,TTMI
139804,BB, ,8/31/13,Costa Mesa,TTM Technologies Inc,4520,452030,45,45203020,D,USA,334412,3672,220,925,B-,CA,TTM TECHNOLOGIES INC,TTMI
139804,BB, ,9/30/13,Costa Mesa,TTM Technologies Inc,4520,452030,45,45203020,D,USA,334412,3672,220,925,B-,CA,TTM TECHNOLOGIES INC,TTMI
139804,BB, ,10/31/13,Costa Mesa,TTM Technologies Inc,4520,452030,45,45203020,D,USA,334412,3672,220,925,B-,CA,TTM TECHNOLOGIES INC,TTMI
139804,BB, ,11/30/13,Costa Mesa,TTM Technologies Inc,4520,452030,45,45203020,D,USA,334412,3672,220,925,B-,CA,TTM TECHNOLOGIES INC,TTMI
139804,BB, ,12/31/13,Costa Mesa,TTM Technologies Inc,4520,452030,45,45203020,D,USA,334412,3672,220,925,B-,CA,TTM TECHNOLOGIES INC,TTMI
139804,BB, ,1/31/14,Costa Mesa,TTM Technologies Inc,4520,452030,45,45203020,D,USA,334412,3672,220,925,B-,CA,TTM TECHNOLOGIES INC,TTMI
139804,BB, ,2/28/14,Costa Mesa,TTM Technologies Inc,4520,452030,45,45203020,D,USA,334412,3672,220,925,B-,CA,TTM TECHNOLOGIES INC,TTMI
139804,BB, ,3/31/14,Costa Mesa,TTM Technologies Inc,4520,452030,45,45203020,D,USA,334412,3672,220,925,B-,CA,TTM TECHNOLOGIES INC,TTMI
139804,BB, ,4/30/14,Costa Mesa,TTM Technologies Inc,4520,452030,45,45203020,D,USA,334412,3672,220,925,B-,CA,TTM TECHNOLOGIES INC,TTMI
139804,BB, ,5/31/14,Costa Mesa,TTM Technologies Inc,4520,452030,45,45203020,D,USA,334412,3672,220,925,B-,CA,TTM TECHNOLOGIES INC,TTMI
139804,BB, ,6/30/14,Costa Mesa,TTM Technologies Inc,4520,452030,45,45203020,D,USA,334412,3672,220,925,B-,CA,TTM TECHNOLOGIES INC,TTMI
139984, , ,1/31/10,Toronto,Coretec Inc,4520,452030,45,45203015,D,CAN,334412,3672,220,925, ,ON,CORETEC INC,CYY.Z
139985, , ,1/31/10,Los Gatos,CoSine Communications Inc,4520,452010,45,45201020,D,USA,999990,9995,190,940,C,CA,COSINE COMMUNICATIONS INC,COSN
139985, , ,2/28/10,Los Gatos,CoSine Communications Inc,4520,452010,45,45201020,D,USA,999990,9995,190,940,C,CA,COSINE COMMUNICATIONS INC,COSN
139985, , ,3/31/10,Los Gatos,CoSine Communications Inc,4520,452010,45,45201020,D,USA,999990,9995,190,940,C,CA,COSINE COMMUNICATIONS INC,COSN
139985, , ,4/30/10,Los Gatos,CoSine Communications Inc,4520,452010,45,45201020,D,USA,999990,9995,190,940,C,CA,COSINE COMMUNICATIONS INC,COSN
139985, , ,5/31/10,Los Gatos,CoSine Communications Inc,4520,452010,45,45201020,D,USA,999990,9995,190,940,C,CA,COSINE COMMUNICATIONS INC,COSN
139985, , ,6/30/10,Los Gatos,CoSine Communications Inc,4520,452010,45,45201020,D,USA,999990,9995,190,940,C,CA,COSINE COMMUNICATIONS INC,COSN
139985, , ,7/31/10,Los Gatos,CoSine Communications Inc,4520,452010,45,45201020,D,USA,999990,9995,190,940,C,CA,COSINE COMMUNICATIONS INC,COSN
139985, , ,8/31/10,Los Gatos,CoSine Communications Inc,4520,452010,45,45201020,D,USA,999990,9995,190,940,C,CA,COSINE COMMUNICATIONS INC,COSN
139985, , ,9/30/10,Los Gatos,CoSine Communications Inc,4520,452010,45,45201020,D,USA,999990,9995,190,940,C,CA,COSINE COMMUNICATIONS INC,COSN
139985, , ,10/31/10,Los Gatos,CoSine Communications Inc,4520,452010,45,45201020,D,USA,999990,9995,190,940,C,CA,COSINE COMMUNICATIONS INC,COSN
139985, , ,11/30/10,Los Gatos,CoSine Communications Inc,4520,452010,45,45201020,D,USA,999990,9995,190,940,C,CA,COSINE COMMUNICATIONS INC,COSN
139985, , ,12/31/10,Los Gatos,CoSine Communications Inc,4520,452010,45,45201020,D,USA,999990,9995,190,940,C,CA,COSINE COMMUNICATIONS INC,COSN
139985, , ,1/31/11,Los Gatos,CoSine Communications Inc,4520,452010,45,45201020,D,USA,999990,9995,190,940,C,CA,COSINE COMMUNICATIONS INC,COSN
139985, , ,2/28/11,Los Gatos,CoSine Communications Inc,4520,452010,45,45201020,D,USA,999990,9995,190,940,C,CA,COSINE COMMUNICATIONS INC,COSN
139985, , ,3/31/11,Los Gatos,CoSine Communications Inc,4520,452010,45,45201020,D,USA,999990,9995,190,940,C,CA,COSINE COMMUNICATIONS INC,COSN
139985, , ,4/30/11,Los Gatos,CoSine Communications Inc,4520,452010,45,45201020,D,USA,999990,9995,190,940,C,CA,COSINE COMMUNICATIONS INC,COSN
139985, , ,5/31/11,Los Gatos,CoSine Communications Inc,4520,452010,45,45201020,D,USA,999990,9995,190,940,C,CA,COSINE COMMUNICATIONS INC,COSN
139985, , ,6/30/11,Los Gatos,CoSine Communications Inc,4520,452010,45,45201020,D,USA,999990,9995,190,940,C,CA,COSINE COMMUNICATIONS INC,COSN
139985, , ,7/31/11,Los Gatos,CoSine Communications Inc,4520,452010,45,45201020,D,USA,999990,9995,190,940,C,CA,COSINE COMMUNICATIONS INC,COSN
139985, , ,8/31/11,Los Gatos,CoSine Communications Inc,4520,452010,45,45201020,D,USA,999990,9995,190,940,C,CA,COSINE COMMUNICATIONS INC,COSN
139985, , ,9/30/11,Los Gatos,CoSine Communications Inc,4520,452010,45,45201020,D,USA,999990,9995,190,940,C,CA,COSINE COMMUNICATIONS INC,COSN
139985, , ,10/31/11,Los Gatos,CoSine Communications Inc,4520,452010,45,45201020,D,USA,999990,9995,190,940,C,CA,COSINE COMMUNICATIONS INC,COSN
139985, , ,11/30/11,Los Gatos,CoSine Communications Inc,4520,452010,45,45201020,D,USA,999990,9995,190,940,C,CA,COSINE COMMUNICATIONS INC,COSN
139985, , ,12/31/11,Los Gatos,CoSine Communications Inc,4520,452010,45,45201020,D,USA,999990,9995,190,940,C,CA,COSINE COMMUNICATIONS INC,COSN
139985, , ,1/31/12,Los Gatos,CoSine Communications Inc,4520,452010,45,45201020,D,USA,999990,9995,190,940,C,CA,COSINE COMMUNICATIONS INC,COSN
139985, , ,2/29/12,Los Gatos,CoSine Communications Inc,4520,452010,45,45201020,D,USA,999990,9995,190,940,C,CA,COSINE COMMUNICATIONS INC,COSN
139985, , ,3/31/12,Los Gatos,CoSine Communications Inc,4520,452010,45,45201020,D,USA,999990,9995,190,940,C,CA,COSINE COMMUNICATIONS INC,COSN
139985, , ,4/30/12,Los Gatos,CoSine Communications Inc,4520,452010,45,45201020,D,USA,999990,9995,190,940,C,CA,COSINE COMMUNICATIONS INC,COSN
139985, , ,5/31/12,Los Gatos,CoSine Communications Inc,4520,452010,45,45201020,D,USA,999990,9995,190,940,C,CA,COSINE COMMUNICATIONS INC,COSN
139985, , ,6/30/12,Los Gatos,CoSine Communications Inc,4520,452010,45,45201020,D,USA,999990,9995,190,940,C,CA,COSINE COMMUNICATIONS INC,COSN
139985, , ,7/31/12,Los Gatos,CoSine Communications Inc,4520,452010,45,45201020,D,USA,999990,9995,190,940,C,CA,COSINE COMMUNICATIONS INC,COSN
139985, , ,8/31/12,Los Gatos,CoSine Communications Inc,4520,452010,45,45201020,D,USA,999990,9995,190,940,C,CA,COSINE COMMUNICATIONS INC,COSN
139985, , ,9/30/12,Los Gatos,CoSine Communications Inc,4520,452010,45,45201020,D,USA,999990,9995,190,940,C,CA,COSINE COMMUNICATIONS INC,COSN
139985, , ,10/31/12,Los Gatos,CoSine Communications Inc,4520,452010,45,45201020,D,USA,999990,9995,190,940,C,CA,COSINE COMMUNICATIONS INC,COSN
139985, , ,11/30/12,Los Gatos,CoSine Communications Inc,4520,452010,45,45201020,D,USA,999990,9995,190,940,C,CA,COSINE COMMUNICATIONS INC,COSN
139985, , ,12/31/12,Los Gatos,CoSine Communications Inc,4520,452010,45,45201020,D,USA,999990,9995,190,940,C,CA,COSINE COMMUNICATIONS INC,COSN
139985, , ,1/31/13,Los Gatos,CoSine Communications Inc,4520,452010,45,45201020,D,USA,999990,9995,190,940,C,CA,COSINE COMMUNICATIONS INC,COSN
139985, , ,2/28/13,Los Gatos,CoSine Communications Inc,4520,452010,45,45201020,D,USA,999990,9995,190,940,C,CA,COSINE COMMUNICATIONS INC,COSN
139985, , ,3/31/13,Los Gatos,CoSine Communications Inc,4520,452010,45,45201020,D,USA,999990,9995,190,940,C,CA,COSINE COMMUNICATIONS INC,COSN
139985, , ,4/30/13,Los Gatos,CoSine Communications Inc,4520,452010,45,45201020,D,USA,999990,9995,190,940,C,CA,COSINE COMMUNICATIONS INC,COSN
139985, , ,5/31/13,Los Gatos,CoSine Communications Inc,4520,452010,45,45201020,D,USA,999990,9995,190,940,C,CA,COSINE COMMUNICATIONS INC,COSN
139985, , ,6/30/13,Los Gatos,CoSine Communications Inc,4520,452010,45,45201020,D,USA,999990,9995,190,940,C,CA,COSINE COMMUNICATIONS INC,COSN
139985, , ,7/31/13,Los Gatos,CoSine Communications Inc,4520,452010,45,45201020,D,USA,999990,9995,190,940,C,CA,COSINE COMMUNICATIONS INC,COSN
139985, , ,8/31/13,Los Gatos,CoSine Communications Inc,4520,452010,45,45201020,D,USA,999990,9995,190,940,C,CA,COSINE COMMUNICATIONS INC,COSN
139985, , ,9/30/13,Los Gatos,CoSine Communications Inc,4520,452010,45,45201020,D,USA,999990,9995,190,940,C,CA,COSINE COMMUNICATIONS INC,COSN
139985, , ,10/31/13,Los Gatos,CoSine Communications Inc,4520,452010,45,45201020,D,USA,999990,9995,190,940,C,CA,COSINE COMMUNICATIONS INC,COSN
140030, , ,1/31/10,Fremont,Oplink Communications Inc,4520,452010,45,45201020,D,USA,334515,3663,180,940,B,CA,OPLINK COMMUNICATIONS INC,OPLK
140030, , ,2/28/10,Fremont,Oplink Communications Inc,4520,452010,45,45201020,D,USA,334515,3663,180,940,B,CA,OPLINK COMMUNICATIONS INC,OPLK
140030, , ,3/31/10,Fremont,Oplink Communications Inc,4520,452010,45,45201020,D,USA,334515,3663,180,940,B,CA,OPLINK COMMUNICATIONS INC,OPLK
140030, , ,4/30/10,Fremont,Oplink Communications Inc,4520,452010,45,45201020,D,USA,334515,3663,180,940,B,CA,OPLINK COMMUNICATIONS INC,OPLK
140030, , ,5/31/10,Fremont,Oplink Communications Inc,4520,452010,45,45201020,D,USA,334515,3663,180,940,B,CA,OPLINK COMMUNICATIONS INC,OPLK
140030, , ,6/30/10,Fremont,Oplink Communications Inc,4520,452010,45,45201020,D,USA,334515,3663,180,940,B,CA,OPLINK COMMUNICATIONS INC,OPLK
140030, , ,7/31/10,Fremont,Oplink Communications Inc,4520,452010,45,45201020,D,USA,334515,3663,180,940,B,CA,OPLINK COMMUNICATIONS INC,OPLK
140030, , ,8/31/10,Fremont,Oplink Communications Inc,4520,452010,45,45201020,D,USA,334515,3663,180,940,B,CA,OPLINK COMMUNICATIONS INC,OPLK
140030, , ,9/30/10,Fremont,Oplink Communications Inc,4520,452010,45,45201020,D,USA,334515,3663,180,940,B,CA,OPLINK COMMUNICATIONS INC,OPLK
140030, , ,10/31/10,Fremont,Oplink Communications Inc,4520,452010,45,45201020,D,USA,334515,3663,180,940,B,CA,OPLINK COMMUNICATIONS INC,OPLK
140030, , ,11/30/10,Fremont,Oplink Communications Inc,4520,452010,45,45201020,D,USA,334515,3663,180,940,B,CA,OPLINK COMMUNICATIONS INC,OPLK
140030, , ,12/31/10,Fremont,Oplink Communications Inc,4520,452010,45,45201020,D,USA,334515,3663,180,940,B,CA,OPLINK COMMUNICATIONS INC,OPLK
140030, , ,1/31/11,Fremont,Oplink Communications Inc,4520,452010,45,45201020,D,USA,334515,3663,180,940,B,CA,OPLINK COMMUNICATIONS INC,OPLK
140030, , ,2/28/11,Fremont,Oplink Communications Inc,4520,452010,45,45201020,D,USA,334515,3663,180,940,B,CA,OPLINK COMMUNICATIONS INC,OPLK
140030, , ,3/31/11,Fremont,Oplink Communications Inc,4520,452010,45,45201020,D,USA,334515,3663,180,940,B,CA,OPLINK COMMUNICATIONS INC,OPLK
140030, , ,4/30/11,Fremont,Oplink Communications Inc,4520,452010,45,45201020,D,USA,334515,3663,180,940,B,CA,OPLINK COMMUNICATIONS INC,OPLK
140030, , ,5/31/11,Fremont,Oplink Communications Inc,4520,452010,45,45201020,D,USA,334515,3663,180,940,B,CA,OPLINK COMMUNICATIONS INC,OPLK
140030, , ,6/30/11,Fremont,Oplink Communications Inc,4520,452010,45,45201020,D,USA,334515,3663,180,940,B,CA,OPLINK COMMUNICATIONS INC,OPLK
140030, , ,7/31/11,Fremont,Oplink Communications Inc,4520,452010,45,45201020,D,USA,334515,3663,180,940,B,CA,OPLINK COMMUNICATIONS INC,OPLK
140030, , ,8/31/11,Fremont,Oplink Communications Inc,4520,452010,45,45201020,D,USA,334515,3663,180,940,B,CA,OPLINK COMMUNICATIONS INC,OPLK
140030, , ,9/30/11,Fremont,Oplink Communications Inc,4520,452010,45,45201020,D,USA,334515,3663,180,940,B,CA,OPLINK COMMUNICATIONS INC,OPLK
140030, , ,10/31/11,Fremont,Oplink Communications Inc,4520,452010,45,45201020,D,USA,334515,3663,180,940,B,CA,OPLINK COMMUNICATIONS INC,OPLK
140030, , ,11/30/11,Fremont,Oplink Communications Inc,4520,452010,45,45201020,D,USA,334515,3663,180,940,B,CA,OPLINK COMMUNICATIONS INC,OPLK
140030, , ,12/31/11,Fremont,Oplink Communications Inc,4520,452010,45,45201020,D,USA,334515,3663,180,940,B,CA,OPLINK COMMUNICATIONS INC,OPLK
140030, , ,1/31/12,Fremont,Oplink Communications Inc,4520,452010,45,45201020,D,USA,334515,3663,180,940,B,CA,OPLINK COMMUNICATIONS INC,OPLK
140030, , ,2/29/12,Fremont,Oplink Communications Inc,4520,452010,45,45201020,D,USA,334515,3663,180,940,B,CA,OPLINK COMMUNICATIONS INC,OPLK
140030, , ,3/31/12,Fremont,Oplink Communications Inc,4520,452010,45,45201020,D,USA,334515,3663,180,940,B,CA,OPLINK COMMUNICATIONS INC,OPLK
140030, , ,4/30/12,Fremont,Oplink Communications Inc,4520,452010,45,45201020,D,USA,334515,3663,180,940,B,CA,OPLINK COMMUNICATIONS INC,OPLK
140030, , ,5/31/12,Fremont,Oplink Communications Inc,4520,452010,45,45201020,D,USA,334515,3663,180,940,B,CA,OPLINK COMMUNICATIONS INC,OPLK
140030, , ,6/30/12,Fremont,Oplink Communications Inc,4520,452010,45,45201020,D,USA,334515,3663,180,940,B,CA,OPLINK COMMUNICATIONS INC,OPLK
140030, , ,7/31/12,Fremont,Oplink Communications Inc,4520,452010,45,45201020,D,USA,334515,3663,180,940,B,CA,OPLINK COMMUNICATIONS INC,OPLK
140030, , ,8/31/12,Fremont,Oplink Communications Inc,4520,452010,45,45201020,D,USA,334515,3663,180,940,B,CA,OPLINK COMMUNICATIONS INC,OPLK
140030, , ,9/30/12,Fremont,Oplink Communications Inc,4520,452010,45,45201020,D,USA,334515,3663,180,940,B,CA,OPLINK COMMUNICATIONS INC,OPLK
140030, , ,10/31/12,Fremont,Oplink Communications Inc,4520,452010,45,45201020,D,USA,334515,3663,180,940,B,CA,OPLINK COMMUNICATIONS INC,OPLK
140030, , ,11/30/12,Fremont,Oplink Communications Inc,4520,452010,45,45201020,D,USA,334515,3663,180,940,B,CA,OPLINK COMMUNICATIONS INC,OPLK
140030, , ,12/31/12,Fremont,Oplink Communications Inc,4520,452010,45,45201020,D,USA,334515,3663,180,940,B,CA,OPLINK COMMUNICATIONS INC,OPLK
140030, , ,1/31/13,Fremont,Oplink Communications Inc,4520,452010,45,45201020,D,USA,334515,3663,180,940,B,CA,OPLINK COMMUNICATIONS INC,OPLK
140030, , ,2/28/13,Fremont,Oplink Communications Inc,4520,452010,45,45201020,D,USA,334515,3663,180,940,B,CA,OPLINK COMMUNICATIONS INC,OPLK
140030, , ,3/31/13,Fremont,Oplink Communications Inc,4520,452010,45,45201020,D,USA,334515,3663,180,940,B,CA,OPLINK COMMUNICATIONS INC,OPLK
140030, , ,4/30/13,Fremont,Oplink Communications Inc,4520,452010,45,45201020,D,USA,334515,3663,180,940,B,CA,OPLINK COMMUNICATIONS INC,OPLK
140030, , ,5/31/13,Fremont,Oplink Communications Inc,4520,452010,45,45201020,D,USA,334515,3663,180,940,B,CA,OPLINK COMMUNICATIONS INC,OPLK
140030, , ,6/30/13,Fremont,Oplink Communications Inc,4520,452010,45,45201020,D,USA,334515,3663,180,940,B,CA,OPLINK COMMUNICATIONS INC,OPLK
140030, , ,7/31/13,Fremont,Oplink Communications Inc,4520,452010,45,45201020,D,USA,334515,3663,180,940,B,CA,OPLINK COMMUNICATIONS INC,OPLK
140030, , ,8/31/13,Fremont,Oplink Communications Inc,4520,452010,45,45201020,D,USA,334515,3663,180,940,B,CA,OPLINK COMMUNICATIONS INC,OPLK
140030, , ,9/30/13,Fremont,Oplink Communications Inc,4520,452010,45,45201020,D,USA,334515,3663,180,940,B,CA,OPLINK COMMUNICATIONS INC,OPLK
140030, , ,10/31/13,Fremont,Oplink Communications Inc,4520,452010,45,45201020,D,USA,334515,3663,180,940,B,CA,OPLINK COMMUNICATIONS INC,OPLK
140399, , ,4/30/12,Markham,LOREX Technology Inc,4520,452030,45,45203010,D,CAN,541512,3669, , , ,ON,LOREX TECHNOLOGY INC,LOXFF
140399, , ,5/31/12,Markham,LOREX Technology Inc,4520,452030,45,45203010,D,CAN,541512,3669, , , ,ON,LOREX TECHNOLOGY INC,LOXFF
140399, , ,6/30/12,Markham,LOREX Technology Inc,4520,452030,45,45203010,D,CAN,541512,3669, , , ,ON,LOREX TECHNOLOGY INC,LOXFF
140399, , ,7/31/12,Markham,LOREX Technology Inc,4520,452030,45,45203010,D,CAN,541512,3669, , , ,ON,LOREX TECHNOLOGY INC,LOXFF
140399, , ,8/31/12,Markham,LOREX Technology Inc,4520,452030,45,45203010,D,CAN,541512,3669, , , ,ON,LOREX TECHNOLOGY INC,LOXFF
140399, , ,9/30/12,Markham,LOREX Technology Inc,4520,452030,45,45203010,D,CAN,541512,3669, , , ,ON,LOREX TECHNOLOGY INC,LOXFF
140399, , ,10/31/12,Markham,LOREX Technology Inc,4520,452030,45,45203010,D,CAN,541512,3669, , , ,ON,LOREX TECHNOLOGY INC,LOXFF
140399, , ,11/30/12,Markham,LOREX Technology Inc,4520,452030,45,45203010,D,CAN,541512,3669, , , ,ON,LOREX TECHNOLOGY INC,LOXFF
140399, , ,12/31/12,Markham,LOREX Technology Inc,4520,452030,45,45203010,D,CAN,541512,3669, , , ,ON,LOREX TECHNOLOGY INC,LOXFF
140736, , ,1/31/10,San Jose,Endwave Corp,4520,452010,45,45201020,D,USA,334220,3663,180,940,C,CA,ENDWAVE CORP,ENWV
140736, , ,2/28/10,San Jose,Endwave Corp,4520,452010,45,45201020,D,USA,334220,3663,180,940,C,CA,ENDWAVE CORP,ENWV
140736, , ,3/31/10,San Jose,Endwave Corp,4520,452010,45,45201020,D,USA,334220,3663,180,940,C,CA,ENDWAVE CORP,ENWV
140736, , ,4/30/10,San Jose,Endwave Corp,4520,452010,45,45201020,D,USA,334220,3663,180,940,C,CA,ENDWAVE CORP,ENWV
140736, , ,5/31/10,San Jose,Endwave Corp,4520,452010,45,45201020,D,USA,334220,3663,180,940,C,CA,ENDWAVE CORP,ENWV
140736, , ,6/30/10,San Jose,Endwave Corp,4520,452010,45,45201020,D,USA,334220,3663,180,940,C,CA,ENDWAVE CORP,ENWV
140736, , ,7/31/10,San Jose,Endwave Corp,4520,452010,45,45201020,D,USA,334220,3663,180,940,C,CA,ENDWAVE CORP,ENWV
140736, , ,8/31/10,San Jose,Endwave Corp,4520,452010,45,45201020,D,USA,334220,3663,180,940,C,CA,ENDWAVE CORP,ENWV
140736, , ,9/30/10,San Jose,Endwave Corp,4520,452010,45,45201020,D,USA,334220,3663,180,940,C,CA,ENDWAVE CORP,ENWV
140736, , ,10/31/10,San Jose,Endwave Corp,4520,452010,45,45201020,D,USA,334220,3663,180,940,C,CA,ENDWAVE CORP,ENWV
140736, , ,11/30/10,San Jose,Endwave Corp,4520,452010,45,45201020,D,USA,334220,3663,180,940,C,CA,ENDWAVE CORP,ENWV
140736, , ,12/31/10,San Jose,Endwave Corp,4520,452010,45,45201020,D,USA,334220,3663,180,940,C,CA,ENDWAVE CORP,ENWV
140736, , ,1/31/11,San Jose,Endwave Corp,4520,452010,45,45201020,D,USA,334220,3663,180,940,C,CA,ENDWAVE CORP,ENWV
140736, , ,2/28/11,San Jose,Endwave Corp,4520,452010,45,45201020,D,USA,334220,3663,180,940,C,CA,ENDWAVE CORP,ENWV
140736, , ,3/31/11,San Jose,Endwave Corp,4520,452010,45,45201020,D,USA,334220,3663,180,940,C,CA,ENDWAVE CORP,ENWV
140736, , ,4/30/11,San Jose,Endwave Corp,4520,452010,45,45201020,D,USA,334220,3663,180,940,C,CA,ENDWAVE CORP,ENWV
140736, , ,5/31/11,San Jose,Endwave Corp,4520,452010,45,45201020,D,USA,334220,3663,180,940,C,CA,ENDWAVE CORP,ENWV
140736, , ,6/30/11,San Jose,Endwave Corp,4520,452010,45,45201020,D,USA,334220,3663,180,940,C,CA,ENDWAVE CORP,ENWV
140759, , ,1/31/10,Calabasas,Ixia,4520,452010,45,45201020,D,USA,334416,3825,230,940,B,CA,IXIA,XXIA
140759, , ,2/28/10,Calabasas,Ixia,4520,452010,45,45201020,D,USA,334416,3825,230,940,B,CA,IXIA,XXIA
140759, , ,3/31/10,Calabasas,Ixia,4520,452010,45,45201020,D,USA,334416,3825,230,940,B,CA,IXIA,XXIA
140759, , ,4/30/10,Calabasas,Ixia,4520,452010,45,45201020,D,USA,334416,3825,230,940,B,CA,IXIA,XXIA
140759, , ,5/31/10,Calabasas,Ixia,4520,452010,45,45201020,D,USA,334416,3825,230,940,B,CA,IXIA,XXIA
140759, , ,6/30/10,Calabasas,Ixia,4520,452010,45,45201020,D,USA,334416,3825,230,940,B,CA,IXIA,XXIA
140759, , ,7/31/10,Calabasas,Ixia,4520,452010,45,45201020,D,USA,334416,3825,230,940,B,CA,IXIA,XXIA
140759, , ,8/31/10,Calabasas,Ixia,4520,452010,45,45201020,D,USA,334416,3825,230,940,B,CA,IXIA,XXIA
140759, , ,9/30/10,Calabasas,Ixia,4520,452010,45,45201020,D,USA,334416,3825,230,940,B,CA,IXIA,XXIA
140759, , ,10/31/10,Calabasas,Ixia,4520,452010,45,45201020,D,USA,334416,3825,230,940,B,CA,IXIA,XXIA
140759, , ,11/30/10,Calabasas,Ixia,4520,452010,45,45201020,D,USA,334416,3825,230,940,B,CA,IXIA,XXIA
140759, , ,12/31/10,Calabasas,Ixia,4520,452010,45,45201020,D,USA,334416,3825,230,940,B,CA,IXIA,XXIA
140759, , ,1/31/11,Calabasas,Ixia,4520,452010,45,45201020,D,USA,334416,3825,230,940,B,CA,IXIA,XXIA
140759, , ,2/28/11,Calabasas,Ixia,4520,452010,45,45201020,D,USA,334416,3825,230,940,B,CA,IXIA,XXIA
140759, , ,3/31/11,Calabasas,Ixia,4520,452010,45,45201020,D,USA,334416,3825,230,940,B,CA,IXIA,XXIA
140759, , ,4/30/11,Calabasas,Ixia,4520,452010,45,45201020,D,USA,334416,3825,230,940,B,CA,IXIA,XXIA
140759, , ,5/31/11,Calabasas,Ixia,4520,452010,45,45201020,D,USA,334416,3825,230,940,B,CA,IXIA,XXIA
140759, , ,6/30/11,Calabasas,Ixia,4520,452010,45,45201020,D,USA,334416,3825,230,940,B,CA,IXIA,XXIA
140759, , ,7/31/11,Calabasas,Ixia,4520,452010,45,45201020,D,USA,334416,3825,230,940,B,CA,IXIA,XXIA
140759, , ,8/31/11,Calabasas,Ixia,4520,452010,45,45201020,D,USA,334416,3825,230,940,B,CA,IXIA,XXIA
140759, , ,9/30/11,Calabasas,Ixia,4520,452010,45,45201020,D,USA,334416,3825,230,940,B,CA,IXIA,XXIA
140759, , ,10/31/11,Calabasas,Ixia,4520,452010,45,45201020,D,USA,334416,3825,230,940,B,CA,IXIA,XXIA
140759, , ,11/30/11,Calabasas,Ixia,4520,452010,45,45201020,D,USA,334416,3825,230,940,B,CA,IXIA,XXIA
140759, , ,12/31/11,Calabasas,Ixia,4520,452010,45,45201020,D,USA,334416,3825,230,940,B,CA,IXIA,XXIA
140759, , ,1/31/12,Calabasas,Ixia,4520,452010,45,45201020,D,USA,334416,3825,230,940,B,CA,IXIA,XXIA
140759, , ,2/29/12,Calabasas,Ixia,4520,452010,45,45201020,D,USA,334416,3825,230,940,B,CA,IXIA,XXIA
140759, , ,3/31/12,Calabasas,Ixia,4520,452010,45,45201020,D,USA,334416,3825,230,940,B,CA,IXIA,XXIA
140759, , ,4/30/12,Calabasas,Ixia,4520,452010,45,45201020,D,USA,334416,3825,230,940,B,CA,IXIA,XXIA
140759, , ,5/31/12,Calabasas,Ixia,4520,452010,45,45201020,D,USA,334416,3825,230,940,B,CA,IXIA,XXIA
140759, , ,6/30/12,Calabasas,Ixia,4520,452010,45,45201020,D,USA,334416,3825,230,940,B,CA,IXIA,XXIA
140759, , ,7/31/12,Calabasas,Ixia,4520,452010,45,45201020,D,USA,334416,3825,230,940,B,CA,IXIA,XXIA
140759, , ,8/31/12,Calabasas,Ixia,4520,452010,45,45201020,D,USA,334416,3825,230,940,B,CA,IXIA,XXIA
140759, , ,9/30/12,Calabasas,Ixia,4520,452010,45,45201020,D,USA,334416,3825,230,940,B,CA,IXIA,XXIA
140759, , ,10/31/12,Calabasas,Ixia,4520,452010,45,45201020,D,USA,334416,3825,230,940,B,CA,IXIA,XXIA
140759, , ,11/30/12,Calabasas,Ixia,4520,452010,45,45201020,D,USA,334416,3825,230,940,B,CA,IXIA,XXIA
140759, , ,12/31/12,Calabasas,Ixia,4520,452010,45,45201020,D,USA,334416,3825,230,940,B,CA,IXIA,XXIA
140759, , ,1/31/13,Calabasas,Ixia,4520,452010,45,45201020,D,USA,334416,3825,230,940,B,CA,IXIA,XXIA
140759, , ,2/28/13,Calabasas,Ixia,4520,452010,45,45201020,D,USA,334416,3825,230,940,B,CA,IXIA,XXIA
140759, , ,3/31/13,Calabasas,Ixia,4520,452010,45,45201020,D,USA,334416,3825,230,940,B,CA,IXIA,XXIA
140759, , ,4/30/13,Calabasas,Ixia,4520,452010,45,45201020,D,USA,334416,3825,230,940,B,CA,IXIA,XXIA
140759, , ,5/31/13,Calabasas,Ixia,4520,452010,45,45201020,D,USA,334416,3825,230,940,B,CA,IXIA,XXIA
140759, , ,6/30/13,Calabasas,Ixia,4520,452010,45,45201020,D,USA,334416,3825,230,940,B,CA,IXIA,XXIA
140759, , ,7/31/13,Calabasas,Ixia,4520,452010,45,45201020,D,USA,334416,3825,230,940,B,CA,IXIA,XXIA
140759, , ,8/31/13,Calabasas,Ixia,4520,452010,45,45201020,D,USA,334416,3825,230,940,B,CA,IXIA,XXIA
140759, , ,9/30/13,Calabasas,Ixia,4520,452010,45,45201020,D,USA,334416,3825,230,940,B,CA,IXIA,XXIA
140759, , ,10/31/13,Calabasas,Ixia,4520,452010,45,45201020,D,USA,334416,3825,230,940,B,CA,IXIA,XXIA
140979, , ,1/31/10,Oakland,Zhone Technologies Inc.,4520,452010,45,45201020,D,USA,334210,3661,180,940,B-,CA,ZHONE TECHNOLOGIES INC,ZHNE
140979, , ,2/28/10,Oakland,Zhone Technologies Inc.,4520,452010,45,45201020,D,USA,334210,3661,180,940,B-,CA,ZHONE TECHNOLOGIES INC,ZHNE
140979, , ,3/31/10,Oakland,Zhone Technologies Inc.,4520,452010,45,45201020,D,USA,334210,3661,180,940,B-,CA,ZHONE TECHNOLOGIES INC,ZHNE
140979, , ,4/30/10,Oakland,Zhone Technologies Inc.,4520,452010,45,45201020,D,USA,334210,3661,180,940,B-,CA,ZHONE TECHNOLOGIES INC,ZHNE
140979, , ,5/31/10,Oakland,Zhone Technologies Inc.,4520,452010,45,45201020,D,USA,334210,3661,180,940,B-,CA,ZHONE TECHNOLOGIES INC,ZHNE
140979, , ,6/30/10,Oakland,Zhone Technologies Inc.,4520,452010,45,45201020,D,USA,334210,3661,180,940,B-,CA,ZHONE TECHNOLOGIES INC,ZHNE
140979, , ,7/31/10,Oakland,Zhone Technologies Inc.,4520,452010,45,45201020,D,USA,334210,3661,180,940,B-,CA,ZHONE TECHNOLOGIES INC,ZHNE
140979, , ,8/31/10,Oakland,Zhone Technologies Inc.,4520,452010,45,45201020,D,USA,334210,3661,180,940,B-,CA,ZHONE TECHNOLOGIES INC,ZHNE
140979, , ,9/30/10,Oakland,Zhone Technologies Inc.,4520,452010,45,45201020,D,USA,334210,3661,180,940,B-,CA,ZHONE TECHNOLOGIES INC,ZHNE
140979, , ,10/31/10,Oakland,Zhone Technologies Inc.,4520,452010,45,45201020,D,USA,334210,3661,180,940,B-,CA,ZHONE TECHNOLOGIES INC,ZHNE
140979, , ,11/30/10,Oakland,Zhone Technologies Inc.,4520,452010,45,45201020,D,USA,334210,3661,180,940,B-,CA,ZHONE TECHNOLOGIES INC,ZHNE
140979, , ,12/31/10,Oakland,Zhone Technologies Inc.,4520,452010,45,45201020,D,USA,334210,3661,180,940,B-,CA,ZHONE TECHNOLOGIES INC,ZHNE
140979, , ,1/31/11,Oakland,Zhone Technologies Inc.,4520,452010,45,45201020,D,USA,334210,3661,180,940,B-,CA,ZHONE TECHNOLOGIES INC,ZHNE
140979, , ,2/28/11,Oakland,Zhone Technologies Inc.,4520,452010,45,45201020,D,USA,334210,3661,180,940,B-,CA,ZHONE TECHNOLOGIES INC,ZHNE
140979, , ,3/31/11,Oakland,Zhone Technologies Inc.,4520,452010,45,45201020,D,USA,334210,3661,180,940,B-,CA,ZHONE TECHNOLOGIES INC,ZHNE
140979, , ,4/30/11,Oakland,Zhone Technologies Inc.,4520,452010,45,45201020,D,USA,334210,3661,180,940,B-,CA,ZHONE TECHNOLOGIES INC,ZHNE
140979, , ,5/31/11,Oakland,Zhone Technologies Inc.,4520,452010,45,45201020,D,USA,334210,3661,180,940,B-,CA,ZHONE TECHNOLOGIES INC,ZHNE
140979, , ,6/30/11,Oakland,Zhone Technologies Inc.,4520,452010,45,45201020,D,USA,334210,3661,180,940,B-,CA,ZHONE TECHNOLOGIES INC,ZHNE
140979, , ,7/31/11,Oakland,Zhone Technologies Inc.,4520,452010,45,45201020,D,USA,334210,3661,180,940,B-,CA,ZHONE TECHNOLOGIES INC,ZHNE
140979, , ,8/31/11,Oakland,Zhone Technologies Inc.,4520,452010,45,45201020,D,USA,334210,3661,180,940,B-,CA,ZHONE TECHNOLOGIES INC,ZHNE
140979, , ,9/30/11,Oakland,Zhone Technologies Inc.,4520,452010,45,45201020,D,USA,334210,3661,180,940,B-,CA,ZHONE TECHNOLOGIES INC,ZHNE
140979, , ,10/31/11,Oakland,Zhone Technologies Inc.,4520,452010,45,45201020,D,USA,334210,3661,180,940,B-,CA,ZHONE TECHNOLOGIES INC,ZHNE
140979, , ,11/30/11,Oakland,Zhone Technologies Inc.,4520,452010,45,45201020,D,USA,334210,3661,180,940,B-,CA,ZHONE TECHNOLOGIES INC,ZHNE
140979, , ,12/31/11,Oakland,Zhone Technologies Inc.,4520,452010,45,45201020,D,USA,334210,3661,180,940,B-,CA,ZHONE TECHNOLOGIES INC,ZHNE
140979, , ,1/31/12,Oakland,Zhone Technologies Inc.,4520,452010,45,45201020,D,USA,334210,3661,180,940,B-,CA,ZHONE TECHNOLOGIES INC,ZHNE
140979, , ,2/29/12,Oakland,Zhone Technologies Inc.,4520,452010,45,45201020,D,USA,334210,3661,180,940,B-,CA,ZHONE TECHNOLOGIES INC,ZHNE
140979, , ,3/31/12,Oakland,Zhone Technologies Inc.,4520,452010,45,45201020,D,USA,334210,3661,180,940,B-,CA,ZHONE TECHNOLOGIES INC,ZHNE
140979, , ,4/30/12,Oakland,Zhone Technologies Inc.,4520,452010,45,45201020,D,USA,334210,3661,180,940,B-,CA,ZHONE TECHNOLOGIES INC,ZHNE
140979, , ,5/31/12,Oakland,Zhone Technologies Inc.,4520,452010,45,45201020,D,USA,334210,3661,180,940,B-,CA,ZHONE TECHNOLOGIES INC,ZHNE
140979, , ,6/30/12,Oakland,Zhone Technologies Inc.,4520,452010,45,45201020,D,USA,334210,3661,180,940,B-,CA,ZHONE TECHNOLOGIES INC,ZHNE
140979, , ,7/31/12,Oakland,Zhone Technologies Inc.,4520,452010,45,45201020,D,USA,334210,3661,180,940,B-,CA,ZHONE TECHNOLOGIES INC,ZHNE
140979, , ,8/31/12,Oakland,Zhone Technologies Inc.,4520,452010,45,45201020,D,USA,334210,3661,180,940,B-,CA,ZHONE TECHNOLOGIES INC,ZHNE
140979, , ,9/30/12,Oakland,Zhone Technologies Inc.,4520,452010,45,45201020,D,USA,334210,3661,180,940,B-,CA,ZHONE TECHNOLOGIES INC,ZHNE
140979, , ,10/31/12,Oakland,Zhone Technologies Inc.,4520,452010,45,45201020,D,USA,334210,3661,180,940,B-,CA,ZHONE TECHNOLOGIES INC,ZHNE
140979, , ,11/30/12,Oakland,Zhone Technologies Inc.,4520,452010,45,45201020,D,USA,334210,3661,180,940,B-,CA,ZHONE TECHNOLOGIES INC,ZHNE
140979, , ,12/31/12,Oakland,Zhone Technologies Inc.,4520,452010,45,45201020,D,USA,334210,3661,180,940,B-,CA,ZHONE TECHNOLOGIES INC,ZHNE
140979, , ,1/31/13,Oakland,Zhone Technologies Inc.,4520,452010,45,45201020,D,USA,334210,3661,180,940,B-,CA,ZHONE TECHNOLOGIES INC,ZHNE
140979, , ,2/28/13,Oakland,Zhone Technologies Inc.,4520,452010,45,45201020,D,USA,334210,3661,180,940,B-,CA,ZHONE TECHNOLOGIES INC,ZHNE
140979, , ,3/31/13,Oakland,Zhone Technologies Inc.,4520,452010,45,45201020,D,USA,334210,3661,180,940,B-,CA,ZHONE TECHNOLOGIES INC,ZHNE
140979, , ,4/30/13,Oakland,Zhone Technologies Inc.,4520,452010,45,45201020,D,USA,334210,3661,180,940,B-,CA,ZHONE TECHNOLOGIES INC,ZHNE
140979, , ,5/31/13,Oakland,Zhone Technologies Inc.,4520,452010,45,45201020,D,USA,334210,3661,180,940,B-,CA,ZHONE TECHNOLOGIES INC,ZHNE
140979, , ,6/30/13,Oakland,Zhone Technologies Inc.,4520,452010,45,45201020,D,USA,334210,3661,180,940,B-,CA,ZHONE TECHNOLOGIES INC,ZHNE
140979, , ,7/31/13,Oakland,Zhone Technologies Inc.,4520,452010,45,45201020,D,USA,334210,3661,180,940,B-,CA,ZHONE TECHNOLOGIES INC,ZHNE
140979, , ,8/31/13,Oakland,Zhone Technologies Inc.,4520,452010,45,45201020,D,USA,334210,3661,180,940,B-,CA,ZHONE TECHNOLOGIES INC,ZHNE
140979, , ,9/30/13,Oakland,Zhone Technologies Inc.,4520,452010,45,45201020,D,USA,334210,3661,180,940,B-,CA,ZHONE TECHNOLOGIES INC,ZHNE
140979, , ,10/31/13,Oakland,Zhone Technologies Inc.,4520,452010,45,45201020,D,USA,334210,3661,180,940,B-,CA,ZHONE TECHNOLOGIES INC,ZHNE
141178, , ,1/31/10,San Diego,Novatel Wireless Inc,4520,452010,45,45201020,D,USA,334210,3661,180,940,C,CA,NOVATEL WIRELESS INC,NVTL
141178, , ,2/28/10,San Diego,Novatel Wireless Inc,4520,452010,45,45201020,D,USA,334210,3661,180,940,C,CA,NOVATEL WIRELESS INC,NVTL
141178, , ,3/31/10,San Diego,Novatel Wireless Inc,4520,452010,45,45201020,D,USA,334210,3661,180,940,C,CA,NOVATEL WIRELESS INC,NVTL
141178, , ,4/30/10,San Diego,Novatel Wireless Inc,4520,452010,45,45201020,D,USA,334210,3661,180,940,C,CA,NOVATEL WIRELESS INC,NVTL
141178, , ,5/31/10,San Diego,Novatel Wireless Inc,4520,452010,45,45201020,D,USA,334210,3661,180,940,C,CA,NOVATEL WIRELESS INC,NVTL
141178, , ,6/30/10,San Diego,Novatel Wireless Inc,4520,452010,45,45201020,D,USA,334210,3661,180,940,C,CA,NOVATEL WIRELESS INC,NVTL
141178, , ,7/31/10,San Diego,Novatel Wireless Inc,4520,452010,45,45201020,D,USA,334210,3661,180,940,C,CA,NOVATEL WIRELESS INC,NVTL
141178, , ,8/31/10,San Diego,Novatel Wireless Inc,4520,452010,45,45201020,D,USA,334210,3661,180,940,C,CA,NOVATEL WIRELESS INC,NVTL
141178, , ,9/30/10,San Diego,Novatel Wireless Inc,4520,452010,45,45201020,D,USA,334210,3661,180,940,C,CA,NOVATEL WIRELESS INC,NVTL
141178, , ,10/31/10,San Diego,Novatel Wireless Inc,4520,452010,45,45201020,D,USA,334210,3661,180,940,C,CA,NOVATEL WIRELESS INC,NVTL
141178, , ,11/30/10,San Diego,Novatel Wireless Inc,4520,452010,45,45201020,D,USA,334210,3661,180,940,C,CA,NOVATEL WIRELESS INC,NVTL
141178, , ,12/31/10,San Diego,Novatel Wireless Inc,4520,452010,45,45201020,D,USA,334210,3661,180,940,C,CA,NOVATEL WIRELESS INC,NVTL
141178, , ,1/31/11,San Diego,Novatel Wireless Inc,4520,452010,45,45201020,D,USA,334210,3661,180,940,C,CA,NOVATEL WIRELESS INC,NVTL
141178, , ,2/28/11,San Diego,Novatel Wireless Inc,4520,452010,45,45201020,D,USA,334210,3661,180,940,C,CA,NOVATEL WIRELESS INC,NVTL
141178, , ,3/31/11,San Diego,Novatel Wireless Inc,4520,452010,45,45201020,D,USA,334210,3661,180,940,C,CA,NOVATEL WIRELESS INC,NVTL
141178, , ,4/30/11,San Diego,Novatel Wireless Inc,4520,452010,45,45201020,D,USA,334210,3661,180,940,C,CA,NOVATEL WIRELESS INC,NVTL
141178, , ,5/31/11,San Diego,Novatel Wireless Inc,4520,452010,45,45201020,D,USA,334210,3661,180,940,C,CA,NOVATEL WIRELESS INC,NVTL
141178, , ,6/30/11,San Diego,Novatel Wireless Inc,4520,452010,45,45201020,D,USA,334210,3661,180,940,C,CA,NOVATEL WIRELESS INC,NVTL
141178, , ,7/31/11,San Diego,Novatel Wireless Inc,4520,452010,45,45201020,D,USA,334210,3661,180,940,C,CA,NOVATEL WIRELESS INC,NVTL
141178, , ,8/31/11,San Diego,Novatel Wireless Inc,4520,452010,45,45201020,D,USA,334210,3661,180,940,C,CA,NOVATEL WIRELESS INC,NVTL
141178, , ,9/30/11,San Diego,Novatel Wireless Inc,4520,452010,45,45201020,D,USA,334210,3661,180,940,C,CA,NOVATEL WIRELESS INC,NVTL
141178, , ,10/31/11,San Diego,Novatel Wireless Inc,4520,452010,45,45201020,D,USA,334210,3661,180,940,C,CA,NOVATEL WIRELESS INC,NVTL
141178, , ,11/30/11,San Diego,Novatel Wireless Inc,4520,452010,45,45201020,D,USA,334210,3661,180,940,C,CA,NOVATEL WIRELESS INC,NVTL
141178, , ,12/31/11,San Diego,Novatel Wireless Inc,4520,452010,45,45201020,D,USA,334210,3661,180,940,C,CA,NOVATEL WIRELESS INC,NVTL
141178, , ,1/31/12,San Diego,Novatel Wireless Inc,4520,452010,45,45201020,D,USA,334210,3661,180,940,C,CA,NOVATEL WIRELESS INC,NVTL
141178, , ,2/29/12,San Diego,Novatel Wireless Inc,4520,452010,45,45201020,D,USA,334210,3661,180,940,C,CA,NOVATEL WIRELESS INC,NVTL
141178, , ,3/31/12,San Diego,Novatel Wireless Inc,4520,452010,45,45201020,D,USA,334210,3661,180,940,C,CA,NOVATEL WIRELESS INC,NVTL
141178, , ,4/30/12,San Diego,Novatel Wireless Inc,4520,452010,45,45201020,D,USA,334210,3661,180,940,C,CA,NOVATEL WIRELESS INC,NVTL
141178, , ,5/31/12,San Diego,Novatel Wireless Inc,4520,452010,45,45201020,D,USA,334210,3661,180,940,C,CA,NOVATEL WIRELESS INC,NVTL
141178, , ,6/30/12,San Diego,Novatel Wireless Inc,4520,452010,45,45201020,D,USA,334210,3661,180,940,C,CA,NOVATEL WIRELESS INC,NVTL
141178, , ,7/31/12,San Diego,Novatel Wireless Inc,4520,452010,45,45201020,D,USA,334210,3661,180,940,C,CA,NOVATEL WIRELESS INC,NVTL
141178, , ,8/31/12,San Diego,Novatel Wireless Inc,4520,452010,45,45201020,D,USA,334210,3661,180,940,C,CA,NOVATEL WIRELESS INC,NVTL
141178, , ,9/30/12,San Diego,Novatel Wireless Inc,4520,452010,45,45201020,D,USA,334210,3661,180,940,C,CA,NOVATEL WIRELESS INC,NVTL
141178, , ,10/31/12,San Diego,Novatel Wireless Inc,4520,452010,45,45201020,D,USA,334210,3661,180,940,C,CA,NOVATEL WIRELESS INC,NVTL
141178, , ,11/30/12,San Diego,Novatel Wireless Inc,4520,452010,45,45201020,D,USA,334210,3661,180,940,C,CA,NOVATEL WIRELESS INC,NVTL
141178, , ,12/31/12,San Diego,Novatel Wireless Inc,4520,452010,45,45201020,D,USA,334210,3661,180,940,C,CA,NOVATEL WIRELESS INC,NVTL
141178, , ,1/31/13,San Diego,Novatel Wireless Inc,4520,452010,45,45201020,D,USA,334210,3661,180,940,C,CA,NOVATEL WIRELESS INC,NVTL
141178, , ,2/28/13,San Diego,Novatel Wireless Inc,4520,452010,45,45201020,D,USA,334210,3661,180,940,C,CA,NOVATEL WIRELESS INC,NVTL
141178, , ,3/31/13,San Diego,Novatel Wireless Inc,4520,452010,45,45201020,D,USA,334210,3661,180,940,C,CA,NOVATEL WIRELESS INC,NVTL
141178, , ,4/30/13,San Diego,Novatel Wireless Inc,4520,452010,45,45201020,D,USA,334210,3661,180,940,C,CA,NOVATEL WIRELESS INC,NVTL
141178, , ,5/31/13,San Diego,Novatel Wireless Inc,4520,452010,45,45201020,D,USA,334210,3661,180,940,C,CA,NOVATEL WIRELESS INC,NVTL
141178, , ,6/30/13,San Diego,Novatel Wireless Inc,4520,452010,45,45201020,D,USA,334210,3661,180,940,C,CA,NOVATEL WIRELESS INC,NVTL
141178, , ,7/31/13,San Diego,Novatel Wireless Inc,4520,452010,45,45201020,D,USA,334210,3661,180,940,C,CA,NOVATEL WIRELESS INC,NVTL
141178, , ,8/31/13,San Diego,Novatel Wireless Inc,4520,452010,45,45201020,D,USA,334210,3661,180,940,C,CA,NOVATEL WIRELESS INC,NVTL
141178, , ,9/30/13,San Diego,Novatel Wireless Inc,4520,452010,45,45201020,D,USA,334210,3661,180,940,C,CA,NOVATEL WIRELESS INC,NVTL
141178, , ,10/31/13,San Diego,Novatel Wireless Inc,4520,452010,45,45201020,D,USA,334210,3661,180,940,C,CA,NOVATEL WIRELESS INC,NVTL
141236, , ,1/31/10,Sunnyvale,Alliance Fiber Optic Products Inc,4520,452010,45,45201020,D,USA,334413,3674,235,940,B,CA,ALLIANCE FIBER OPTIC PRODUCT,AFOP
141236, , ,2/28/10,Sunnyvale,Alliance Fiber Optic Products Inc,4520,452010,45,45201020,D,USA,334413,3674,235,940,B,CA,ALLIANCE FIBER OPTIC PRODUCT,AFOP
141236, , ,3/31/10,Sunnyvale,Alliance Fiber Optic Products Inc,4520,452010,45,45201020,D,USA,334413,3674,235,940,B,CA,ALLIANCE FIBER OPTIC PRODUCT,AFOP
141236, , ,4/30/10,Sunnyvale,Alliance Fiber Optic Products Inc,4520,452010,45,45201020,D,USA,334413,3674,235,940,B,CA,ALLIANCE FIBER OPTIC PRODUCT,AFOP
141236, , ,5/31/10,Sunnyvale,Alliance Fiber Optic Products Inc,4520,452010,45,45201020,D,USA,334413,3674,235,940,B,CA,ALLIANCE FIBER OPTIC PRODUCT,AFOP
141236, , ,6/30/10,Sunnyvale,Alliance Fiber Optic Products Inc,4520,452010,45,45201020,D,USA,334413,3674,235,940,B,CA,ALLIANCE FIBER OPTIC PRODUCT,AFOP
141236, , ,7/31/10,Sunnyvale,Alliance Fiber Optic Products Inc,4520,452010,45,45201020,D,USA,334413,3674,235,940,B,CA,ALLIANCE FIBER OPTIC PRODUCT,AFOP
141236, , ,8/31/10,Sunnyvale,Alliance Fiber Optic Products Inc,4520,452010,45,45201020,D,USA,334413,3674,235,940,B,CA,ALLIANCE FIBER OPTIC PRODUCT,AFOP
141236, , ,9/30/10,Sunnyvale,Alliance Fiber Optic Products Inc,4520,452010,45,45201020,D,USA,334413,3674,235,940,B,CA,ALLIANCE FIBER OPTIC PRODUCT,AFOP
141236, , ,10/31/10,Sunnyvale,Alliance Fiber Optic Products Inc,4520,452010,45,45201020,D,USA,334413,3674,235,940,B,CA,ALLIANCE FIBER OPTIC PRODUCT,AFOP
141236, , ,11/30/10,Sunnyvale,Alliance Fiber Optic Products Inc,4520,452010,45,45201020,D,USA,334413,3674,235,940,B,CA,ALLIANCE FIBER OPTIC PRODUCT,AFOP
141236, , ,12/31/10,Sunnyvale,Alliance Fiber Optic Products Inc,4520,452010,45,45201020,D,USA,334413,3674,235,940,B,CA,ALLIANCE FIBER OPTIC PRODUCT,AFOP
141236, , ,1/31/11,Sunnyvale,Alliance Fiber Optic Products Inc,4520,452010,45,45201020,D,USA,334413,3674,235,940,B,CA,ALLIANCE FIBER OPTIC PRODUCT,AFOP
141236, , ,2/28/11,Sunnyvale,Alliance Fiber Optic Products Inc,4520,452010,45,45201020,D,USA,334413,3674,235,940,B,CA,ALLIANCE FIBER OPTIC PRODUCT,AFOP
141236, , ,3/31/11,Sunnyvale,Alliance Fiber Optic Products Inc,4520,452010,45,45201020,D,USA,334413,3674,235,940,B,CA,ALLIANCE FIBER OPTIC PRODUCT,AFOP
141236, , ,4/30/11,Sunnyvale,Alliance Fiber Optic Products Inc,4520,452010,45,45201020,D,USA,334413,3674,235,940,B,CA,ALLIANCE FIBER OPTIC PRODUCT,AFOP
141236, , ,5/31/11,Sunnyvale,Alliance Fiber Optic Products Inc,4520,452010,45,45201020,D,USA,334413,3674,235,940,B,CA,ALLIANCE FIBER OPTIC PRODUCT,AFOP
141236, , ,6/30/11,Sunnyvale,Alliance Fiber Optic Products Inc,4520,452010,45,45201020,D,USA,334413,3674,235,940,B,CA,ALLIANCE FIBER OPTIC PRODUCT,AFOP
141236, , ,7/31/11,Sunnyvale,Alliance Fiber Optic Products Inc,4520,452010,45,45201020,D,USA,334413,3674,235,940,B,CA,ALLIANCE FIBER OPTIC PRODUCT,AFOP
141236, , ,8/31/11,Sunnyvale,Alliance Fiber Optic Products Inc,4520,452010,45,45201020,D,USA,334413,3674,235,940,B,CA,ALLIANCE FIBER OPTIC PRODUCT,AFOP
141236, , ,9/30/11,Sunnyvale,Alliance Fiber Optic Products Inc,4520,452010,45,45201020,D,USA,334413,3674,235,940,B,CA,ALLIANCE FIBER OPTIC PRODUCT,AFOP
141236, , ,10/31/11,Sunnyvale,Alliance Fiber Optic Products Inc,4520,452010,45,45201020,D,USA,334413,3674,235,940,B,CA,ALLIANCE FIBER OPTIC PRODUCT,AFOP
141236, , ,11/30/11,Sunnyvale,Alliance Fiber Optic Products Inc,4520,452010,45,45201020,D,USA,334413,3674,235,940,B,CA,ALLIANCE FIBER OPTIC PRODUCT,AFOP
141236, , ,12/31/11,Sunnyvale,Alliance Fiber Optic Products Inc,4520,452010,45,45201020,D,USA,334413,3674,235,940,B,CA,ALLIANCE FIBER OPTIC PRODUCT,AFOP
141236, , ,1/31/12,Sunnyvale,Alliance Fiber Optic Products Inc,4520,452010,45,45201020,D,USA,334413,3674,235,940,B,CA,ALLIANCE FIBER OPTIC PRODUCT,AFOP
141236, , ,2/29/12,Sunnyvale,Alliance Fiber Optic Products Inc,4520,452010,45,45201020,D,USA,334413,3674,235,940,B,CA,ALLIANCE FIBER OPTIC PRODUCT,AFOP
141236, , ,3/31/12,Sunnyvale,Alliance Fiber Optic Products Inc,4520,452010,45,45201020,D,USA,334413,3674,235,940,B,CA,ALLIANCE FIBER OPTIC PRODUCT,AFOP
141236, , ,4/30/12,Sunnyvale,Alliance Fiber Optic Products Inc,4520,452010,45,45201020,D,USA,334413,3674,235,940,B,CA,ALLIANCE FIBER OPTIC PRODUCT,AFOP
141236, , ,5/31/12,Sunnyvale,Alliance Fiber Optic Products Inc,4520,452010,45,45201020,D,USA,334413,3674,235,940,B,CA,ALLIANCE FIBER OPTIC PRODUCT,AFOP
141236, , ,6/30/12,Sunnyvale,Alliance Fiber Optic Products Inc,4520,452010,45,45201020,D,USA,334413,3674,235,940,B,CA,ALLIANCE FIBER OPTIC PRODUCT,AFOP
141236, , ,7/31/12,Sunnyvale,Alliance Fiber Optic Products Inc,4520,452010,45,45201020,D,USA,334413,3674,235,940,B,CA,ALLIANCE FIBER OPTIC PRODUCT,AFOP
141236, , ,8/31/12,Sunnyvale,Alliance Fiber Optic Products Inc,4520,452010,45,45201020,D,USA,334413,3674,235,940,B,CA,ALLIANCE FIBER OPTIC PRODUCT,AFOP
141236, , ,9/30/12,Sunnyvale,Alliance Fiber Optic Products Inc,4520,452010,45,45201020,D,USA,334413,3674,235,940,B,CA,ALLIANCE FIBER OPTIC PRODUCT,AFOP
141236, , ,10/31/12,Sunnyvale,Alliance Fiber Optic Products Inc,4520,452010,45,45201020,D,USA,334413,3674,235,940,B,CA,ALLIANCE FIBER OPTIC PRODUCT,AFOP
141236, , ,11/30/12,Sunnyvale,Alliance Fiber Optic Products Inc,4520,452010,45,45201020,D,USA,334413,3674,235,940,B,CA,ALLIANCE FIBER OPTIC PRODUCT,AFOP
141236, , ,12/31/12,Sunnyvale,Alliance Fiber Optic Products Inc,4520,452010,45,45201020,D,USA,334413,3674,235,940,B,CA,ALLIANCE FIBER OPTIC PRODUCT,AFOP
141236, , ,1/31/13,Sunnyvale,Alliance Fiber Optic Products Inc,4520,452010,45,45201020,D,USA,334413,3674,235,940,B,CA,ALLIANCE FIBER OPTIC PRODUCT,AFOP
141236, , ,2/28/13,Sunnyvale,Alliance Fiber Optic Products Inc,4520,452010,45,45201020,D,USA,334413,3674,235,940,B,CA,ALLIANCE FIBER OPTIC PRODUCT,AFOP
141236, , ,3/31/13,Sunnyvale,Alliance Fiber Optic Products Inc,4520,452010,45,45201020,D,USA,334413,3674,235,940,B,CA,ALLIANCE FIBER OPTIC PRODUCT,AFOP
141236, , ,4/30/13,Sunnyvale,Alliance Fiber Optic Products Inc,4520,452010,45,45201020,D,USA,334413,3674,235,940,B,CA,ALLIANCE FIBER OPTIC PRODUCT,AFOP
141236, , ,5/31/13,Sunnyvale,Alliance Fiber Optic Products Inc,4520,452010,45,45201020,D,USA,334413,3674,235,940,B,CA,ALLIANCE FIBER OPTIC PRODUCT,AFOP
141236, , ,6/30/13,Sunnyvale,Alliance Fiber Optic Products Inc,4520,452010,45,45201020,D,USA,334413,3674,235,940,B,CA,ALLIANCE FIBER OPTIC PRODUCT,AFOP
141236, , ,7/31/13,Sunnyvale,Alliance Fiber Optic Products Inc,4520,452010,45,45201020,D,USA,334413,3674,235,940,B,CA,ALLIANCE FIBER OPTIC PRODUCT,AFOP
141236, , ,8/31/13,Sunnyvale,Alliance Fiber Optic Products Inc,4520,452010,45,45201020,D,USA,334413,3674,235,940,B,CA,ALLIANCE FIBER OPTIC PRODUCT,AFOP
141236, , ,9/30/13,Sunnyvale,Alliance Fiber Optic Products Inc,4520,452010,45,45201020,D,USA,334413,3674,235,940,B,CA,ALLIANCE FIBER OPTIC PRODUCT,AFOP
141236, , ,10/31/13,Sunnyvale,Alliance Fiber Optic Products Inc,4520,452010,45,45201020,D,USA,334413,3674,235,940,B,CA,ALLIANCE FIBER OPTIC PRODUCT,AFOP
141887, , ,1/31/10,Bala Cynwyd,Laserlock Technologies Inc,4520,452030,45,45203010,D,USA,325998,2890,165,970, ,PA,LASERLOCK TECHNOLOGIES INC,LLTI
141887, , ,2/28/10,Bala Cynwyd,Laserlock Technologies Inc,4520,452030,45,45203010,D,USA,325998,2890,165,970, ,PA,LASERLOCK TECHNOLOGIES INC,LLTI
141887, , ,3/31/10,Bala Cynwyd,Laserlock Technologies Inc,4520,452030,45,45203010,D,USA,325998,2890,165,970, ,PA,LASERLOCK TECHNOLOGIES INC,LLTI
141887, , ,4/30/10,Bala Cynwyd,Laserlock Technologies Inc,4520,452030,45,45203010,D,USA,325998,2890,165,970, ,PA,LASERLOCK TECHNOLOGIES INC,LLTI
141887, , ,5/31/10,Bala Cynwyd,Laserlock Technologies Inc,4520,452030,45,45203010,D,USA,325998,2890,165,970, ,PA,LASERLOCK TECHNOLOGIES INC,LLTI
141887, , ,6/30/10,Bala Cynwyd,Laserlock Technologies Inc,4520,452030,45,45203010,D,USA,325998,2890,165,970, ,PA,LASERLOCK TECHNOLOGIES INC,LLTI
141887, , ,7/31/10,Bala Cynwyd,Laserlock Technologies Inc,4520,452030,45,45203010,D,USA,325998,2890,165,970, ,PA,LASERLOCK TECHNOLOGIES INC,LLTI
141887, , ,8/31/10,Bala Cynwyd,Laserlock Technologies Inc,4520,452030,45,45203010,D,USA,325998,2890,165,970, ,PA,LASERLOCK TECHNOLOGIES INC,LLTI
141887, , ,9/30/10,Bala Cynwyd,Laserlock Technologies Inc,4520,452030,45,45203010,D,USA,325998,2890,165,970, ,PA,LASERLOCK TECHNOLOGIES INC,LLTI
141887, , ,10/31/10,Bala Cynwyd,Laserlock Technologies Inc,4520,452030,45,45203010,D,USA,325998,2890,165,970, ,PA,LASERLOCK TECHNOLOGIES INC,LLTI
141887, , ,11/30/10,Bala Cynwyd,Laserlock Technologies Inc,4520,452030,45,45203010,D,USA,325998,2890,165,970, ,PA,LASERLOCK TECHNOLOGIES INC,LLTI
141887, , ,12/31/10,Bala Cynwyd,Laserlock Technologies Inc,4520,452030,45,45203010,D,USA,325998,2890,165,970, ,PA,LASERLOCK TECHNOLOGIES INC,LLTI
141887, , ,1/31/11,Bala Cynwyd,Laserlock Technologies Inc,4520,452030,45,45203010,D,USA,325998,2890,165,970, ,PA,LASERLOCK TECHNOLOGIES INC,LLTI
141887, , ,2/28/11,Bala Cynwyd,Laserlock Technologies Inc,4520,452030,45,45203010,D,USA,325998,2890,165,970, ,PA,LASERLOCK TECHNOLOGIES INC,LLTI
141887, , ,3/31/11,Bala Cynwyd,Laserlock Technologies Inc,4520,452030,45,45203010,D,USA,325998,2890,165,970, ,PA,LASERLOCK TECHNOLOGIES INC,LLTI
141887, , ,4/30/11,Bala Cynwyd,Laserlock Technologies Inc,4520,452030,45,45203010,D,USA,325998,2890,165,970, ,PA,LASERLOCK TECHNOLOGIES INC,LLTI
141887, , ,5/31/11,Bala Cynwyd,Laserlock Technologies Inc,4520,452030,45,45203010,D,USA,325998,2890,165,970, ,PA,LASERLOCK TECHNOLOGIES INC,LLTI
141887, , ,6/30/11,Bala Cynwyd,Laserlock Technologies Inc,4520,452030,45,45203010,D,USA,325998,2890,165,970, ,PA,LASERLOCK TECHNOLOGIES INC,LLTI
141887, , ,7/31/11,Bala Cynwyd,Laserlock Technologies Inc,4520,452030,45,45203010,D,USA,325998,2890,165,970, ,PA,LASERLOCK TECHNOLOGIES INC,LLTI
141887, , ,8/31/11,Bala Cynwyd,Laserlock Technologies Inc,4520,452030,45,45203010,D,USA,325998,2890,165,970, ,PA,LASERLOCK TECHNOLOGIES INC,LLTI
141887, , ,9/30/11,Bala Cynwyd,Laserlock Technologies Inc,4520,452030,45,45203010,D,USA,325998,2890,165,970, ,PA,LASERLOCK TECHNOLOGIES INC,LLTI
141887, , ,10/31/11,Bala Cynwyd,Laserlock Technologies Inc,4520,452030,45,45203010,D,USA,325998,2890,165,970, ,PA,LASERLOCK TECHNOLOGIES INC,LLTI
141887, , ,11/30/11,Bala Cynwyd,Laserlock Technologies Inc,4520,452030,45,45203010,D,USA,325998,2890,165,970, ,PA,LASERLOCK TECHNOLOGIES INC,LLTI
141887, , ,12/31/11,Bala Cynwyd,Laserlock Technologies Inc,4520,452030,45,45203010,D,USA,325998,2890,165,970, ,PA,LASERLOCK TECHNOLOGIES INC,LLTI
141887, , ,1/31/12,Bala Cynwyd,Laserlock Technologies Inc,4520,452030,45,45203010,D,USA,325998,2890,165,970, ,PA,LASERLOCK TECHNOLOGIES INC,LLTI
141887, , ,2/29/12,Bala Cynwyd,Laserlock Technologies Inc,4520,452030,45,45203010,D,USA,325998,2890,165,970, ,PA,LASERLOCK TECHNOLOGIES INC,LLTI
141887, , ,3/31/12,Bala Cynwyd,Laserlock Technologies Inc,4520,452030,45,45203010,D,USA,325998,2890,165,970, ,PA,LASERLOCK TECHNOLOGIES INC,LLTI
141887, , ,4/30/12,Bala Cynwyd,Laserlock Technologies Inc,4520,452030,45,45203010,D,USA,325998,2890,165,970, ,PA,LASERLOCK TECHNOLOGIES INC,LLTI
141887, , ,5/31/12,Bala Cynwyd,Laserlock Technologies Inc,4520,452030,45,45203010,D,USA,325998,2890,165,970, ,PA,LASERLOCK TECHNOLOGIES INC,LLTI
141887, , ,6/30/12,Bala Cynwyd,Laserlock Technologies Inc,4520,452030,45,45203010,D,USA,325998,2890,165,970, ,PA,LASERLOCK TECHNOLOGIES INC,LLTI
141887, , ,7/31/12,Bala Cynwyd,Laserlock Technologies Inc,4520,452030,45,45203010,D,USA,325998,2890,165,970, ,PA,LASERLOCK TECHNOLOGIES INC,LLTI
141887, , ,8/31/12,Bala Cynwyd,Laserlock Technologies Inc,4520,452030,45,45203010,D,USA,325998,2890,165,970, ,PA,LASERLOCK TECHNOLOGIES INC,LLTI
141887, , ,9/30/12,Bala Cynwyd,Laserlock Technologies Inc,4520,452030,45,45203010,D,USA,325998,2890,165,970, ,PA,LASERLOCK TECHNOLOGIES INC,LLTI
141887, , ,10/31/12,Bala Cynwyd,Laserlock Technologies Inc,4520,452030,45,45203010,D,USA,325998,2890,165,970, ,PA,LASERLOCK TECHNOLOGIES INC,LLTI
141887, , ,11/30/12,Bala Cynwyd,Laserlock Technologies Inc,4520,452030,45,45203010,D,USA,325998,2890,165,970, ,PA,LASERLOCK TECHNOLOGIES INC,LLTI
141887, , ,12/31/12,Bala Cynwyd,Laserlock Technologies Inc,4520,452030,45,45203010,D,USA,325998,2890,165,970, ,PA,LASERLOCK TECHNOLOGIES INC,LLTI
141887, , ,1/31/13,Bala Cynwyd,Laserlock Technologies Inc,4520,452030,45,45203010,D,USA,325998,2890,165,970, ,PA,LASERLOCK TECHNOLOGIES INC,LLTI
141887, , ,2/28/13,Bala Cynwyd,Laserlock Technologies Inc,4520,452030,45,45203010,D,USA,325998,2890,165,970, ,PA,LASERLOCK TECHNOLOGIES INC,LLTI
141887, , ,3/31/13,Bala Cynwyd,Laserlock Technologies Inc,4520,452030,45,45203010,D,USA,325998,2890,165,970, ,PA,LASERLOCK TECHNOLOGIES INC,LLTI
141887, , ,4/30/13,Bala Cynwyd,Laserlock Technologies Inc,4520,452030,45,45203010,D,USA,325998,2890,165,970, ,PA,LASERLOCK TECHNOLOGIES INC,LLTI
141887, , ,5/31/13,Bala Cynwyd,Laserlock Technologies Inc,4520,452030,45,45203010,D,USA,325998,2890,165,970, ,PA,LASERLOCK TECHNOLOGIES INC,LLTI
141887, , ,6/30/13,Bala Cynwyd,Laserlock Technologies Inc,4520,452030,45,45203010,D,USA,325998,2890,165,970, ,PA,LASERLOCK TECHNOLOGIES INC,LLTI
141887, , ,7/31/13,Bala Cynwyd,Laserlock Technologies Inc,4520,452030,45,45203010,D,USA,325998,2890,165,970, ,PA,LASERLOCK TECHNOLOGIES INC,LLTI
141887, , ,8/31/13,Bala Cynwyd,Laserlock Technologies Inc,4520,452030,45,45203010,D,USA,325998,2890,165,970, ,PA,LASERLOCK TECHNOLOGIES INC,LLTI
141887, , ,9/30/13,Bala Cynwyd,Laserlock Technologies Inc,4520,452030,45,45203010,D,USA,325998,2890,165,970, ,PA,LASERLOCK TECHNOLOGIES INC,LLTI
141887, , ,10/31/13,Bala Cynwyd,Laserlock Technologies Inc,4520,452030,45,45203010,D,USA,325998,2890,165,970, ,PA,LASERLOCK TECHNOLOGIES INC,LLTI
141964, , ,1/31/10,Burnaby,WebTech Wireless Inc,4520,452010,45,45201020,D,CAN,517919,3663, , , ,BC,WEBTECH WIRELESS INC,WEWWF
141964, , ,2/28/10,Burnaby,WebTech Wireless Inc,4520,452010,45,45201020,D,CAN,517919,3663, , , ,BC,WEBTECH WIRELESS INC,WEWWF
141964, , ,3/31/10,Burnaby,WebTech Wireless Inc,4520,452010,45,45201020,D,CAN,517919,3663, , , ,BC,WEBTECH WIRELESS INC,WEWWF
141964, , ,4/30/10,Burnaby,WebTech Wireless Inc,4520,452010,45,45201020,D,CAN,517919,3663, , , ,BC,WEBTECH WIRELESS INC,WEWWF
141964, , ,5/31/10,Burnaby,WebTech Wireless Inc,4520,452010,45,45201020,D,CAN,517919,3663, , , ,BC,WEBTECH WIRELESS INC,WEWWF
141964, , ,6/30/10,Burnaby,WebTech Wireless Inc,4520,452010,45,45201020,D,CAN,517919,3663, , , ,BC,WEBTECH WIRELESS INC,WEWWF
141964, , ,7/31/10,Burnaby,WebTech Wireless Inc,4520,452010,45,45201020,D,CAN,517919,3663, , , ,BC,WEBTECH WIRELESS INC,WEWWF
141964, , ,8/31/10,Burnaby,WebTech Wireless Inc,4520,452010,45,45201020,D,CAN,517919,3663, , , ,BC,WEBTECH WIRELESS INC,WEWWF
141964, , ,9/30/10,Burnaby,WebTech Wireless Inc,4520,452010,45,45201020,D,CAN,517919,3663, , , ,BC,WEBTECH WIRELESS INC,WEWWF
141964, , ,10/31/10,Burnaby,WebTech Wireless Inc,4520,452010,45,45201020,D,CAN,517919,3663, , , ,BC,WEBTECH WIRELESS INC,WEWWF
141964, , ,11/30/10,Burnaby,WebTech Wireless Inc,4520,452010,45,45201020,D,CAN,517919,3663, , , ,BC,WEBTECH WIRELESS INC,WEWWF
141964, , ,12/31/10,Burnaby,WebTech Wireless Inc,4520,452010,45,45201020,D,CAN,517919,3663, , , ,BC,WEBTECH WIRELESS INC,WEWWF
141964, , ,1/31/11,Burnaby,WebTech Wireless Inc,4520,452010,45,45201020,D,CAN,517919,3663, , , ,BC,WEBTECH WIRELESS INC,WEWWF
141964, , ,2/28/11,Burnaby,WebTech Wireless Inc,4520,452010,45,45201020,D,CAN,517919,3663, , , ,BC,WEBTECH WIRELESS INC,WEWWF
141964, , ,3/31/11,Burnaby,WebTech Wireless Inc,4520,452010,45,45201020,D,CAN,517919,3663, , , ,BC,WEBTECH WIRELESS INC,WEWWF
141964, , ,4/30/11,Burnaby,WebTech Wireless Inc,4520,452010,45,45201020,D,CAN,517919,3663, , , ,BC,WEBTECH WIRELESS INC,WEWWF
141964, , ,5/31/11,Burnaby,WebTech Wireless Inc,4520,452010,45,45201020,D,CAN,517919,3663, , , ,BC,WEBTECH WIRELESS INC,WEWWF
141964, , ,6/30/11,Burnaby,WebTech Wireless Inc,4520,452010,45,45201020,D,CAN,517919,3663, , , ,BC,WEBTECH WIRELESS INC,WEWWF
141964, , ,7/31/11,Burnaby,WebTech Wireless Inc,4520,452010,45,45201020,D,CAN,517919,3663, , , ,BC,WEBTECH WIRELESS INC,WEWWF
141964, , ,8/31/11,Burnaby,WebTech Wireless Inc,4520,452010,45,45201020,D,CAN,517919,3663, , , ,BC,WEBTECH WIRELESS INC,WEWWF
141964, , ,9/30/11,Burnaby,WebTech Wireless Inc,4520,452010,45,45201020,D,CAN,517919,3663, , , ,BC,WEBTECH WIRELESS INC,WEWWF
141964, , ,10/31/11,Burnaby,WebTech Wireless Inc,4520,452010,45,45201020,D,CAN,517919,3663, , , ,BC,WEBTECH WIRELESS INC,WEWWF
141964, , ,11/30/11,Burnaby,WebTech Wireless Inc,4520,452010,45,45201020,D,CAN,517919,3663, , , ,BC,WEBTECH WIRELESS INC,WEWWF
141964, , ,12/31/11,Burnaby,WebTech Wireless Inc,4520,452010,45,45201020,D,CAN,517919,3663, , , ,BC,WEBTECH WIRELESS INC,WEWWF
141964, , ,1/31/12,Burnaby,WebTech Wireless Inc,4520,452010,45,45201020,D,CAN,517919,3663, , , ,BC,WEBTECH WIRELESS INC,WEWWF
141964, , ,2/29/12,Burnaby,WebTech Wireless Inc,4520,452010,45,45201020,D,CAN,517919,3663, , , ,BC,WEBTECH WIRELESS INC,WEWWF
141964, , ,3/31/12,Burnaby,WebTech Wireless Inc,4520,452010,45,45201020,D,CAN,517919,3663, , , ,BC,WEBTECH WIRELESS INC,WEWWF
141964, , ,4/30/12,Burnaby,WebTech Wireless Inc,4520,452010,45,45201020,D,CAN,517919,3663, , , ,BC,WEBTECH WIRELESS INC,WEWWF
141964, , ,5/31/12,Burnaby,WebTech Wireless Inc,4520,452010,45,45201020,D,CAN,517919,3663, , , ,BC,WEBTECH WIRELESS INC,WEWWF
141964, , ,6/30/12,Burnaby,WebTech Wireless Inc,4520,452010,45,45201020,D,CAN,517919,3663, , , ,BC,WEBTECH WIRELESS INC,WEWWF
141964, , ,7/31/12,Burnaby,WebTech Wireless Inc,4520,452010,45,45201020,D,CAN,517919,3663, , , ,BC,WEBTECH WIRELESS INC,WEWWF
141964, , ,8/31/12,Burnaby,WebTech Wireless Inc,4520,452010,45,45201020,D,CAN,517919,3663, , , ,BC,WEBTECH WIRELESS INC,WEWWF
141964, , ,9/30/12,Burnaby,WebTech Wireless Inc,4520,452010,45,45201020,D,CAN,517919,3663, , , ,BC,WEBTECH WIRELESS INC,WEWWF
141964, , ,10/31/12,Burnaby,WebTech Wireless Inc,4520,452010,45,45201020,D,CAN,517919,3663, , , ,BC,WEBTECH WIRELESS INC,WEWWF
141964, , ,11/30/12,Burnaby,WebTech Wireless Inc,4520,452010,45,45201020,D,CAN,517919,3663, , , ,BC,WEBTECH WIRELESS INC,WEWWF
141964, , ,12/31/12,Burnaby,WebTech Wireless Inc,4520,452010,45,45201020,D,CAN,517919,3663, , , ,BC,WEBTECH WIRELESS INC,WEWWF
141964, , ,1/31/13,Burnaby,WebTech Wireless Inc,4520,452010,45,45201020,D,CAN,517919,3663, , , ,BC,WEBTECH WIRELESS INC,WEWWF
141964, , ,2/28/13,Burnaby,WebTech Wireless Inc,4520,452010,45,45201020,D,CAN,517919,3663, , , ,BC,WEBTECH WIRELESS INC,WEWWF
141964, , ,3/31/13,Burnaby,WebTech Wireless Inc,4520,452010,45,45201020,D,CAN,517919,3663, , , ,BC,WEBTECH WIRELESS INC,WEWWF
141964, , ,4/30/13,Burnaby,WebTech Wireless Inc,4520,452010,45,45201020,D,CAN,517919,3663, , , ,BC,WEBTECH WIRELESS INC,WEWWF
141964, , ,5/31/13,Burnaby,WebTech Wireless Inc,4520,452010,45,45201020,D,CAN,517919,3663, , , ,BC,WEBTECH WIRELESS INC,WEWWF
141964, , ,6/30/13,Burnaby,WebTech Wireless Inc,4520,452010,45,45201020,D,CAN,517919,3663, , , ,BC,WEBTECH WIRELESS INC,WEWWF
141964, , ,7/31/13,Burnaby,WebTech Wireless Inc,4520,452010,45,45201020,D,CAN,517919,3663, , , ,BC,WEBTECH WIRELESS INC,WEWWF
141964, , ,8/31/13,Burnaby,WebTech Wireless Inc,4520,452010,45,45201020,D,CAN,517919,3663, , , ,BC,WEBTECH WIRELESS INC,WEWWF
141964, , ,9/30/13,Burnaby,WebTech Wireless Inc,4520,452010,45,45201020,D,CAN,517919,3663, , , ,BC,WEBTECH WIRELESS INC,WEWWF
141964, , ,10/31/13,Burnaby,WebTech Wireless Inc,4520,452010,45,45201020,D,CAN,517919,3663, , , ,BC,WEBTECH WIRELESS INC,WEWWF
142818, , ,1/31/10,San Diego,Mobicom Corp,4520,452010,45,45201020,D,USA,517919,4899, , , ,CA,MOBICOM CORP,MBIC
142818, , ,2/28/10,San Diego,Mobicom Corp,4520,452010,45,45201020,D,USA,517919,4899, , , ,CA,MOBICOM CORP,MBIC
142818, , ,3/31/10,San Diego,Mobicom Corp,4520,452010,45,45201020,D,USA,517919,4899, , , ,CA,MOBICOM CORP,MBIC
142818, , ,4/30/10,San Diego,Mobicom Corp,4520,452010,45,45201020,D,USA,517919,4899, , , ,CA,MOBICOM CORP,MBIC
142818, , ,5/31/10,San Diego,Mobicom Corp,4520,452010,45,45201020,D,USA,517919,4899, , , ,CA,MOBICOM CORP,MBIC
142818, , ,6/30/10,San Diego,Mobicom Corp,4520,452010,45,45201020,D,USA,517919,4899, , , ,CA,MOBICOM CORP,MBIC
142818, , ,7/31/10,San Diego,Mobicom Corp,4520,452010,45,45201020,D,USA,517919,4899, , , ,CA,MOBICOM CORP,MBIC
142818, , ,8/31/10,San Diego,Mobicom Corp,4520,452010,45,45201020,D,USA,517919,4899, , , ,CA,MOBICOM CORP,MBIC
142818, , ,9/30/10,San Diego,Mobicom Corp,4520,452010,45,45201020,D,USA,517919,4899, , , ,CA,MOBICOM CORP,MBIC
142818, , ,10/31/10,San Diego,Mobicom Corp,4520,452010,45,45201020,D,USA,517919,4899, , , ,CA,MOBICOM CORP,MBIC
142818, , ,11/30/10,San Diego,Mobicom Corp,4520,452010,45,45201020,D,USA,517919,4899, , , ,CA,MOBICOM CORP,MBIC
142818, , ,12/31/10,San Diego,Mobicom Corp,4520,452010,45,45201020,D,USA,517919,4899, , , ,CA,MOBICOM CORP,MBIC
142818, , ,1/31/11,San Diego,Mobicom Corp,4520,452010,45,45201020,D,USA,517919,4899, , , ,CA,MOBICOM CORP,MBIC
142818, , ,2/28/11,San Diego,Mobicom Corp,4520,452010,45,45201020,D,USA,517919,4899, , , ,CA,MOBICOM CORP,MBIC
142818, , ,3/31/11,San Diego,Mobicom Corp,4520,452010,45,45201020,D,USA,517919,4899, , , ,CA,MOBICOM CORP,MBIC
142818, , ,4/30/11,San Diego,Mobicom Corp,4520,452010,45,45201020,D,USA,517919,4899, , , ,CA,MOBICOM CORP,MBIC
142818, , ,5/31/11,San Diego,Mobicom Corp,4520,452010,45,45201020,D,USA,517919,4899, , , ,CA,MOBICOM CORP,MBIC
142818, , ,6/30/11,San Diego,Mobicom Corp,4520,452010,45,45201020,D,USA,517919,4899, , , ,CA,MOBICOM CORP,MBIC
142818, , ,7/31/11,San Diego,Mobicom Corp,4520,452010,45,45201020,D,USA,517919,4899, , , ,CA,MOBICOM CORP,MBIC
143283, , ,1/31/10,Beijing,Telestone Technologies Corp,4520,452010,45,45201020,D,CHN,334220,3663, , ,B, ,TELESTONE TECHNOLOGIES CORP,TSTC
143283, , ,2/28/10,Beijing,Telestone Technologies Corp,4520,452010,45,45201020,D,CHN,334220,3663, , ,B, ,TELESTONE TECHNOLOGIES CORP,TSTC
143283, , ,3/31/10,Beijing,Telestone Technologies Corp,4520,452010,45,45201020,D,CHN,334220,3663, , ,B, ,TELESTONE TECHNOLOGIES CORP,TSTC
143283, , ,4/30/10,Beijing,Telestone Technologies Corp,4520,452010,45,45201020,D,CHN,334220,3663, , ,B, ,TELESTONE TECHNOLOGIES CORP,TSTC
143283, , ,5/31/10,Beijing,Telestone Technologies Corp,4520,452010,45,45201020,D,CHN,334220,3663, , ,B, ,TELESTONE TECHNOLOGIES CORP,TSTC
143283, , ,6/30/10,Beijing,Telestone Technologies Corp,4520,452010,45,45201020,D,CHN,334220,3663, , ,B, ,TELESTONE TECHNOLOGIES CORP,TSTC
143283, , ,7/31/10,Beijing,Telestone Technologies Corp,4520,452010,45,45201020,D,CHN,334220,3663, , ,B, ,TELESTONE TECHNOLOGIES CORP,TSTC
143283, , ,8/31/10,Beijing,Telestone Technologies Corp,4520,452010,45,45201020,D,CHN,334220,3663, , ,B, ,TELESTONE TECHNOLOGIES CORP,TSTC
143283, , ,9/30/10,Beijing,Telestone Technologies Corp,4520,452010,45,45201020,D,CHN,334220,3663, , ,B, ,TELESTONE TECHNOLOGIES CORP,TSTC
143283, , ,10/31/10,Beijing,Telestone Technologies Corp,4520,452010,45,45201020,D,CHN,334220,3663, , ,B, ,TELESTONE TECHNOLOGIES CORP,TSTC
143283, , ,11/30/10,Beijing,Telestone Technologies Corp,4520,452010,45,45201020,D,CHN,334220,3663, , ,B, ,TELESTONE TECHNOLOGIES CORP,TSTC
143283, , ,12/31/10,Beijing,Telestone Technologies Corp,4520,452010,45,45201020,D,CHN,334220,3663, , ,B, ,TELESTONE TECHNOLOGIES CORP,TSTC
143283, , ,1/31/11,Beijing,Telestone Technologies Corp,4520,452010,45,45201020,D,CHN,334220,3663, , ,B, ,TELESTONE TECHNOLOGIES CORP,TSTC
143283, , ,2/28/11,Beijing,Telestone Technologies Corp,4520,452010,45,45201020,D,CHN,334220,3663, , ,B, ,TELESTONE TECHNOLOGIES CORP,TSTC
143283, , ,3/31/11,Beijing,Telestone Technologies Corp,4520,452010,45,45201020,D,CHN,334220,3663, , ,B, ,TELESTONE TECHNOLOGIES CORP,TSTC
143283, , ,4/30/11,Beijing,Telestone Technologies Corp,4520,452010,45,45201020,D,CHN,334220,3663, , ,B, ,TELESTONE TECHNOLOGIES CORP,TSTC
143283, , ,5/31/11,Beijing,Telestone Technologies Corp,4520,452010,45,45201020,D,CHN,334220,3663, , ,B, ,TELESTONE TECHNOLOGIES CORP,TSTC
143283, , ,6/30/11,Beijing,Telestone Technologies Corp,4520,452010,45,45201020,D,CHN,334220,3663, , ,B, ,TELESTONE TECHNOLOGIES CORP,TSTC
143283, , ,7/31/11,Beijing,Telestone Technologies Corp,4520,452010,45,45201020,D,CHN,334220,3663, , ,B, ,TELESTONE TECHNOLOGIES CORP,TSTC
143283, , ,8/31/11,Beijing,Telestone Technologies Corp,4520,452010,45,45201020,D,CHN,334220,3663, , ,B, ,TELESTONE TECHNOLOGIES CORP,TSTC
143283, , ,9/30/11,Beijing,Telestone Technologies Corp,4520,452010,45,45201020,D,CHN,334220,3663, , ,B, ,TELESTONE TECHNOLOGIES CORP,TSTC
143283, , ,10/31/11,Beijing,Telestone Technologies Corp,4520,452010,45,45201020,D,CHN,334220,3663, , ,B, ,TELESTONE TECHNOLOGIES CORP,TSTC
143283, , ,11/30/11,Beijing,Telestone Technologies Corp,4520,452010,45,45201020,D,CHN,334220,3663, , ,B, ,TELESTONE TECHNOLOGIES CORP,TSTC
143283, , ,12/31/11,Beijing,Telestone Technologies Corp,4520,452010,45,45201020,D,CHN,334220,3663, , ,B, ,TELESTONE TECHNOLOGIES CORP,TSTC
143283, , ,1/31/12,Beijing,Telestone Technologies Corp,4520,452010,45,45201020,D,CHN,334220,3663, , ,B, ,TELESTONE TECHNOLOGIES CORP,TSTC
143283, , ,2/29/12,Beijing,Telestone Technologies Corp,4520,452010,45,45201020,D,CHN,334220,3663, , ,B, ,TELESTONE TECHNOLOGIES CORP,TSTC
143283, , ,3/31/12,Beijing,Telestone Technologies Corp,4520,452010,45,45201020,D,CHN,334220,3663, , ,B, ,TELESTONE TECHNOLOGIES CORP,TSTC
143283, , ,4/30/12,Beijing,Telestone Technologies Corp,4520,452010,45,45201020,D,CHN,334220,3663, , ,B, ,TELESTONE TECHNOLOGIES CORP,TSTC
143283, , ,5/31/12,Beijing,Telestone Technologies Corp,4520,452010,45,45201020,D,CHN,334220,3663, , ,B, ,TELESTONE TECHNOLOGIES CORP,TSTC
143283, , ,6/30/12,Beijing,Telestone Technologies Corp,4520,452010,45,45201020,D,CHN,334220,3663, , ,B, ,TELESTONE TECHNOLOGIES CORP,TSTC
143283, , ,7/31/12,Beijing,Telestone Technologies Corp,4520,452010,45,45201020,D,CHN,334220,3663, , ,B, ,TELESTONE TECHNOLOGIES CORP,TSTC
143283, , ,8/31/12,Beijing,Telestone Technologies Corp,4520,452010,45,45201020,D,CHN,334220,3663, , ,B, ,TELESTONE TECHNOLOGIES CORP,TSTC
143283, , ,9/30/12,Beijing,Telestone Technologies Corp,4520,452010,45,45201020,D,CHN,334220,3663, , ,B, ,TELESTONE TECHNOLOGIES CORP,TSTC
143283, , ,10/31/12,Beijing,Telestone Technologies Corp,4520,452010,45,45201020,D,CHN,334220,3663, , ,B, ,TELESTONE TECHNOLOGIES CORP,TSTC
143283, , ,11/30/12,Beijing,Telestone Technologies Corp,4520,452010,45,45201020,D,CHN,334220,3663, , ,B, ,TELESTONE TECHNOLOGIES CORP,TSTC
143283, , ,12/31/12,Beijing,Telestone Technologies Corp,4520,452010,45,45201020,D,CHN,334220,3663, , ,B, ,TELESTONE TECHNOLOGIES CORP,TSTC
143283, , ,1/31/13,Beijing,Telestone Technologies Corp,4520,452010,45,45201020,D,CHN,334220,3663, , ,B, ,TELESTONE TECHNOLOGIES CORP,TSTC
143283, , ,2/28/13,Beijing,Telestone Technologies Corp,4520,452010,45,45201020,D,CHN,334220,3663, , ,B, ,TELESTONE TECHNOLOGIES CORP,TSTC
143283, , ,3/31/13,Beijing,Telestone Technologies Corp,4520,452010,45,45201020,D,CHN,334220,3663, , ,B, ,TELESTONE TECHNOLOGIES CORP,TSTC
143283, , ,4/30/13,Beijing,Telestone Technologies Corp,4520,452010,45,45201020,D,CHN,334220,3663, , ,B, ,TELESTONE TECHNOLOGIES CORP,TSTC
143283, , ,5/31/13,Beijing,Telestone Technologies Corp,4520,452010,45,45201020,D,CHN,334220,3663, , ,B, ,TELESTONE TECHNOLOGIES CORP,TSTC
143283, , ,6/30/13,Beijing,Telestone Technologies Corp,4520,452010,45,45201020,D,CHN,334220,3663, , ,B, ,TELESTONE TECHNOLOGIES CORP,TSTC
143283, , ,7/31/13,Beijing,Telestone Technologies Corp,4520,452010,45,45201020,D,CHN,334220,3663, , ,B, ,TELESTONE TECHNOLOGIES CORP,TSTC
143283, , ,8/31/13,Beijing,Telestone Technologies Corp,4520,452010,45,45201020,D,CHN,334220,3663, , ,B, ,TELESTONE TECHNOLOGIES CORP,TSTC
143283, , ,9/30/13,Beijing,Telestone Technologies Corp,4520,452010,45,45201020,D,CHN,334220,3663, , ,B, ,TELESTONE TECHNOLOGIES CORP,TSTC
143283, , ,10/31/13,Beijing,Telestone Technologies Corp,4520,452010,45,45201020,D,CHN,334220,3663, , ,B, ,TELESTONE TECHNOLOGIES CORP,TSTC
144101, , ,1/31/10,Tulsa,Enxnet Inc,4520,452020,45,45202030,B,USA,334614,3652, , , ,OK,ENXNET INC,EXNT
144101, , ,2/28/10,Tulsa,Enxnet Inc,4520,452020,45,45202030,B,USA,334614,3652, , , ,OK,ENXNET INC,EXNT
144101, , ,3/31/10,Tulsa,Enxnet Inc,4520,452020,45,45202030,B,USA,334614,3652, , , ,OK,ENXNET INC,EXNT
144101, , ,4/30/10,Tulsa,Enxnet Inc,4520,452020,45,45202030,B,USA,334614,3652, , , ,OK,ENXNET INC,EXNT
144101, , ,5/31/10,Tulsa,Enxnet Inc,4520,452020,45,45202030,B,USA,334614,3652, , , ,OK,ENXNET INC,EXNT
144101, , ,6/30/10,Tulsa,Enxnet Inc,4520,452020,45,45202030,B,USA,334614,3652, , , ,OK,ENXNET INC,EXNT
144101, , ,7/31/10,Tulsa,Enxnet Inc,4520,452020,45,45202030,B,USA,334614,3652, , , ,OK,ENXNET INC,EXNT
144101, , ,8/31/10,Tulsa,Enxnet Inc,4520,452020,45,45202030,B,USA,334614,3652, , , ,OK,ENXNET INC,EXNT
144101, , ,9/30/10,Tulsa,Enxnet Inc,4520,452020,45,45202030,B,USA,334614,3652, , , ,OK,ENXNET INC,EXNT
144101, , ,10/31/10,Tulsa,Enxnet Inc,4520,452020,45,45202030,B,USA,334614,3652, , , ,OK,ENXNET INC,EXNT
144101, , ,11/30/10,Tulsa,Enxnet Inc,4520,452020,45,45202030,B,USA,334614,3652, , , ,OK,ENXNET INC,EXNT
144101, , ,12/31/10,Tulsa,Enxnet Inc,4520,452020,45,45202030,B,USA,334614,3652, , , ,OK,ENXNET INC,EXNT
144101, , ,1/31/11,Tulsa,Enxnet Inc,4520,452020,45,45202030,B,USA,334614,3652, , , ,OK,ENXNET INC,EXNT
144101, , ,2/28/11,Tulsa,Enxnet Inc,4520,452020,45,45202030,B,USA,334614,3652, , , ,OK,ENXNET INC,EXNT
144101, , ,3/31/11,Tulsa,Enxnet Inc,4520,452020,45,45202030,B,USA,334614,3652, , , ,OK,ENXNET INC,EXNT
144101, , ,4/30/11,Tulsa,Enxnet Inc,4520,452020,45,45202030,B,USA,334614,3652, , , ,OK,ENXNET INC,EXNT
144101, , ,5/31/11,Tulsa,Enxnet Inc,4520,452020,45,45202030,B,USA,334614,3652, , , ,OK,ENXNET INC,EXNT
144101, , ,6/30/11,Tulsa,Enxnet Inc,4520,452020,45,45202030,B,USA,334614,3652, , , ,OK,ENXNET INC,EXNT
144101, , ,7/31/11,Tulsa,Enxnet Inc,4520,452020,45,45202030,B,USA,334614,3652, , , ,OK,ENXNET INC,EXNT
144101, , ,8/31/11,Tulsa,Enxnet Inc,4520,452020,45,45202030,B,USA,334614,3652, , , ,OK,ENXNET INC,EXNT
144101, , ,9/30/11,Tulsa,Enxnet Inc,4520,452020,45,45202030,B,USA,334614,3652, , , ,OK,ENXNET INC,EXNT
144101, , ,10/31/11,Tulsa,Enxnet Inc,4520,452020,45,45202030,B,USA,334614,3652, , , ,OK,ENXNET INC,EXNT
144101, , ,11/30/11,Tulsa,Enxnet Inc,4520,452020,45,45202030,B,USA,334614,3652, , , ,OK,ENXNET INC,EXNT
144101, , ,12/31/11,Tulsa,Enxnet Inc,4520,452020,45,45202030,B,USA,334614,3652, , , ,OK,ENXNET INC,EXNT
144101, , ,1/31/12,Tulsa,Enxnet Inc,4520,452020,45,45202030,B,USA,334614,3652, , , ,OK,ENXNET INC,EXNT
144101, , ,2/29/12,Tulsa,Enxnet Inc,4520,452020,45,45202030,B,USA,334614,3652, , , ,OK,ENXNET INC,EXNT
144101, , ,3/31/12,Tulsa,Enxnet Inc,4520,452020,45,45202030,B,USA,334614,3652, , , ,OK,ENXNET INC,EXNT
144101, , ,4/30/12,Tulsa,Enxnet Inc,4520,452020,45,45202030,B,USA,334614,3652, , , ,OK,ENXNET INC,EXNT
144101, , ,5/31/12,Tulsa,Enxnet Inc,4520,452020,45,45202030,B,USA,334614,3652, , , ,OK,ENXNET INC,EXNT
144101, , ,6/30/12,Tulsa,Enxnet Inc,4520,452020,45,45202030,B,USA,334614,3652, , , ,OK,ENXNET INC,EXNT
144101, , ,7/31/12,Tulsa,Enxnet Inc,4520,452020,45,45202030,B,USA,334614,3652, , , ,OK,ENXNET INC,EXNT
144101, , ,8/31/12,Tulsa,Enxnet Inc,4520,452020,45,45202030,B,USA,334614,3652, , , ,OK,ENXNET INC,EXNT
144101, , ,9/30/12,Tulsa,Enxnet Inc,4520,452020,45,45202030,B,USA,334614,3652, , , ,OK,ENXNET INC,EXNT
144101, , ,10/31/12,Tulsa,Enxnet Inc,4520,452020,45,45202030,B,USA,334614,3652, , , ,OK,ENXNET INC,EXNT
144101, , ,11/30/12,Tulsa,Enxnet Inc,4520,452020,45,45202030,B,USA,334614,3652, , , ,OK,ENXNET INC,EXNT
144101, , ,12/31/12,Tulsa,Enxnet Inc,4520,452020,45,45202030,B,USA,334614,3652, , , ,OK,ENXNET INC,EXNT
144101, , ,1/31/13,Tulsa,Enxnet Inc,4520,452020,45,45202030,B,USA,334614,3652, , , ,OK,ENXNET INC,EXNT
144101, , ,2/28/13,Tulsa,Enxnet Inc,4520,452020,45,45202030,B,USA,334614,3652, , , ,OK,ENXNET INC,EXNT
144101, , ,3/31/13,Tulsa,Enxnet Inc,4520,452020,45,45202030,B,USA,334614,3652, , , ,OK,ENXNET INC,EXNT
144101, , ,4/30/13,Tulsa,Enxnet Inc,4520,452020,45,45202030,B,USA,334614,3652, , , ,OK,ENXNET INC,EXNT
144101, , ,5/31/13,Tulsa,Enxnet Inc,4520,452020,45,45202030,B,USA,334614,3652, , , ,OK,ENXNET INC,EXNT
144101, , ,6/30/13,Tulsa,Enxnet Inc,4520,452020,45,45202030,B,USA,334614,3652, , , ,OK,ENXNET INC,EXNT
144101, , ,7/31/13,Tulsa,Enxnet Inc,4520,452020,45,45202030,B,USA,334614,3652, , , ,OK,ENXNET INC,EXNT
144101, , ,8/31/13,Tulsa,Enxnet Inc,4520,452020,45,45202030,B,USA,334614,3652, , , ,OK,ENXNET INC,EXNT
144101, , ,9/30/13,Tulsa,Enxnet Inc,4520,452020,45,45202030,B,USA,334614,3652, , , ,OK,ENXNET INC,EXNT
144101, , ,10/31/13,Tulsa,Enxnet Inc,4520,452020,45,45202030,B,USA,334614,3652, , , ,OK,ENXNET INC,EXNT
145026, , ,1/31/10,Toronto,Trimax Corp,4520,452010,45,45201020,B,CAN,517919,4899, , , , ,TRIMAX CORP,TMXN
145026, , ,2/28/10,Toronto,Trimax Corp,4520,452010,45,45201020,B,CAN,517919,4899, , , , ,TRIMAX CORP,TMXN
145026, , ,3/31/10,Toronto,Trimax Corp,4520,452010,45,45201020,B,CAN,517919,4899, , , , ,TRIMAX CORP,TMXN
145026, , ,4/30/10,Toronto,Trimax Corp,4520,452010,45,45201020,B,CAN,517919,4899, , , , ,TRIMAX CORP,TMXN
145026, , ,5/31/10,Toronto,Trimax Corp,4520,452010,45,45201020,B,CAN,517919,4899, , , , ,TRIMAX CORP,TMXN
145026, , ,6/30/10,Toronto,Trimax Corp,4520,452010,45,45201020,B,CAN,517919,4899, , , , ,TRIMAX CORP,TMXN
145026, , ,7/31/10,Toronto,Trimax Corp,4520,452010,45,45201020,B,CAN,517919,4899, , , , ,TRIMAX CORP,TMXN
145026, , ,8/31/10,Toronto,Trimax Corp,4520,452010,45,45201020,B,CAN,517919,4899, , , , ,TRIMAX CORP,TMXN
145026, , ,9/30/10,Toronto,Trimax Corp,4520,452010,45,45201020,B,CAN,517919,4899, , , , ,TRIMAX CORP,TMXN
145026, , ,10/31/10,Toronto,Trimax Corp,4520,452010,45,45201020,B,CAN,517919,4899, , , , ,TRIMAX CORP,TMXN
145026, , ,11/30/10,Toronto,Trimax Corp,4520,452010,45,45201020,B,CAN,517919,4899, , , , ,TRIMAX CORP,TMXN
145026, , ,12/31/10,Toronto,Trimax Corp,4520,452010,45,45201020,B,CAN,517919,4899, , , , ,TRIMAX CORP,TMXN
145026, , ,1/31/11,Toronto,Trimax Corp,4520,452010,45,45201020,B,CAN,517919,4899, , , , ,TRIMAX CORP,TMXN
145026, , ,2/28/11,Toronto,Trimax Corp,4520,452010,45,45201020,B,CAN,517919,4899, , , , ,TRIMAX CORP,TMXN
145026, , ,3/31/11,Toronto,Trimax Corp,4520,452010,45,45201020,B,CAN,517919,4899, , , , ,TRIMAX CORP,TMXN
145026, , ,4/30/11,Toronto,Trimax Corp,4520,452010,45,45201020,B,CAN,517919,4899, , , , ,TRIMAX CORP,TMXN
145026, , ,5/31/11,Toronto,Trimax Corp,4520,452010,45,45201020,B,CAN,517919,4899, , , , ,TRIMAX CORP,TMXN
145026, , ,6/30/11,Toronto,Trimax Corp,4520,452010,45,45201020,B,CAN,517919,4899, , , , ,TRIMAX CORP,TMXN
145026, , ,7/31/11,Toronto,Trimax Corp,4520,452010,45,45201020,B,CAN,517919,4899, , , , ,TRIMAX CORP,TMXN
145026, , ,8/31/11,Toronto,Trimax Corp,4520,452010,45,45201020,B,CAN,517919,4899, , , , ,TRIMAX CORP,TMXN
145026, , ,9/30/11,Toronto,Trimax Corp,4520,452010,45,45201020,B,CAN,517919,4899, , , , ,TRIMAX CORP,TMXN
145026, , ,10/31/11,Toronto,Trimax Corp,4520,452010,45,45201020,B,CAN,517919,4899, , , , ,TRIMAX CORP,TMXN
145026, , ,11/30/11,Toronto,Trimax Corp,4520,452010,45,45201020,B,CAN,517919,4899, , , , ,TRIMAX CORP,TMXN
145026, , ,12/31/11,Toronto,Trimax Corp,4520,452010,45,45201020,B,CAN,517919,4899, , , , ,TRIMAX CORP,TMXN
145026, , ,1/31/12,Toronto,Trimax Corp,4520,452010,45,45201020,B,CAN,517919,4899, , , , ,TRIMAX CORP,TMXN
145026, , ,2/29/12,Toronto,Trimax Corp,4520,452010,45,45201020,B,CAN,517919,4899, , , , ,TRIMAX CORP,TMXN
145026, , ,3/31/12,Toronto,Trimax Corp,4520,452010,45,45201020,B,CAN,517919,4899, , , , ,TRIMAX CORP,TMXN
145026, , ,4/30/12,Toronto,Trimax Corp,4520,452010,45,45201020,B,CAN,517919,4899, , , , ,TRIMAX CORP,TMXN
145026, , ,5/31/12,Toronto,Trimax Corp,4520,452010,45,45201020,B,CAN,517919,4899, , , , ,TRIMAX CORP,TMXN
145026, , ,6/30/12,Toronto,Trimax Corp,4520,452010,45,45201020,B,CAN,517919,4899, , , , ,TRIMAX CORP,TMXN
145026, , ,7/31/12,Toronto,Trimax Corp,4520,452010,45,45201020,B,CAN,517919,4899, , , , ,TRIMAX CORP,TMXN
145026, , ,8/31/12,Toronto,Trimax Corp,4520,452010,45,45201020,B,CAN,517919,4899, , , , ,TRIMAX CORP,TMXN
145026, , ,9/30/12,Toronto,Trimax Corp,4520,452010,45,45201020,B,CAN,517919,4899, , , , ,TRIMAX CORP,TMXN
145026, , ,10/31/12,Toronto,Trimax Corp,4520,452010,45,45201020,B,CAN,517919,4899, , , , ,TRIMAX CORP,TMXN
145026, , ,11/30/12,Toronto,Trimax Corp,4520,452010,45,45201020,B,CAN,517919,4899, , , , ,TRIMAX CORP,TMXN
145026, , ,12/31/12,Toronto,Trimax Corp,4520,452010,45,45201020,B,CAN,517919,4899, , , , ,TRIMAX CORP,TMXN
145026, , ,1/31/13,Toronto,Trimax Corp,4520,452010,45,45201020,B,CAN,517919,4899, , , , ,TRIMAX CORP,TMXN
145026, , ,2/28/13,Toronto,Trimax Corp,4520,452010,45,45201020,B,CAN,517919,4899, , , , ,TRIMAX CORP,TMXN
145026, , ,3/31/13,Toronto,Trimax Corp,4520,452010,45,45201020,B,CAN,517919,4899, , , , ,TRIMAX CORP,TMXN
145026, , ,4/30/13,Toronto,Trimax Corp,4520,452010,45,45201020,B,CAN,517919,4899, , , , ,TRIMAX CORP,TMXN
145026, , ,5/31/13,Toronto,Trimax Corp,4520,452010,45,45201020,B,CAN,517919,4899, , , , ,TRIMAX CORP,TMXN
145026, , ,6/30/13,Toronto,Trimax Corp,4520,452010,45,45201020,B,CAN,517919,4899, , , , ,TRIMAX CORP,TMXN
145026, , ,7/31/13,Toronto,Trimax Corp,4520,452010,45,45201020,B,CAN,517919,4899, , , , ,TRIMAX CORP,TMXN
145026, , ,8/31/13,Toronto,Trimax Corp,4520,452010,45,45201020,B,CAN,517919,4899, , , , ,TRIMAX CORP,TMXN
145026, , ,9/30/13,Toronto,Trimax Corp,4520,452010,45,45201020,B,CAN,517919,4899, , , , ,TRIMAX CORP,TMXN
145026, , ,10/31/13,Toronto,Trimax Corp,4520,452010,45,45201020,B,CAN,517919,4899, , , , ,TRIMAX CORP,TMXN
145315, , ,1/31/10,Irvine,HiEnergy Technologies Inc,4520,452030,45,45203010,D,USA,334519,3829, , , ,CA,HIENERGY TECHNOLOGIES INC,HIET
145315, , ,2/28/10,Irvine,HiEnergy Technologies Inc,4520,452030,45,45203010,D,USA,334519,3829, , , ,CA,HIENERGY TECHNOLOGIES INC,HIET
145315, , ,3/31/10,Irvine,HiEnergy Technologies Inc,4520,452030,45,45203010,D,USA,334519,3829, , , ,CA,HIENERGY TECHNOLOGIES INC,HIET
145315, , ,4/30/10,Irvine,HiEnergy Technologies Inc,4520,452030,45,45203010,D,USA,334519,3829, , , ,CA,HIENERGY TECHNOLOGIES INC,HIET
145315, , ,5/31/10,Irvine,HiEnergy Technologies Inc,4520,452030,45,45203010,D,USA,334519,3829, , , ,CA,HIENERGY TECHNOLOGIES INC,HIET
145315, , ,6/30/10,Irvine,HiEnergy Technologies Inc,4520,452030,45,45203010,D,USA,334519,3829, , , ,CA,HIENERGY TECHNOLOGIES INC,HIET
145315, , ,7/31/10,Irvine,HiEnergy Technologies Inc,4520,452030,45,45203010,D,USA,334519,3829, , , ,CA,HIENERGY TECHNOLOGIES INC,HIET
145315, , ,8/31/10,Irvine,HiEnergy Technologies Inc,4520,452030,45,45203010,D,USA,334519,3829, , , ,CA,HIENERGY TECHNOLOGIES INC,HIET
145315, , ,9/30/10,Irvine,HiEnergy Technologies Inc,4520,452030,45,45203010,D,USA,334519,3829, , , ,CA,HIENERGY TECHNOLOGIES INC,HIET
145315, , ,10/31/10,Irvine,HiEnergy Technologies Inc,4520,452030,45,45203010,D,USA,334519,3829, , , ,CA,HIENERGY TECHNOLOGIES INC,HIET
145315, , ,11/30/10,Irvine,HiEnergy Technologies Inc,4520,452030,45,45203010,D,USA,334519,3829, , , ,CA,HIENERGY TECHNOLOGIES INC,HIET
145315, , ,12/31/10,Irvine,HiEnergy Technologies Inc,4520,452030,45,45203010,D,USA,334519,3829, , , ,CA,HIENERGY TECHNOLOGIES INC,HIET
145315, , ,1/31/11,Irvine,HiEnergy Technologies Inc,4520,452030,45,45203010,D,USA,334519,3829, , , ,CA,HIENERGY TECHNOLOGIES INC,HIET
145315, , ,2/28/11,Irvine,HiEnergy Technologies Inc,4520,452030,45,45203010,D,USA,334519,3829, , , ,CA,HIENERGY TECHNOLOGIES INC,HIET
145315, , ,3/31/11,Irvine,HiEnergy Technologies Inc,4520,452030,45,45203010,D,USA,334519,3829, , , ,CA,HIENERGY TECHNOLOGIES INC,HIET
145315, , ,4/30/11,Irvine,HiEnergy Technologies Inc,4520,452030,45,45203010,D,USA,334519,3829, , , ,CA,HIENERGY TECHNOLOGIES INC,HIET
145315, , ,5/31/11,Irvine,HiEnergy Technologies Inc,4520,452030,45,45203010,D,USA,334519,3829, , , ,CA,HIENERGY TECHNOLOGIES INC,HIET
146071, , ,1/31/10,Fair Lawn,Henry Bros Electronics Inc,4520,452030,45,45203010,D,USA,561621,7380,175,976,B-,NJ,HENRY BROS ELECTRONICS INC,HBE
146071, , ,2/28/10,Fair Lawn,Henry Bros Electronics Inc,4520,452030,45,45203010,D,USA,561621,7380,175,976,B-,NJ,HENRY BROS ELECTRONICS INC,HBE
146071, , ,3/31/10,Fair Lawn,Henry Bros Electronics Inc,4520,452030,45,45203010,D,USA,561621,7380,175,976,B-,NJ,HENRY BROS ELECTRONICS INC,HBE
146071, , ,4/30/10,Fair Lawn,Henry Bros Electronics Inc,4520,452030,45,45203010,D,USA,561621,7380,175,976,B-,NJ,HENRY BROS ELECTRONICS INC,HBE
146071, , ,5/31/10,Fair Lawn,Henry Bros Electronics Inc,4520,452030,45,45203010,D,USA,561621,7380,175,976,B-,NJ,HENRY BROS ELECTRONICS INC,HBE
146071, , ,6/30/10,Fair Lawn,Henry Bros Electronics Inc,4520,452030,45,45203010,D,USA,561621,7380,175,976,B-,NJ,HENRY BROS ELECTRONICS INC,HBE
146071, , ,7/31/10,Fair Lawn,Henry Bros Electronics Inc,4520,452030,45,45203010,D,USA,561621,7380,175,976,B-,NJ,HENRY BROS ELECTRONICS INC,HBE
146071, , ,8/31/10,Fair Lawn,Henry Bros Electronics Inc,4520,452030,45,45203010,D,USA,561621,7380,175,976,B-,NJ,HENRY BROS ELECTRONICS INC,HBE
146071, , ,9/30/10,Fair Lawn,Henry Bros Electronics Inc,4520,452030,45,45203010,D,USA,561621,7380,175,976,B-,NJ,HENRY BROS ELECTRONICS INC,HBE
146071, , ,10/31/10,Fair Lawn,Henry Bros Electronics Inc,4520,452030,45,45203010,D,USA,561621,7380,175,976,B-,NJ,HENRY BROS ELECTRONICS INC,HBE
146071, , ,11/30/10,Fair Lawn,Henry Bros Electronics Inc,4520,452030,45,45203010,D,USA,561621,7380,175,976,B-,NJ,HENRY BROS ELECTRONICS INC,HBE
146071, , ,12/31/10,Fair Lawn,Henry Bros Electronics Inc,4520,452030,45,45203010,D,USA,561621,7380,175,976,B-,NJ,HENRY BROS ELECTRONICS INC,HBE
146072, , ,1/31/10,Las Vegas,SIPP International Industries Inc,4520,452010,45,45201020,D,USA,311612,2013, , , ,NV,SIPP INTL INDUSTRIES INC,SIPN
146072, , ,2/28/10,Las Vegas,SIPP International Industries Inc,4520,452010,45,45201020,D,USA,311612,2013, , , ,NV,SIPP INTL INDUSTRIES INC,SIPN
146072, , ,3/31/10,Las Vegas,SIPP International Industries Inc,4520,452010,45,45201020,D,USA,311612,2013, , , ,NV,SIPP INTL INDUSTRIES INC,SIPN
146072, , ,4/30/10,Las Vegas,SIPP International Industries Inc,4520,452010,45,45201020,D,USA,311612,2013, , , ,NV,SIPP INTL INDUSTRIES INC,SIPN
146072, , ,5/31/10,Las Vegas,SIPP International Industries Inc,4520,452010,45,45201020,D,USA,311612,2013, , , ,NV,SIPP INTL INDUSTRIES INC,SIPN
146072, , ,6/30/10,Las Vegas,SIPP International Industries Inc,4520,452010,45,45201020,D,USA,311612,2013, , , ,NV,SIPP INTL INDUSTRIES INC,SIPN
146072, , ,7/31/10,Las Vegas,SIPP International Industries Inc,4520,452010,45,45201020,D,USA,311612,2013, , , ,NV,SIPP INTL INDUSTRIES INC,SIPN
146072, , ,8/31/10,Las Vegas,SIPP International Industries Inc,4520,452010,45,45201020,D,USA,311612,2013, , , ,NV,SIPP INTL INDUSTRIES INC,SIPN
146072, , ,9/30/10,Las Vegas,SIPP International Industries Inc,4520,452010,45,45201020,D,USA,311612,2013, , , ,NV,SIPP INTL INDUSTRIES INC,SIPN
146072, , ,10/31/10,Las Vegas,SIPP International Industries Inc,4520,452010,45,45201020,D,USA,311612,2013, , , ,NV,SIPP INTL INDUSTRIES INC,SIPN
146072, , ,11/30/10,Las Vegas,SIPP International Industries Inc,4520,452010,45,45201020,D,USA,311612,2013, , , ,NV,SIPP INTL INDUSTRIES INC,SIPN
146072, , ,12/31/10,Las Vegas,SIPP International Industries Inc,4520,452010,45,45201020,D,USA,311612,2013, , , ,NV,SIPP INTL INDUSTRIES INC,SIPN
146072, , ,1/31/11,Las Vegas,SIPP International Industries Inc,4520,452010,45,45201020,D,USA,311612,2013, , , ,NV,SIPP INTL INDUSTRIES INC,SIPN
146072, , ,2/28/11,Las Vegas,SIPP International Industries Inc,4520,452010,45,45201020,D,USA,311612,2013, , , ,NV,SIPP INTL INDUSTRIES INC,SIPN
146072, , ,3/31/11,Las Vegas,SIPP International Industries Inc,4520,452010,45,45201020,D,USA,311612,2013, , , ,NV,SIPP INTL INDUSTRIES INC,SIPN
146072, , ,4/30/11,Las Vegas,SIPP International Industries Inc,4520,452010,45,45201020,D,USA,311612,2013, , , ,NV,SIPP INTL INDUSTRIES INC,SIPN
146072, , ,5/31/11,Las Vegas,SIPP International Industries Inc,4520,452010,45,45201020,D,USA,311612,2013, , , ,NV,SIPP INTL INDUSTRIES INC,SIPN
146072, , ,6/30/11,Las Vegas,SIPP International Industries Inc,4520,452010,45,45201020,D,USA,311612,2013, , , ,NV,SIPP INTL INDUSTRIES INC,SIPN
146072, , ,7/31/11,Las Vegas,SIPP International Industries Inc,4520,452010,45,45201020,D,USA,311612,2013, , , ,NV,SIPP INTL INDUSTRIES INC,SIPN
146072, , ,8/31/11,Las Vegas,SIPP International Industries Inc,4520,452010,45,45201020,D,USA,311612,2013, , , ,NV,SIPP INTL INDUSTRIES INC,SIPN
146072, , ,9/30/11,Las Vegas,SIPP International Industries Inc,4520,452010,45,45201020,D,USA,311612,2013, , , ,NV,SIPP INTL INDUSTRIES INC,SIPN
146072, , ,10/31/11,Las Vegas,SIPP International Industries Inc,4520,452010,45,45201020,D,USA,311612,2013, , , ,NV,SIPP INTL INDUSTRIES INC,SIPN
146072, , ,11/30/11,Las Vegas,SIPP International Industries Inc,4520,452010,45,45201020,D,USA,311612,2013, , , ,NV,SIPP INTL INDUSTRIES INC,SIPN
146072, , ,12/31/11,Las Vegas,SIPP International Industries Inc,4520,452010,45,45201020,D,USA,311612,2013, , , ,NV,SIPP INTL INDUSTRIES INC,SIPN
146072, , ,1/31/12,Las Vegas,SIPP International Industries Inc,4520,452010,45,45201020,D,USA,311612,2013, , , ,NV,SIPP INTL INDUSTRIES INC,SIPN
146072, , ,2/29/12,Las Vegas,SIPP International Industries Inc,4520,452010,45,45201020,D,USA,311612,2013, , , ,NV,SIPP INTL INDUSTRIES INC,SIPN
146072, , ,3/31/12,Las Vegas,SIPP International Industries Inc,4520,452010,45,45201020,D,USA,311612,2013, , , ,NV,SIPP INTL INDUSTRIES INC,SIPN
146072, , ,4/30/12,Las Vegas,SIPP International Industries Inc,4520,452010,45,45201020,D,USA,311612,2013, , , ,NV,SIPP INTL INDUSTRIES INC,SIPN
146072, , ,5/31/12,Las Vegas,SIPP International Industries Inc,4520,452010,45,45201020,D,USA,311612,2013, , , ,NV,SIPP INTL INDUSTRIES INC,SIPN
146072, , ,6/30/12,Las Vegas,SIPP International Industries Inc,4520,452010,45,45201020,D,USA,311612,2013, , , ,NV,SIPP INTL INDUSTRIES INC,SIPN
146072, , ,7/31/12,Las Vegas,SIPP International Industries Inc,4520,452010,45,45201020,D,USA,311612,2013, , , ,NV,SIPP INTL INDUSTRIES INC,SIPN
146072, , ,8/31/12,Las Vegas,SIPP International Industries Inc,4520,452010,45,45201020,D,USA,311612,2013, , , ,NV,SIPP INTL INDUSTRIES INC,SIPN
146072, , ,9/30/12,Las Vegas,SIPP International Industries Inc,4520,452010,45,45201020,D,USA,311612,2013, , , ,NV,SIPP INTL INDUSTRIES INC,SIPN
146072, , ,10/31/12,Las Vegas,SIPP International Industries Inc,4520,452010,45,45201020,D,USA,311612,2013, , , ,NV,SIPP INTL INDUSTRIES INC,SIPN
146072, , ,11/30/12,Las Vegas,SIPP International Industries Inc,4520,452010,45,45201020,D,USA,311612,2013, , , ,NV,SIPP INTL INDUSTRIES INC,SIPN
146072, , ,12/31/12,Las Vegas,SIPP International Industries Inc,4520,452010,45,45201020,D,USA,311612,2013, , , ,NV,SIPP INTL INDUSTRIES INC,SIPN
146072, , ,1/31/13,Las Vegas,SIPP International Industries Inc,4520,452010,45,45201020,D,USA,311612,2013, , , ,NV,SIPP INTL INDUSTRIES INC,SIPN
146072, , ,2/28/13,Las Vegas,SIPP International Industries Inc,4520,452010,45,45201020,D,USA,311612,2013, , , ,NV,SIPP INTL INDUSTRIES INC,SIPN
146072, , ,3/31/13,Las Vegas,SIPP International Industries Inc,4520,452010,45,45201020,D,USA,311612,2013, , , ,NV,SIPP INTL INDUSTRIES INC,SIPN
146072, , ,4/30/13,Las Vegas,SIPP International Industries Inc,4520,452010,45,45201020,D,USA,311612,2013, , , ,NV,SIPP INTL INDUSTRIES INC,SIPN
146072, , ,5/31/13,Las Vegas,SIPP International Industries Inc,4520,452010,45,45201020,D,USA,311612,2013, , , ,NV,SIPP INTL INDUSTRIES INC,SIPN
146072, , ,6/30/13,Las Vegas,SIPP International Industries Inc,4520,452010,45,45201020,D,USA,311612,2013, , , ,NV,SIPP INTL INDUSTRIES INC,SIPN
146072, , ,7/31/13,Las Vegas,SIPP International Industries Inc,4520,452010,45,45201020,D,USA,311612,2013, , , ,NV,SIPP INTL INDUSTRIES INC,SIPN
146072, , ,8/31/13,Las Vegas,SIPP International Industries Inc,4520,452010,45,45201020,D,USA,311612,2013, , , ,NV,SIPP INTL INDUSTRIES INC,SIPN
146072, , ,9/30/13,Las Vegas,SIPP International Industries Inc,4520,452010,45,45201020,D,USA,311612,2013, , , ,NV,SIPP INTL INDUSTRIES INC,SIPN
146072, , ,10/31/13,Las Vegas,SIPP International Industries Inc,4520,452010,45,45201020,D,USA,311612,2013, , , ,NV,SIPP INTL INDUSTRIES INC,SIPN
147288, , ,1/31/10,Burnaby,Viscount Systems Inc,4520,452030,45,45203010,D,CAN,334290,3669,240,925,C,BC,VISCOUNT SYSTEMS INC,VSYS
147288, , ,2/28/10,Burnaby,Viscount Systems Inc,4520,452030,45,45203010,D,CAN,334290,3669,240,925,C,BC,VISCOUNT SYSTEMS INC,VSYS
147288, , ,3/31/10,Burnaby,Viscount Systems Inc,4520,452030,45,45203010,D,CAN,334290,3669,240,925,C,BC,VISCOUNT SYSTEMS INC,VSYS
147288, , ,4/30/10,Burnaby,Viscount Systems Inc,4520,452030,45,45203010,D,CAN,334290,3669,240,925,C,BC,VISCOUNT SYSTEMS INC,VSYS
147288, , ,5/31/10,Burnaby,Viscount Systems Inc,4520,452030,45,45203010,D,CAN,334290,3669,240,925,C,BC,VISCOUNT SYSTEMS INC,VSYS
147288, , ,6/30/10,Burnaby,Viscount Systems Inc,4520,452030,45,45203010,D,CAN,334290,3669,240,925,C,BC,VISCOUNT SYSTEMS INC,VSYS
147288, , ,7/31/10,Burnaby,Viscount Systems Inc,4520,452030,45,45203010,D,CAN,334290,3669,240,925,C,BC,VISCOUNT SYSTEMS INC,VSYS
147288, , ,8/31/10,Burnaby,Viscount Systems Inc,4520,452030,45,45203010,D,CAN,334290,3669,240,925,C,BC,VISCOUNT SYSTEMS INC,VSYS
147288, , ,9/30/10,Burnaby,Viscount Systems Inc,4520,452030,45,45203010,D,CAN,334290,3669,240,925,C,BC,VISCOUNT SYSTEMS INC,VSYS
147288, , ,10/31/10,Burnaby,Viscount Systems Inc,4520,452030,45,45203010,D,CAN,334290,3669,240,925,C,BC,VISCOUNT SYSTEMS INC,VSYS
147288, , ,11/30/10,Burnaby,Viscount Systems Inc,4520,452030,45,45203010,D,CAN,334290,3669,240,925,C,BC,VISCOUNT SYSTEMS INC,VSYS
147288, , ,12/31/10,Burnaby,Viscount Systems Inc,4520,452030,45,45203010,D,CAN,334290,3669,240,925,C,BC,VISCOUNT SYSTEMS INC,VSYS
147288, , ,1/31/11,Burnaby,Viscount Systems Inc,4520,452030,45,45203010,D,CAN,334290,3669,240,925,C,BC,VISCOUNT SYSTEMS INC,VSYS
147288, , ,2/28/11,Burnaby,Viscount Systems Inc,4520,452030,45,45203010,D,CAN,334290,3669,240,925,C,BC,VISCOUNT SYSTEMS INC,VSYS
147288, , ,3/31/11,Burnaby,Viscount Systems Inc,4520,452030,45,45203010,D,CAN,334290,3669,240,925,C,BC,VISCOUNT SYSTEMS INC,VSYS
147288, , ,4/30/11,Burnaby,Viscount Systems Inc,4520,452030,45,45203010,D,CAN,334290,3669,240,925,C,BC,VISCOUNT SYSTEMS INC,VSYS
147288, , ,5/31/11,Burnaby,Viscount Systems Inc,4520,452030,45,45203010,D,CAN,334290,3669,240,925,C,BC,VISCOUNT SYSTEMS INC,VSYS
147288, , ,6/30/11,Burnaby,Viscount Systems Inc,4520,452030,45,45203010,D,CAN,334290,3669,240,925,C,BC,VISCOUNT SYSTEMS INC,VSYS
147288, , ,7/31/11,Burnaby,Viscount Systems Inc,4520,452030,45,45203010,D,CAN,334290,3669,240,925,C,BC,VISCOUNT SYSTEMS INC,VSYS
147288, , ,8/31/11,Burnaby,Viscount Systems Inc,4520,452030,45,45203010,D,CAN,334290,3669,240,925,C,BC,VISCOUNT SYSTEMS INC,VSYS
147288, , ,9/30/11,Burnaby,Viscount Systems Inc,4520,452030,45,45203010,D,CAN,334290,3669,240,925,C,BC,VISCOUNT SYSTEMS INC,VSYS
147288, , ,10/31/11,Burnaby,Viscount Systems Inc,4520,452030,45,45203010,D,CAN,334290,3669,240,925,C,BC,VISCOUNT SYSTEMS INC,VSYS
147288, , ,11/30/11,Burnaby,Viscount Systems Inc,4520,452030,45,45203010,D,CAN,334290,3669,240,925,C,BC,VISCOUNT SYSTEMS INC,VSYS
147288, , ,12/31/11,Burnaby,Viscount Systems Inc,4520,452030,45,45203010,D,CAN,334290,3669,240,925,C,BC,VISCOUNT SYSTEMS INC,VSYS
147288, , ,1/31/12,Burnaby,Viscount Systems Inc,4520,452030,45,45203010,D,CAN,334290,3669,240,925,C,BC,VISCOUNT SYSTEMS INC,VSYS
147288, , ,2/29/12,Burnaby,Viscount Systems Inc,4520,452030,45,45203010,D,CAN,334290,3669,240,925,C,BC,VISCOUNT SYSTEMS INC,VSYS
147288, , ,3/31/12,Burnaby,Viscount Systems Inc,4520,452030,45,45203010,D,CAN,334290,3669,240,925,C,BC,VISCOUNT SYSTEMS INC,VSYS
147288, , ,4/30/12,Burnaby,Viscount Systems Inc,4520,452030,45,45203010,D,CAN,334290,3669,240,925,C,BC,VISCOUNT SYSTEMS INC,VSYS
147288, , ,5/31/12,Burnaby,Viscount Systems Inc,4520,452030,45,45203010,D,CAN,334290,3669,240,925,C,BC,VISCOUNT SYSTEMS INC,VSYS
147288, , ,6/30/12,Burnaby,Viscount Systems Inc,4520,452030,45,45203010,D,CAN,334290,3669,240,925,C,BC,VISCOUNT SYSTEMS INC,VSYS
147288, , ,7/31/12,Burnaby,Viscount Systems Inc,4520,452030,45,45203010,D,CAN,334290,3669,240,925,C,BC,VISCOUNT SYSTEMS INC,VSYS
147288, , ,8/31/12,Burnaby,Viscount Systems Inc,4520,452030,45,45203010,D,CAN,334290,3669,240,925,C,BC,VISCOUNT SYSTEMS INC,VSYS
147288, , ,9/30/12,Burnaby,Viscount Systems Inc,4520,452030,45,45203010,D,CAN,334290,3669,240,925,C,BC,VISCOUNT SYSTEMS INC,VSYS
147288, , ,10/31/12,Burnaby,Viscount Systems Inc,4520,452030,45,45203010,D,CAN,334290,3669,240,925,C,BC,VISCOUNT SYSTEMS INC,VSYS
147288, , ,11/30/12,Burnaby,Viscount Systems Inc,4520,452030,45,45203010,D,CAN,334290,3669,240,925,C,BC,VISCOUNT SYSTEMS INC,VSYS
147288, , ,12/31/12,Burnaby,Viscount Systems Inc,4520,452030,45,45203010,D,CAN,334290,3669,240,925,C,BC,VISCOUNT SYSTEMS INC,VSYS
147288, , ,1/31/13,Burnaby,Viscount Systems Inc,4520,452030,45,45203010,D,CAN,334290,3669,240,925,C,BC,VISCOUNT SYSTEMS INC,VSYS
147288, , ,2/28/13,Burnaby,Viscount Systems Inc,4520,452030,45,45203010,D,CAN,334290,3669,240,925,C,BC,VISCOUNT SYSTEMS INC,VSYS
147288, , ,3/31/13,Burnaby,Viscount Systems Inc,4520,452030,45,45203010,D,CAN,334290,3669,240,925,C,BC,VISCOUNT SYSTEMS INC,VSYS
147288, , ,4/30/13,Burnaby,Viscount Systems Inc,4520,452030,45,45203010,D,CAN,334290,3669,240,925,C,BC,VISCOUNT SYSTEMS INC,VSYS
147288, , ,5/31/13,Burnaby,Viscount Systems Inc,4520,452030,45,45203010,D,CAN,334290,3669,240,925,C,BC,VISCOUNT SYSTEMS INC,VSYS
147288, , ,6/30/13,Burnaby,Viscount Systems Inc,4520,452030,45,45203010,D,CAN,334290,3669,240,925,C,BC,VISCOUNT SYSTEMS INC,VSYS
147288, , ,7/31/13,Burnaby,Viscount Systems Inc,4520,452030,45,45203010,D,CAN,334290,3669,240,925,C,BC,VISCOUNT SYSTEMS INC,VSYS
147288, , ,8/31/13,Burnaby,Viscount Systems Inc,4520,452030,45,45203010,D,CAN,334290,3669,240,925,C,BC,VISCOUNT SYSTEMS INC,VSYS
147288, , ,9/30/13,Burnaby,Viscount Systems Inc,4520,452030,45,45203010,D,CAN,334290,3669,240,925,C,BC,VISCOUNT SYSTEMS INC,VSYS
147288, , ,10/31/13,Burnaby,Viscount Systems Inc,4520,452030,45,45203010,D,CAN,334290,3669,240,925,C,BC,VISCOUNT SYSTEMS INC,VSYS
147349, , ,1/31/10,The Woodlands,Uni-Pixel Inc,4520,452030,45,45203020,D,USA,334419,3679, , , ,TX,UNI-PIXEL INC,UNXL
147349, , ,2/28/10,The Woodlands,Uni-Pixel Inc,4520,452030,45,45203020,D,USA,334419,3679, , , ,TX,UNI-PIXEL INC,UNXL
147349, , ,3/31/10,The Woodlands,Uni-Pixel Inc,4520,452030,45,45203020,D,USA,334419,3679, , , ,TX,UNI-PIXEL INC,UNXL
147349, , ,4/30/10,The Woodlands,Uni-Pixel Inc,4520,452030,45,45203020,D,USA,334419,3679, , , ,TX,UNI-PIXEL INC,UNXL
147349, , ,5/31/10,The Woodlands,Uni-Pixel Inc,4520,452030,45,45203020,D,USA,334419,3679, , , ,TX,UNI-PIXEL INC,UNXL
147349, , ,6/30/10,The Woodlands,Uni-Pixel Inc,4520,452030,45,45203020,D,USA,334419,3679, , , ,TX,UNI-PIXEL INC,UNXL
147349, , ,7/31/10,The Woodlands,Uni-Pixel Inc,4520,452030,45,45203020,D,USA,334419,3679, , , ,TX,UNI-PIXEL INC,UNXL
147349, , ,8/31/10,The Woodlands,Uni-Pixel Inc,4520,452030,45,45203020,D,USA,334419,3679, , , ,TX,UNI-PIXEL INC,UNXL
147349, , ,9/30/10,The Woodlands,Uni-Pixel Inc,4520,452030,45,45203020,D,USA,334419,3679, , , ,TX,UNI-PIXEL INC,UNXL
147349, , ,10/31/10,The Woodlands,Uni-Pixel Inc,4520,452030,45,45203020,D,USA,334419,3679, , , ,TX,UNI-PIXEL INC,UNXL
147349, , ,11/30/10,The Woodlands,Uni-Pixel Inc,4520,452030,45,45203020,D,USA,334419,3679, , , ,TX,UNI-PIXEL INC,UNXL
147349, , ,12/31/10,The Woodlands,Uni-Pixel Inc,4520,452030,45,45203020,D,USA,334419,3679, , , ,TX,UNI-PIXEL INC,UNXL
147349, , ,1/31/11,The Woodlands,Uni-Pixel Inc,4520,452030,45,45203020,D,USA,334419,3679, , , ,TX,UNI-PIXEL INC,UNXL
147349, , ,2/28/11,The Woodlands,Uni-Pixel Inc,4520,452030,45,45203020,D,USA,334419,3679, , , ,TX,UNI-PIXEL INC,UNXL
147349, , ,3/31/11,The Woodlands,Uni-Pixel Inc,4520,452030,45,45203020,D,USA,334419,3679, , , ,TX,UNI-PIXEL INC,UNXL
147349, , ,4/30/11,The Woodlands,Uni-Pixel Inc,4520,452030,45,45203020,D,USA,334419,3679, , , ,TX,UNI-PIXEL INC,UNXL
147349, , ,5/31/11,The Woodlands,Uni-Pixel Inc,4520,452030,45,45203020,D,USA,334419,3679, , , ,TX,UNI-PIXEL INC,UNXL
147349, , ,6/30/11,The Woodlands,Uni-Pixel Inc,4520,452030,45,45203020,D,USA,334419,3679, , , ,TX,UNI-PIXEL INC,UNXL
147349, , ,7/31/11,The Woodlands,Uni-Pixel Inc,4520,452030,45,45203020,D,USA,334419,3679, , , ,TX,UNI-PIXEL INC,UNXL
147349, , ,8/31/11,The Woodlands,Uni-Pixel Inc,4520,452030,45,45203020,D,USA,334419,3679, , , ,TX,UNI-PIXEL INC,UNXL
147349, , ,9/30/11,The Woodlands,Uni-Pixel Inc,4520,452030,45,45203020,D,USA,334419,3679, , , ,TX,UNI-PIXEL INC,UNXL
147349, , ,10/31/11,The Woodlands,Uni-Pixel Inc,4520,452030,45,45203020,D,USA,334419,3679, , , ,TX,UNI-PIXEL INC,UNXL
147349, , ,11/30/11,The Woodlands,Uni-Pixel Inc,4520,452030,45,45203020,D,USA,334419,3679, , , ,TX,UNI-PIXEL INC,UNXL
147349, , ,12/31/11,The Woodlands,Uni-Pixel Inc,4520,452030,45,45203020,D,USA,334419,3679, , , ,TX,UNI-PIXEL INC,UNXL
147349, , ,1/31/12,The Woodlands,Uni-Pixel Inc,4520,452030,45,45203020,D,USA,334419,3679, , , ,TX,UNI-PIXEL INC,UNXL
147349, , ,2/29/12,The Woodlands,Uni-Pixel Inc,4520,452030,45,45203020,D,USA,334419,3679, , , ,TX,UNI-PIXEL INC,UNXL
147349, , ,3/31/12,The Woodlands,Uni-Pixel Inc,4520,452030,45,45203020,D,USA,334419,3679, , , ,TX,UNI-PIXEL INC,UNXL
147349, , ,4/30/12,The Woodlands,Uni-Pixel Inc,4520,452030,45,45203020,D,USA,334419,3679, , , ,TX,UNI-PIXEL INC,UNXL
147349, , ,5/31/12,The Woodlands,Uni-Pixel Inc,4520,452030,45,45203020,D,USA,334419,3679, , , ,TX,UNI-PIXEL INC,UNXL
147349, , ,6/30/12,The Woodlands,Uni-Pixel Inc,4520,452030,45,45203020,D,USA,334419,3679, , , ,TX,UNI-PIXEL INC,UNXL
147349, , ,7/31/12,The Woodlands,Uni-Pixel Inc,4520,452030,45,45203020,D,USA,334419,3679, , , ,TX,UNI-PIXEL INC,UNXL
147349, , ,8/31/12,The Woodlands,Uni-Pixel Inc,4520,452030,45,45203020,D,USA,334419,3679, , , ,TX,UNI-PIXEL INC,UNXL
147349, , ,9/30/12,The Woodlands,Uni-Pixel Inc,4520,452030,45,45203020,D,USA,334419,3679, , , ,TX,UNI-PIXEL INC,UNXL
147349, , ,10/31/12,The Woodlands,Uni-Pixel Inc,4520,452030,45,45203020,D,USA,334419,3679, , , ,TX,UNI-PIXEL INC,UNXL
147349, , ,11/30/12,The Woodlands,Uni-Pixel Inc,4520,452030,45,45203020,D,USA,334419,3679, , , ,TX,UNI-PIXEL INC,UNXL
147349, , ,12/31/12,The Woodlands,Uni-Pixel Inc,4520,452030,45,45203020,D,USA,334419,3679, , , ,TX,UNI-PIXEL INC,UNXL
147349, , ,1/31/13,The Woodlands,Uni-Pixel Inc,4520,452030,45,45203020,D,USA,334419,3679, , , ,TX,UNI-PIXEL INC,UNXL
147349, , ,2/28/13,The Woodlands,Uni-Pixel Inc,4520,452030,45,45203020,D,USA,334419,3679, , , ,TX,UNI-PIXEL INC,UNXL
147349, , ,3/31/13,The Woodlands,Uni-Pixel Inc,4520,452030,45,45203020,D,USA,334419,3679, , , ,TX,UNI-PIXEL INC,UNXL
147349, , ,4/30/13,The Woodlands,Uni-Pixel Inc,4520,452030,45,45203020,D,USA,334419,3679, , , ,TX,UNI-PIXEL INC,UNXL
147349, , ,5/31/13,The Woodlands,Uni-Pixel Inc,4520,452030,45,45203020,D,USA,334419,3679, , , ,TX,UNI-PIXEL INC,UNXL
147349, , ,6/30/13,The Woodlands,Uni-Pixel Inc,4520,452030,45,45203020,D,USA,334419,3679, , , ,TX,UNI-PIXEL INC,UNXL
147349, , ,7/31/13,The Woodlands,Uni-Pixel Inc,4520,452030,45,45203020,D,USA,334419,3679, , , ,TX,UNI-PIXEL INC,UNXL
147349, , ,8/31/13,The Woodlands,Uni-Pixel Inc,4520,452030,45,45203020,D,USA,334419,3679, , , ,TX,UNI-PIXEL INC,UNXL
147349, , ,9/30/13,The Woodlands,Uni-Pixel Inc,4520,452030,45,45203020,D,USA,334419,3679, , , ,TX,UNI-PIXEL INC,UNXL
147349, , ,10/31/13,The Woodlands,Uni-Pixel Inc,4520,452030,45,45203020,D,USA,334419,3679, , , ,TX,UNI-PIXEL INC,UNXL
147894, , ,1/31/10,Taipei,City Network Inc,4520,452010,45,45201020,D,TWN,334220,3663, , , , ,CITY NETWORK INC,CSNY
147894, , ,2/28/10,Taipei,City Network Inc,4520,452010,45,45201020,D,TWN,334220,3663, , , , ,CITY NETWORK INC,CSNY
147894, , ,3/31/10,Taipei,City Network Inc,4520,452010,45,45201020,D,TWN,334220,3663, , , , ,CITY NETWORK INC,CSNY
147894, , ,4/30/10,Taipei,City Network Inc,4520,452010,45,45201020,D,TWN,334220,3663, , , , ,CITY NETWORK INC,CSNY
147894, , ,5/31/10,Taipei,City Network Inc,4520,452010,45,45201020,D,TWN,334220,3663, , , , ,CITY NETWORK INC,CSNY
147894, , ,6/30/10,Taipei,City Network Inc,4520,452010,45,45201020,D,TWN,334220,3663, , , , ,CITY NETWORK INC,CSNY
147894, , ,7/31/10,Taipei,City Network Inc,4520,452010,45,45201020,D,TWN,334220,3663, , , , ,CITY NETWORK INC,CSNY
147894, , ,8/31/10,Taipei,City Network Inc,4520,452010,45,45201020,D,TWN,334220,3663, , , , ,CITY NETWORK INC,CSNY
147894, , ,9/30/10,Taipei,City Network Inc,4520,452010,45,45201020,D,TWN,334220,3663, , , , ,CITY NETWORK INC,CSNY
147894, , ,10/31/10,Taipei,City Network Inc,4520,452010,45,45201020,D,TWN,334220,3663, , , , ,CITY NETWORK INC,CSNY
147894, , ,11/30/10,Taipei,City Network Inc,4520,452010,45,45201020,D,TWN,334220,3663, , , , ,CITY NETWORK INC,CSNY
147894, , ,12/31/10,Taipei,City Network Inc,4520,452010,45,45201020,D,TWN,334220,3663, , , , ,CITY NETWORK INC,CSNY
147894, , ,1/31/11,Taipei,City Network Inc,4520,452010,45,45201020,D,TWN,334220,3663, , , , ,CITY NETWORK INC,CSNY
147894, , ,2/28/11,Taipei,City Network Inc,4520,452010,45,45201020,D,TWN,334220,3663, , , , ,CITY NETWORK INC,CSNY
147894, , ,3/31/11,Taipei,City Network Inc,4520,452010,45,45201020,D,TWN,334220,3663, , , , ,CITY NETWORK INC,CSNY
147894, , ,4/30/11,Taipei,City Network Inc,4520,452010,45,45201020,D,TWN,334220,3663, , , , ,CITY NETWORK INC,CSNY
147894, , ,5/31/11,Taipei,City Network Inc,4520,452010,45,45201020,D,TWN,334220,3663, , , , ,CITY NETWORK INC,CSNY
148772, , ,1/31/10,Shenzhen,China BAK Battery Inc,4520,452030,45,45203015,D,CHN,335911,3690, , , , ,CHINA BAK BATTERY INC,CBAK
148772, , ,2/28/10,Shenzhen,China BAK Battery Inc,4520,452030,45,45203015,D,CHN,335911,3690, , , , ,CHINA BAK BATTERY INC,CBAK
148772, , ,3/31/10,Shenzhen,China BAK Battery Inc,4520,452030,45,45203015,D,CHN,335911,3690, , , , ,CHINA BAK BATTERY INC,CBAK
148772, , ,4/30/10,Shenzhen,China BAK Battery Inc,4520,452030,45,45203015,D,CHN,335911,3690, , , , ,CHINA BAK BATTERY INC,CBAK
148772, , ,5/31/10,Shenzhen,China BAK Battery Inc,4520,452030,45,45203015,D,CHN,335911,3690, , , , ,CHINA BAK BATTERY INC,CBAK
148772, , ,6/30/10,Shenzhen,China BAK Battery Inc,4520,452030,45,45203015,D,CHN,335911,3690, , , , ,CHINA BAK BATTERY INC,CBAK
148772, , ,7/31/10,Shenzhen,China BAK Battery Inc,4520,452030,45,45203015,D,CHN,335911,3690, , , , ,CHINA BAK BATTERY INC,CBAK
148772, , ,8/31/10,Shenzhen,China BAK Battery Inc,4520,452030,45,45203015,D,CHN,335911,3690, , , , ,CHINA BAK BATTERY INC,CBAK
148772, , ,9/30/10,Shenzhen,China BAK Battery Inc,4520,452030,45,45203015,D,CHN,335911,3690, , , , ,CHINA BAK BATTERY INC,CBAK
148772, , ,10/31/10,Shenzhen,China BAK Battery Inc,4520,452030,45,45203015,D,CHN,335911,3690, , , , ,CHINA BAK BATTERY INC,CBAK
148772, , ,11/30/10,Shenzhen,China BAK Battery Inc,4520,452030,45,45203015,D,CHN,335911,3690, , , , ,CHINA BAK BATTERY INC,CBAK
148772, , ,12/31/10,Shenzhen,China BAK Battery Inc,4520,452030,45,45203015,D,CHN,335911,3690, , , , ,CHINA BAK BATTERY INC,CBAK
148772, , ,1/31/11,Shenzhen,China BAK Battery Inc,4520,452030,45,45203015,D,CHN,335911,3690, , , , ,CHINA BAK BATTERY INC,CBAK
148772, , ,2/28/11,Shenzhen,China BAK Battery Inc,4520,452030,45,45203015,D,CHN,335911,3690, , , , ,CHINA BAK BATTERY INC,CBAK
148772, , ,3/31/11,Shenzhen,China BAK Battery Inc,4520,452030,45,45203015,D,CHN,335911,3690, , , , ,CHINA BAK BATTERY INC,CBAK
148772, , ,4/30/11,Shenzhen,China BAK Battery Inc,4520,452030,45,45203015,D,CHN,335911,3690, , , , ,CHINA BAK BATTERY INC,CBAK
148772, , ,5/31/11,Shenzhen,China BAK Battery Inc,4520,452030,45,45203015,D,CHN,335911,3690, , , , ,CHINA BAK BATTERY INC,CBAK
148772, , ,6/30/11,Shenzhen,China BAK Battery Inc,4520,452030,45,45203015,D,CHN,335911,3690, , , , ,CHINA BAK BATTERY INC,CBAK
148772, , ,7/31/11,Shenzhen,China BAK Battery Inc,4520,452030,45,45203015,D,CHN,335911,3690, , , , ,CHINA BAK BATTERY INC,CBAK
148772, , ,8/31/11,Shenzhen,China BAK Battery Inc,4520,452030,45,45203015,D,CHN,335911,3690, , , , ,CHINA BAK BATTERY INC,CBAK
148772, , ,9/30/11,Shenzhen,China BAK Battery Inc,4520,452030,45,45203015,D,CHN,335911,3690, , , , ,CHINA BAK BATTERY INC,CBAK
148772, , ,10/31/11,Shenzhen,China BAK Battery Inc,4520,452030,45,45203015,D,CHN,335911,3690, , , , ,CHINA BAK BATTERY INC,CBAK
148772, , ,11/30/11,Shenzhen,China BAK Battery Inc,4520,452030,45,45203015,D,CHN,335911,3690, , , , ,CHINA BAK BATTERY INC,CBAK
148772, , ,12/31/11,Shenzhen,China BAK Battery Inc,4520,452030,45,45203015,D,CHN,335911,3690, , , , ,CHINA BAK BATTERY INC,CBAK
148772, , ,1/31/12,Shenzhen,China BAK Battery Inc,4520,452030,45,45203015,D,CHN,335911,3690, , , , ,CHINA BAK BATTERY INC,CBAK
148772, , ,2/29/12,Shenzhen,China BAK Battery Inc,4520,452030,45,45203015,D,CHN,335911,3690, , , , ,CHINA BAK BATTERY INC,CBAK
148772, , ,3/31/12,Shenzhen,China BAK Battery Inc,4520,452030,45,45203015,D,CHN,335911,3690, , , , ,CHINA BAK BATTERY INC,CBAK
148772, , ,4/30/12,Shenzhen,China BAK Battery Inc,4520,452030,45,45203015,D,CHN,335911,3690, , , , ,CHINA BAK BATTERY INC,CBAK
148772, , ,5/31/12,Shenzhen,China BAK Battery Inc,4520,452030,45,45203015,D,CHN,335911,3690, , , , ,CHINA BAK BATTERY INC,CBAK
148772, , ,6/30/12,Shenzhen,China BAK Battery Inc,4520,452030,45,45203015,D,CHN,335911,3690, , , , ,CHINA BAK BATTERY INC,CBAK
148772, , ,7/31/12,Shenzhen,China BAK Battery Inc,4520,452030,45,45203015,D,CHN,335911,3690, , , , ,CHINA BAK BATTERY INC,CBAK
148772, , ,8/31/12,Shenzhen,China BAK Battery Inc,4520,452030,45,45203015,D,CHN,335911,3690, , , , ,CHINA BAK BATTERY INC,CBAK
148772, , ,9/30/12,Shenzhen,China BAK Battery Inc,4520,452030,45,45203015,D,CHN,335911,3690, , , , ,CHINA BAK BATTERY INC,CBAK
148772, , ,10/31/12,Shenzhen,China BAK Battery Inc,4520,452030,45,45203015,D,CHN,335911,3690, , , , ,CHINA BAK BATTERY INC,CBAK
148772, , ,11/30/12,Shenzhen,China BAK Battery Inc,4520,452030,45,45203015,D,CHN,335911,3690, , , , ,CHINA BAK BATTERY INC,CBAK
148772, , ,12/31/12,Shenzhen,China BAK Battery Inc,4520,452030,45,45203015,D,CHN,335911,3690, , , , ,CHINA BAK BATTERY INC,CBAK
148772, , ,1/31/13,Shenzhen,China BAK Battery Inc,4520,452030,45,45203015,D,CHN,335911,3690, , , , ,CHINA BAK BATTERY INC,CBAK
148772, , ,2/28/13,Shenzhen,China BAK Battery Inc,4520,452030,45,45203015,D,CHN,335911,3690, , , , ,CHINA BAK BATTERY INC,CBAK
148772, , ,3/31/13,Shenzhen,China BAK Battery Inc,4520,452030,45,45203015,D,CHN,335911,3690, , , , ,CHINA BAK BATTERY INC,CBAK
148772, , ,4/30/13,Shenzhen,China BAK Battery Inc,4520,452030,45,45203015,D,CHN,335911,3690, , , , ,CHINA BAK BATTERY INC,CBAK
148772, , ,5/31/13,Shenzhen,China BAK Battery Inc,4520,452030,45,45203015,D,CHN,335911,3690, , , , ,CHINA BAK BATTERY INC,CBAK
148772, , ,6/30/13,Shenzhen,China BAK Battery Inc,4520,452030,45,45203015,D,CHN,335911,3690, , , , ,CHINA BAK BATTERY INC,CBAK
148772, , ,7/31/13,Shenzhen,China BAK Battery Inc,4520,452030,45,45203015,D,CHN,335911,3690, , , , ,CHINA BAK BATTERY INC,CBAK
148772, , ,8/31/13,Shenzhen,China BAK Battery Inc,4520,452030,45,45203015,D,CHN,335911,3690, , , , ,CHINA BAK BATTERY INC,CBAK
148772, , ,9/30/13,Shenzhen,China BAK Battery Inc,4520,452030,45,45203015,D,CHN,335911,3690, , , , ,CHINA BAK BATTERY INC,CBAK
148772, , ,10/31/13,Shenzhen,China BAK Battery Inc,4520,452030,45,45203015,D,CHN,335911,3690, , , , ,CHINA BAK BATTERY INC,CBAK
149997, , ,1/31/10,Chicago,Entertainment Is Us Inc,4520,452010,45,45201020,D,USA,999990,9995,463,974, ,IL,ENTERTAINMENT IS US INC,EIUS
149997, , ,2/28/10,Chicago,Entertainment Is Us Inc,4520,452010,45,45201020,D,USA,999990,9995,463,974, ,IL,ENTERTAINMENT IS US INC,EIUS
149997, , ,3/31/10,Chicago,Entertainment Is Us Inc,4520,452010,45,45201020,D,USA,999990,9995,463,974, ,IL,ENTERTAINMENT IS US INC,EIUS
149997, , ,4/30/10,Chicago,Entertainment Is Us Inc,4520,452010,45,45201020,D,USA,999990,9995,463,974, ,IL,ENTERTAINMENT IS US INC,EIUS
149997, , ,5/31/10,Chicago,Entertainment Is Us Inc,4520,452010,45,45201020,D,USA,999990,9995,463,974, ,IL,ENTERTAINMENT IS US INC,EIUS
149997, , ,6/30/10,Chicago,Entertainment Is Us Inc,4520,452010,45,45201020,D,USA,999990,9995,463,974, ,IL,ENTERTAINMENT IS US INC,EIUS
149997, , ,7/31/10,Chicago,Entertainment Is Us Inc,4520,452010,45,45201020,D,USA,999990,9995,463,974, ,IL,ENTERTAINMENT IS US INC,EIUS
149997, , ,8/31/10,Chicago,Entertainment Is Us Inc,4520,452010,45,45201020,D,USA,999990,9995,463,974, ,IL,ENTERTAINMENT IS US INC,EIUS
149997, , ,9/30/10,Chicago,Entertainment Is Us Inc,4520,452010,45,45201020,D,USA,999990,9995,463,974, ,IL,ENTERTAINMENT IS US INC,EIUS
149997, , ,10/31/10,Chicago,Entertainment Is Us Inc,4520,452010,45,45201020,D,USA,999990,9995,463,974, ,IL,ENTERTAINMENT IS US INC,EIUS
149997, , ,11/30/10,Chicago,Entertainment Is Us Inc,4520,452010,45,45201020,D,USA,999990,9995,463,974, ,IL,ENTERTAINMENT IS US INC,EIUS
150937,BB-, ,1/31/10,Dublin,Seagate Technology Plc,4520,452020,45,45202030,D,IRL,334112,3572,188,940, , ,SEAGATE TECHNOLOGY PLC,STX
150937,BB-, ,2/28/10,Dublin,Seagate Technology Plc,4520,452020,45,45202030,D,IRL,334112,3572,188,940, , ,SEAGATE TECHNOLOGY PLC,STX
150937,BB-, ,3/31/10,Dublin,Seagate Technology Plc,4520,452020,45,45202030,D,IRL,334112,3572,188,940, , ,SEAGATE TECHNOLOGY PLC,STX
150937,BB-, ,4/30/10,Dublin,Seagate Technology Plc,4520,452020,45,45202030,D,IRL,334112,3572,188,940, , ,SEAGATE TECHNOLOGY PLC,STX
150937,BB-, ,5/31/10,Dublin,Seagate Technology Plc,4520,452020,45,45202030,D,IRL,334112,3572,188,940, , ,SEAGATE TECHNOLOGY PLC,STX
150937,BB-, ,6/30/10,Dublin,Seagate Technology Plc,4520,452020,45,45202030,D,IRL,334112,3572,188,940, , ,SEAGATE TECHNOLOGY PLC,STX
150937,BB+, ,7/31/10,Dublin,Seagate Technology Plc,4520,452020,45,45202030,D,IRL,334112,3572,188,940, , ,SEAGATE TECHNOLOGY PLC,STX
150937,BB+, ,8/31/10,Dublin,Seagate Technology Plc,4520,452020,45,45202030,D,IRL,334112,3572,188,940, , ,SEAGATE TECHNOLOGY PLC,STX
150937,BB+, ,9/30/10,Dublin,Seagate Technology Plc,4520,452020,45,45202030,D,IRL,334112,3572,188,940, , ,SEAGATE TECHNOLOGY PLC,STX
150937,BB+, ,10/31/10,Dublin,Seagate Technology Plc,4520,452020,45,45202030,D,IRL,334112,3572,188,940, , ,SEAGATE TECHNOLOGY PLC,STX
150937,BB+, ,11/30/10,Dublin,Seagate Technology Plc,4520,452020,45,45202030,D,IRL,334112,3572,188,940, , ,SEAGATE TECHNOLOGY PLC,STX
150937,BB+, ,12/31/10,Dublin,Seagate Technology Plc,4520,452020,45,45202030,D,IRL,334112,3572,188,940, , ,SEAGATE TECHNOLOGY PLC,STX
150937,BB+, ,1/31/11,Dublin,Seagate Technology Plc,4520,452020,45,45202030,D,IRL,334112,3572,188,940, , ,SEAGATE TECHNOLOGY PLC,STX
150937,BB+, ,2/28/11,Dublin,Seagate Technology Plc,4520,452020,45,45202030,D,IRL,334112,3572,188,940, , ,SEAGATE TECHNOLOGY PLC,STX
150937,BB+, ,3/31/11,Dublin,Seagate Technology Plc,4520,452020,45,45202030,D,IRL,334112,3572,188,940, , ,SEAGATE TECHNOLOGY PLC,STX
150937,BB+, ,4/30/11,Dublin,Seagate Technology Plc,4520,452020,45,45202030,D,IRL,334112,3572,188,940, , ,SEAGATE TECHNOLOGY PLC,STX
150937,BB+, ,5/31/11,Dublin,Seagate Technology Plc,4520,452020,45,45202030,D,IRL,334112,3572,188,940, , ,SEAGATE TECHNOLOGY PLC,STX
150937,BB+, ,6/30/11,Dublin,Seagate Technology Plc,4520,452020,45,45202030,D,IRL,334112,3572,188,940, , ,SEAGATE TECHNOLOGY PLC,STX
150937,BB+, ,7/31/11,Dublin,Seagate Technology Plc,4520,452020,45,45202030,D,IRL,334112,3572,188,940, , ,SEAGATE TECHNOLOGY PLC,STX
150937,BB+, ,8/31/11,Dublin,Seagate Technology Plc,4520,452020,45,45202030,D,IRL,334112,3572,188,940, , ,SEAGATE TECHNOLOGY PLC,STX
150937,BB+, ,9/30/11,Dublin,Seagate Technology Plc,4520,452020,45,45202030,D,IRL,334112,3572,188,940, , ,SEAGATE TECHNOLOGY PLC,STX
150937,BB+, ,10/31/11,Dublin,Seagate Technology Plc,4520,452020,45,45202030,D,IRL,334112,3572,188,940, , ,SEAGATE TECHNOLOGY PLC,STX
150937,BB+, ,11/30/11,Dublin,Seagate Technology Plc,4520,452020,45,45202030,D,IRL,334112,3572,188,940, , ,SEAGATE TECHNOLOGY PLC,STX
150937,BB+, ,12/31/11,Dublin,Seagate Technology Plc,4520,452020,45,45202030,D,IRL,334112,3572,188,940, , ,SEAGATE TECHNOLOGY PLC,STX
150937,BB+, ,1/31/12,Dublin,Seagate Technology Plc,4520,452020,45,45202030,D,IRL,334112,3572,188,940, , ,SEAGATE TECHNOLOGY PLC,STX
150937,BB+, ,2/29/12,Dublin,Seagate Technology Plc,4520,452020,45,45202030,D,IRL,334112,3572,188,940, , ,SEAGATE TECHNOLOGY PLC,STX
150937,BB+, ,3/31/12,Dublin,Seagate Technology Plc,4520,452020,45,45202030,D,IRL,334112,3572,188,940, , ,SEAGATE TECHNOLOGY PLC,STX
150937,BB+, ,4/30/12,Dublin,Seagate Technology Plc,4520,452020,45,45202030,D,IRL,334112,3572,188,940, , ,SEAGATE TECHNOLOGY PLC,STX
150937,BB+, ,5/31/12,Dublin,Seagate Technology Plc,4520,452020,45,45202030,D,IRL,334112,3572,188,940, , ,SEAGATE TECHNOLOGY PLC,STX
150937,BB+, ,6/30/12,Dublin,Seagate Technology Plc,4520,452020,45,45202030,D,IRL,334112,3572,188,940, , ,SEAGATE TECHNOLOGY PLC,STX
150937,BB+, ,7/31/12,Dublin,Seagate Technology Plc,4520,452020,45,45202030,D,IRL,334112,3572,188,940, , ,SEAGATE TECHNOLOGY PLC,STX
150937,BB+, ,8/31/12,Dublin,Seagate Technology Plc,4520,452020,45,45202030,D,IRL,334112,3572,188,940, , ,SEAGATE TECHNOLOGY PLC,STX
150937,BB+, ,9/30/12,Dublin,Seagate Technology Plc,4520,452020,45,45202030,D,IRL,334112,3572,188,940, , ,SEAGATE TECHNOLOGY PLC,STX
150937,BB+, ,10/31/12,Dublin,Seagate Technology Plc,4520,452020,45,45202030,D,IRL,334112,3572,188,940, , ,SEAGATE TECHNOLOGY PLC,STX
150937,BB+, ,11/30/12,Dublin,Seagate Technology Plc,4520,452020,45,45202030,D,IRL,334112,3572,188,940, , ,SEAGATE TECHNOLOGY PLC,STX
150937,BB+, ,12/31/12,Dublin,Seagate Technology Plc,4520,452020,45,45202030,D,IRL,334112,3572,188,940, , ,SEAGATE TECHNOLOGY PLC,STX
150937,BB+, ,1/31/13,Dublin,Seagate Technology Plc,4520,452020,45,45202030,D,IRL,334112,3572,188,940, , ,SEAGATE TECHNOLOGY PLC,STX
150937,BB+, ,2/28/13,Dublin,Seagate Technology Plc,4520,452020,45,45202030,D,IRL,334112,3572,188,940, , ,SEAGATE TECHNOLOGY PLC,STX
150937,BB+, ,3/31/13,Dublin,Seagate Technology Plc,4520,452020,45,45202030,D,IRL,334112,3572,188,940, , ,SEAGATE TECHNOLOGY PLC,STX
150937,BB+, ,4/30/13,Dublin,Seagate Technology Plc,4520,452020,45,45202030,D,IRL,334112,3572,188,940, , ,SEAGATE TECHNOLOGY PLC,STX
150937,BB+, ,5/31/13,Dublin,Seagate Technology Plc,4520,452020,45,45202030,D,IRL,334112,3572,188,940, , ,SEAGATE TECHNOLOGY PLC,STX
150937,BB+, ,6/30/13,Dublin,Seagate Technology Plc,4520,452020,45,45202030,D,IRL,334112,3572,188,940, , ,SEAGATE TECHNOLOGY PLC,STX
150937,BB+, ,7/31/13,Dublin,Seagate Technology Plc,4520,452020,45,45202030,D,IRL,334112,3572,188,940, , ,SEAGATE TECHNOLOGY PLC,STX
150937,BB+, ,8/31/13,Dublin,Seagate Technology Plc,4520,452020,45,45202030,D,IRL,334112,3572,188,940, , ,SEAGATE TECHNOLOGY PLC,STX
150937,BBB-, ,9/30/13,Dublin,Seagate Technology Plc,4520,452020,45,45202030,D,IRL,334112,3572,188,940, , ,SEAGATE TECHNOLOGY PLC,STX
150937,BBB-, ,10/31/13,Dublin,Seagate Technology Plc,4520,452020,45,45202030,D,IRL,334112,3572,188,940, , ,SEAGATE TECHNOLOGY PLC,STX
150937,BBB-, ,11/30/13,Dublin,Seagate Technology Plc,4520,452020,45,45202030,D,IRL,334112,3572,188,940, , ,SEAGATE TECHNOLOGY PLC,STX
150937,BBB-, ,12/31/13,Dublin,Seagate Technology Plc,4520,452020,45,45202030,D,IRL,334112,3572,188,940, , ,SEAGATE TECHNOLOGY PLC,STX
150937,BBB-, ,1/31/14,Dublin,Seagate Technology Plc,4520,452020,45,45202030,D,IRL,334112,3572,188,940, , ,SEAGATE TECHNOLOGY PLC,STX
150937,BBB-, ,2/28/14,Dublin,Seagate Technology Plc,4520,452020,45,45202030,D,IRL,334112,3572,188,940, , ,SEAGATE TECHNOLOGY PLC,STX
150937,BBB-, ,3/31/14,Dublin,Seagate Technology Plc,4520,452020,45,45202030,D,IRL,334112,3572,188,940, , ,SEAGATE TECHNOLOGY PLC,STX
150937,BBB-, ,4/30/14,Dublin,Seagate Technology Plc,4520,452020,45,45202030,D,IRL,334112,3572,188,940, , ,SEAGATE TECHNOLOGY PLC,STX
150937,BBB-, ,5/31/14,Dublin,Seagate Technology Plc,4520,452020,45,45202030,D,IRL,334112,3572,188,940, , ,SEAGATE TECHNOLOGY PLC,STX
150937,BBB-, ,6/30/14,Dublin,Seagate Technology Plc,4520,452020,45,45202030,D,IRL,334112,3572,188,940, , ,SEAGATE TECHNOLOGY PLC,STX
151828, , ,1/31/10,San Clemente,Metro One Development Inc,4520,452030,45,45203010,D,USA,334419,3679, , , ,CA,METRO ONE DEVELOPMENT INC,MTRO
151828, , ,2/28/10,San Clemente,Metro One Development Inc,4520,452030,45,45203010,D,USA,334419,3679, , , ,CA,METRO ONE DEVELOPMENT INC,MTRO
151828, , ,3/31/10,San Clemente,Metro One Development Inc,4520,452030,45,45203010,D,USA,334419,3679, , , ,CA,METRO ONE DEVELOPMENT INC,MTRO
151828, , ,4/30/10,San Clemente,Metro One Development Inc,4520,452030,45,45203010,D,USA,334419,3679, , , ,CA,METRO ONE DEVELOPMENT INC,MTRO
151828, , ,5/31/10,San Clemente,Metro One Development Inc,4520,452030,45,45203010,D,USA,334419,3679, , , ,CA,METRO ONE DEVELOPMENT INC,MTRO
151828, , ,6/30/10,San Clemente,Metro One Development Inc,4520,452030,45,45203010,D,USA,334419,3679, , , ,CA,METRO ONE DEVELOPMENT INC,MTRO
151828, , ,7/31/10,San Clemente,Metro One Development Inc,4520,452030,45,45203010,D,USA,334419,3679, , , ,CA,METRO ONE DEVELOPMENT INC,MTRO
151828, , ,8/31/10,San Clemente,Metro One Development Inc,4520,452030,45,45203010,D,USA,334419,3679, , , ,CA,METRO ONE DEVELOPMENT INC,MTRO
151828, , ,9/30/10,San Clemente,Metro One Development Inc,4520,452030,45,45203010,D,USA,334419,3679, , , ,CA,METRO ONE DEVELOPMENT INC,MTRO
151828, , ,10/31/10,San Clemente,Metro One Development Inc,4520,452030,45,45203010,D,USA,334419,3679, , , ,CA,METRO ONE DEVELOPMENT INC,MTRO
151828, , ,11/30/10,San Clemente,Metro One Development Inc,4520,452030,45,45203010,D,USA,334419,3679, , , ,CA,METRO ONE DEVELOPMENT INC,MTRO
151828, , ,12/31/10,San Clemente,Metro One Development Inc,4520,452030,45,45203010,D,USA,334419,3679, , , ,CA,METRO ONE DEVELOPMENT INC,MTRO
151828, , ,1/31/11,San Clemente,Metro One Development Inc,4520,452030,45,45203010,D,USA,334419,3679, , , ,CA,METRO ONE DEVELOPMENT INC,MTRO
151828, , ,2/28/11,San Clemente,Metro One Development Inc,4520,452030,45,45203010,D,USA,334419,3679, , , ,CA,METRO ONE DEVELOPMENT INC,MTRO
151828, , ,3/31/11,San Clemente,Metro One Development Inc,4520,452030,45,45203010,D,USA,334419,3679, , , ,CA,METRO ONE DEVELOPMENT INC,MTRO
151828, , ,4/30/11,San Clemente,Metro One Development Inc,4520,452030,45,45203010,D,USA,334419,3679, , , ,CA,METRO ONE DEVELOPMENT INC,MTRO
151828, , ,5/31/11,San Clemente,Metro One Development Inc,4520,452030,45,45203010,D,USA,334419,3679, , , ,CA,METRO ONE DEVELOPMENT INC,MTRO
151828, , ,6/30/11,San Clemente,Metro One Development Inc,4520,452030,45,45203010,D,USA,334419,3679, , , ,CA,METRO ONE DEVELOPMENT INC,MTRO
151828, , ,7/31/11,San Clemente,Metro One Development Inc,4520,452030,45,45203010,D,USA,334419,3679, , , ,CA,METRO ONE DEVELOPMENT INC,MTRO
151828, , ,8/31/11,San Clemente,Metro One Development Inc,4520,452030,45,45203010,D,USA,334419,3679, , , ,CA,METRO ONE DEVELOPMENT INC,MTRO
151828, , ,9/30/11,San Clemente,Metro One Development Inc,4520,452030,45,45203010,D,USA,334419,3679, , , ,CA,METRO ONE DEVELOPMENT INC,MTRO
151828, , ,10/31/11,San Clemente,Metro One Development Inc,4520,452030,45,45203010,D,USA,334419,3679, , , ,CA,METRO ONE DEVELOPMENT INC,MTRO
151828, , ,11/30/11,San Clemente,Metro One Development Inc,4520,452030,45,45203010,D,USA,334419,3679, , , ,CA,METRO ONE DEVELOPMENT INC,MTRO
151828, , ,12/31/11,San Clemente,Metro One Development Inc,4520,452030,45,45203010,D,USA,334419,3679, , , ,CA,METRO ONE DEVELOPMENT INC,MTRO
151828, , ,1/31/12,San Clemente,Metro One Development Inc,4520,452030,45,45203010,D,USA,334419,3679, , , ,CA,METRO ONE DEVELOPMENT INC,MTRO
151828, , ,2/29/12,San Clemente,Metro One Development Inc,4520,452030,45,45203010,D,USA,334419,3679, , , ,CA,METRO ONE DEVELOPMENT INC,MTRO
151828, , ,3/31/12,San Clemente,Metro One Development Inc,4520,452030,45,45203010,D,USA,334419,3679, , , ,CA,METRO ONE DEVELOPMENT INC,MTRO
151828, , ,4/30/12,San Clemente,Metro One Development Inc,4520,452030,45,45203010,D,USA,334419,3679, , , ,CA,METRO ONE DEVELOPMENT INC,MTRO
151828, , ,5/31/12,San Clemente,Metro One Development Inc,4520,452030,45,45203010,D,USA,334419,3679, , , ,CA,METRO ONE DEVELOPMENT INC,MTRO
151828, , ,6/30/12,San Clemente,Metro One Development Inc,4520,452030,45,45203010,D,USA,334419,3679, , , ,CA,METRO ONE DEVELOPMENT INC,MTRO
151828, , ,7/31/12,San Clemente,Metro One Development Inc,4520,452030,45,45203010,D,USA,334419,3679, , , ,CA,METRO ONE DEVELOPMENT INC,MTRO
151828, , ,8/31/12,San Clemente,Metro One Development Inc,4520,452030,45,45203010,D,USA,334419,3679, , , ,CA,METRO ONE DEVELOPMENT INC,MTRO
151828, , ,9/30/12,San Clemente,Metro One Development Inc,4520,452030,45,45203010,D,USA,334419,3679, , , ,CA,METRO ONE DEVELOPMENT INC,MTRO
151828, , ,10/31/12,San Clemente,Metro One Development Inc,4520,452030,45,45203010,D,USA,334419,3679, , , ,CA,METRO ONE DEVELOPMENT INC,MTRO
151828, , ,11/30/12,San Clemente,Metro One Development Inc,4520,452030,45,45203010,D,USA,334419,3679, , , ,CA,METRO ONE DEVELOPMENT INC,MTRO
151828, , ,12/31/12,San Clemente,Metro One Development Inc,4520,452030,45,45203010,D,USA,334419,3679, , , ,CA,METRO ONE DEVELOPMENT INC,MTRO
151828, , ,1/31/13,San Clemente,Metro One Development Inc,4520,452030,45,45203010,D,USA,334419,3679, , , ,CA,METRO ONE DEVELOPMENT INC,MTRO
151828, , ,2/28/13,San Clemente,Metro One Development Inc,4520,452030,45,45203010,D,USA,334419,3679, , , ,CA,METRO ONE DEVELOPMENT INC,MTRO
151828, , ,3/31/13,San Clemente,Metro One Development Inc,4520,452030,45,45203010,D,USA,334419,3679, , , ,CA,METRO ONE DEVELOPMENT INC,MTRO
151828, , ,4/30/13,San Clemente,Metro One Development Inc,4520,452030,45,45203010,D,USA,334419,3679, , , ,CA,METRO ONE DEVELOPMENT INC,MTRO
151828, , ,5/31/13,San Clemente,Metro One Development Inc,4520,452030,45,45203010,D,USA,334419,3679, , , ,CA,METRO ONE DEVELOPMENT INC,MTRO
151828, , ,6/30/13,San Clemente,Metro One Development Inc,4520,452030,45,45203010,D,USA,334419,3679, , , ,CA,METRO ONE DEVELOPMENT INC,MTRO
151828, , ,7/31/13,San Clemente,Metro One Development Inc,4520,452030,45,45203010,D,USA,334419,3679, , , ,CA,METRO ONE DEVELOPMENT INC,MTRO
151828, , ,8/31/13,San Clemente,Metro One Development Inc,4520,452030,45,45203010,D,USA,334419,3679, , , ,CA,METRO ONE DEVELOPMENT INC,MTRO
151828, , ,9/30/13,San Clemente,Metro One Development Inc,4520,452030,45,45203010,D,USA,334419,3679, , , ,CA,METRO ONE DEVELOPMENT INC,MTRO
151828, , ,10/31/13,San Clemente,Metro One Development Inc,4520,452030,45,45203010,D,USA,334419,3679, , , ,CA,METRO ONE DEVELOPMENT INC,MTRO
151891, , ,1/31/10,St. John's,Rutter Inc,4520,452030,45,45203010,D,CAN,334511,3812, , , ,NF,RUTTER INC,RUTFF
151891, , ,2/28/10,St. John's,Rutter Inc,4520,452030,45,45203010,D,CAN,334511,3812, , , ,NF,RUTTER INC,RUTFF
151891, , ,3/31/10,St. John's,Rutter Inc,4520,452030,45,45203010,D,CAN,334511,3812, , , ,NF,RUTTER INC,RUTFF
151891, , ,4/30/10,St. John's,Rutter Inc,4520,452030,45,45203010,D,CAN,334511,3812, , , ,NF,RUTTER INC,RUTFF
151891, , ,5/31/10,St. John's,Rutter Inc,4520,452030,45,45203010,D,CAN,334511,3812, , , ,NF,RUTTER INC,RUTFF
151891, , ,6/30/10,St. John's,Rutter Inc,4520,452030,45,45203010,D,CAN,334511,3812, , , ,NF,RUTTER INC,RUTFF
151891, , ,7/31/10,St. John's,Rutter Inc,4520,452030,45,45203010,D,CAN,334511,3812, , , ,NF,RUTTER INC,RUTFF
151891, , ,8/31/10,St. John's,Rutter Inc,4520,452030,45,45203010,D,CAN,334511,3812, , , ,NF,RUTTER INC,RUTFF
151891, , ,9/30/10,St. John's,Rutter Inc,4520,452030,45,45203010,D,CAN,334511,3812, , , ,NF,RUTTER INC,RUTFF
151891, , ,10/31/10,St. John's,Rutter Inc,4520,452030,45,45203010,D,CAN,334511,3812, , , ,NF,RUTTER INC,RUTFF
151891, , ,11/30/10,St. John's,Rutter Inc,4520,452030,45,45203010,D,CAN,334511,3812, , , ,NF,RUTTER INC,RUTFF
151891, , ,12/31/10,St. John's,Rutter Inc,4520,452030,45,45203010,D,CAN,334511,3812, , , ,NF,RUTTER INC,RUTFF
151891, , ,1/31/11,St. John's,Rutter Inc,4520,452030,45,45203010,D,CAN,334511,3812, , , ,NF,RUTTER INC,RUTFF
151891, , ,2/28/11,St. John's,Rutter Inc,4520,452030,45,45203010,D,CAN,334511,3812, , , ,NF,RUTTER INC,RUTFF
151891, , ,3/31/11,St. John's,Rutter Inc,4520,452030,45,45203010,D,CAN,334511,3812, , , ,NF,RUTTER INC,RUTFF
151891, , ,4/30/11,St. John's,Rutter Inc,4520,452030,45,45203010,D,CAN,334511,3812, , , ,NF,RUTTER INC,RUTFF
151891, , ,5/31/11,St. John's,Rutter Inc,4520,452030,45,45203010,D,CAN,334511,3812, , , ,NF,RUTTER INC,RUTFF
151891, , ,6/30/11,St. John's,Rutter Inc,4520,452030,45,45203010,D,CAN,334511,3812, , , ,NF,RUTTER INC,RUTFF
151891, , ,7/31/11,St. John's,Rutter Inc,4520,452030,45,45203010,D,CAN,334511,3812, , , ,NF,RUTTER INC,RUTFF
151891, , ,8/31/11,St. John's,Rutter Inc,4520,452030,45,45203010,D,CAN,334511,3812, , , ,NF,RUTTER INC,RUTFF
151891, , ,9/30/11,St. John's,Rutter Inc,4520,452030,45,45203010,D,CAN,334511,3812, , , ,NF,RUTTER INC,RUTFF
151891, , ,10/31/11,St. John's,Rutter Inc,4520,452030,45,45203010,D,CAN,334511,3812, , , ,NF,RUTTER INC,RUTFF
151891, , ,11/30/11,St. John's,Rutter Inc,4520,452030,45,45203010,D,CAN,334511,3812, , , ,NF,RUTTER INC,RUTFF
151891, , ,12/31/11,St. John's,Rutter Inc,4520,452030,45,45203010,D,CAN,334511,3812, , , ,NF,RUTTER INC,RUTFF
151891, , ,1/31/12,St. John's,Rutter Inc,4520,452030,45,45203010,D,CAN,334511,3812, , , ,NF,RUTTER INC,RUTFF
151891, , ,2/29/12,St. John's,Rutter Inc,4520,452030,45,45203010,D,CAN,334511,3812, , , ,NF,RUTTER INC,RUTFF
151891, , ,3/31/12,St. John's,Rutter Inc,4520,452030,45,45203010,D,CAN,334511,3812, , , ,NF,RUTTER INC,RUTFF
151891, , ,4/30/12,St. John's,Rutter Inc,4520,452030,45,45203010,D,CAN,334511,3812, , , ,NF,RUTTER INC,RUTFF
151891, , ,5/31/12,St. John's,Rutter Inc,4520,452030,45,45203010,D,CAN,334511,3812, , , ,NF,RUTTER INC,RUTFF
151891, , ,6/30/12,St. John's,Rutter Inc,4520,452030,45,45203010,D,CAN,334511,3812, , , ,NF,RUTTER INC,RUTFF
151891, , ,7/31/12,St. John's,Rutter Inc,4520,452030,45,45203010,D,CAN,334511,3812, , , ,NF,RUTTER INC,RUTFF
151891, , ,8/31/12,St. John's,Rutter Inc,4520,452030,45,45203010,D,CAN,334511,3812, , , ,NF,RUTTER INC,RUTFF
151891, , ,9/30/12,St. John's,Rutter Inc,4520,452030,45,45203010,D,CAN,334511,3812, , , ,NF,RUTTER INC,RUTFF
151891, , ,10/31/12,St. John's,Rutter Inc,4520,452030,45,45203010,D,CAN,334511,3812, , , ,NF,RUTTER INC,RUTFF
151891, , ,11/30/12,St. John's,Rutter Inc,4520,452030,45,45203010,D,CAN,334511,3812, , , ,NF,RUTTER INC,RUTFF
151891, , ,12/31/12,St. John's,Rutter Inc,4520,452030,45,45203010,D,CAN,334511,3812, , , ,NF,RUTTER INC,RUTFF
151891, , ,1/31/13,St. John's,Rutter Inc,4520,452030,45,45203010,D,CAN,334511,3812, , , ,NF,RUTTER INC,RUTFF
151891, , ,2/28/13,St. John's,Rutter Inc,4520,452030,45,45203010,D,CAN,334511,3812, , , ,NF,RUTTER INC,RUTFF
151891, , ,3/31/13,St. John's,Rutter Inc,4520,452030,45,45203010,D,CAN,334511,3812, , , ,NF,RUTTER INC,RUTFF
151891, , ,4/30/13,St. John's,Rutter Inc,4520,452030,45,45203010,D,CAN,334511,3812, , , ,NF,RUTTER INC,RUTFF
151891, , ,5/31/13,St. John's,Rutter Inc,4520,452030,45,45203010,D,CAN,334511,3812, , , ,NF,RUTTER INC,RUTFF
151891, , ,6/30/13,St. John's,Rutter Inc,4520,452030,45,45203010,D,CAN,334511,3812, , , ,NF,RUTTER INC,RUTFF
151891, , ,7/31/13,St. John's,Rutter Inc,4520,452030,45,45203010,D,CAN,334511,3812, , , ,NF,RUTTER INC,RUTFF
151891, , ,8/31/13,St. John's,Rutter Inc,4520,452030,45,45203010,D,CAN,334511,3812, , , ,NF,RUTTER INC,RUTFF
151891, , ,9/30/13,St. John's,Rutter Inc,4520,452030,45,45203010,D,CAN,334511,3812, , , ,NF,RUTTER INC,RUTFF
151891, , ,10/31/13,St. John's,Rutter Inc,4520,452030,45,45203010,D,CAN,334511,3812, , , ,NF,RUTTER INC,RUTFF
152070, , ,1/31/10,Shenzhen,Diguang International Development Co Ltd,4520,452030,45,45203015,D,CHN,334413,3674, , ,C, ,DIGUANG INTL DEVELOPMENT CO,DGNG
152070, , ,2/28/10,Shenzhen,Diguang International Development Co Ltd,4520,452030,45,45203015,D,CHN,334413,3674, , ,C, ,DIGUANG INTL DEVELOPMENT CO,DGNG
152070, , ,3/31/10,Shenzhen,Diguang International Development Co Ltd,4520,452030,45,45203015,D,CHN,334413,3674, , ,C, ,DIGUANG INTL DEVELOPMENT CO,DGNG
152070, , ,4/30/10,Shenzhen,Diguang International Development Co Ltd,4520,452030,45,45203015,D,CHN,334413,3674, , ,C, ,DIGUANG INTL DEVELOPMENT CO,DGNG
152070, , ,5/31/10,Shenzhen,Diguang International Development Co Ltd,4520,452030,45,45203015,D,CHN,334413,3674, , ,C, ,DIGUANG INTL DEVELOPMENT CO,DGNG
152070, , ,6/30/10,Shenzhen,Diguang International Development Co Ltd,4520,452030,45,45203015,D,CHN,334413,3674, , ,C, ,DIGUANG INTL DEVELOPMENT CO,DGNG
152070, , ,7/31/10,Shenzhen,Diguang International Development Co Ltd,4520,452030,45,45203015,D,CHN,334413,3674, , ,C, ,DIGUANG INTL DEVELOPMENT CO,DGNG
152070, , ,8/31/10,Shenzhen,Diguang International Development Co Ltd,4520,452030,45,45203015,D,CHN,334413,3674, , ,C, ,DIGUANG INTL DEVELOPMENT CO,DGNG
152070, , ,9/30/10,Shenzhen,Diguang International Development Co Ltd,4520,452030,45,45203015,D,CHN,334413,3674, , ,C, ,DIGUANG INTL DEVELOPMENT CO,DGNG
152070, , ,10/31/10,Shenzhen,Diguang International Development Co Ltd,4520,452030,45,45203015,D,CHN,334413,3674, , ,C, ,DIGUANG INTL DEVELOPMENT CO,DGNG
152070, , ,11/30/10,Shenzhen,Diguang International Development Co Ltd,4520,452030,45,45203015,D,CHN,334413,3674, , ,C, ,DIGUANG INTL DEVELOPMENT CO,DGNG
152070, , ,12/31/10,Shenzhen,Diguang International Development Co Ltd,4520,452030,45,45203015,D,CHN,334413,3674, , ,C, ,DIGUANG INTL DEVELOPMENT CO,DGNG
152070, , ,1/31/11,Shenzhen,Diguang International Development Co Ltd,4520,452030,45,45203015,D,CHN,334413,3674, , ,C, ,DIGUANG INTL DEVELOPMENT CO,DGNG
152070, , ,2/28/11,Shenzhen,Diguang International Development Co Ltd,4520,452030,45,45203015,D,CHN,334413,3674, , ,C, ,DIGUANG INTL DEVELOPMENT CO,DGNG
152070, , ,3/31/11,Shenzhen,Diguang International Development Co Ltd,4520,452030,45,45203015,D,CHN,334413,3674, , ,C, ,DIGUANG INTL DEVELOPMENT CO,DGNG
152070, , ,4/30/11,Shenzhen,Diguang International Development Co Ltd,4520,452030,45,45203015,D,CHN,334413,3674, , ,C, ,DIGUANG INTL DEVELOPMENT CO,DGNG
152070, , ,5/31/11,Shenzhen,Diguang International Development Co Ltd,4520,452030,45,45203015,D,CHN,334413,3674, , ,C, ,DIGUANG INTL DEVELOPMENT CO,DGNG
152070, , ,6/30/11,Shenzhen,Diguang International Development Co Ltd,4520,452030,45,45203015,D,CHN,334413,3674, , ,C, ,DIGUANG INTL DEVELOPMENT CO,DGNG
152070, , ,7/31/11,Shenzhen,Diguang International Development Co Ltd,4520,452030,45,45203015,D,CHN,334413,3674, , ,C, ,DIGUANG INTL DEVELOPMENT CO,DGNG
152070, , ,8/31/11,Shenzhen,Diguang International Development Co Ltd,4520,452030,45,45203015,D,CHN,334413,3674, , ,C, ,DIGUANG INTL DEVELOPMENT CO,DGNG
152070, , ,9/30/11,Shenzhen,Diguang International Development Co Ltd,4520,452030,45,45203015,D,CHN,334413,3674, , ,C, ,DIGUANG INTL DEVELOPMENT CO,DGNG
152070, , ,10/31/11,Shenzhen,Diguang International Development Co Ltd,4520,452030,45,45203015,D,CHN,334413,3674, , ,C, ,DIGUANG INTL DEVELOPMENT CO,DGNG
152070, , ,11/30/11,Shenzhen,Diguang International Development Co Ltd,4520,452030,45,45203015,D,CHN,334413,3674, , ,C, ,DIGUANG INTL DEVELOPMENT CO,DGNG
152070, , ,12/31/11,Shenzhen,Diguang International Development Co Ltd,4520,452030,45,45203015,D,CHN,334413,3674, , ,C, ,DIGUANG INTL DEVELOPMENT CO,DGNG
152070, , ,1/31/12,Shenzhen,Diguang International Development Co Ltd,4520,452030,45,45203015,D,CHN,334413,3674, , ,C, ,DIGUANG INTL DEVELOPMENT CO,DGNG
152070, , ,2/29/12,Shenzhen,Diguang International Development Co Ltd,4520,452030,45,45203015,D,CHN,334413,3674, , ,C, ,DIGUANG INTL DEVELOPMENT CO,DGNG
152070, , ,3/31/12,Shenzhen,Diguang International Development Co Ltd,4520,452030,45,45203015,D,CHN,334413,3674, , ,C, ,DIGUANG INTL DEVELOPMENT CO,DGNG
152070, , ,4/30/12,Shenzhen,Diguang International Development Co Ltd,4520,452030,45,45203015,D,CHN,334413,3674, , ,C, ,DIGUANG INTL DEVELOPMENT CO,DGNG
152070, , ,5/31/12,Shenzhen,Diguang International Development Co Ltd,4520,452030,45,45203015,D,CHN,334413,3674, , ,C, ,DIGUANG INTL DEVELOPMENT CO,DGNG
152070, , ,6/30/12,Shenzhen,Diguang International Development Co Ltd,4520,452030,45,45203015,D,CHN,334413,3674, , ,C, ,DIGUANG INTL DEVELOPMENT CO,DGNG
152070, , ,7/31/12,Shenzhen,Diguang International Development Co Ltd,4520,452030,45,45203015,D,CHN,334413,3674, , ,C, ,DIGUANG INTL DEVELOPMENT CO,DGNG
152070, , ,8/31/12,Shenzhen,Diguang International Development Co Ltd,4520,452030,45,45203015,D,CHN,334413,3674, , ,C, ,DIGUANG INTL DEVELOPMENT CO,DGNG
152070, , ,9/30/12,Shenzhen,Diguang International Development Co Ltd,4520,452030,45,45203015,D,CHN,334413,3674, , ,C, ,DIGUANG INTL DEVELOPMENT CO,DGNG
152070, , ,10/31/12,Shenzhen,Diguang International Development Co Ltd,4520,452030,45,45203015,D,CHN,334413,3674, , ,C, ,DIGUANG INTL DEVELOPMENT CO,DGNG
152070, , ,11/30/12,Shenzhen,Diguang International Development Co Ltd,4520,452030,45,45203015,D,CHN,334413,3674, , ,C, ,DIGUANG INTL DEVELOPMENT CO,DGNG
152070, , ,12/31/12,Shenzhen,Diguang International Development Co Ltd,4520,452030,45,45203015,D,CHN,334413,3674, , ,C, ,DIGUANG INTL DEVELOPMENT CO,DGNG
152070, , ,1/31/13,Shenzhen,Diguang International Development Co Ltd,4520,452030,45,45203015,D,CHN,334413,3674, , ,C, ,DIGUANG INTL DEVELOPMENT CO,DGNG
152070, , ,2/28/13,Shenzhen,Diguang International Development Co Ltd,4520,452030,45,45203015,D,CHN,334413,3674, , ,C, ,DIGUANG INTL DEVELOPMENT CO,DGNG
152070, , ,3/31/13,Shenzhen,Diguang International Development Co Ltd,4520,452030,45,45203015,D,CHN,334413,3674, , ,C, ,DIGUANG INTL DEVELOPMENT CO,DGNG
152070, , ,4/30/13,Shenzhen,Diguang International Development Co Ltd,4520,452030,45,45203015,D,CHN,334413,3674, , ,C, ,DIGUANG INTL DEVELOPMENT CO,DGNG
152070, , ,5/31/13,Shenzhen,Diguang International Development Co Ltd,4520,452030,45,45203015,D,CHN,334413,3674, , ,C, ,DIGUANG INTL DEVELOPMENT CO,DGNG
152070, , ,6/30/13,Shenzhen,Diguang International Development Co Ltd,4520,452030,45,45203015,D,CHN,334413,3674, , ,C, ,DIGUANG INTL DEVELOPMENT CO,DGNG
152070, , ,7/31/13,Shenzhen,Diguang International Development Co Ltd,4520,452030,45,45203015,D,CHN,334413,3674, , ,C, ,DIGUANG INTL DEVELOPMENT CO,DGNG
152070, , ,8/31/13,Shenzhen,Diguang International Development Co Ltd,4520,452030,45,45203015,D,CHN,334413,3674, , ,C, ,DIGUANG INTL DEVELOPMENT CO,DGNG
152070, , ,9/30/13,Shenzhen,Diguang International Development Co Ltd,4520,452030,45,45203015,D,CHN,334413,3674, , ,C, ,DIGUANG INTL DEVELOPMENT CO,DGNG
152070, , ,10/31/13,Shenzhen,Diguang International Development Co Ltd,4520,452030,45,45203015,D,CHN,334413,3674, , ,C, ,DIGUANG INTL DEVELOPMENT CO,DGNG
152170, , ,1/31/10,Lenexa,ICOP Digital Inc,4520,452030,45,45203010,D,USA,334310,3651, , ,D,KS,ICOP DIGITAL INC,ICOPQ
152170, , ,2/28/10,Lenexa,ICOP Digital Inc,4520,452030,45,45203010,D,USA,334310,3651, , ,D,KS,ICOP DIGITAL INC,ICOPQ
152170, , ,3/31/10,Lenexa,ICOP Digital Inc,4520,452030,45,45203010,D,USA,334310,3651, , ,D,KS,ICOP DIGITAL INC,ICOPQ
152170, , ,4/30/10,Lenexa,ICOP Digital Inc,4520,452030,45,45203010,D,USA,334310,3651, , ,D,KS,ICOP DIGITAL INC,ICOPQ
152170, , ,5/31/10,Lenexa,ICOP Digital Inc,4520,452030,45,45203010,D,USA,334310,3651, , ,D,KS,ICOP DIGITAL INC,ICOPQ
152170, , ,6/30/10,Lenexa,ICOP Digital Inc,4520,452030,45,45203010,D,USA,334310,3651, , ,D,KS,ICOP DIGITAL INC,ICOPQ
152170, , ,7/31/10,Lenexa,ICOP Digital Inc,4520,452030,45,45203010,D,USA,334310,3651, , ,D,KS,ICOP DIGITAL INC,ICOPQ
152170, , ,8/31/10,Lenexa,ICOP Digital Inc,4520,452030,45,45203010,D,USA,334310,3651, , ,D,KS,ICOP DIGITAL INC,ICOPQ
152170, , ,9/30/10,Lenexa,ICOP Digital Inc,4520,452030,45,45203010,D,USA,334310,3651, , ,D,KS,ICOP DIGITAL INC,ICOPQ
152170, , ,10/31/10,Lenexa,ICOP Digital Inc,4520,452030,45,45203010,D,USA,334310,3651, , ,D,KS,ICOP DIGITAL INC,ICOPQ
152170, , ,11/30/10,Lenexa,ICOP Digital Inc,4520,452030,45,45203010,D,USA,334310,3651, , ,D,KS,ICOP DIGITAL INC,ICOPQ
152170, , ,12/31/10,Lenexa,ICOP Digital Inc,4520,452030,45,45203010,D,USA,334310,3651, , ,D,KS,ICOP DIGITAL INC,ICOPQ
152170, , ,1/31/11,Lenexa,ICOP Digital Inc,4520,452030,45,45203010,D,USA,334310,3651, , ,D,KS,ICOP DIGITAL INC,ICOPQ
152170, , ,2/28/11,Lenexa,ICOP Digital Inc,4520,452030,45,45203010,D,USA,334310,3651, , ,D,KS,ICOP DIGITAL INC,ICOPQ
152170, , ,3/31/11,Lenexa,ICOP Digital Inc,4520,452030,45,45203010,D,USA,334310,3651, , ,D,KS,ICOP DIGITAL INC,ICOPQ
152170, , ,4/30/11,Lenexa,ICOP Digital Inc,4520,452030,45,45203010,D,USA,334310,3651, , ,D,KS,ICOP DIGITAL INC,ICOPQ
152170, , ,5/31/11,Lenexa,ICOP Digital Inc,4520,452030,45,45203010,D,USA,334310,3651, , ,D,KS,ICOP DIGITAL INC,ICOPQ
152170, , ,6/30/11,Lenexa,ICOP Digital Inc,4520,452030,45,45203010,D,USA,334310,3651, , ,D,KS,ICOP DIGITAL INC,ICOPQ
152170, , ,7/31/11,Lenexa,ICOP Digital Inc,4520,452030,45,45203010,D,USA,334310,3651, , ,D,KS,ICOP DIGITAL INC,ICOPQ
152170, , ,8/31/11,Lenexa,ICOP Digital Inc,4520,452030,45,45203010,D,USA,334310,3651, , ,D,KS,ICOP DIGITAL INC,ICOPQ
152170, , ,9/30/11,Lenexa,ICOP Digital Inc,4520,452030,45,45203010,D,USA,334310,3651, , ,D,KS,ICOP DIGITAL INC,ICOPQ
152170, , ,10/31/11,Lenexa,ICOP Digital Inc,4520,452030,45,45203010,D,USA,334310,3651, , ,D,KS,ICOP DIGITAL INC,ICOPQ
152170, , ,11/30/11,Lenexa,ICOP Digital Inc,4520,452030,45,45203010,D,USA,334310,3651, , ,D,KS,ICOP DIGITAL INC,ICOPQ
152170, , ,12/31/11,Lenexa,ICOP Digital Inc,4520,452030,45,45203010,D,USA,334310,3651, , ,D,KS,ICOP DIGITAL INC,ICOPQ
152170, , ,1/31/12,Lenexa,ICOP Digital Inc,4520,452030,45,45203010,D,USA,334310,3651, , ,D,KS,ICOP DIGITAL INC,ICOPQ
152170, , ,2/29/12,Lenexa,ICOP Digital Inc,4520,452030,45,45203010,D,USA,334310,3651, , ,D,KS,ICOP DIGITAL INC,ICOPQ
152170, , ,3/31/12,Lenexa,ICOP Digital Inc,4520,452030,45,45203010,D,USA,334310,3651, , ,D,KS,ICOP DIGITAL INC,ICOPQ
152170, , ,4/30/12,Lenexa,ICOP Digital Inc,4520,452030,45,45203010,D,USA,334310,3651, , ,D,KS,ICOP DIGITAL INC,ICOPQ
152170, , ,5/31/12,Lenexa,ICOP Digital Inc,4520,452030,45,45203010,D,USA,334310,3651, , ,D,KS,ICOP DIGITAL INC,ICOPQ
152170, , ,6/30/12,Lenexa,ICOP Digital Inc,4520,452030,45,45203010,D,USA,334310,3651, , ,D,KS,ICOP DIGITAL INC,ICOPQ
152170, , ,7/31/12,Lenexa,ICOP Digital Inc,4520,452030,45,45203010,D,USA,334310,3651, , ,D,KS,ICOP DIGITAL INC,ICOPQ
152170, , ,8/31/12,Lenexa,ICOP Digital Inc,4520,452030,45,45203010,D,USA,334310,3651, , ,D,KS,ICOP DIGITAL INC,ICOPQ
153813, , ,1/31/10,Calabasas,DTS Inc,4520,452030,45,45203015,D,USA,533110,6794, , ,B-,CA,DTS INC,DTSI
153813, , ,2/28/10,Calabasas,DTS Inc,4520,452030,45,45203015,D,USA,533110,6794, , ,B-,CA,DTS INC,DTSI
153813, , ,3/31/10,Calabasas,DTS Inc,4520,452030,45,45203015,D,USA,533110,6794, , ,B-,CA,DTS INC,DTSI
153813, , ,4/30/10,Calabasas,DTS Inc,4520,452030,45,45203015,D,USA,533110,6794, , ,B-,CA,DTS INC,DTSI
153813, , ,5/31/10,Calabasas,DTS Inc,4520,452030,45,45203015,D,USA,533110,6794, , ,B-,CA,DTS INC,DTSI
153813, , ,6/30/10,Calabasas,DTS Inc,4520,452030,45,45203015,D,USA,533110,6794, , ,B-,CA,DTS INC,DTSI
153813, , ,7/31/10,Calabasas,DTS Inc,4520,452030,45,45203015,D,USA,533110,6794, , ,B-,CA,DTS INC,DTSI
153813, , ,8/31/10,Calabasas,DTS Inc,4520,452030,45,45203015,D,USA,533110,6794, , ,B-,CA,DTS INC,DTSI
153813, , ,9/30/10,Calabasas,DTS Inc,4520,452030,45,45203015,D,USA,533110,6794, , ,B-,CA,DTS INC,DTSI
153813, , ,10/31/10,Calabasas,DTS Inc,4520,452030,45,45203015,D,USA,533110,6794, , ,B-,CA,DTS INC,DTSI
153813, , ,11/30/10,Calabasas,DTS Inc,4520,452030,45,45203015,D,USA,533110,6794, , ,B-,CA,DTS INC,DTSI
153813, , ,12/31/10,Calabasas,DTS Inc,4520,452030,45,45203015,D,USA,533110,6794, , ,B-,CA,DTS INC,DTSI
153813, , ,1/31/11,Calabasas,DTS Inc,4520,452030,45,45203015,D,USA,533110,6794, , ,B-,CA,DTS INC,DTSI
153813, , ,2/28/11,Calabasas,DTS Inc,4520,452030,45,45203015,D,USA,533110,6794, , ,B-,CA,DTS INC,DTSI
153813, , ,3/31/11,Calabasas,DTS Inc,4520,452030,45,45203015,D,USA,533110,6794, , ,B-,CA,DTS INC,DTSI
153813, , ,4/30/11,Calabasas,DTS Inc,4520,452030,45,45203015,D,USA,533110,6794, , ,B-,CA,DTS INC,DTSI
153813, , ,5/31/11,Calabasas,DTS Inc,4520,452030,45,45203015,D,USA,533110,6794, , ,B-,CA,DTS INC,DTSI
153813, , ,6/30/11,Calabasas,DTS Inc,4520,452030,45,45203015,D,USA,533110,6794, , ,B-,CA,DTS INC,DTSI
153813, , ,7/31/11,Calabasas,DTS Inc,4520,452030,45,45203015,D,USA,533110,6794, , ,B-,CA,DTS INC,DTSI
153813, , ,8/31/11,Calabasas,DTS Inc,4520,452030,45,45203015,D,USA,533110,6794, , ,B-,CA,DTS INC,DTSI
153813, , ,9/30/11,Calabasas,DTS Inc,4520,452030,45,45203015,D,USA,533110,6794, , ,B-,CA,DTS INC,DTSI
153813, , ,10/31/11,Calabasas,DTS Inc,4520,452030,45,45203015,D,USA,533110,6794, , ,B-,CA,DTS INC,DTSI
153813, , ,11/30/11,Calabasas,DTS Inc,4520,452030,45,45203015,D,USA,533110,6794, , ,B-,CA,DTS INC,DTSI
153813, , ,12/31/11,Calabasas,DTS Inc,4520,452030,45,45203015,D,USA,533110,6794, , ,B-,CA,DTS INC,DTSI
153813, , ,1/31/12,Calabasas,DTS Inc,4520,452030,45,45203015,D,USA,533110,6794, , ,B-,CA,DTS INC,DTSI
153813, , ,2/29/12,Calabasas,DTS Inc,4520,452030,45,45203015,D,USA,533110,6794, , ,B-,CA,DTS INC,DTSI
153813, , ,3/31/12,Calabasas,DTS Inc,4520,452030,45,45203015,D,USA,533110,6794, , ,B-,CA,DTS INC,DTSI
153813, , ,4/30/12,Calabasas,DTS Inc,4520,452030,45,45203015,D,USA,533110,6794, , ,B-,CA,DTS INC,DTSI
153813, , ,5/31/12,Calabasas,DTS Inc,4520,452030,45,45203015,D,USA,533110,6794, , ,B-,CA,DTS INC,DTSI
153813, , ,6/30/12,Calabasas,DTS Inc,4520,452030,45,45203015,D,USA,533110,6794, , ,B-,CA,DTS INC,DTSI
153813, , ,7/31/12,Calabasas,DTS Inc,4520,452030,45,45203015,D,USA,533110,6794, , ,B-,CA,DTS INC,DTSI
153813, , ,8/31/12,Calabasas,DTS Inc,4520,452030,45,45203015,D,USA,533110,6794, , ,B-,CA,DTS INC,DTSI
153813, , ,9/30/12,Calabasas,DTS Inc,4520,452030,45,45203015,D,USA,533110,6794, , ,B-,CA,DTS INC,DTSI
153813, , ,10/31/12,Calabasas,DTS Inc,4520,452030,45,45203015,D,USA,533110,6794, , ,B-,CA,DTS INC,DTSI
153813, , ,11/30/12,Calabasas,DTS Inc,4520,452030,45,45203015,D,USA,533110,6794, , ,B-,CA,DTS INC,DTSI
153813, , ,12/31/12,Calabasas,DTS Inc,4520,452030,45,45203015,D,USA,533110,6794, , ,B-,CA,DTS INC,DTSI
153813, , ,1/31/13,Calabasas,DTS Inc,4520,452030,45,45203015,D,USA,533110,6794, , ,B-,CA,DTS INC,DTSI
153813, , ,2/28/13,Calabasas,DTS Inc,4520,452030,45,45203015,D,USA,533110,6794, , ,B-,CA,DTS INC,DTSI
153813, , ,3/31/13,Calabasas,DTS Inc,4520,452030,45,45203015,D,USA,533110,6794, , ,B-,CA,DTS INC,DTSI
153813, , ,4/30/13,Calabasas,DTS Inc,4520,452030,45,45203015,D,USA,533110,6794, , ,B-,CA,DTS INC,DTSI
153813, , ,5/31/13,Calabasas,DTS Inc,4520,452030,45,45203015,D,USA,533110,6794, , ,B-,CA,DTS INC,DTSI
153813, , ,6/30/13,Calabasas,DTS Inc,4520,452030,45,45203015,D,USA,533110,6794, , ,B-,CA,DTS INC,DTSI
153813, , ,7/31/13,Calabasas,DTS Inc,4520,452030,45,45203015,D,USA,533110,6794, , ,B-,CA,DTS INC,DTSI
153813, , ,8/31/13,Calabasas,DTS Inc,4520,452030,45,45203015,D,USA,533110,6794, , ,B-,CA,DTS INC,DTSI
153813, , ,9/30/13,Calabasas,DTS Inc,4520,452030,45,45203015,D,USA,533110,6794, , ,B-,CA,DTS INC,DTSI
153813, , ,10/31/13,Calabasas,DTS Inc,4520,452030,45,45203015,D,USA,533110,6794, , ,B-,CA,DTS INC,DTSI
154039, , ,1/31/10,San Jose,NETGEAR Inc,4520,452010,45,45201020,D,USA,334210,3576, , ,B,CA,NETGEAR INC,NTGR
154039, , ,2/28/10,San Jose,NETGEAR Inc,4520,452010,45,45201020,D,USA,334210,3576, , ,B,CA,NETGEAR INC,NTGR
154039, , ,3/31/10,San Jose,NETGEAR Inc,4520,452010,45,45201020,D,USA,334210,3576, , ,B,CA,NETGEAR INC,NTGR
154039, , ,4/30/10,San Jose,NETGEAR Inc,4520,452010,45,45201020,D,USA,334210,3576, , ,B,CA,NETGEAR INC,NTGR
154039, , ,5/31/10,San Jose,NETGEAR Inc,4520,452010,45,45201020,D,USA,334210,3576, , ,B,CA,NETGEAR INC,NTGR
154039, , ,6/30/10,San Jose,NETGEAR Inc,4520,452010,45,45201020,D,USA,334210,3576, , ,B,CA,NETGEAR INC,NTGR
154039, , ,7/31/10,San Jose,NETGEAR Inc,4520,452010,45,45201020,D,USA,334210,3576, , ,B,CA,NETGEAR INC,NTGR
154039, , ,8/31/10,San Jose,NETGEAR Inc,4520,452010,45,45201020,D,USA,334210,3576, , ,B,CA,NETGEAR INC,NTGR
154039, , ,9/30/10,San Jose,NETGEAR Inc,4520,452010,45,45201020,D,USA,334210,3576, , ,B,CA,NETGEAR INC,NTGR
154039, , ,10/31/10,San Jose,NETGEAR Inc,4520,452010,45,45201020,D,USA,334210,3576, , ,B,CA,NETGEAR INC,NTGR
154039, , ,11/30/10,San Jose,NETGEAR Inc,4520,452010,45,45201020,D,USA,334210,3576, , ,B,CA,NETGEAR INC,NTGR
154039, , ,12/31/10,San Jose,NETGEAR Inc,4520,452010,45,45201020,D,USA,334210,3576, , ,B,CA,NETGEAR INC,NTGR
154039, , ,1/31/11,San Jose,NETGEAR Inc,4520,452010,45,45201020,D,USA,334210,3576, , ,B,CA,NETGEAR INC,NTGR
154039, , ,2/28/11,San Jose,NETGEAR Inc,4520,452010,45,45201020,D,USA,334210,3576, , ,B,CA,NETGEAR INC,NTGR
154039, , ,3/31/11,San Jose,NETGEAR Inc,4520,452010,45,45201020,D,USA,334210,3576, , ,B,CA,NETGEAR INC,NTGR
154039, , ,4/30/11,San Jose,NETGEAR Inc,4520,452010,45,45201020,D,USA,334210,3576, , ,B,CA,NETGEAR INC,NTGR
154039, , ,5/31/11,San Jose,NETGEAR Inc,4520,452010,45,45201020,D,USA,334210,3576, , ,B,CA,NETGEAR INC,NTGR
154039, , ,6/30/11,San Jose,NETGEAR Inc,4520,452010,45,45201020,D,USA,334210,3576, , ,B,CA,NETGEAR INC,NTGR
154039, , ,7/31/11,San Jose,NETGEAR Inc,4520,452010,45,45201020,D,USA,334210,3576, , ,B,CA,NETGEAR INC,NTGR
154039, , ,8/31/11,San Jose,NETGEAR Inc,4520,452010,45,45201020,D,USA,334210,3576, , ,B,CA,NETGEAR INC,NTGR
154039, , ,9/30/11,San Jose,NETGEAR Inc,4520,452010,45,45201020,D,USA,334210,3576, , ,B,CA,NETGEAR INC,NTGR
154039, , ,10/31/11,San Jose,NETGEAR Inc,4520,452010,45,45201020,D,USA,334210,3576, , ,B,CA,NETGEAR INC,NTGR
154039, , ,11/30/11,San Jose,NETGEAR Inc,4520,452010,45,45201020,D,USA,334210,3576, , ,B,CA,NETGEAR INC,NTGR
154039, , ,12/31/11,San Jose,NETGEAR Inc,4520,452010,45,45201020,D,USA,334210,3576, , ,B,CA,NETGEAR INC,NTGR
154039, , ,1/31/12,San Jose,NETGEAR Inc,4520,452010,45,45201020,D,USA,334210,3576, , ,B,CA,NETGEAR INC,NTGR
154039, , ,2/29/12,San Jose,NETGEAR Inc,4520,452010,45,45201020,D,USA,334210,3576, , ,B,CA,NETGEAR INC,NTGR
154039, , ,3/31/12,San Jose,NETGEAR Inc,4520,452010,45,45201020,D,USA,334210,3576, , ,B,CA,NETGEAR INC,NTGR
154039, , ,4/30/12,San Jose,NETGEAR Inc,4520,452010,45,45201020,D,USA,334210,3576, , ,B,CA,NETGEAR INC,NTGR
154039, , ,5/31/12,San Jose,NETGEAR Inc,4520,452010,45,45201020,D,USA,334210,3576, , ,B,CA,NETGEAR INC,NTGR
154039, , ,6/30/12,San Jose,NETGEAR Inc,4520,452010,45,45201020,D,USA,334210,3576, , ,B,CA,NETGEAR INC,NTGR
154039, , ,7/31/12,San Jose,NETGEAR Inc,4520,452010,45,45201020,D,USA,334210,3576, , ,B,CA,NETGEAR INC,NTGR
154039, , ,8/31/12,San Jose,NETGEAR Inc,4520,452010,45,45201020,D,USA,334210,3576, , ,B,CA,NETGEAR INC,NTGR
154039, , ,9/30/12,San Jose,NETGEAR Inc,4520,452010,45,45201020,D,USA,334210,3576, , ,B,CA,NETGEAR INC,NTGR
154039, , ,10/31/12,San Jose,NETGEAR Inc,4520,452010,45,45201020,D,USA,334210,3576, , ,B,CA,NETGEAR INC,NTGR
154039, , ,11/30/12,San Jose,NETGEAR Inc,4520,452010,45,45201020,D,USA,334210,3576, , ,B,CA,NETGEAR INC,NTGR
154039, , ,12/31/12,San Jose,NETGEAR Inc,4520,452010,45,45201020,D,USA,334210,3576, , ,B,CA,NETGEAR INC,NTGR
154039, , ,1/31/13,San Jose,NETGEAR Inc,4520,452010,45,45201020,D,USA,334210,3576, , ,B,CA,NETGEAR INC,NTGR
154039, , ,2/28/13,San Jose,NETGEAR Inc,4520,452010,45,45201020,D,USA,334210,3576, , ,B,CA,NETGEAR INC,NTGR
154039, , ,3/31/13,San Jose,NETGEAR Inc,4520,452010,45,45201020,D,USA,334210,3576, , ,B,CA,NETGEAR INC,NTGR
154039, , ,4/30/13,San Jose,NETGEAR Inc,4520,452010,45,45201020,D,USA,334210,3576, , ,B,CA,NETGEAR INC,NTGR
154039, , ,5/31/13,San Jose,NETGEAR Inc,4520,452010,45,45201020,D,USA,334210,3576, , ,B,CA,NETGEAR INC,NTGR
154039, , ,6/30/13,San Jose,NETGEAR Inc,4520,452010,45,45201020,D,USA,334210,3576, , ,B,CA,NETGEAR INC,NTGR
154039, , ,7/31/13,San Jose,NETGEAR Inc,4520,452010,45,45201020,D,USA,334210,3576, , ,B,CA,NETGEAR INC,NTGR
154039, , ,8/31/13,San Jose,NETGEAR Inc,4520,452010,45,45201020,D,USA,334210,3576, , ,B,CA,NETGEAR INC,NTGR
154039, , ,9/30/13,San Jose,NETGEAR Inc,4520,452010,45,45201020,D,USA,334210,3576, , ,B,CA,NETGEAR INC,NTGR
154039, , ,10/31/13,San Jose,NETGEAR Inc,4520,452010,45,45201020,D,USA,334210,3576, , ,B,CA,NETGEAR INC,NTGR
156155, , ,1/31/12,Fremont,SYNNEX Corp,4520,452030,45,45203030,D,USA,423430,5045, , ,B+,CA,SYNNEX CORP,SNX
156155, , ,2/29/12,Fremont,SYNNEX Corp,4520,452030,45,45203030,D,USA,423430,5045, , ,B+,CA,SYNNEX CORP,SNX
156155, , ,3/31/12,Fremont,SYNNEX Corp,4520,452030,45,45203030,D,USA,423430,5045, , ,B+,CA,SYNNEX CORP,SNX
156155, , ,4/30/12,Fremont,SYNNEX Corp,4520,452030,45,45203030,D,USA,423430,5045, , ,B+,CA,SYNNEX CORP,SNX
156155, , ,5/31/12,Fremont,SYNNEX Corp,4520,452030,45,45203030,D,USA,423430,5045, , ,B+,CA,SYNNEX CORP,SNX
156155, , ,6/30/12,Fremont,SYNNEX Corp,4520,452030,45,45203030,D,USA,423430,5045, , ,B+,CA,SYNNEX CORP,SNX
156155, , ,7/31/12,Fremont,SYNNEX Corp,4520,452030,45,45203030,D,USA,423430,5045, , ,B+,CA,SYNNEX CORP,SNX
156155, , ,8/31/12,Fremont,SYNNEX Corp,4520,452030,45,45203030,D,USA,423430,5045, , ,B+,CA,SYNNEX CORP,SNX
156155, , ,9/30/12,Fremont,SYNNEX Corp,4520,452030,45,45203030,D,USA,423430,5045, , ,B+,CA,SYNNEX CORP,SNX
156155, , ,10/31/12,Fremont,SYNNEX Corp,4520,452030,45,45203030,D,USA,423430,5045, , ,B+,CA,SYNNEX CORP,SNX
156155, , ,11/30/12,Fremont,SYNNEX Corp,4520,452030,45,45203030,D,USA,423430,5045, , ,B+,CA,SYNNEX CORP,SNX
156155, , ,12/31/12,Fremont,SYNNEX Corp,4520,452030,45,45203030,D,USA,423430,5045, , ,B+,CA,SYNNEX CORP,SNX
156155, , ,1/31/13,Fremont,SYNNEX Corp,4520,452030,45,45203030,D,USA,423430,5045, , ,B+,CA,SYNNEX CORP,SNX
156155, , ,2/28/13,Fremont,SYNNEX Corp,4520,452030,45,45203030,D,USA,423430,5045, , ,B+,CA,SYNNEX CORP,SNX
156155, , ,3/31/13,Fremont,SYNNEX Corp,4520,452030,45,45203030,D,USA,423430,5045, , ,B+,CA,SYNNEX CORP,SNX
156155, , ,4/30/13,Fremont,SYNNEX Corp,4520,452030,45,45203030,D,USA,423430,5045, , ,B+,CA,SYNNEX CORP,SNX
156155, , ,5/31/13,Fremont,SYNNEX Corp,4520,452030,45,45203030,D,USA,423430,5045, , ,B+,CA,SYNNEX CORP,SNX
156155, , ,6/30/13,Fremont,SYNNEX Corp,4520,452030,45,45203030,D,USA,423430,5045, , ,B+,CA,SYNNEX CORP,SNX
156155, , ,7/31/13,Fremont,SYNNEX Corp,4520,452030,45,45203030,D,USA,423430,5045, , ,B+,CA,SYNNEX CORP,SNX
156155, , ,8/31/13,Fremont,SYNNEX Corp,4520,452030,45,45203030,D,USA,423430,5045, , ,B+,CA,SYNNEX CORP,SNX
156155, , ,9/30/13,Fremont,SYNNEX Corp,4520,452030,45,45203030,D,USA,423430,5045, , ,B+,CA,SYNNEX CORP,SNX
156155, , ,10/31/13,Fremont,SYNNEX Corp,4520,452030,45,45203030,D,USA,423430,5045, , ,B+,CA,SYNNEX CORP,SNX
156716, , ,5/31/11,Costa Mesa,PPOL Inc,4520,452010,45,45201020,D,USA,334220,3663, , , ,CA,PPOL INC,PPLI
157235, , ,1/31/10,Richmond,DDS Wireless International Inc,4520,452010,45,45201020,D,CAN,517919,4899, , , ,BC,DDS WIRELESS INTL INC,DDSWF
157235, , ,2/28/10,Richmond,DDS Wireless International Inc,4520,452010,45,45201020,D,CAN,517919,4899, , , ,BC,DDS WIRELESS INTL INC,DDSWF
157235, , ,3/31/10,Richmond,DDS Wireless International Inc,4520,452010,45,45201020,D,CAN,517919,4899, , , ,BC,DDS WIRELESS INTL INC,DDSWF
157235, , ,4/30/10,Richmond,DDS Wireless International Inc,4520,452010,45,45201020,D,CAN,517919,4899, , , ,BC,DDS WIRELESS INTL INC,DDSWF
157235, , ,5/31/10,Richmond,DDS Wireless International Inc,4520,452010,45,45201020,D,CAN,517919,4899, , , ,BC,DDS WIRELESS INTL INC,DDSWF
157235, , ,6/30/10,Richmond,DDS Wireless International Inc,4520,452010,45,45201020,D,CAN,517919,4899, , , ,BC,DDS WIRELESS INTL INC,DDSWF
157235, , ,7/31/10,Richmond,DDS Wireless International Inc,4520,452010,45,45201020,D,CAN,517919,4899, , , ,BC,DDS WIRELESS INTL INC,DDSWF
157235, , ,8/31/10,Richmond,DDS Wireless International Inc,4520,452010,45,45201020,D,CAN,517919,4899, , , ,BC,DDS WIRELESS INTL INC,DDSWF
157235, , ,9/30/10,Richmond,DDS Wireless International Inc,4520,452010,45,45201020,D,CAN,517919,4899, , , ,BC,DDS WIRELESS INTL INC,DDSWF
157235, , ,10/31/10,Richmond,DDS Wireless International Inc,4520,452010,45,45201020,D,CAN,517919,4899, , , ,BC,DDS WIRELESS INTL INC,DDSWF
157235, , ,11/30/10,Richmond,DDS Wireless International Inc,4520,452010,45,45201020,D,CAN,517919,4899, , , ,BC,DDS WIRELESS INTL INC,DDSWF
157235, , ,12/31/10,Richmond,DDS Wireless International Inc,4520,452010,45,45201020,D,CAN,517919,4899, , , ,BC,DDS WIRELESS INTL INC,DDSWF
157235, , ,1/31/11,Richmond,DDS Wireless International Inc,4520,452010,45,45201020,D,CAN,517919,4899, , , ,BC,DDS WIRELESS INTL INC,DDSWF
157235, , ,2/28/11,Richmond,DDS Wireless International Inc,4520,452010,45,45201020,D,CAN,517919,4899, , , ,BC,DDS WIRELESS INTL INC,DDSWF
157235, , ,3/31/11,Richmond,DDS Wireless International Inc,4520,452010,45,45201020,D,CAN,517919,4899, , , ,BC,DDS WIRELESS INTL INC,DDSWF
157235, , ,4/30/11,Richmond,DDS Wireless International Inc,4520,452010,45,45201020,D,CAN,517919,4899, , , ,BC,DDS WIRELESS INTL INC,DDSWF
157235, , ,5/31/11,Richmond,DDS Wireless International Inc,4520,452010,45,45201020,D,CAN,517919,4899, , , ,BC,DDS WIRELESS INTL INC,DDSWF
157235, , ,6/30/11,Richmond,DDS Wireless International Inc,4520,452010,45,45201020,D,CAN,517919,4899, , , ,BC,DDS WIRELESS INTL INC,DDSWF
157235, , ,7/31/11,Richmond,DDS Wireless International Inc,4520,452010,45,45201020,D,CAN,517919,4899, , , ,BC,DDS WIRELESS INTL INC,DDSWF
157235, , ,8/31/11,Richmond,DDS Wireless International Inc,4520,452010,45,45201020,D,CAN,517919,4899, , , ,BC,DDS WIRELESS INTL INC,DDSWF
157235, , ,9/30/11,Richmond,DDS Wireless International Inc,4520,452010,45,45201020,D,CAN,517919,4899, , , ,BC,DDS WIRELESS INTL INC,DDSWF
157235, , ,10/31/11,Richmond,DDS Wireless International Inc,4520,452010,45,45201020,D,CAN,517919,4899, , , ,BC,DDS WIRELESS INTL INC,DDSWF
157235, , ,11/30/11,Richmond,DDS Wireless International Inc,4520,452010,45,45201020,D,CAN,517919,4899, , , ,BC,DDS WIRELESS INTL INC,DDSWF
157235, , ,12/31/11,Richmond,DDS Wireless International Inc,4520,452010,45,45201020,D,CAN,517919,4899, , , ,BC,DDS WIRELESS INTL INC,DDSWF
157235, , ,1/31/12,Richmond,DDS Wireless International Inc,4520,452010,45,45201020,D,CAN,517919,4899, , , ,BC,DDS WIRELESS INTL INC,DDSWF
157235, , ,2/29/12,Richmond,DDS Wireless International Inc,4520,452010,45,45201020,D,CAN,517919,4899, , , ,BC,DDS WIRELESS INTL INC,DDSWF
157235, , ,3/31/12,Richmond,DDS Wireless International Inc,4520,452010,45,45201020,D,CAN,517919,4899, , , ,BC,DDS WIRELESS INTL INC,DDSWF
157235, , ,4/30/12,Richmond,DDS Wireless International Inc,4520,452010,45,45201020,D,CAN,517919,4899, , , ,BC,DDS WIRELESS INTL INC,DDSWF
157235, , ,5/31/12,Richmond,DDS Wireless International Inc,4520,452010,45,45201020,D,CAN,517919,4899, , , ,BC,DDS WIRELESS INTL INC,DDSWF
157235, , ,6/30/12,Richmond,DDS Wireless International Inc,4520,452010,45,45201020,D,CAN,517919,4899, , , ,BC,DDS WIRELESS INTL INC,DDSWF
157235, , ,7/31/12,Richmond,DDS Wireless International Inc,4520,452010,45,45201020,D,CAN,517919,4899, , , ,BC,DDS WIRELESS INTL INC,DDSWF
157235, , ,8/31/12,Richmond,DDS Wireless International Inc,4520,452010,45,45201020,D,CAN,517919,4899, , , ,BC,DDS WIRELESS INTL INC,DDSWF
157235, , ,9/30/12,Richmond,DDS Wireless International Inc,4520,452010,45,45201020,D,CAN,517919,4899, , , ,BC,DDS WIRELESS INTL INC,DDSWF
157235, , ,10/31/12,Richmond,DDS Wireless International Inc,4520,452010,45,45201020,D,CAN,517919,4899, , , ,BC,DDS WIRELESS INTL INC,DDSWF
157235, , ,11/30/12,Richmond,DDS Wireless International Inc,4520,452010,45,45201020,D,CAN,517919,4899, , , ,BC,DDS WIRELESS INTL INC,DDSWF
157235, , ,12/31/12,Richmond,DDS Wireless International Inc,4520,452010,45,45201020,D,CAN,517919,4899, , , ,BC,DDS WIRELESS INTL INC,DDSWF
157235, , ,1/31/13,Richmond,DDS Wireless International Inc,4520,452010,45,45201020,D,CAN,517919,4899, , , ,BC,DDS WIRELESS INTL INC,DDSWF
157235, , ,2/28/13,Richmond,DDS Wireless International Inc,4520,452010,45,45201020,D,CAN,517919,4899, , , ,BC,DDS WIRELESS INTL INC,DDSWF
157235, , ,3/31/13,Richmond,DDS Wireless International Inc,4520,452010,45,45201020,D,CAN,517919,4899, , , ,BC,DDS WIRELESS INTL INC,DDSWF
157235, , ,4/30/13,Richmond,DDS Wireless International Inc,4520,452010,45,45201020,D,CAN,517919,4899, , , ,BC,DDS WIRELESS INTL INC,DDSWF
157235, , ,5/31/13,Richmond,DDS Wireless International Inc,4520,452010,45,45201020,D,CAN,517919,4899, , , ,BC,DDS WIRELESS INTL INC,DDSWF
157235, , ,6/30/13,Richmond,DDS Wireless International Inc,4520,452010,45,45201020,D,CAN,517919,4899, , , ,BC,DDS WIRELESS INTL INC,DDSWF
157235, , ,7/31/13,Richmond,DDS Wireless International Inc,4520,452010,45,45201020,D,CAN,517919,4899, , , ,BC,DDS WIRELESS INTL INC,DDSWF
157235, , ,8/31/13,Richmond,DDS Wireless International Inc,4520,452010,45,45201020,D,CAN,517919,4899, , , ,BC,DDS WIRELESS INTL INC,DDSWF
157235, , ,9/30/13,Richmond,DDS Wireless International Inc,4520,452010,45,45201020,D,CAN,517919,4899, , , ,BC,DDS WIRELESS INTL INC,DDSWF
157235, , ,10/31/13,Richmond,DDS Wireless International Inc,4520,452010,45,45201020,D,CAN,517919,4899, , , ,BC,DDS WIRELESS INTL INC,DDSWF
157634, , ,1/31/10,Austin,Entorian Technologies Inc,4520,452030,45,45203020,D,USA,334111,3571, , , ,TX,ENTORIAN TECHNOLOGIES INC,ENTN
157634, , ,2/28/10,Austin,Entorian Technologies Inc,4520,452030,45,45203020,D,USA,334111,3571, , , ,TX,ENTORIAN TECHNOLOGIES INC,ENTN
157634, , ,3/31/10,Austin,Entorian Technologies Inc,4520,452030,45,45203020,D,USA,334111,3571, , , ,TX,ENTORIAN TECHNOLOGIES INC,ENTN
157634, , ,4/30/10,Austin,Entorian Technologies Inc,4520,452030,45,45203020,D,USA,334111,3571, , , ,TX,ENTORIAN TECHNOLOGIES INC,ENTN
157634, , ,5/31/10,Austin,Entorian Technologies Inc,4520,452030,45,45203020,D,USA,334111,3571, , , ,TX,ENTORIAN TECHNOLOGIES INC,ENTN
157634, , ,6/30/10,Austin,Entorian Technologies Inc,4520,452030,45,45203020,D,USA,334111,3571, , , ,TX,ENTORIAN TECHNOLOGIES INC,ENTN
157634, , ,7/31/10,Austin,Entorian Technologies Inc,4520,452030,45,45203020,D,USA,334111,3571, , , ,TX,ENTORIAN TECHNOLOGIES INC,ENTN
157634, , ,8/31/10,Austin,Entorian Technologies Inc,4520,452030,45,45203020,D,USA,334111,3571, , , ,TX,ENTORIAN TECHNOLOGIES INC,ENTN
157634, , ,9/30/10,Austin,Entorian Technologies Inc,4520,452030,45,45203020,D,USA,334111,3571, , , ,TX,ENTORIAN TECHNOLOGIES INC,ENTN
157634, , ,10/31/10,Austin,Entorian Technologies Inc,4520,452030,45,45203020,D,USA,334111,3571, , , ,TX,ENTORIAN TECHNOLOGIES INC,ENTN
157634, , ,11/30/10,Austin,Entorian Technologies Inc,4520,452030,45,45203020,D,USA,334111,3571, , , ,TX,ENTORIAN TECHNOLOGIES INC,ENTN
157634, , ,12/31/10,Austin,Entorian Technologies Inc,4520,452030,45,45203020,D,USA,334111,3571, , , ,TX,ENTORIAN TECHNOLOGIES INC,ENTN
157634, , ,1/31/11,Austin,Entorian Technologies Inc,4520,452030,45,45203020,D,USA,334111,3571, , , ,TX,ENTORIAN TECHNOLOGIES INC,ENTN
157634, , ,2/28/11,Austin,Entorian Technologies Inc,4520,452030,45,45203020,D,USA,334111,3571, , , ,TX,ENTORIAN TECHNOLOGIES INC,ENTN
157634, , ,3/31/11,Austin,Entorian Technologies Inc,4520,452030,45,45203020,D,USA,334111,3571, , , ,TX,ENTORIAN TECHNOLOGIES INC,ENTN
157634, , ,4/30/11,Austin,Entorian Technologies Inc,4520,452030,45,45203020,D,USA,334111,3571, , , ,TX,ENTORIAN TECHNOLOGIES INC,ENTN
157634, , ,5/31/11,Austin,Entorian Technologies Inc,4520,452030,45,45203020,D,USA,334111,3571, , , ,TX,ENTORIAN TECHNOLOGIES INC,ENTN
157634, , ,6/30/11,Austin,Entorian Technologies Inc,4520,452030,45,45203020,D,USA,334111,3571, , , ,TX,ENTORIAN TECHNOLOGIES INC,ENTN
157634, , ,7/31/11,Austin,Entorian Technologies Inc,4520,452030,45,45203020,D,USA,334111,3571, , , ,TX,ENTORIAN TECHNOLOGIES INC,ENTN
157634, , ,8/31/11,Austin,Entorian Technologies Inc,4520,452030,45,45203020,D,USA,334111,3571, , , ,TX,ENTORIAN TECHNOLOGIES INC,ENTN
157634, , ,9/30/11,Austin,Entorian Technologies Inc,4520,452030,45,45203020,D,USA,334111,3571, , , ,TX,ENTORIAN TECHNOLOGIES INC,ENTN
157634, , ,10/31/11,Austin,Entorian Technologies Inc,4520,452030,45,45203020,D,USA,334111,3571, , , ,TX,ENTORIAN TECHNOLOGIES INC,ENTN
157634, , ,11/30/11,Austin,Entorian Technologies Inc,4520,452030,45,45203020,D,USA,334111,3571, , , ,TX,ENTORIAN TECHNOLOGIES INC,ENTN
157634, , ,12/31/11,Austin,Entorian Technologies Inc,4520,452030,45,45203020,D,USA,334111,3571, , , ,TX,ENTORIAN TECHNOLOGIES INC,ENTN
157634, , ,1/31/12,Austin,Entorian Technologies Inc,4520,452030,45,45203020,D,USA,334111,3571, , , ,TX,ENTORIAN TECHNOLOGIES INC,ENTN
157634, , ,2/29/12,Austin,Entorian Technologies Inc,4520,452030,45,45203020,D,USA,334111,3571, , , ,TX,ENTORIAN TECHNOLOGIES INC,ENTN
157634, , ,3/31/12,Austin,Entorian Technologies Inc,4520,452030,45,45203020,D,USA,334111,3571, , , ,TX,ENTORIAN TECHNOLOGIES INC,ENTN
157634, , ,4/30/12,Austin,Entorian Technologies Inc,4520,452030,45,45203020,D,USA,334111,3571, , , ,TX,ENTORIAN TECHNOLOGIES INC,ENTN
157634, , ,5/31/12,Austin,Entorian Technologies Inc,4520,452030,45,45203020,D,USA,334111,3571, , , ,TX,ENTORIAN TECHNOLOGIES INC,ENTN
157634, , ,6/30/12,Austin,Entorian Technologies Inc,4520,452030,45,45203020,D,USA,334111,3571, , , ,TX,ENTORIAN TECHNOLOGIES INC,ENTN
157634, , ,7/31/12,Austin,Entorian Technologies Inc,4520,452030,45,45203020,D,USA,334111,3571, , , ,TX,ENTORIAN TECHNOLOGIES INC,ENTN
157634, , ,8/31/12,Austin,Entorian Technologies Inc,4520,452030,45,45203020,D,USA,334111,3571, , , ,TX,ENTORIAN TECHNOLOGIES INC,ENTN
157634, , ,9/30/12,Austin,Entorian Technologies Inc,4520,452030,45,45203020,D,USA,334111,3571, , , ,TX,ENTORIAN TECHNOLOGIES INC,ENTN
157634, , ,10/31/12,Austin,Entorian Technologies Inc,4520,452030,45,45203020,D,USA,334111,3571, , , ,TX,ENTORIAN TECHNOLOGIES INC,ENTN
157634, , ,11/30/12,Austin,Entorian Technologies Inc,4520,452030,45,45203020,D,USA,334111,3571, , , ,TX,ENTORIAN TECHNOLOGIES INC,ENTN
158791, , ,1/31/10,Fremont,Procera Networks Inc,4520,452010,45,45201020,D,USA,333316,3576, , ,C,CA,PROCERA NETWORKS INC,PKT
158791, , ,2/28/10,Fremont,Procera Networks Inc,4520,452010,45,45201020,D,USA,333316,3576, , ,C,CA,PROCERA NETWORKS INC,PKT
158791, , ,3/31/10,Fremont,Procera Networks Inc,4520,452010,45,45201020,D,USA,333316,3576, , ,C,CA,PROCERA NETWORKS INC,PKT
158791, , ,4/30/10,Fremont,Procera Networks Inc,4520,452010,45,45201020,D,USA,333316,3576, , ,C,CA,PROCERA NETWORKS INC,PKT
158791, , ,5/31/10,Fremont,Procera Networks Inc,4520,452010,45,45201020,D,USA,333316,3576, , ,C,CA,PROCERA NETWORKS INC,PKT
158791, , ,6/30/10,Fremont,Procera Networks Inc,4520,452010,45,45201020,D,USA,333316,3576, , ,C,CA,PROCERA NETWORKS INC,PKT
158791, , ,7/31/10,Fremont,Procera Networks Inc,4520,452010,45,45201020,D,USA,333316,3576, , ,C,CA,PROCERA NETWORKS INC,PKT
158791, , ,8/31/10,Fremont,Procera Networks Inc,4520,452010,45,45201020,D,USA,333316,3576, , ,C,CA,PROCERA NETWORKS INC,PKT
158791, , ,9/30/10,Fremont,Procera Networks Inc,4520,452010,45,45201020,D,USA,333316,3576, , ,C,CA,PROCERA NETWORKS INC,PKT
158791, , ,10/31/10,Fremont,Procera Networks Inc,4520,452010,45,45201020,D,USA,333316,3576, , ,C,CA,PROCERA NETWORKS INC,PKT
158791, , ,11/30/10,Fremont,Procera Networks Inc,4520,452010,45,45201020,D,USA,333316,3576, , ,C,CA,PROCERA NETWORKS INC,PKT
158791, , ,12/31/10,Fremont,Procera Networks Inc,4520,452010,45,45201020,D,USA,333316,3576, , ,C,CA,PROCERA NETWORKS INC,PKT
158791, , ,1/31/11,Fremont,Procera Networks Inc,4520,452010,45,45201020,D,USA,333316,3576, , ,C,CA,PROCERA NETWORKS INC,PKT
158791, , ,2/28/11,Fremont,Procera Networks Inc,4520,452010,45,45201020,D,USA,333316,3576, , ,C,CA,PROCERA NETWORKS INC,PKT
158791, , ,3/31/11,Fremont,Procera Networks Inc,4520,452010,45,45201020,D,USA,333316,3576, , ,C,CA,PROCERA NETWORKS INC,PKT
158791, , ,4/30/11,Fremont,Procera Networks Inc,4520,452010,45,45201020,D,USA,333316,3576, , ,C,CA,PROCERA NETWORKS INC,PKT
158791, , ,5/31/11,Fremont,Procera Networks Inc,4520,452010,45,45201020,D,USA,333316,3576, , ,C,CA,PROCERA NETWORKS INC,PKT
158791, , ,6/30/11,Fremont,Procera Networks Inc,4520,452010,45,45201020,D,USA,333316,3576, , ,C,CA,PROCERA NETWORKS INC,PKT
158791, , ,7/31/11,Fremont,Procera Networks Inc,4520,452010,45,45201020,D,USA,333316,3576, , ,C,CA,PROCERA NETWORKS INC,PKT
158791, , ,8/31/11,Fremont,Procera Networks Inc,4520,452010,45,45201020,D,USA,333316,3576, , ,C,CA,PROCERA NETWORKS INC,PKT
158791, , ,9/30/11,Fremont,Procera Networks Inc,4520,452010,45,45201020,D,USA,333316,3576, , ,C,CA,PROCERA NETWORKS INC,PKT
158791, , ,10/31/11,Fremont,Procera Networks Inc,4520,452010,45,45201020,D,USA,333316,3576, , ,C,CA,PROCERA NETWORKS INC,PKT
158791, , ,11/30/11,Fremont,Procera Networks Inc,4520,452010,45,45201020,D,USA,333316,3576, , ,C,CA,PROCERA NETWORKS INC,PKT
158791, , ,12/31/11,Fremont,Procera Networks Inc,4520,452010,45,45201020,D,USA,333316,3576, , ,C,CA,PROCERA NETWORKS INC,PKT
158791, , ,1/31/12,Fremont,Procera Networks Inc,4520,452010,45,45201020,D,USA,333316,3576, , ,C,CA,PROCERA NETWORKS INC,PKT
158791, , ,2/29/12,Fremont,Procera Networks Inc,4520,452010,45,45201020,D,USA,333316,3576, , ,C,CA,PROCERA NETWORKS INC,PKT
158791, , ,3/31/12,Fremont,Procera Networks Inc,4520,452010,45,45201020,D,USA,333316,3576, , ,C,CA,PROCERA NETWORKS INC,PKT
158791, , ,4/30/12,Fremont,Procera Networks Inc,4520,452010,45,45201020,D,USA,333316,3576, , ,C,CA,PROCERA NETWORKS INC,PKT
158791, , ,5/31/12,Fremont,Procera Networks Inc,4520,452010,45,45201020,D,USA,333316,3576, , ,C,CA,PROCERA NETWORKS INC,PKT
158791, , ,6/30/12,Fremont,Procera Networks Inc,4520,452010,45,45201020,D,USA,333316,3576, , ,C,CA,PROCERA NETWORKS INC,PKT
158791, , ,7/31/12,Fremont,Procera Networks Inc,4520,452010,45,45201020,D,USA,333316,3576, , ,C,CA,PROCERA NETWORKS INC,PKT
158791, , ,8/31/12,Fremont,Procera Networks Inc,4520,452010,45,45201020,D,USA,333316,3576, , ,C,CA,PROCERA NETWORKS INC,PKT
158791, , ,9/30/12,Fremont,Procera Networks Inc,4520,452010,45,45201020,D,USA,333316,3576, , ,C,CA,PROCERA NETWORKS INC,PKT
158791, , ,10/31/12,Fremont,Procera Networks Inc,4520,452010,45,45201020,D,USA,333316,3576, , ,C,CA,PROCERA NETWORKS INC,PKT
158791, , ,11/30/12,Fremont,Procera Networks Inc,4520,452010,45,45201020,D,USA,333316,3576, , ,C,CA,PROCERA NETWORKS INC,PKT
158791, , ,12/31/12,Fremont,Procera Networks Inc,4520,452010,45,45201020,D,USA,333316,3576, , ,C,CA,PROCERA NETWORKS INC,PKT
158791, , ,1/31/13,Fremont,Procera Networks Inc,4520,452010,45,45201020,D,USA,333316,3576, , ,C,CA,PROCERA NETWORKS INC,PKT
158791, , ,2/28/13,Fremont,Procera Networks Inc,4520,452010,45,45201020,D,USA,333316,3576, , ,C,CA,PROCERA NETWORKS INC,PKT
158791, , ,3/31/13,Fremont,Procera Networks Inc,4520,452010,45,45201020,D,USA,333316,3576, , ,C,CA,PROCERA NETWORKS INC,PKT
158791, , ,4/30/13,Fremont,Procera Networks Inc,4520,452010,45,45201020,D,USA,333316,3576, , ,C,CA,PROCERA NETWORKS INC,PKT
158791, , ,5/31/13,Fremont,Procera Networks Inc,4520,452010,45,45201020,D,USA,333316,3576, , ,C,CA,PROCERA NETWORKS INC,PKT
158791, , ,6/30/13,Fremont,Procera Networks Inc,4520,452010,45,45201020,D,USA,333316,3576, , ,C,CA,PROCERA NETWORKS INC,PKT
158791, , ,7/31/13,Fremont,Procera Networks Inc,4520,452010,45,45201020,D,USA,333316,3576, , ,C,CA,PROCERA NETWORKS INC,PKT
158791, , ,8/31/13,Fremont,Procera Networks Inc,4520,452010,45,45201020,D,USA,333316,3576, , ,C,CA,PROCERA NETWORKS INC,PKT
158791, , ,9/30/13,Fremont,Procera Networks Inc,4520,452010,45,45201020,D,USA,333316,3576, , ,C,CA,PROCERA NETWORKS INC,PKT
158791, , ,10/31/13,Fremont,Procera Networks Inc,4520,452010,45,45201020,D,USA,333316,3576, , ,C,CA,PROCERA NETWORKS INC,PKT
160216, , ,1/31/10,Irvine,Multi-Fineline Electronix Inc,4520,452030,45,45203020,D,USA,334412,3672, , ,B-,CA,MULTI-FINELINE ELECTRON INC,MFLX
160216, , ,2/28/10,Irvine,Multi-Fineline Electronix Inc,4520,452030,45,45203020,D,USA,334412,3672, , ,B-,CA,MULTI-FINELINE ELECTRON INC,MFLX
160216, , ,3/31/10,Irvine,Multi-Fineline Electronix Inc,4520,452030,45,45203020,D,USA,334412,3672, , ,B-,CA,MULTI-FINELINE ELECTRON INC,MFLX
160216, , ,4/30/10,Irvine,Multi-Fineline Electronix Inc,4520,452030,45,45203020,D,USA,334412,3672, , ,B-,CA,MULTI-FINELINE ELECTRON INC,MFLX
160216, , ,5/31/10,Irvine,Multi-Fineline Electronix Inc,4520,452030,45,45203020,D,USA,334412,3672, , ,B-,CA,MULTI-FINELINE ELECTRON INC,MFLX
160216, , ,6/30/10,Irvine,Multi-Fineline Electronix Inc,4520,452030,45,45203020,D,USA,334412,3672, , ,B-,CA,MULTI-FINELINE ELECTRON INC,MFLX
160216, , ,7/31/10,Irvine,Multi-Fineline Electronix Inc,4520,452030,45,45203020,D,USA,334412,3672, , ,B-,CA,MULTI-FINELINE ELECTRON INC,MFLX
160216, , ,8/31/10,Irvine,Multi-Fineline Electronix Inc,4520,452030,45,45203020,D,USA,334412,3672, , ,B-,CA,MULTI-FINELINE ELECTRON INC,MFLX
160216, , ,9/30/10,Irvine,Multi-Fineline Electronix Inc,4520,452030,45,45203020,D,USA,334412,3672, , ,B-,CA,MULTI-FINELINE ELECTRON INC,MFLX
160216, , ,10/31/10,Irvine,Multi-Fineline Electronix Inc,4520,452030,45,45203020,D,USA,334412,3672, , ,B-,CA,MULTI-FINELINE ELECTRON INC,MFLX
160216, , ,11/30/10,Irvine,Multi-Fineline Electronix Inc,4520,452030,45,45203020,D,USA,334412,3672, , ,B-,CA,MULTI-FINELINE ELECTRON INC,MFLX
160216, , ,12/31/10,Irvine,Multi-Fineline Electronix Inc,4520,452030,45,45203020,D,USA,334412,3672, , ,B-,CA,MULTI-FINELINE ELECTRON INC,MFLX
160216, , ,1/31/11,Irvine,Multi-Fineline Electronix Inc,4520,452030,45,45203020,D,USA,334412,3672, , ,B-,CA,MULTI-FINELINE ELECTRON INC,MFLX
160216, , ,2/28/11,Irvine,Multi-Fineline Electronix Inc,4520,452030,45,45203020,D,USA,334412,3672, , ,B-,CA,MULTI-FINELINE ELECTRON INC,MFLX
160216, , ,3/31/11,Irvine,Multi-Fineline Electronix Inc,4520,452030,45,45203020,D,USA,334412,3672, , ,B-,CA,MULTI-FINELINE ELECTRON INC,MFLX
160216, , ,4/30/11,Irvine,Multi-Fineline Electronix Inc,4520,452030,45,45203020,D,USA,334412,3672, , ,B-,CA,MULTI-FINELINE ELECTRON INC,MFLX
160216, , ,5/31/11,Irvine,Multi-Fineline Electronix Inc,4520,452030,45,45203020,D,USA,334412,3672, , ,B-,CA,MULTI-FINELINE ELECTRON INC,MFLX
160216, , ,6/30/11,Irvine,Multi-Fineline Electronix Inc,4520,452030,45,45203020,D,USA,334412,3672, , ,B-,CA,MULTI-FINELINE ELECTRON INC,MFLX
160216, , ,7/31/11,Irvine,Multi-Fineline Electronix Inc,4520,452030,45,45203020,D,USA,334412,3672, , ,B-,CA,MULTI-FINELINE ELECTRON INC,MFLX
160216, , ,8/31/11,Irvine,Multi-Fineline Electronix Inc,4520,452030,45,45203020,D,USA,334412,3672, , ,B-,CA,MULTI-FINELINE ELECTRON INC,MFLX
160216, , ,9/30/11,Irvine,Multi-Fineline Electronix Inc,4520,452030,45,45203020,D,USA,334412,3672, , ,B-,CA,MULTI-FINELINE ELECTRON INC,MFLX
160216, , ,10/31/11,Irvine,Multi-Fineline Electronix Inc,4520,452030,45,45203020,D,USA,334412,3672, , ,B-,CA,MULTI-FINELINE ELECTRON INC,MFLX
160216, , ,11/30/11,Irvine,Multi-Fineline Electronix Inc,4520,452030,45,45203020,D,USA,334412,3672, , ,B-,CA,MULTI-FINELINE ELECTRON INC,MFLX
160216, , ,12/31/11,Irvine,Multi-Fineline Electronix Inc,4520,452030,45,45203020,D,USA,334412,3672, , ,B-,CA,MULTI-FINELINE ELECTRON INC,MFLX
160216, , ,1/31/12,Irvine,Multi-Fineline Electronix Inc,4520,452030,45,45203020,D,USA,334412,3672, , ,B-,CA,MULTI-FINELINE ELECTRON INC,MFLX
160216, , ,2/29/12,Irvine,Multi-Fineline Electronix Inc,4520,452030,45,45203020,D,USA,334412,3672, , ,B-,CA,MULTI-FINELINE ELECTRON INC,MFLX
160216, , ,3/31/12,Irvine,Multi-Fineline Electronix Inc,4520,452030,45,45203020,D,USA,334412,3672, , ,B-,CA,MULTI-FINELINE ELECTRON INC,MFLX
160216, , ,4/30/12,Irvine,Multi-Fineline Electronix Inc,4520,452030,45,45203020,D,USA,334412,3672, , ,B-,CA,MULTI-FINELINE ELECTRON INC,MFLX
160216, , ,5/31/12,Irvine,Multi-Fineline Electronix Inc,4520,452030,45,45203020,D,USA,334412,3672, , ,B-,CA,MULTI-FINELINE ELECTRON INC,MFLX
160216, , ,6/30/12,Irvine,Multi-Fineline Electronix Inc,4520,452030,45,45203020,D,USA,334412,3672, , ,B-,CA,MULTI-FINELINE ELECTRON INC,MFLX
160216, , ,7/31/12,Irvine,Multi-Fineline Electronix Inc,4520,452030,45,45203020,D,USA,334412,3672, , ,B-,CA,MULTI-FINELINE ELECTRON INC,MFLX
160216, , ,8/31/12,Irvine,Multi-Fineline Electronix Inc,4520,452030,45,45203020,D,USA,334412,3672, , ,B-,CA,MULTI-FINELINE ELECTRON INC,MFLX
160216, , ,9/30/12,Irvine,Multi-Fineline Electronix Inc,4520,452030,45,45203020,D,USA,334412,3672, , ,B-,CA,MULTI-FINELINE ELECTRON INC,MFLX
160216, , ,10/31/12,Irvine,Multi-Fineline Electronix Inc,4520,452030,45,45203020,D,USA,334412,3672, , ,B-,CA,MULTI-FINELINE ELECTRON INC,MFLX
160216, , ,11/30/12,Irvine,Multi-Fineline Electronix Inc,4520,452030,45,45203020,D,USA,334412,3672, , ,B-,CA,MULTI-FINELINE ELECTRON INC,MFLX
160216, , ,12/31/12,Irvine,Multi-Fineline Electronix Inc,4520,452030,45,45203020,D,USA,334412,3672, , ,B-,CA,MULTI-FINELINE ELECTRON INC,MFLX
160216, , ,1/31/13,Irvine,Multi-Fineline Electronix Inc,4520,452030,45,45203020,D,USA,334412,3672, , ,B-,CA,MULTI-FINELINE ELECTRON INC,MFLX
160216, , ,2/28/13,Irvine,Multi-Fineline Electronix Inc,4520,452030,45,45203020,D,USA,334412,3672, , ,B-,CA,MULTI-FINELINE ELECTRON INC,MFLX
160216, , ,3/31/13,Irvine,Multi-Fineline Electronix Inc,4520,452030,45,45203020,D,USA,334412,3672, , ,B-,CA,MULTI-FINELINE ELECTRON INC,MFLX
160216, , ,4/30/13,Irvine,Multi-Fineline Electronix Inc,4520,452030,45,45203020,D,USA,334412,3672, , ,B-,CA,MULTI-FINELINE ELECTRON INC,MFLX
160216, , ,5/31/13,Irvine,Multi-Fineline Electronix Inc,4520,452030,45,45203020,D,USA,334412,3672, , ,B-,CA,MULTI-FINELINE ELECTRON INC,MFLX
160216, , ,6/30/13,Irvine,Multi-Fineline Electronix Inc,4520,452030,45,45203020,D,USA,334412,3672, , ,B-,CA,MULTI-FINELINE ELECTRON INC,MFLX
160216, , ,7/31/13,Irvine,Multi-Fineline Electronix Inc,4520,452030,45,45203020,D,USA,334412,3672, , ,B-,CA,MULTI-FINELINE ELECTRON INC,MFLX
160216, , ,8/31/13,Irvine,Multi-Fineline Electronix Inc,4520,452030,45,45203020,D,USA,334412,3672, , ,B-,CA,MULTI-FINELINE ELECTRON INC,MFLX
160216, , ,9/30/13,Irvine,Multi-Fineline Electronix Inc,4520,452030,45,45203020,D,USA,334412,3672, , ,B-,CA,MULTI-FINELINE ELECTRON INC,MFLX
160216, , ,10/31/13,Irvine,Multi-Fineline Electronix Inc,4520,452030,45,45203020,D,USA,334412,3672, , ,B-,CA,MULTI-FINELINE ELECTRON INC,MFLX
160492, , ,1/31/10,Nampa,MPC Corp,4520,452020,45,45202010,D,USA,334119,3577, , ,D,ID,MPC CORP,MPCCQ
160492, , ,2/28/10,Nampa,MPC Corp,4520,452020,45,45202010,D,USA,334119,3577, , ,D,ID,MPC CORP,MPCCQ
160492, , ,3/31/10,Nampa,MPC Corp,4520,452020,45,45202010,D,USA,334119,3577, , ,D,ID,MPC CORP,MPCCQ
160492, , ,4/30/10,Nampa,MPC Corp,4520,452020,45,45202010,D,USA,334119,3577, , ,D,ID,MPC CORP,MPCCQ
160492, , ,5/31/10,Nampa,MPC Corp,4520,452020,45,45202010,D,USA,334119,3577, , ,D,ID,MPC CORP,MPCCQ
160492, , ,6/30/10,Nampa,MPC Corp,4520,452020,45,45202010,D,USA,334119,3577, , ,D,ID,MPC CORP,MPCCQ
160492, , ,7/31/10,Nampa,MPC Corp,4520,452020,45,45202010,D,USA,334119,3577, , ,D,ID,MPC CORP,MPCCQ
160492, , ,8/31/10,Nampa,MPC Corp,4520,452020,45,45202010,D,USA,334119,3577, , ,D,ID,MPC CORP,MPCCQ
160492, , ,9/30/10,Nampa,MPC Corp,4520,452020,45,45202010,D,USA,334119,3577, , ,D,ID,MPC CORP,MPCCQ
160492, , ,10/31/10,Nampa,MPC Corp,4520,452020,45,45202010,D,USA,334119,3577, , ,D,ID,MPC CORP,MPCCQ
160492, , ,11/30/10,Nampa,MPC Corp,4520,452020,45,45202010,D,USA,334119,3577, , ,D,ID,MPC CORP,MPCCQ
160492, , ,12/31/10,Nampa,MPC Corp,4520,452020,45,45202010,D,USA,334119,3577, , ,D,ID,MPC CORP,MPCCQ
160492, , ,1/31/11,Nampa,MPC Corp,4520,452020,45,45202010,D,USA,334119,3577, , ,D,ID,MPC CORP,MPCCQ
160492, , ,2/28/11,Nampa,MPC Corp,4520,452020,45,45202010,D,USA,334119,3577, , ,D,ID,MPC CORP,MPCCQ
160492, , ,3/31/11,Nampa,MPC Corp,4520,452020,45,45202010,D,USA,334119,3577, , ,D,ID,MPC CORP,MPCCQ
160492, , ,4/30/11,Nampa,MPC Corp,4520,452020,45,45202010,D,USA,334119,3577, , ,D,ID,MPC CORP,MPCCQ
160498, , ,1/31/10,Pasadena,Cogent Inc,4520,452030,45,45203010,D,USA,541512,7373, , , ,CA,COGENT INC,COGT
160498, , ,2/28/10,Pasadena,Cogent Inc,4520,452030,45,45203010,D,USA,541512,7373, , , ,CA,COGENT INC,COGT
160498, , ,3/31/10,Pasadena,Cogent Inc,4520,452030,45,45203010,D,USA,541512,7373, , , ,CA,COGENT INC,COGT
160498, , ,4/30/10,Pasadena,Cogent Inc,4520,452030,45,45203010,D,USA,541512,7373, , , ,CA,COGENT INC,COGT
160498, , ,5/31/10,Pasadena,Cogent Inc,4520,452030,45,45203010,D,USA,541512,7373, , , ,CA,COGENT INC,COGT
160498, , ,6/30/10,Pasadena,Cogent Inc,4520,452030,45,45203010,D,USA,541512,7373, , , ,CA,COGENT INC,COGT
160498, , ,7/31/10,Pasadena,Cogent Inc,4520,452030,45,45203010,D,USA,541512,7373, , , ,CA,COGENT INC,COGT
160498, , ,8/31/10,Pasadena,Cogent Inc,4520,452030,45,45203010,D,USA,541512,7373, , , ,CA,COGENT INC,COGT
160498, , ,9/30/10,Pasadena,Cogent Inc,4520,452030,45,45203010,D,USA,541512,7373, , , ,CA,COGENT INC,COGT
160498, , ,10/31/10,Pasadena,Cogent Inc,4520,452030,45,45203010,D,USA,541512,7373, , , ,CA,COGENT INC,COGT
160498, , ,11/30/10,Pasadena,Cogent Inc,4520,452030,45,45203010,D,USA,541512,7373, , , ,CA,COGENT INC,COGT
160498, , ,12/31/10,Pasadena,Cogent Inc,4520,452030,45,45203010,D,USA,541512,7373, , , ,CA,COGENT INC,COGT
160573, , ,1/31/10,Newbury Park,Electronic Sensor Technology Inc,4520,452030,45,45203010,D,USA,334419,3679, , , ,CA,ELECTRONIC SENSOR TECH INC,ESNR
160573, , ,2/28/10,Newbury Park,Electronic Sensor Technology Inc,4520,452030,45,45203010,D,USA,334419,3679, , , ,CA,ELECTRONIC SENSOR TECH INC,ESNR
160573, , ,3/31/10,Newbury Park,Electronic Sensor Technology Inc,4520,452030,45,45203010,D,USA,334419,3679, , , ,CA,ELECTRONIC SENSOR TECH INC,ESNR
160573, , ,4/30/10,Newbury Park,Electronic Sensor Technology Inc,4520,452030,45,45203010,D,USA,334419,3679, , , ,CA,ELECTRONIC SENSOR TECH INC,ESNR
160573, , ,5/31/10,Newbury Park,Electronic Sensor Technology Inc,4520,452030,45,45203010,D,USA,334419,3679, , , ,CA,ELECTRONIC SENSOR TECH INC,ESNR
160573, , ,6/30/10,Newbury Park,Electronic Sensor Technology Inc,4520,452030,45,45203010,D,USA,334419,3679, , , ,CA,ELECTRONIC SENSOR TECH INC,ESNR
160573, , ,7/31/10,Newbury Park,Electronic Sensor Technology Inc,4520,452030,45,45203010,D,USA,334419,3679, , , ,CA,ELECTRONIC SENSOR TECH INC,ESNR
160573, , ,8/31/10,Newbury Park,Electronic Sensor Technology Inc,4520,452030,45,45203010,D,USA,334419,3679, , , ,CA,ELECTRONIC SENSOR TECH INC,ESNR
160573, , ,9/30/10,Newbury Park,Electronic Sensor Technology Inc,4520,452030,45,45203010,D,USA,334419,3679, , , ,CA,ELECTRONIC SENSOR TECH INC,ESNR
160573, , ,10/31/10,Newbury Park,Electronic Sensor Technology Inc,4520,452030,45,45203010,D,USA,334419,3679, , , ,CA,ELECTRONIC SENSOR TECH INC,ESNR
160573, , ,11/30/10,Newbury Park,Electronic Sensor Technology Inc,4520,452030,45,45203010,D,USA,334419,3679, , , ,CA,ELECTRONIC SENSOR TECH INC,ESNR
160573, , ,12/31/10,Newbury Park,Electronic Sensor Technology Inc,4520,452030,45,45203010,D,USA,334419,3679, , , ,CA,ELECTRONIC SENSOR TECH INC,ESNR
160573, , ,1/31/11,Newbury Park,Electronic Sensor Technology Inc,4520,452030,45,45203010,D,USA,334419,3679, , , ,CA,ELECTRONIC SENSOR TECH INC,ESNR
160573, , ,2/28/11,Newbury Park,Electronic Sensor Technology Inc,4520,452030,45,45203010,D,USA,334419,3679, , , ,CA,ELECTRONIC SENSOR TECH INC,ESNR
160573, , ,3/31/11,Newbury Park,Electronic Sensor Technology Inc,4520,452030,45,45203010,D,USA,334419,3679, , , ,CA,ELECTRONIC SENSOR TECH INC,ESNR
160573, , ,4/30/11,Newbury Park,Electronic Sensor Technology Inc,4520,452030,45,45203010,D,USA,334419,3679, , , ,CA,ELECTRONIC SENSOR TECH INC,ESNR
160573, , ,5/31/11,Newbury Park,Electronic Sensor Technology Inc,4520,452030,45,45203010,D,USA,334419,3679, , , ,CA,ELECTRONIC SENSOR TECH INC,ESNR
160573, , ,6/30/11,Newbury Park,Electronic Sensor Technology Inc,4520,452030,45,45203010,D,USA,334419,3679, , , ,CA,ELECTRONIC SENSOR TECH INC,ESNR
160573, , ,7/31/11,Newbury Park,Electronic Sensor Technology Inc,4520,452030,45,45203010,D,USA,334419,3679, , , ,CA,ELECTRONIC SENSOR TECH INC,ESNR
160573, , ,8/31/11,Newbury Park,Electronic Sensor Technology Inc,4520,452030,45,45203010,D,USA,334419,3679, , , ,CA,ELECTRONIC SENSOR TECH INC,ESNR
160573, , ,9/30/11,Newbury Park,Electronic Sensor Technology Inc,4520,452030,45,45203010,D,USA,334419,3679, , , ,CA,ELECTRONIC SENSOR TECH INC,ESNR
160573, , ,10/31/11,Newbury Park,Electronic Sensor Technology Inc,4520,452030,45,45203010,D,USA,334419,3679, , , ,CA,ELECTRONIC SENSOR TECH INC,ESNR
160573, , ,11/30/11,Newbury Park,Electronic Sensor Technology Inc,4520,452030,45,45203010,D,USA,334419,3679, , , ,CA,ELECTRONIC SENSOR TECH INC,ESNR
160573, , ,12/31/11,Newbury Park,Electronic Sensor Technology Inc,4520,452030,45,45203010,D,USA,334419,3679, , , ,CA,ELECTRONIC SENSOR TECH INC,ESNR
160573, , ,1/31/12,Newbury Park,Electronic Sensor Technology Inc,4520,452030,45,45203010,D,USA,334419,3679, , , ,CA,ELECTRONIC SENSOR TECH INC,ESNR
160573, , ,2/29/12,Newbury Park,Electronic Sensor Technology Inc,4520,452030,45,45203010,D,USA,334419,3679, , , ,CA,ELECTRONIC SENSOR TECH INC,ESNR
160573, , ,3/31/12,Newbury Park,Electronic Sensor Technology Inc,4520,452030,45,45203010,D,USA,334419,3679, , , ,CA,ELECTRONIC SENSOR TECH INC,ESNR
160573, , ,4/30/12,Newbury Park,Electronic Sensor Technology Inc,4520,452030,45,45203010,D,USA,334419,3679, , , ,CA,ELECTRONIC SENSOR TECH INC,ESNR
160573, , ,5/31/12,Newbury Park,Electronic Sensor Technology Inc,4520,452030,45,45203010,D,USA,334419,3679, , , ,CA,ELECTRONIC SENSOR TECH INC,ESNR
160573, , ,6/30/12,Newbury Park,Electronic Sensor Technology Inc,4520,452030,45,45203010,D,USA,334419,3679, , , ,CA,ELECTRONIC SENSOR TECH INC,ESNR
160573, , ,7/31/12,Newbury Park,Electronic Sensor Technology Inc,4520,452030,45,45203010,D,USA,334419,3679, , , ,CA,ELECTRONIC SENSOR TECH INC,ESNR
160573, , ,8/31/12,Newbury Park,Electronic Sensor Technology Inc,4520,452030,45,45203010,D,USA,334419,3679, , , ,CA,ELECTRONIC SENSOR TECH INC,ESNR
160573, , ,9/30/12,Newbury Park,Electronic Sensor Technology Inc,4520,452030,45,45203010,D,USA,334419,3679, , , ,CA,ELECTRONIC SENSOR TECH INC,ESNR
160573, , ,10/31/12,Newbury Park,Electronic Sensor Technology Inc,4520,452030,45,45203010,D,USA,334419,3679, , , ,CA,ELECTRONIC SENSOR TECH INC,ESNR
160573, , ,11/30/12,Newbury Park,Electronic Sensor Technology Inc,4520,452030,45,45203010,D,USA,334419,3679, , , ,CA,ELECTRONIC SENSOR TECH INC,ESNR
160573, , ,12/31/12,Newbury Park,Electronic Sensor Technology Inc,4520,452030,45,45203010,D,USA,334419,3679, , , ,CA,ELECTRONIC SENSOR TECH INC,ESNR
160573, , ,1/31/13,Newbury Park,Electronic Sensor Technology Inc,4520,452030,45,45203010,D,USA,334419,3679, , , ,CA,ELECTRONIC SENSOR TECH INC,ESNR
160573, , ,2/28/13,Newbury Park,Electronic Sensor Technology Inc,4520,452030,45,45203010,D,USA,334419,3679, , , ,CA,ELECTRONIC SENSOR TECH INC,ESNR
160573, , ,3/31/13,Newbury Park,Electronic Sensor Technology Inc,4520,452030,45,45203010,D,USA,334419,3679, , , ,CA,ELECTRONIC SENSOR TECH INC,ESNR
160573, , ,4/30/13,Newbury Park,Electronic Sensor Technology Inc,4520,452030,45,45203010,D,USA,334419,3679, , , ,CA,ELECTRONIC SENSOR TECH INC,ESNR
160573, , ,5/31/13,Newbury Park,Electronic Sensor Technology Inc,4520,452030,45,45203010,D,USA,334419,3679, , , ,CA,ELECTRONIC SENSOR TECH INC,ESNR
160573, , ,6/30/13,Newbury Park,Electronic Sensor Technology Inc,4520,452030,45,45203010,D,USA,334419,3679, , , ,CA,ELECTRONIC SENSOR TECH INC,ESNR
160573, , ,7/31/13,Newbury Park,Electronic Sensor Technology Inc,4520,452030,45,45203010,D,USA,334419,3679, , , ,CA,ELECTRONIC SENSOR TECH INC,ESNR
160573, , ,8/31/13,Newbury Park,Electronic Sensor Technology Inc,4520,452030,45,45203010,D,USA,334419,3679, , , ,CA,ELECTRONIC SENSOR TECH INC,ESNR
160573, , ,9/30/13,Newbury Park,Electronic Sensor Technology Inc,4520,452030,45,45203010,D,USA,334419,3679, , , ,CA,ELECTRONIC SENSOR TECH INC,ESNR
160573, , ,10/31/13,Newbury Park,Electronic Sensor Technology Inc,4520,452030,45,45203010,D,USA,334419,3679, , , ,CA,ELECTRONIC SENSOR TECH INC,ESNR
160629, , ,1/31/10,Havant,Xyratex Ltd,4520,452020,45,45202030,D,GBR,334112,3572, , , , ,XYRATEX LTD,XRTX
160629, , ,2/28/10,Havant,Xyratex Ltd,4520,452020,45,45202030,D,GBR,334112,3572, , , , ,XYRATEX LTD,XRTX
160629, , ,3/31/10,Havant,Xyratex Ltd,4520,452020,45,45202030,D,GBR,334112,3572, , , , ,XYRATEX LTD,XRTX
160629, , ,4/30/10,Havant,Xyratex Ltd,4520,452020,45,45202030,D,GBR,334112,3572, , , , ,XYRATEX LTD,XRTX
160629, , ,5/31/10,Havant,Xyratex Ltd,4520,452020,45,45202030,D,GBR,334112,3572, , , , ,XYRATEX LTD,XRTX
160629, , ,6/30/10,Havant,Xyratex Ltd,4520,452020,45,45202030,D,GBR,334112,3572, , , , ,XYRATEX LTD,XRTX
160629, , ,7/31/10,Havant,Xyratex Ltd,4520,452020,45,45202030,D,GBR,334112,3572, , , , ,XYRATEX LTD,XRTX
160629, , ,8/31/10,Havant,Xyratex Ltd,4520,452020,45,45202030,D,GBR,334112,3572, , , , ,XYRATEX LTD,XRTX
160629, , ,9/30/10,Havant,Xyratex Ltd,4520,452020,45,45202030,D,GBR,334112,3572, , , , ,XYRATEX LTD,XRTX
160629, , ,10/31/10,Havant,Xyratex Ltd,4520,452020,45,45202030,D,GBR,334112,3572, , , , ,XYRATEX LTD,XRTX
160629, , ,11/30/10,Havant,Xyratex Ltd,4520,452020,45,45202030,D,GBR,334112,3572, , , , ,XYRATEX LTD,XRTX
160629, , ,12/31/10,Havant,Xyratex Ltd,4520,452020,45,45202030,D,GBR,334112,3572, , , , ,XYRATEX LTD,XRTX
160629, , ,1/31/11,Havant,Xyratex Ltd,4520,452020,45,45202030,D,GBR,334112,3572, , , , ,XYRATEX LTD,XRTX
160629, , ,2/28/11,Havant,Xyratex Ltd,4520,452020,45,45202030,D,GBR,334112,3572, , , , ,XYRATEX LTD,XRTX
160629, , ,3/31/11,Havant,Xyratex Ltd,4520,452020,45,45202030,D,GBR,334112,3572, , , , ,XYRATEX LTD,XRTX
160629, , ,4/30/11,Havant,Xyratex Ltd,4520,452020,45,45202030,D,GBR,334112,3572, , , , ,XYRATEX LTD,XRTX
160629, , ,5/31/11,Havant,Xyratex Ltd,4520,452020,45,45202030,D,GBR,334112,3572, , , , ,XYRATEX LTD,XRTX
160629, , ,6/30/11,Havant,Xyratex Ltd,4520,452020,45,45202030,D,GBR,334112,3572, , , , ,XYRATEX LTD,XRTX
160629, , ,7/31/11,Havant,Xyratex Ltd,4520,452020,45,45202030,D,GBR,334112,3572, , , , ,XYRATEX LTD,XRTX
160629, , ,8/31/11,Havant,Xyratex Ltd,4520,452020,45,45202030,D,GBR,334112,3572, , , , ,XYRATEX LTD,XRTX
160629, , ,9/30/11,Havant,Xyratex Ltd,4520,452020,45,45202030,D,GBR,334112,3572, , , , ,XYRATEX LTD,XRTX
160629, , ,10/31/11,Havant,Xyratex Ltd,4520,452020,45,45202030,D,GBR,334112,3572, , , , ,XYRATEX LTD,XRTX
160629, , ,11/30/11,Havant,Xyratex Ltd,4520,452020,45,45202030,D,GBR,334112,3572, , , , ,XYRATEX LTD,XRTX
160629, , ,12/31/11,Havant,Xyratex Ltd,4520,452020,45,45202030,D,GBR,334112,3572, , , , ,XYRATEX LTD,XRTX
160629, , ,1/31/12,Havant,Xyratex Ltd,4520,452020,45,45202030,D,GBR,334112,3572, , , , ,XYRATEX LTD,XRTX
160629, , ,2/29/12,Havant,Xyratex Ltd,4520,452020,45,45202030,D,GBR,334112,3572, , , , ,XYRATEX LTD,XRTX
160629, , ,3/31/12,Havant,Xyratex Ltd,4520,452020,45,45202030,D,GBR,334112,3572, , , , ,XYRATEX LTD,XRTX
160629, , ,4/30/12,Havant,Xyratex Ltd,4520,452020,45,45202030,D,GBR,334112,3572, , , , ,XYRATEX LTD,XRTX
160629, , ,5/31/12,Havant,Xyratex Ltd,4520,452020,45,45202030,D,GBR,334112,3572, , , , ,XYRATEX LTD,XRTX
160629, , ,6/30/12,Havant,Xyratex Ltd,4520,452020,45,45202030,D,GBR,334112,3572, , , , ,XYRATEX LTD,XRTX
160629, , ,7/31/12,Havant,Xyratex Ltd,4520,452020,45,45202030,D,GBR,334112,3572, , , , ,XYRATEX LTD,XRTX
160629, , ,8/31/12,Havant,Xyratex Ltd,4520,452020,45,45202030,D,GBR,334112,3572, , , , ,XYRATEX LTD,XRTX
160629, , ,9/30/12,Havant,Xyratex Ltd,4520,452020,45,45202030,D,GBR,334112,3572, , , , ,XYRATEX LTD,XRTX
160629, , ,10/31/12,Havant,Xyratex Ltd,4520,452020,45,45202030,D,GBR,334112,3572, , , , ,XYRATEX LTD,XRTX
160629, , ,11/30/12,Havant,Xyratex Ltd,4520,452020,45,45202030,D,GBR,334112,3572, , , , ,XYRATEX LTD,XRTX
160629, , ,12/31/12,Havant,Xyratex Ltd,4520,452020,45,45202030,D,GBR,334112,3572, , , , ,XYRATEX LTD,XRTX
160629, , ,1/31/13,Havant,Xyratex Ltd,4520,452020,45,45202030,D,GBR,334112,3572, , , , ,XYRATEX LTD,XRTX
160629, , ,2/28/13,Havant,Xyratex Ltd,4520,452020,45,45202030,D,GBR,334112,3572, , , , ,XYRATEX LTD,XRTX
160629, , ,3/31/13,Havant,Xyratex Ltd,4520,452020,45,45202030,D,GBR,334112,3572, , , , ,XYRATEX LTD,XRTX
160629, , ,4/30/13,Havant,Xyratex Ltd,4520,452020,45,45202030,D,GBR,334112,3572, , , , ,XYRATEX LTD,XRTX
160629, , ,5/31/13,Havant,Xyratex Ltd,4520,452020,45,45202030,D,GBR,334112,3572, , , , ,XYRATEX LTD,XRTX
160629, , ,6/30/13,Havant,Xyratex Ltd,4520,452020,45,45202030,D,GBR,334112,3572, , , , ,XYRATEX LTD,XRTX
160629, , ,7/31/13,Havant,Xyratex Ltd,4520,452020,45,45202030,D,GBR,334112,3572, , , , ,XYRATEX LTD,XRTX
160629, , ,8/31/13,Havant,Xyratex Ltd,4520,452020,45,45202030,D,GBR,334112,3572, , , , ,XYRATEX LTD,XRTX
160629, , ,9/30/13,Havant,Xyratex Ltd,4520,452020,45,45202030,D,GBR,334112,3572, , , , ,XYRATEX LTD,XRTX
160629, , ,10/31/13,Havant,Xyratex Ltd,4520,452020,45,45202030,D,GBR,334112,3572, , , , ,XYRATEX LTD,XRTX
160739, , ,1/31/10,Seoul,LG Display Co Ltd,4520,452030,45,45203015,B,KOR,334419,3679, , , , ,LG DISPLAY CO LTD,LPL
160739, , ,2/28/10,Seoul,LG Display Co Ltd,4520,452030,45,45203015,B,KOR,334419,3679, , , , ,LG DISPLAY CO LTD,LPL
160739, , ,3/31/10,Seoul,LG Display Co Ltd,4520,452030,45,45203015,B,KOR,334419,3679, , , , ,LG DISPLAY CO LTD,LPL
160739, , ,4/30/10,Seoul,LG Display Co Ltd,4520,452030,45,45203015,B,KOR,334419,3679, , , , ,LG DISPLAY CO LTD,LPL
160739, , ,5/31/10,Seoul,LG Display Co Ltd,4520,452030,45,45203015,B,KOR,334419,3679, , , , ,LG DISPLAY CO LTD,LPL
160739, , ,6/30/10,Seoul,LG Display Co Ltd,4520,452030,45,45203015,B,KOR,334419,3679, , , , ,LG DISPLAY CO LTD,LPL
160739, , ,7/31/10,Seoul,LG Display Co Ltd,4520,452030,45,45203015,B,KOR,334419,3679, , , , ,LG DISPLAY CO LTD,LPL
160739, , ,8/31/10,Seoul,LG Display Co Ltd,4520,452030,45,45203015,B,KOR,334419,3679, , , , ,LG DISPLAY CO LTD,LPL
160739, , ,9/30/10,Seoul,LG Display Co Ltd,4520,452030,45,45203015,B,KOR,334419,3679, , , , ,LG DISPLAY CO LTD,LPL
160739, , ,10/31/10,Seoul,LG Display Co Ltd,4520,452030,45,45203015,B,KOR,334419,3679, , , , ,LG DISPLAY CO LTD,LPL
160739, , ,11/30/10,Seoul,LG Display Co Ltd,4520,452030,45,45203015,B,KOR,334419,3679, , , , ,LG DISPLAY CO LTD,LPL
160739, , ,12/31/10,Seoul,LG Display Co Ltd,4520,452030,45,45203015,B,KOR,334419,3679, , , , ,LG DISPLAY CO LTD,LPL
160739, , ,1/31/11,Seoul,LG Display Co Ltd,4520,452030,45,45203015,B,KOR,334419,3679, , , , ,LG DISPLAY CO LTD,LPL
160739, , ,2/28/11,Seoul,LG Display Co Ltd,4520,452030,45,45203015,B,KOR,334419,3679, , , , ,LG DISPLAY CO LTD,LPL
160739, , ,3/31/11,Seoul,LG Display Co Ltd,4520,452030,45,45203015,B,KOR,334419,3679, , , , ,LG DISPLAY CO LTD,LPL
160739, , ,4/30/11,Seoul,LG Display Co Ltd,4520,452030,45,45203015,B,KOR,334419,3679, , , , ,LG DISPLAY CO LTD,LPL
160739, , ,5/31/11,Seoul,LG Display Co Ltd,4520,452030,45,45203015,B,KOR,334419,3679, , , , ,LG DISPLAY CO LTD,LPL
160739, , ,6/30/11,Seoul,LG Display Co Ltd,4520,452030,45,45203015,B,KOR,334419,3679, , , , ,LG DISPLAY CO LTD,LPL
160739, , ,7/31/11,Seoul,LG Display Co Ltd,4520,452030,45,45203015,B,KOR,334419,3679, , , , ,LG DISPLAY CO LTD,LPL
160739, , ,8/31/11,Seoul,LG Display Co Ltd,4520,452030,45,45203015,B,KOR,334419,3679, , , , ,LG DISPLAY CO LTD,LPL
160739, , ,9/30/11,Seoul,LG Display Co Ltd,4520,452030,45,45203015,B,KOR,334419,3679, , , , ,LG DISPLAY CO LTD,LPL
160739, , ,10/31/11,Seoul,LG Display Co Ltd,4520,452030,45,45203015,B,KOR,334419,3679, , , , ,LG DISPLAY CO LTD,LPL
160739, , ,11/30/11,Seoul,LG Display Co Ltd,4520,452030,45,45203015,B,KOR,334419,3679, , , , ,LG DISPLAY CO LTD,LPL
160739, , ,12/31/11,Seoul,LG Display Co Ltd,4520,452030,45,45203015,B,KOR,334419,3679, , , , ,LG DISPLAY CO LTD,LPL
160739, , ,1/31/12,Seoul,LG Display Co Ltd,4520,452030,45,45203015,B,KOR,334419,3679, , , , ,LG DISPLAY CO LTD,LPL
160739, , ,2/29/12,Seoul,LG Display Co Ltd,4520,452030,45,45203015,B,KOR,334419,3679, , , , ,LG DISPLAY CO LTD,LPL
160739, , ,3/31/12,Seoul,LG Display Co Ltd,4520,452030,45,45203015,B,KOR,334419,3679, , , , ,LG DISPLAY CO LTD,LPL
160739, , ,4/30/12,Seoul,LG Display Co Ltd,4520,452030,45,45203015,B,KOR,334419,3679, , , , ,LG DISPLAY CO LTD,LPL
160739, , ,5/31/12,Seoul,LG Display Co Ltd,4520,452030,45,45203015,B,KOR,334419,3679, , , , ,LG DISPLAY CO LTD,LPL
160739, , ,6/30/12,Seoul,LG Display Co Ltd,4520,452030,45,45203015,B,KOR,334419,3679, , , , ,LG DISPLAY CO LTD,LPL
160739, , ,7/31/12,Seoul,LG Display Co Ltd,4520,452030,45,45203015,B,KOR,334419,3679, , , , ,LG DISPLAY CO LTD,LPL
160739, , ,8/31/12,Seoul,LG Display Co Ltd,4520,452030,45,45203015,B,KOR,334419,3679, , , , ,LG DISPLAY CO LTD,LPL
160739, , ,9/30/12,Seoul,LG Display Co Ltd,4520,452030,45,45203015,B,KOR,334419,3679, , , , ,LG DISPLAY CO LTD,LPL
160739, , ,10/31/12,Seoul,LG Display Co Ltd,4520,452030,45,45203015,B,KOR,334419,3679, , , , ,LG DISPLAY CO LTD,LPL
160739, , ,11/30/12,Seoul,LG Display Co Ltd,4520,452030,45,45203015,B,KOR,334419,3679, , , , ,LG DISPLAY CO LTD,LPL
160739, , ,12/31/12,Seoul,LG Display Co Ltd,4520,452030,45,45203015,B,KOR,334419,3679, , , , ,LG DISPLAY CO LTD,LPL
160739, , ,1/31/13,Seoul,LG Display Co Ltd,4520,452030,45,45203015,B,KOR,334419,3679, , , , ,LG DISPLAY CO LTD,LPL
160739, , ,2/28/13,Seoul,LG Display Co Ltd,4520,452030,45,45203015,B,KOR,334419,3679, , , , ,LG DISPLAY CO LTD,LPL
160739, , ,3/31/13,Seoul,LG Display Co Ltd,4520,452030,45,45203015,B,KOR,334419,3679, , , , ,LG DISPLAY CO LTD,LPL
160739, , ,4/30/13,Seoul,LG Display Co Ltd,4520,452030,45,45203015,B,KOR,334419,3679, , , , ,LG DISPLAY CO LTD,LPL
160739, , ,5/31/13,Seoul,LG Display Co Ltd,4520,452030,45,45203015,B,KOR,334419,3679, , , , ,LG DISPLAY CO LTD,LPL
160739, , ,6/30/13,Seoul,LG Display Co Ltd,4520,452030,45,45203015,B,KOR,334419,3679, , , , ,LG DISPLAY CO LTD,LPL
160739, , ,7/31/13,Seoul,LG Display Co Ltd,4520,452030,45,45203015,B,KOR,334419,3679, , , , ,LG DISPLAY CO LTD,LPL
160739, , ,8/31/13,Seoul,LG Display Co Ltd,4520,452030,45,45203015,B,KOR,334419,3679, , , , ,LG DISPLAY CO LTD,LPL
160739, , ,9/30/13,Seoul,LG Display Co Ltd,4520,452030,45,45203015,B,KOR,334419,3679, , , , ,LG DISPLAY CO LTD,LPL
160739, , ,10/31/13,Seoul,LG Display Co Ltd,4520,452030,45,45203015,B,KOR,334419,3679, , , , ,LG DISPLAY CO LTD,LPL
160816, , ,1/31/10,Woodinville,Microplanet Technology Corp,4520,452030,45,45203010,D,USA,3359,3620, , , ,WA,MICROPLANET TECHNOLOGY CORP,MCTYF
160816, , ,2/28/10,Woodinville,Microplanet Technology Corp,4520,452030,45,45203010,D,USA,3359,3620, , , ,WA,MICROPLANET TECHNOLOGY CORP,MCTYF
160816, , ,3/31/10,Woodinville,Microplanet Technology Corp,4520,452030,45,45203010,D,USA,3359,3620, , , ,WA,MICROPLANET TECHNOLOGY CORP,MCTYF
160816, , ,4/30/10,Woodinville,Microplanet Technology Corp,4520,452030,45,45203010,D,USA,3359,3620, , , ,WA,MICROPLANET TECHNOLOGY CORP,MCTYF
160816, , ,5/31/10,Woodinville,Microplanet Technology Corp,4520,452030,45,45203010,D,USA,3359,3620, , , ,WA,MICROPLANET TECHNOLOGY CORP,MCTYF
160816, , ,6/30/10,Woodinville,Microplanet Technology Corp,4520,452030,45,45203010,D,USA,3359,3620, , , ,WA,MICROPLANET TECHNOLOGY CORP,MCTYF
160816, , ,7/31/10,Woodinville,Microplanet Technology Corp,4520,452030,45,45203010,D,USA,3359,3620, , , ,WA,MICROPLANET TECHNOLOGY CORP,MCTYF
160816, , ,8/31/10,Woodinville,Microplanet Technology Corp,4520,452030,45,45203010,D,USA,3359,3620, , , ,WA,MICROPLANET TECHNOLOGY CORP,MCTYF
160816, , ,9/30/10,Woodinville,Microplanet Technology Corp,4520,452030,45,45203010,D,USA,3359,3620, , , ,WA,MICROPLANET TECHNOLOGY CORP,MCTYF
160816, , ,10/31/10,Woodinville,Microplanet Technology Corp,4520,452030,45,45203010,D,USA,3359,3620, , , ,WA,MICROPLANET TECHNOLOGY CORP,MCTYF
160816, , ,11/30/10,Woodinville,Microplanet Technology Corp,4520,452030,45,45203010,D,USA,3359,3620, , , ,WA,MICROPLANET TECHNOLOGY CORP,MCTYF
160816, , ,12/31/10,Woodinville,Microplanet Technology Corp,4520,452030,45,45203010,D,USA,3359,3620, , , ,WA,MICROPLANET TECHNOLOGY CORP,MCTYF
160816, , ,1/31/11,Woodinville,Microplanet Technology Corp,4520,452030,45,45203010,D,USA,3359,3620, , , ,WA,MICROPLANET TECHNOLOGY CORP,MCTYF
160816, , ,2/28/11,Woodinville,Microplanet Technology Corp,4520,452030,45,45203010,D,USA,3359,3620, , , ,WA,MICROPLANET TECHNOLOGY CORP,MCTYF
160816, , ,3/31/11,Woodinville,Microplanet Technology Corp,4520,452030,45,45203010,D,USA,3359,3620, , , ,WA,MICROPLANET TECHNOLOGY CORP,MCTYF
160816, , ,4/30/11,Woodinville,Microplanet Technology Corp,4520,452030,45,45203010,D,USA,3359,3620, , , ,WA,MICROPLANET TECHNOLOGY CORP,MCTYF
160816, , ,5/31/11,Woodinville,Microplanet Technology Corp,4520,452030,45,45203010,D,USA,3359,3620, , , ,WA,MICROPLANET TECHNOLOGY CORP,MCTYF
160816, , ,6/30/11,Woodinville,Microplanet Technology Corp,4520,452030,45,45203010,D,USA,3359,3620, , , ,WA,MICROPLANET TECHNOLOGY CORP,MCTYF
160816, , ,7/31/11,Woodinville,Microplanet Technology Corp,4520,452030,45,45203010,D,USA,3359,3620, , , ,WA,MICROPLANET TECHNOLOGY CORP,MCTYF
160816, , ,8/31/11,Woodinville,Microplanet Technology Corp,4520,452030,45,45203010,D,USA,3359,3620, , , ,WA,MICROPLANET TECHNOLOGY CORP,MCTYF
160816, , ,9/30/11,Woodinville,Microplanet Technology Corp,4520,452030,45,45203010,D,USA,3359,3620, , , ,WA,MICROPLANET TECHNOLOGY CORP,MCTYF
160816, , ,10/31/11,Woodinville,Microplanet Technology Corp,4520,452030,45,45203010,D,USA,3359,3620, , , ,WA,MICROPLANET TECHNOLOGY CORP,MCTYF
160816, , ,11/30/11,Woodinville,Microplanet Technology Corp,4520,452030,45,45203010,D,USA,3359,3620, , , ,WA,MICROPLANET TECHNOLOGY CORP,MCTYF
160816, , ,12/31/11,Woodinville,Microplanet Technology Corp,4520,452030,45,45203010,D,USA,3359,3620, , , ,WA,MICROPLANET TECHNOLOGY CORP,MCTYF
160816, , ,1/31/12,Woodinville,Microplanet Technology Corp,4520,452030,45,45203010,D,USA,3359,3620, , , ,WA,MICROPLANET TECHNOLOGY CORP,MCTYF
160816, , ,2/29/12,Woodinville,Microplanet Technology Corp,4520,452030,45,45203010,D,USA,3359,3620, , , ,WA,MICROPLANET TECHNOLOGY CORP,MCTYF
160816, , ,3/31/12,Woodinville,Microplanet Technology Corp,4520,452030,45,45203010,D,USA,3359,3620, , , ,WA,MICROPLANET TECHNOLOGY CORP,MCTYF
160816, , ,4/30/12,Woodinville,Microplanet Technology Corp,4520,452030,45,45203010,D,USA,3359,3620, , , ,WA,MICROPLANET TECHNOLOGY CORP,MCTYF
160816, , ,5/31/12,Woodinville,Microplanet Technology Corp,4520,452030,45,45203010,D,USA,3359,3620, , , ,WA,MICROPLANET TECHNOLOGY CORP,MCTYF
160816, , ,6/30/12,Woodinville,Microplanet Technology Corp,4520,452030,45,45203010,D,USA,3359,3620, , , ,WA,MICROPLANET TECHNOLOGY CORP,MCTYF
160816, , ,7/31/12,Woodinville,Microplanet Technology Corp,4520,452030,45,45203010,D,USA,3359,3620, , , ,WA,MICROPLANET TECHNOLOGY CORP,MCTYF
160816, , ,8/31/12,Woodinville,Microplanet Technology Corp,4520,452030,45,45203010,D,USA,3359,3620, , , ,WA,MICROPLANET TECHNOLOGY CORP,MCTYF
160816, , ,9/30/12,Woodinville,Microplanet Technology Corp,4520,452030,45,45203010,D,USA,3359,3620, , , ,WA,MICROPLANET TECHNOLOGY CORP,MCTYF
160816, , ,10/31/12,Woodinville,Microplanet Technology Corp,4520,452030,45,45203010,D,USA,3359,3620, , , ,WA,MICROPLANET TECHNOLOGY CORP,MCTYF
160816, , ,11/30/12,Woodinville,Microplanet Technology Corp,4520,452030,45,45203010,D,USA,3359,3620, , , ,WA,MICROPLANET TECHNOLOGY CORP,MCTYF
160816, , ,12/31/12,Woodinville,Microplanet Technology Corp,4520,452030,45,45203010,D,USA,3359,3620, , , ,WA,MICROPLANET TECHNOLOGY CORP,MCTYF
160816, , ,1/31/13,Woodinville,Microplanet Technology Corp,4520,452030,45,45203010,D,USA,3359,3620, , , ,WA,MICROPLANET TECHNOLOGY CORP,MCTYF
160816, , ,2/28/13,Woodinville,Microplanet Technology Corp,4520,452030,45,45203010,D,USA,3359,3620, , , ,WA,MICROPLANET TECHNOLOGY CORP,MCTYF
160816, , ,3/31/13,Woodinville,Microplanet Technology Corp,4520,452030,45,45203010,D,USA,3359,3620, , , ,WA,MICROPLANET TECHNOLOGY CORP,MCTYF
160816, , ,4/30/13,Woodinville,Microplanet Technology Corp,4520,452030,45,45203010,D,USA,3359,3620, , , ,WA,MICROPLANET TECHNOLOGY CORP,MCTYF
160816, , ,5/31/13,Woodinville,Microplanet Technology Corp,4520,452030,45,45203010,D,USA,3359,3620, , , ,WA,MICROPLANET TECHNOLOGY CORP,MCTYF
160816, , ,6/30/13,Woodinville,Microplanet Technology Corp,4520,452030,45,45203010,D,USA,3359,3620, , , ,WA,MICROPLANET TECHNOLOGY CORP,MCTYF
160816, , ,7/31/13,Woodinville,Microplanet Technology Corp,4520,452030,45,45203010,D,USA,3359,3620, , , ,WA,MICROPLANET TECHNOLOGY CORP,MCTYF
160816, , ,8/31/13,Woodinville,Microplanet Technology Corp,4520,452030,45,45203010,D,USA,3359,3620, , , ,WA,MICROPLANET TECHNOLOGY CORP,MCTYF
160816, , ,9/30/13,Woodinville,Microplanet Technology Corp,4520,452030,45,45203010,D,USA,3359,3620, , , ,WA,MICROPLANET TECHNOLOGY CORP,MCTYF
160816, , ,10/31/13,Woodinville,Microplanet Technology Corp,4520,452030,45,45203010,D,USA,3359,3620, , , ,WA,MICROPLANET TECHNOLOGY CORP,MCTYF
161039,BB-, ,11/30/10,Miami,Brightstar Corp,4520,452030,45,45203030,D,USA,423690,5065, , , ,FL,BRIGHTSTAR CORP-REDH,STAR.3
161039,BB-, ,12/31/10,Miami,Brightstar Corp,4520,452030,45,45203030,D,USA,423690,5065, , , ,FL,BRIGHTSTAR CORP-REDH,STAR.3
161039,BB-, ,1/31/11,Miami,Brightstar Corp,4520,452030,45,45203030,D,USA,423690,5065, , , ,FL,BRIGHTSTAR CORP-REDH,STAR.3
161039,BB-, ,2/28/11,Miami,Brightstar Corp,4520,452030,45,45203030,D,USA,423690,5065, , , ,FL,BRIGHTSTAR CORP-REDH,STAR.3
161039,BB-, ,3/31/11,Miami,Brightstar Corp,4520,452030,45,45203030,D,USA,423690,5065, , , ,FL,BRIGHTSTAR CORP-REDH,STAR.3
161039,BB-, ,4/30/11,Miami,Brightstar Corp,4520,452030,45,45203030,D,USA,423690,5065, , , ,FL,BRIGHTSTAR CORP-REDH,STAR.3
161039,BB-, ,5/31/11,Miami,Brightstar Corp,4520,452030,45,45203030,D,USA,423690,5065, , , ,FL,BRIGHTSTAR CORP-REDH,STAR.3
161039,BB-, ,6/30/11,Miami,Brightstar Corp,4520,452030,45,45203030,D,USA,423690,5065, , , ,FL,BRIGHTSTAR CORP-REDH,STAR.3
161039,BB-, ,7/31/11,Miami,Brightstar Corp,4520,452030,45,45203030,D,USA,423690,5065, , , ,FL,BRIGHTSTAR CORP-REDH,STAR.3
161039,BB-, ,8/31/11,Miami,Brightstar Corp,4520,452030,45,45203030,D,USA,423690,5065, , , ,FL,BRIGHTSTAR CORP-REDH,STAR.3
161039,BB-, ,9/30/11,Miami,Brightstar Corp,4520,452030,45,45203030,D,USA,423690,5065, , , ,FL,BRIGHTSTAR CORP-REDH,STAR.3
161039,BB-, ,10/31/11,Miami,Brightstar Corp,4520,452030,45,45203030,D,USA,423690,5065, , , ,FL,BRIGHTSTAR CORP-REDH,STAR.3
161039,BB-, ,11/30/11,Miami,Brightstar Corp,4520,452030,45,45203030,D,USA,423690,5065, , , ,FL,BRIGHTSTAR CORP-REDH,STAR.3
161039,BB-, ,12/31/11,Miami,Brightstar Corp,4520,452030,45,45203030,D,USA,423690,5065, , , ,FL,BRIGHTSTAR CORP-REDH,STAR.3
161039,BB-, ,1/31/12,Miami,Brightstar Corp,4520,452030,45,45203030,D,USA,423690,5065, , , ,FL,BRIGHTSTAR CORP-REDH,STAR.3
161039,BB-, ,2/29/12,Miami,Brightstar Corp,4520,452030,45,45203030,D,USA,423690,5065, , , ,FL,BRIGHTSTAR CORP-REDH,STAR.3
161039,BB-, ,3/31/12,Miami,Brightstar Corp,4520,452030,45,45203030,D,USA,423690,5065, , , ,FL,BRIGHTSTAR CORP-REDH,STAR.3
161039,BB-, ,4/30/12,Miami,Brightstar Corp,4520,452030,45,45203030,D,USA,423690,5065, , , ,FL,BRIGHTSTAR CORP-REDH,STAR.3
161039,BB-, ,5/31/12,Miami,Brightstar Corp,4520,452030,45,45203030,D,USA,423690,5065, , , ,FL,BRIGHTSTAR CORP-REDH,STAR.3
161039,BB-, ,6/30/12,Miami,Brightstar Corp,4520,452030,45,45203030,D,USA,423690,5065, , , ,FL,BRIGHTSTAR CORP-REDH,STAR.3
161039,BB-, ,7/31/12,Miami,Brightstar Corp,4520,452030,45,45203030,D,USA,423690,5065, , , ,FL,BRIGHTSTAR CORP-REDH,STAR.3
161039,BB-, ,8/31/12,Miami,Brightstar Corp,4520,452030,45,45203030,D,USA,423690,5065, , , ,FL,BRIGHTSTAR CORP-REDH,STAR.3
161039,BB-, ,9/30/12,Miami,Brightstar Corp,4520,452030,45,45203030,D,USA,423690,5065, , , ,FL,BRIGHTSTAR CORP-REDH,STAR.3
161039,BB-, ,10/31/12,Miami,Brightstar Corp,4520,452030,45,45203030,D,USA,423690,5065, , , ,FL,BRIGHTSTAR CORP-REDH,STAR.3
161039,BB-, ,11/30/12,Miami,Brightstar Corp,4520,452030,45,45203030,D,USA,423690,5065, , , ,FL,BRIGHTSTAR CORP-REDH,STAR.3
161039,BB-, ,12/31/12,Miami,Brightstar Corp,4520,452030,45,45203030,D,USA,423690,5065, , , ,FL,BRIGHTSTAR CORP-REDH,STAR.3
161039,BB-, ,1/31/13,Miami,Brightstar Corp,4520,452030,45,45203030,D,USA,423690,5065, , , ,FL,BRIGHTSTAR CORP-REDH,STAR.3
161039,BB-, ,2/28/13,Miami,Brightstar Corp,4520,452030,45,45203030,D,USA,423690,5065, , , ,FL,BRIGHTSTAR CORP-REDH,STAR.3
161039,BB-, ,3/31/13,Miami,Brightstar Corp,4520,452030,45,45203030,D,USA,423690,5065, , , ,FL,BRIGHTSTAR CORP-REDH,STAR.3
161039,BB-, ,4/30/13,Miami,Brightstar Corp,4520,452030,45,45203030,D,USA,423690,5065, , , ,FL,BRIGHTSTAR CORP-REDH,STAR.3
161039,BB-, ,5/31/13,Miami,Brightstar Corp,4520,452030,45,45203030,D,USA,423690,5065, , , ,FL,BRIGHTSTAR CORP-REDH,STAR.3
161039,BB-, ,6/30/13,Miami,Brightstar Corp,4520,452030,45,45203030,D,USA,423690,5065, , , ,FL,BRIGHTSTAR CORP-REDH,STAR.3
161039,BB-, ,7/31/13,Miami,Brightstar Corp,4520,452030,45,45203030,D,USA,423690,5065, , , ,FL,BRIGHTSTAR CORP-REDH,STAR.3
161039,BB-, ,8/31/13,Miami,Brightstar Corp,4520,452030,45,45203030,D,USA,423690,5065, , , ,FL,BRIGHTSTAR CORP-REDH,STAR.3
161039,BB-, ,9/30/13,Miami,Brightstar Corp,4520,452030,45,45203030,D,USA,423690,5065, , , ,FL,BRIGHTSTAR CORP-REDH,STAR.3
161039,BB-, ,10/31/13,Miami,Brightstar Corp,4520,452030,45,45203030,D,USA,423690,5065, , , ,FL,BRIGHTSTAR CORP-REDH,STAR.3
162055, , ,1/31/10,Durham,GigaBeam Corp,4520,452010,45,45201020,D,USA,334220,3663, , ,D,NC,GIGABEAM CORP,GGBMQ
162055, , ,2/28/10,Durham,GigaBeam Corp,4520,452010,45,45201020,D,USA,334220,3663, , ,D,NC,GIGABEAM CORP,GGBMQ
162055, , ,3/31/10,Durham,GigaBeam Corp,4520,452010,45,45201020,D,USA,334220,3663, , ,D,NC,GIGABEAM CORP,GGBMQ
162055, , ,4/30/10,Durham,GigaBeam Corp,4520,452010,45,45201020,D,USA,334220,3663, , ,D,NC,GIGABEAM CORP,GGBMQ
162055, , ,5/31/10,Durham,GigaBeam Corp,4520,452010,45,45201020,D,USA,334220,3663, , ,D,NC,GIGABEAM CORP,GGBMQ
162055, , ,6/30/10,Durham,GigaBeam Corp,4520,452010,45,45201020,D,USA,334220,3663, , ,D,NC,GIGABEAM CORP,GGBMQ
162055, , ,7/31/10,Durham,GigaBeam Corp,4520,452010,45,45201020,D,USA,334220,3663, , ,D,NC,GIGABEAM CORP,GGBMQ
162055, , ,8/31/10,Durham,GigaBeam Corp,4520,452010,45,45201020,D,USA,334220,3663, , ,D,NC,GIGABEAM CORP,GGBMQ
162055, , ,9/30/10,Durham,GigaBeam Corp,4520,452010,45,45201020,D,USA,334220,3663, , ,D,NC,GIGABEAM CORP,GGBMQ
162055, , ,10/31/10,Durham,GigaBeam Corp,4520,452010,45,45201020,D,USA,334220,3663, , ,D,NC,GIGABEAM CORP,GGBMQ
162055, , ,11/30/10,Durham,GigaBeam Corp,4520,452010,45,45201020,D,USA,334220,3663, , ,D,NC,GIGABEAM CORP,GGBMQ
162055, , ,12/31/10,Durham,GigaBeam Corp,4520,452010,45,45201020,D,USA,334220,3663, , ,D,NC,GIGABEAM CORP,GGBMQ
162055, , ,1/31/11,Durham,GigaBeam Corp,4520,452010,45,45201020,D,USA,334220,3663, , ,D,NC,GIGABEAM CORP,GGBMQ
162055, , ,2/28/11,Durham,GigaBeam Corp,4520,452010,45,45201020,D,USA,334220,3663, , ,D,NC,GIGABEAM CORP,GGBMQ
162055, , ,3/31/11,Durham,GigaBeam Corp,4520,452010,45,45201020,D,USA,334220,3663, , ,D,NC,GIGABEAM CORP,GGBMQ
162055, , ,4/30/11,Durham,GigaBeam Corp,4520,452010,45,45201020,D,USA,334220,3663, , ,D,NC,GIGABEAM CORP,GGBMQ
162055, , ,5/31/11,Durham,GigaBeam Corp,4520,452010,45,45201020,D,USA,334220,3663, , ,D,NC,GIGABEAM CORP,GGBMQ
162055, , ,6/30/11,Durham,GigaBeam Corp,4520,452010,45,45201020,D,USA,334220,3663, , ,D,NC,GIGABEAM CORP,GGBMQ
162055, , ,7/31/11,Durham,GigaBeam Corp,4520,452010,45,45201020,D,USA,334220,3663, , ,D,NC,GIGABEAM CORP,GGBMQ
162055, , ,8/31/11,Durham,GigaBeam Corp,4520,452010,45,45201020,D,USA,334220,3663, , ,D,NC,GIGABEAM CORP,GGBMQ
162055, , ,9/30/11,Durham,GigaBeam Corp,4520,452010,45,45201020,D,USA,334220,3663, , ,D,NC,GIGABEAM CORP,GGBMQ
162055, , ,10/31/11,Durham,GigaBeam Corp,4520,452010,45,45201020,D,USA,334220,3663, , ,D,NC,GIGABEAM CORP,GGBMQ
162055, , ,11/30/11,Durham,GigaBeam Corp,4520,452010,45,45201020,D,USA,334220,3663, , ,D,NC,GIGABEAM CORP,GGBMQ
162055, , ,12/31/11,Durham,GigaBeam Corp,4520,452010,45,45201020,D,USA,334220,3663, , ,D,NC,GIGABEAM CORP,GGBMQ
162055, , ,1/31/12,Durham,GigaBeam Corp,4520,452010,45,45201020,D,USA,334220,3663, , ,D,NC,GIGABEAM CORP,GGBMQ
162055, , ,2/29/12,Durham,GigaBeam Corp,4520,452010,45,45201020,D,USA,334220,3663, , ,D,NC,GIGABEAM CORP,GGBMQ
162055, , ,3/31/12,Durham,GigaBeam Corp,4520,452010,45,45201020,D,USA,334220,3663, , ,D,NC,GIGABEAM CORP,GGBMQ
162055, , ,4/30/12,Durham,GigaBeam Corp,4520,452010,45,45201020,D,USA,334220,3663, , ,D,NC,GIGABEAM CORP,GGBMQ
162055, , ,5/31/12,Durham,GigaBeam Corp,4520,452010,45,45201020,D,USA,334220,3663, , ,D,NC,GIGABEAM CORP,GGBMQ
162055, , ,6/30/12,Durham,GigaBeam Corp,4520,452010,45,45201020,D,USA,334220,3663, , ,D,NC,GIGABEAM CORP,GGBMQ
162055, , ,7/31/12,Durham,GigaBeam Corp,4520,452010,45,45201020,D,USA,334220,3663, , ,D,NC,GIGABEAM CORP,GGBMQ
162055, , ,8/31/12,Durham,GigaBeam Corp,4520,452010,45,45201020,D,USA,334220,3663, , ,D,NC,GIGABEAM CORP,GGBMQ
162055, , ,9/30/12,Durham,GigaBeam Corp,4520,452010,45,45201020,D,USA,334220,3663, , ,D,NC,GIGABEAM CORP,GGBMQ
162055, , ,10/31/12,Durham,GigaBeam Corp,4520,452010,45,45201020,D,USA,334220,3663, , ,D,NC,GIGABEAM CORP,GGBMQ
162055, , ,11/30/12,Durham,GigaBeam Corp,4520,452010,45,45201020,D,USA,334220,3663, , ,D,NC,GIGABEAM CORP,GGBMQ
162055, , ,12/31/12,Durham,GigaBeam Corp,4520,452010,45,45201020,D,USA,334220,3663, , ,D,NC,GIGABEAM CORP,GGBMQ
162055, , ,1/31/13,Durham,GigaBeam Corp,4520,452010,45,45201020,D,USA,334220,3663, , ,D,NC,GIGABEAM CORP,GGBMQ
162055, , ,2/28/13,Durham,GigaBeam Corp,4520,452010,45,45201020,D,USA,334220,3663, , ,D,NC,GIGABEAM CORP,GGBMQ
162055, , ,3/31/13,Durham,GigaBeam Corp,4520,452010,45,45201020,D,USA,334220,3663, , ,D,NC,GIGABEAM CORP,GGBMQ
162055, , ,4/30/13,Durham,GigaBeam Corp,4520,452010,45,45201020,D,USA,334220,3663, , ,D,NC,GIGABEAM CORP,GGBMQ
162055, , ,5/31/13,Durham,GigaBeam Corp,4520,452010,45,45201020,D,USA,334220,3663, , ,D,NC,GIGABEAM CORP,GGBMQ
162055, , ,6/30/13,Durham,GigaBeam Corp,4520,452010,45,45201020,D,USA,334220,3663, , ,D,NC,GIGABEAM CORP,GGBMQ
162055, , ,7/31/13,Durham,GigaBeam Corp,4520,452010,45,45201020,D,USA,334220,3663, , ,D,NC,GIGABEAM CORP,GGBMQ
162055, , ,8/31/13,Durham,GigaBeam Corp,4520,452010,45,45201020,D,USA,334220,3663, , ,D,NC,GIGABEAM CORP,GGBMQ
162055, , ,9/30/13,Durham,GigaBeam Corp,4520,452010,45,45201020,D,USA,334220,3663, , ,D,NC,GIGABEAM CORP,GGBMQ
162055, , ,10/31/13,Durham,GigaBeam Corp,4520,452010,45,45201020,D,USA,334220,3663, , ,D,NC,GIGABEAM CORP,GGBMQ
162233, , ,1/31/10,Lenexa,Digital Ally Inc,4520,452030,45,45203010,D,USA,334310,3651, , , ,KS,DIGITAL ALLY INC,DGLY
162233, , ,2/28/10,Lenexa,Digital Ally Inc,4520,452030,45,45203010,D,USA,334310,3651, , , ,KS,DIGITAL ALLY INC,DGLY
162233, , ,3/31/10,Lenexa,Digital Ally Inc,4520,452030,45,45203010,D,USA,334310,3651, , , ,KS,DIGITAL ALLY INC,DGLY
162233, , ,4/30/10,Lenexa,Digital Ally Inc,4520,452030,45,45203010,D,USA,334310,3651, , , ,KS,DIGITAL ALLY INC,DGLY
162233, , ,5/31/10,Lenexa,Digital Ally Inc,4520,452030,45,45203010,D,USA,334310,3651, , , ,KS,DIGITAL ALLY INC,DGLY
162233, , ,6/30/10,Lenexa,Digital Ally Inc,4520,452030,45,45203010,D,USA,334310,3651, , , ,KS,DIGITAL ALLY INC,DGLY
162233, , ,7/31/10,Lenexa,Digital Ally Inc,4520,452030,45,45203010,D,USA,334310,3651, , , ,KS,DIGITAL ALLY INC,DGLY
162233, , ,8/31/10,Lenexa,Digital Ally Inc,4520,452030,45,45203010,D,USA,334310,3651, , , ,KS,DIGITAL ALLY INC,DGLY
162233, , ,9/30/10,Lenexa,Digital Ally Inc,4520,452030,45,45203010,D,USA,334310,3651, , , ,KS,DIGITAL ALLY INC,DGLY
162233, , ,10/31/10,Lenexa,Digital Ally Inc,4520,452030,45,45203010,D,USA,334310,3651, , , ,KS,DIGITAL ALLY INC,DGLY
162233, , ,11/30/10,Lenexa,Digital Ally Inc,4520,452030,45,45203010,D,USA,334310,3651, , , ,KS,DIGITAL ALLY INC,DGLY
162233, , ,12/31/10,Lenexa,Digital Ally Inc,4520,452030,45,45203010,D,USA,334310,3651, , , ,KS,DIGITAL ALLY INC,DGLY
162233, , ,1/31/11,Lenexa,Digital Ally Inc,4520,452030,45,45203010,D,USA,334310,3651, , , ,KS,DIGITAL ALLY INC,DGLY
162233, , ,2/28/11,Lenexa,Digital Ally Inc,4520,452030,45,45203010,D,USA,334310,3651, , , ,KS,DIGITAL ALLY INC,DGLY
162233, , ,3/31/11,Lenexa,Digital Ally Inc,4520,452030,45,45203010,D,USA,334310,3651, , , ,KS,DIGITAL ALLY INC,DGLY
162233, , ,4/30/11,Lenexa,Digital Ally Inc,4520,452030,45,45203010,D,USA,334310,3651, , , ,KS,DIGITAL ALLY INC,DGLY
162233, , ,5/31/11,Lenexa,Digital Ally Inc,4520,452030,45,45203010,D,USA,334310,3651, , , ,KS,DIGITAL ALLY INC,DGLY
162233, , ,6/30/11,Lenexa,Digital Ally Inc,4520,452030,45,45203010,D,USA,334310,3651, , , ,KS,DIGITAL ALLY INC,DGLY
162233, , ,7/31/11,Lenexa,Digital Ally Inc,4520,452030,45,45203010,D,USA,334310,3651, , , ,KS,DIGITAL ALLY INC,DGLY
162233, , ,8/31/11,Lenexa,Digital Ally Inc,4520,452030,45,45203010,D,USA,334310,3651, , , ,KS,DIGITAL ALLY INC,DGLY
162233, , ,9/30/11,Lenexa,Digital Ally Inc,4520,452030,45,45203010,D,USA,334310,3651, , , ,KS,DIGITAL ALLY INC,DGLY
162233, , ,10/31/11,Lenexa,Digital Ally Inc,4520,452030,45,45203010,D,USA,334310,3651, , , ,KS,DIGITAL ALLY INC,DGLY
162233, , ,11/30/11,Lenexa,Digital Ally Inc,4520,452030,45,45203010,D,USA,334310,3651, , , ,KS,DIGITAL ALLY INC,DGLY
162233, , ,12/31/11,Lenexa,Digital Ally Inc,4520,452030,45,45203010,D,USA,334310,3651, , , ,KS,DIGITAL ALLY INC,DGLY
162233, , ,1/31/12,Lenexa,Digital Ally Inc,4520,452030,45,45203010,D,USA,334310,3651, , , ,KS,DIGITAL ALLY INC,DGLY
162233, , ,2/29/12,Lenexa,Digital Ally Inc,4520,452030,45,45203010,D,USA,334310,3651, , , ,KS,DIGITAL ALLY INC,DGLY
162233, , ,3/31/12,Lenexa,Digital Ally Inc,4520,452030,45,45203010,D,USA,334310,3651, , , ,KS,DIGITAL ALLY INC,DGLY
162233, , ,4/30/12,Lenexa,Digital Ally Inc,4520,452030,45,45203010,D,USA,334310,3651, , , ,KS,DIGITAL ALLY INC,DGLY
162233, , ,5/31/12,Lenexa,Digital Ally Inc,4520,452030,45,45203010,D,USA,334310,3651, , , ,KS,DIGITAL ALLY INC,DGLY
162233, , ,6/30/12,Lenexa,Digital Ally Inc,4520,452030,45,45203010,D,USA,334310,3651, , , ,KS,DIGITAL ALLY INC,DGLY
162233, , ,7/31/12,Lenexa,Digital Ally Inc,4520,452030,45,45203010,D,USA,334310,3651, , , ,KS,DIGITAL ALLY INC,DGLY
162233, , ,8/31/12,Lenexa,Digital Ally Inc,4520,452030,45,45203010,D,USA,334310,3651, , , ,KS,DIGITAL ALLY INC,DGLY
162233, , ,9/30/12,Lenexa,Digital Ally Inc,4520,452030,45,45203010,D,USA,334310,3651, , , ,KS,DIGITAL ALLY INC,DGLY
162233, , ,10/31/12,Lenexa,Digital Ally Inc,4520,452030,45,45203010,D,USA,334310,3651, , , ,KS,DIGITAL ALLY INC,DGLY
162233, , ,11/30/12,Lenexa,Digital Ally Inc,4520,452030,45,45203010,D,USA,334310,3651, , , ,KS,DIGITAL ALLY INC,DGLY
162233, , ,12/31/12,Lenexa,Digital Ally Inc,4520,452030,45,45203010,D,USA,334310,3651, , , ,KS,DIGITAL ALLY INC,DGLY
162233, , ,1/31/13,Lenexa,Digital Ally Inc,4520,452030,45,45203010,D,USA,334310,3651, , , ,KS,DIGITAL ALLY INC,DGLY
162233, , ,2/28/13,Lenexa,Digital Ally Inc,4520,452030,45,45203010,D,USA,334310,3651, , , ,KS,DIGITAL ALLY INC,DGLY
162233, , ,3/31/13,Lenexa,Digital Ally Inc,4520,452030,45,45203010,D,USA,334310,3651, , , ,KS,DIGITAL ALLY INC,DGLY
162233, , ,4/30/13,Lenexa,Digital Ally Inc,4520,452030,45,45203010,D,USA,334310,3651, , , ,KS,DIGITAL ALLY INC,DGLY
162233, , ,5/31/13,Lenexa,Digital Ally Inc,4520,452030,45,45203010,D,USA,334310,3651, , , ,KS,DIGITAL ALLY INC,DGLY
162233, , ,6/30/13,Lenexa,Digital Ally Inc,4520,452030,45,45203010,D,USA,334310,3651, , , ,KS,DIGITAL ALLY INC,DGLY
162233, , ,7/31/13,Lenexa,Digital Ally Inc,4520,452030,45,45203010,D,USA,334310,3651, , , ,KS,DIGITAL ALLY INC,DGLY
162233, , ,8/31/13,Lenexa,Digital Ally Inc,4520,452030,45,45203010,D,USA,334310,3651, , , ,KS,DIGITAL ALLY INC,DGLY
162233, , ,9/30/13,Lenexa,Digital Ally Inc,4520,452030,45,45203010,D,USA,334310,3651, , , ,KS,DIGITAL ALLY INC,DGLY
162233, , ,10/31/13,Lenexa,Digital Ally Inc,4520,452030,45,45203010,D,USA,334310,3651, , , ,KS,DIGITAL ALLY INC,DGLY
162354, , ,1/31/10,San Francisco,Dolby Laboratories Inc,4520,452030,45,45203015,D,USA,533110,6794, , ,B+,CA,DOLBY LABORATORIES INC,DLB
162354, , ,2/28/10,San Francisco,Dolby Laboratories Inc,4520,452030,45,45203015,D,USA,533110,6794, , ,B+,CA,DOLBY LABORATORIES INC,DLB
162354, , ,3/31/10,San Francisco,Dolby Laboratories Inc,4520,452030,45,45203015,D,USA,533110,6794, , ,B+,CA,DOLBY LABORATORIES INC,DLB
162354, , ,4/30/10,San Francisco,Dolby Laboratories Inc,4520,452030,45,45203015,D,USA,533110,6794, , ,B+,CA,DOLBY LABORATORIES INC,DLB
162354, , ,5/31/10,San Francisco,Dolby Laboratories Inc,4520,452030,45,45203015,D,USA,533110,6794, , ,B+,CA,DOLBY LABORATORIES INC,DLB
162354, , ,6/30/10,San Francisco,Dolby Laboratories Inc,4520,452030,45,45203015,D,USA,533110,6794, , ,B+,CA,DOLBY LABORATORIES INC,DLB
162354, , ,7/31/10,San Francisco,Dolby Laboratories Inc,4520,452030,45,45203015,D,USA,533110,6794, , ,B+,CA,DOLBY LABORATORIES INC,DLB
162354, , ,8/31/10,San Francisco,Dolby Laboratories Inc,4520,452030,45,45203015,D,USA,533110,6794, , ,B+,CA,DOLBY LABORATORIES INC,DLB
162354, , ,9/30/10,San Francisco,Dolby Laboratories Inc,4520,452030,45,45203015,D,USA,533110,6794, , ,B+,CA,DOLBY LABORATORIES INC,DLB
162354, , ,10/31/10,San Francisco,Dolby Laboratories Inc,4520,452030,45,45203015,D,USA,533110,6794, , ,B+,CA,DOLBY LABORATORIES INC,DLB
162354, , ,11/30/10,San Francisco,Dolby Laboratories Inc,4520,452030,45,45203015,D,USA,533110,6794, , ,B+,CA,DOLBY LABORATORIES INC,DLB
162354, , ,12/31/10,San Francisco,Dolby Laboratories Inc,4520,452030,45,45203015,D,USA,533110,6794, , ,B+,CA,DOLBY LABORATORIES INC,DLB
162354, , ,1/31/11,San Francisco,Dolby Laboratories Inc,4520,452030,45,45203015,D,USA,533110,6794, , ,B+,CA,DOLBY LABORATORIES INC,DLB
162354, , ,2/28/11,San Francisco,Dolby Laboratories Inc,4520,452030,45,45203015,D,USA,533110,6794, , ,B+,CA,DOLBY LABORATORIES INC,DLB
162354, , ,3/31/11,San Francisco,Dolby Laboratories Inc,4520,452030,45,45203015,D,USA,533110,6794, , ,B+,CA,DOLBY LABORATORIES INC,DLB
162354, , ,4/30/11,San Francisco,Dolby Laboratories Inc,4520,452030,45,45203015,D,USA,533110,6794, , ,B+,CA,DOLBY LABORATORIES INC,DLB
162354, , ,5/31/11,San Francisco,Dolby Laboratories Inc,4520,452030,45,45203015,D,USA,533110,6794, , ,B+,CA,DOLBY LABORATORIES INC,DLB
162354, , ,6/30/11,San Francisco,Dolby Laboratories Inc,4520,452030,45,45203015,D,USA,533110,6794, , ,B+,CA,DOLBY LABORATORIES INC,DLB
162354, , ,7/31/11,San Francisco,Dolby Laboratories Inc,4520,452030,45,45203015,D,USA,533110,6794, , ,B+,CA,DOLBY LABORATORIES INC,DLB
162354, , ,8/31/11,San Francisco,Dolby Laboratories Inc,4520,452030,45,45203015,D,USA,533110,6794, , ,B+,CA,DOLBY LABORATORIES INC,DLB
162354, , ,9/30/11,San Francisco,Dolby Laboratories Inc,4520,452030,45,45203015,D,USA,533110,6794, , ,B+,CA,DOLBY LABORATORIES INC,DLB
162354, , ,10/31/11,San Francisco,Dolby Laboratories Inc,4520,452030,45,45203015,D,USA,533110,6794, , ,B+,CA,DOLBY LABORATORIES INC,DLB
162354, , ,11/30/11,San Francisco,Dolby Laboratories Inc,4520,452030,45,45203015,D,USA,533110,6794, , ,B+,CA,DOLBY LABORATORIES INC,DLB
162354, , ,12/31/11,San Francisco,Dolby Laboratories Inc,4520,452030,45,45203015,D,USA,533110,6794, , ,B+,CA,DOLBY LABORATORIES INC,DLB
162354, , ,1/31/12,San Francisco,Dolby Laboratories Inc,4520,452030,45,45203015,D,USA,533110,6794, , ,B+,CA,DOLBY LABORATORIES INC,DLB
162354, , ,2/29/12,San Francisco,Dolby Laboratories Inc,4520,452030,45,45203015,D,USA,533110,6794, , ,B+,CA,DOLBY LABORATORIES INC,DLB
162354, , ,3/31/12,San Francisco,Dolby Laboratories Inc,4520,452030,45,45203015,D,USA,533110,6794, , ,B+,CA,DOLBY LABORATORIES INC,DLB
162354, , ,4/30/12,San Francisco,Dolby Laboratories Inc,4520,452030,45,45203015,D,USA,533110,6794, , ,B+,CA,DOLBY LABORATORIES INC,DLB
162354, , ,5/31/12,San Francisco,Dolby Laboratories Inc,4520,452030,45,45203015,D,USA,533110,6794, , ,B+,CA,DOLBY LABORATORIES INC,DLB
162354, , ,6/30/12,San Francisco,Dolby Laboratories Inc,4520,452030,45,45203015,D,USA,533110,6794, , ,B+,CA,DOLBY LABORATORIES INC,DLB
162354, , ,7/31/12,San Francisco,Dolby Laboratories Inc,4520,452030,45,45203015,D,USA,533110,6794, , ,B+,CA,DOLBY LABORATORIES INC,DLB
162354, , ,8/31/12,San Francisco,Dolby Laboratories Inc,4520,452030,45,45203015,D,USA,533110,6794, , ,B+,CA,DOLBY LABORATORIES INC,DLB
162354, , ,9/30/12,San Francisco,Dolby Laboratories Inc,4520,452030,45,45203015,D,USA,533110,6794, , ,B+,CA,DOLBY LABORATORIES INC,DLB
162354, , ,10/31/12,San Francisco,Dolby Laboratories Inc,4520,452030,45,45203015,D,USA,533110,6794, , ,B+,CA,DOLBY LABORATORIES INC,DLB
162354, , ,11/30/12,San Francisco,Dolby Laboratories Inc,4520,452030,45,45203015,D,USA,533110,6794, , ,B+,CA,DOLBY LABORATORIES INC,DLB
162354, , ,12/31/12,San Francisco,Dolby Laboratories Inc,4520,452030,45,45203015,D,USA,533110,6794, , ,B+,CA,DOLBY LABORATORIES INC,DLB
162354, , ,1/31/13,San Francisco,Dolby Laboratories Inc,4520,452030,45,45203015,D,USA,533110,6794, , ,B+,CA,DOLBY LABORATORIES INC,DLB
162354, , ,2/28/13,San Francisco,Dolby Laboratories Inc,4520,452030,45,45203015,D,USA,533110,6794, , ,B+,CA,DOLBY LABORATORIES INC,DLB
162354, , ,3/31/13,San Francisco,Dolby Laboratories Inc,4520,452030,45,45203015,D,USA,533110,6794, , ,B+,CA,DOLBY LABORATORIES INC,DLB
162354, , ,4/30/13,San Francisco,Dolby Laboratories Inc,4520,452030,45,45203015,D,USA,533110,6794, , ,B+,CA,DOLBY LABORATORIES INC,DLB
162354, , ,5/31/13,San Francisco,Dolby Laboratories Inc,4520,452030,45,45203015,D,USA,533110,6794, , ,B+,CA,DOLBY LABORATORIES INC,DLB
162354, , ,6/30/13,San Francisco,Dolby Laboratories Inc,4520,452030,45,45203015,D,USA,533110,6794, , ,B+,CA,DOLBY LABORATORIES INC,DLB
162354, , ,7/31/13,San Francisco,Dolby Laboratories Inc,4520,452030,45,45203015,D,USA,533110,6794, , ,B+,CA,DOLBY LABORATORIES INC,DLB
162354, , ,8/31/13,San Francisco,Dolby Laboratories Inc,4520,452030,45,45203015,D,USA,533110,6794, , ,B+,CA,DOLBY LABORATORIES INC,DLB
162354, , ,9/30/13,San Francisco,Dolby Laboratories Inc,4520,452030,45,45203015,D,USA,533110,6794, , ,B+,CA,DOLBY LABORATORIES INC,DLB
162354, , ,10/31/13,San Francisco,Dolby Laboratories Inc,4520,452030,45,45203015,D,USA,533110,6794, , ,B+,CA,DOLBY LABORATORIES INC,DLB
162644, , ,1/31/10,Beijing,Orsus Xelent Technologies Inc,4520,452020,45,45202030,D,CHN,334220,3663, , , , ,ORSUS XELENT TECHNOLOGIES,ORSX
162644, , ,2/28/10,Beijing,Orsus Xelent Technologies Inc,4520,452020,45,45202030,D,CHN,334220,3663, , , , ,ORSUS XELENT TECHNOLOGIES,ORSX
162644, , ,3/31/10,Beijing,Orsus Xelent Technologies Inc,4520,452020,45,45202030,D,CHN,334220,3663, , , , ,ORSUS XELENT TECHNOLOGIES,ORSX
162644, , ,4/30/10,Beijing,Orsus Xelent Technologies Inc,4520,452020,45,45202030,D,CHN,334220,3663, , , , ,ORSUS XELENT TECHNOLOGIES,ORSX
162644, , ,5/31/10,Beijing,Orsus Xelent Technologies Inc,4520,452020,45,45202030,D,CHN,334220,3663, , , , ,ORSUS XELENT TECHNOLOGIES,ORSX
162644, , ,6/30/10,Beijing,Orsus Xelent Technologies Inc,4520,452020,45,45202030,D,CHN,334220,3663, , , , ,ORSUS XELENT TECHNOLOGIES,ORSX
162644, , ,7/31/10,Beijing,Orsus Xelent Technologies Inc,4520,452020,45,45202030,D,CHN,334220,3663, , , , ,ORSUS XELENT TECHNOLOGIES,ORSX
162644, , ,8/31/10,Beijing,Orsus Xelent Technologies Inc,4520,452020,45,45202030,D,CHN,334220,3663, , , , ,ORSUS XELENT TECHNOLOGIES,ORSX
162644, , ,9/30/10,Beijing,Orsus Xelent Technologies Inc,4520,452020,45,45202030,D,CHN,334220,3663, , , , ,ORSUS XELENT TECHNOLOGIES,ORSX
162644, , ,10/31/10,Beijing,Orsus Xelent Technologies Inc,4520,452020,45,45202030,D,CHN,334220,3663, , , , ,ORSUS XELENT TECHNOLOGIES,ORSX
162644, , ,11/30/10,Beijing,Orsus Xelent Technologies Inc,4520,452020,45,45202030,D,CHN,334220,3663, , , , ,ORSUS XELENT TECHNOLOGIES,ORSX
162644, , ,12/31/10,Beijing,Orsus Xelent Technologies Inc,4520,452020,45,45202030,D,CHN,334220,3663, , , , ,ORSUS XELENT TECHNOLOGIES,ORSX
162644, , ,1/31/11,Beijing,Orsus Xelent Technologies Inc,4520,452020,45,45202030,D,CHN,334220,3663, , , , ,ORSUS XELENT TECHNOLOGIES,ORSX
162644, , ,2/28/11,Beijing,Orsus Xelent Technologies Inc,4520,452020,45,45202030,D,CHN,334220,3663, , , , ,ORSUS XELENT TECHNOLOGIES,ORSX
162644, , ,3/31/11,Beijing,Orsus Xelent Technologies Inc,4520,452020,45,45202030,D,CHN,334220,3663, , , , ,ORSUS XELENT TECHNOLOGIES,ORSX
162644, , ,4/30/11,Beijing,Orsus Xelent Technologies Inc,4520,452020,45,45202030,D,CHN,334220,3663, , , , ,ORSUS XELENT TECHNOLOGIES,ORSX
162644, , ,5/31/11,Beijing,Orsus Xelent Technologies Inc,4520,452020,45,45202030,D,CHN,334220,3663, , , , ,ORSUS XELENT TECHNOLOGIES,ORSX
162644, , ,6/30/11,Beijing,Orsus Xelent Technologies Inc,4520,452020,45,45202030,D,CHN,334220,3663, , , , ,ORSUS XELENT TECHNOLOGIES,ORSX
162644, , ,7/31/11,Beijing,Orsus Xelent Technologies Inc,4520,452020,45,45202030,D,CHN,334220,3663, , , , ,ORSUS XELENT TECHNOLOGIES,ORSX
162644, , ,8/31/11,Beijing,Orsus Xelent Technologies Inc,4520,452020,45,45202030,D,CHN,334220,3663, , , , ,ORSUS XELENT TECHNOLOGIES,ORSX
162644, , ,9/30/11,Beijing,Orsus Xelent Technologies Inc,4520,452020,45,45202030,D,CHN,334220,3663, , , , ,ORSUS XELENT TECHNOLOGIES,ORSX
162644, , ,10/31/11,Beijing,Orsus Xelent Technologies Inc,4520,452020,45,45202030,D,CHN,334220,3663, , , , ,ORSUS XELENT TECHNOLOGIES,ORSX
162644, , ,11/30/11,Beijing,Orsus Xelent Technologies Inc,4520,452020,45,45202030,D,CHN,334220,3663, , , , ,ORSUS XELENT TECHNOLOGIES,ORSX
162644, , ,12/31/11,Beijing,Orsus Xelent Technologies Inc,4520,452020,45,45202030,D,CHN,334220,3663, , , , ,ORSUS XELENT TECHNOLOGIES,ORSX
162644, , ,1/31/12,Beijing,Orsus Xelent Technologies Inc,4520,452020,45,45202030,D,CHN,334220,3663, , , , ,ORSUS XELENT TECHNOLOGIES,ORSX
162644, , ,2/29/12,Beijing,Orsus Xelent Technologies Inc,4520,452020,45,45202030,D,CHN,334220,3663, , , , ,ORSUS XELENT TECHNOLOGIES,ORSX
162644, , ,3/31/12,Beijing,Orsus Xelent Technologies Inc,4520,452020,45,45202030,D,CHN,334220,3663, , , , ,ORSUS XELENT TECHNOLOGIES,ORSX
162644, , ,4/30/12,Beijing,Orsus Xelent Technologies Inc,4520,452020,45,45202030,D,CHN,334220,3663, , , , ,ORSUS XELENT TECHNOLOGIES,ORSX
162644, , ,5/31/12,Beijing,Orsus Xelent Technologies Inc,4520,452020,45,45202030,D,CHN,334220,3663, , , , ,ORSUS XELENT TECHNOLOGIES,ORSX
162644, , ,6/30/12,Beijing,Orsus Xelent Technologies Inc,4520,452020,45,45202030,D,CHN,334220,3663, , , , ,ORSUS XELENT TECHNOLOGIES,ORSX
162644, , ,7/31/12,Beijing,Orsus Xelent Technologies Inc,4520,452020,45,45202030,D,CHN,334220,3663, , , , ,ORSUS XELENT TECHNOLOGIES,ORSX
162644, , ,8/31/12,Beijing,Orsus Xelent Technologies Inc,4520,452020,45,45202030,D,CHN,334220,3663, , , , ,ORSUS XELENT TECHNOLOGIES,ORSX
162644, , ,9/30/12,Beijing,Orsus Xelent Technologies Inc,4520,452020,45,45202030,D,CHN,334220,3663, , , , ,ORSUS XELENT TECHNOLOGIES,ORSX
162644, , ,10/31/12,Beijing,Orsus Xelent Technologies Inc,4520,452020,45,45202030,D,CHN,334220,3663, , , , ,ORSUS XELENT TECHNOLOGIES,ORSX
162644, , ,11/30/12,Beijing,Orsus Xelent Technologies Inc,4520,452020,45,45202030,D,CHN,334220,3663, , , , ,ORSUS XELENT TECHNOLOGIES,ORSX
162644, , ,12/31/12,Beijing,Orsus Xelent Technologies Inc,4520,452020,45,45202030,D,CHN,334220,3663, , , , ,ORSUS XELENT TECHNOLOGIES,ORSX
162644, , ,1/31/13,Beijing,Orsus Xelent Technologies Inc,4520,452020,45,45202030,D,CHN,334220,3663, , , , ,ORSUS XELENT TECHNOLOGIES,ORSX
162644, , ,2/28/13,Beijing,Orsus Xelent Technologies Inc,4520,452020,45,45202030,D,CHN,334220,3663, , , , ,ORSUS XELENT TECHNOLOGIES,ORSX
162644, , ,3/31/13,Beijing,Orsus Xelent Technologies Inc,4520,452020,45,45202030,D,CHN,334220,3663, , , , ,ORSUS XELENT TECHNOLOGIES,ORSX
162644, , ,4/30/13,Beijing,Orsus Xelent Technologies Inc,4520,452020,45,45202030,D,CHN,334220,3663, , , , ,ORSUS XELENT TECHNOLOGIES,ORSX
162644, , ,5/31/13,Beijing,Orsus Xelent Technologies Inc,4520,452020,45,45202030,D,CHN,334220,3663, , , , ,ORSUS XELENT TECHNOLOGIES,ORSX
162644, , ,6/30/13,Beijing,Orsus Xelent Technologies Inc,4520,452020,45,45202030,D,CHN,334220,3663, , , , ,ORSUS XELENT TECHNOLOGIES,ORSX
162644, , ,7/31/13,Beijing,Orsus Xelent Technologies Inc,4520,452020,45,45202030,D,CHN,334220,3663, , , , ,ORSUS XELENT TECHNOLOGIES,ORSX
162644, , ,8/31/13,Beijing,Orsus Xelent Technologies Inc,4520,452020,45,45202030,D,CHN,334220,3663, , , , ,ORSUS XELENT TECHNOLOGIES,ORSX
162644, , ,9/30/13,Beijing,Orsus Xelent Technologies Inc,4520,452020,45,45202030,D,CHN,334220,3663, , , , ,ORSUS XELENT TECHNOLOGIES,ORSX
162644, , ,10/31/13,Beijing,Orsus Xelent Technologies Inc,4520,452020,45,45202030,D,CHN,334220,3663, , , , ,ORSUS XELENT TECHNOLOGIES,ORSX
162907, , ,1/31/10,Fremont,Silicon Graphics International Corp,4520,452020,45,45202030,D,USA,334118,3576, , ,C,CA,SILICON GRAPHICS INTL CORP,SGI
162907, , ,2/28/10,Fremont,Silicon Graphics International Corp,4520,452020,45,45202030,D,USA,334118,3576, , ,C,CA,SILICON GRAPHICS INTL CORP,SGI
162907, , ,3/31/10,Fremont,Silicon Graphics International Corp,4520,452020,45,45202030,D,USA,334118,3576, , ,C,CA,SILICON GRAPHICS INTL CORP,SGI
162907, , ,4/30/10,Fremont,Silicon Graphics International Corp,4520,452020,45,45202030,D,USA,334118,3576, , ,C,CA,SILICON GRAPHICS INTL CORP,SGI
162907, , ,5/31/10,Fremont,Silicon Graphics International Corp,4520,452020,45,45202030,D,USA,334118,3576, , ,C,CA,SILICON GRAPHICS INTL CORP,SGI
162907, , ,6/30/10,Fremont,Silicon Graphics International Corp,4520,452020,45,45202030,D,USA,334118,3576, , ,C,CA,SILICON GRAPHICS INTL CORP,SGI
162907, , ,7/31/10,Fremont,Silicon Graphics International Corp,4520,452020,45,45202030,D,USA,334118,3576, , ,C,CA,SILICON GRAPHICS INTL CORP,SGI
162907, , ,8/31/10,Fremont,Silicon Graphics International Corp,4520,452020,45,45202030,D,USA,334118,3576, , ,C,CA,SILICON GRAPHICS INTL CORP,SGI
162907, , ,9/30/10,Fremont,Silicon Graphics International Corp,4520,452020,45,45202030,D,USA,334118,3576, , ,C,CA,SILICON GRAPHICS INTL CORP,SGI
162907, , ,10/31/10,Fremont,Silicon Graphics International Corp,4520,452020,45,45202030,D,USA,334118,3576, , ,C,CA,SILICON GRAPHICS INTL CORP,SGI
162907, , ,11/30/10,Fremont,Silicon Graphics International Corp,4520,452020,45,45202030,D,USA,334118,3576, , ,C,CA,SILICON GRAPHICS INTL CORP,SGI
162907, , ,12/31/10,Fremont,Silicon Graphics International Corp,4520,452020,45,45202030,D,USA,334118,3576, , ,C,CA,SILICON GRAPHICS INTL CORP,SGI
162907, , ,1/31/11,Fremont,Silicon Graphics International Corp,4520,452020,45,45202030,D,USA,334118,3576, , ,C,CA,SILICON GRAPHICS INTL CORP,SGI
162907, , ,2/28/11,Fremont,Silicon Graphics International Corp,4520,452020,45,45202030,D,USA,334118,3576, , ,C,CA,SILICON GRAPHICS INTL CORP,SGI
162907, , ,3/31/11,Fremont,Silicon Graphics International Corp,4520,452020,45,45202030,D,USA,334118,3576, , ,C,CA,SILICON GRAPHICS INTL CORP,SGI
162907, , ,4/30/11,Fremont,Silicon Graphics International Corp,4520,452020,45,45202030,D,USA,334118,3576, , ,C,CA,SILICON GRAPHICS INTL CORP,SGI
162907, , ,5/31/11,Fremont,Silicon Graphics International Corp,4520,452020,45,45202030,D,USA,334118,3576, , ,C,CA,SILICON GRAPHICS INTL CORP,SGI
162907, , ,6/30/11,Fremont,Silicon Graphics International Corp,4520,452020,45,45202030,D,USA,334118,3576, , ,C,CA,SILICON GRAPHICS INTL CORP,SGI
162907, , ,7/31/11,Fremont,Silicon Graphics International Corp,4520,452020,45,45202030,D,USA,334118,3576, , ,C,CA,SILICON GRAPHICS INTL CORP,SGI
162907, , ,8/31/11,Fremont,Silicon Graphics International Corp,4520,452020,45,45202030,D,USA,334118,3576, , ,C,CA,SILICON GRAPHICS INTL CORP,SGI
162907, , ,9/30/11,Fremont,Silicon Graphics International Corp,4520,452020,45,45202030,D,USA,334118,3576, , ,C,CA,SILICON GRAPHICS INTL CORP,SGI
162907, , ,10/31/11,Fremont,Silicon Graphics International Corp,4520,452020,45,45202030,D,USA,334118,3576, , ,C,CA,SILICON GRAPHICS INTL CORP,SGI
162907, , ,11/30/11,Fremont,Silicon Graphics International Corp,4520,452020,45,45202030,D,USA,334118,3576, , ,C,CA,SILICON GRAPHICS INTL CORP,SGI
162907, , ,12/31/11,Fremont,Silicon Graphics International Corp,4520,452020,45,45202030,D,USA,334118,3576, , ,C,CA,SILICON GRAPHICS INTL CORP,SGI
162907, , ,1/31/12,Fremont,Silicon Graphics International Corp,4520,452020,45,45202030,D,USA,334118,3576, , ,C,CA,SILICON GRAPHICS INTL CORP,SGI
162907, , ,2/29/12,Fremont,Silicon Graphics International Corp,4520,452020,45,45202030,D,USA,334118,3576, , ,C,CA,SILICON GRAPHICS INTL CORP,SGI
162907, , ,3/31/12,Fremont,Silicon Graphics International Corp,4520,452020,45,45202030,D,USA,334118,3576, , ,C,CA,SILICON GRAPHICS INTL CORP,SGI
162907, , ,4/30/12,Fremont,Silicon Graphics International Corp,4520,452020,45,45202030,D,USA,334118,3576, , ,C,CA,SILICON GRAPHICS INTL CORP,SGI
162907, , ,5/31/12,Fremont,Silicon Graphics International Corp,4520,452020,45,45202030,D,USA,334118,3576, , ,C,CA,SILICON GRAPHICS INTL CORP,SGI
162907, , ,6/30/12,Fremont,Silicon Graphics International Corp,4520,452020,45,45202030,D,USA,334118,3576, , ,C,CA,SILICON GRAPHICS INTL CORP,SGI
162907, , ,7/31/12,Fremont,Silicon Graphics International Corp,4520,452020,45,45202030,D,USA,334118,3576, , ,C,CA,SILICON GRAPHICS INTL CORP,SGI
162907, , ,8/31/12,Fremont,Silicon Graphics International Corp,4520,452020,45,45202030,D,USA,334118,3576, , ,C,CA,SILICON GRAPHICS INTL CORP,SGI
162907, , ,9/30/12,Fremont,Silicon Graphics International Corp,4520,452020,45,45202030,D,USA,334118,3576, , ,C,CA,SILICON GRAPHICS INTL CORP,SGI
162907, , ,10/31/12,Fremont,Silicon Graphics International Corp,4520,452020,45,45202030,D,USA,334118,3576, , ,C,CA,SILICON GRAPHICS INTL CORP,SGI
162907, , ,11/30/12,Fremont,Silicon Graphics International Corp,4520,452020,45,45202030,D,USA,334118,3576, , ,C,CA,SILICON GRAPHICS INTL CORP,SGI
162907, , ,12/31/12,Fremont,Silicon Graphics International Corp,4520,452020,45,45202030,D,USA,334118,3576, , ,C,CA,SILICON GRAPHICS INTL CORP,SGI
162907, , ,1/31/13,Fremont,Silicon Graphics International Corp,4520,452020,45,45202030,D,USA,334118,3576, , ,C,CA,SILICON GRAPHICS INTL CORP,SGI
162907, , ,2/28/13,Fremont,Silicon Graphics International Corp,4520,452020,45,45202030,D,USA,334118,3576, , ,C,CA,SILICON GRAPHICS INTL CORP,SGI
162907, , ,3/31/13,Fremont,Silicon Graphics International Corp,4520,452020,45,45202030,D,USA,334118,3576, , ,C,CA,SILICON GRAPHICS INTL CORP,SGI
162907, , ,4/30/13,Fremont,Silicon Graphics International Corp,4520,452020,45,45202030,D,USA,334118,3576, , ,C,CA,SILICON GRAPHICS INTL CORP,SGI
162907, , ,5/31/13,Fremont,Silicon Graphics International Corp,4520,452020,45,45202030,D,USA,334118,3576, , ,C,CA,SILICON GRAPHICS INTL CORP,SGI
162907, , ,6/30/13,Fremont,Silicon Graphics International Corp,4520,452020,45,45202030,D,USA,334118,3576, , ,C,CA,SILICON GRAPHICS INTL CORP,SGI
162907, , ,7/31/13,Fremont,Silicon Graphics International Corp,4520,452020,45,45202030,D,USA,334118,3576, , ,C,CA,SILICON GRAPHICS INTL CORP,SGI
162907, , ,8/31/13,Fremont,Silicon Graphics International Corp,4520,452020,45,45202030,D,USA,334118,3576, , ,C,CA,SILICON GRAPHICS INTL CORP,SGI
162907, , ,9/30/13,Fremont,Silicon Graphics International Corp,4520,452020,45,45202030,D,USA,334118,3576, , ,C,CA,SILICON GRAPHICS INTL CORP,SGI
162907, , ,10/31/13,Fremont,Silicon Graphics International Corp,4520,452020,45,45202030,D,USA,334118,3576, , ,C,CA,SILICON GRAPHICS INTL CORP,SGI
163769, , ,1/31/10,Beijing,China Techfaith Wireless Communication Technology Ltd,4520,452020,45,45202030,D,CHN,334220,3663, , , , ,CHINA TECHFAITH WIRELESS-ADR,CNTF
163769, , ,2/28/10,Beijing,China Techfaith Wireless Communication Technology Ltd,4520,452020,45,45202030,D,CHN,334220,3663, , , , ,CHINA TECHFAITH WIRELESS-ADR,CNTF
163769, , ,3/31/10,Beijing,China Techfaith Wireless Communication Technology Ltd,4520,452020,45,45202030,D,CHN,334220,3663, , , , ,CHINA TECHFAITH WIRELESS-ADR,CNTF
163769, , ,4/30/10,Beijing,China Techfaith Wireless Communication Technology Ltd,4520,452020,45,45202030,D,CHN,334220,3663, , , , ,CHINA TECHFAITH WIRELESS-ADR,CNTF
163769, , ,5/31/10,Beijing,China Techfaith Wireless Communication Technology Ltd,4520,452020,45,45202030,D,CHN,334220,3663, , , , ,CHINA TECHFAITH WIRELESS-ADR,CNTF
163769, , ,6/30/10,Beijing,China Techfaith Wireless Communication Technology Ltd,4520,452020,45,45202030,D,CHN,334220,3663, , , , ,CHINA TECHFAITH WIRELESS-ADR,CNTF
163769, , ,7/31/10,Beijing,China Techfaith Wireless Communication Technology Ltd,4520,452020,45,45202030,D,CHN,334220,3663, , , , ,CHINA TECHFAITH WIRELESS-ADR,CNTF
163769, , ,8/31/10,Beijing,China Techfaith Wireless Communication Technology Ltd,4520,452020,45,45202030,D,CHN,334220,3663, , , , ,CHINA TECHFAITH WIRELESS-ADR,CNTF
163769, , ,9/30/10,Beijing,China Techfaith Wireless Communication Technology Ltd,4520,452020,45,45202030,D,CHN,334220,3663, , , , ,CHINA TECHFAITH WIRELESS-ADR,CNTF
163769, , ,10/31/10,Beijing,China Techfaith Wireless Communication Technology Ltd,4520,452020,45,45202030,D,CHN,334220,3663, , , , ,CHINA TECHFAITH WIRELESS-ADR,CNTF
163769, , ,11/30/10,Beijing,China Techfaith Wireless Communication Technology Ltd,4520,452020,45,45202030,D,CHN,334220,3663, , , , ,CHINA TECHFAITH WIRELESS-ADR,CNTF
163769, , ,12/31/10,Beijing,China Techfaith Wireless Communication Technology Ltd,4520,452020,45,45202030,D,CHN,334220,3663, , , , ,CHINA TECHFAITH WIRELESS-ADR,CNTF
163769, , ,1/31/11,Beijing,China Techfaith Wireless Communication Technology Ltd,4520,452020,45,45202030,D,CHN,334220,3663, , , , ,CHINA TECHFAITH WIRELESS-ADR,CNTF
163769, , ,2/28/11,Beijing,China Techfaith Wireless Communication Technology Ltd,4520,452020,45,45202030,D,CHN,334220,3663, , , , ,CHINA TECHFAITH WIRELESS-ADR,CNTF
163769, , ,3/31/11,Beijing,China Techfaith Wireless Communication Technology Ltd,4520,452020,45,45202030,D,CHN,334220,3663, , , , ,CHINA TECHFAITH WIRELESS-ADR,CNTF
163769, , ,4/30/11,Beijing,China Techfaith Wireless Communication Technology Ltd,4520,452020,45,45202030,D,CHN,334220,3663, , , , ,CHINA TECHFAITH WIRELESS-ADR,CNTF
163769, , ,5/31/11,Beijing,China Techfaith Wireless Communication Technology Ltd,4520,452020,45,45202030,D,CHN,334220,3663, , , , ,CHINA TECHFAITH WIRELESS-ADR,CNTF
163769, , ,6/30/11,Beijing,China Techfaith Wireless Communication Technology Ltd,4520,452020,45,45202030,D,CHN,334220,3663, , , , ,CHINA TECHFAITH WIRELESS-ADR,CNTF
163769, , ,7/31/11,Beijing,China Techfaith Wireless Communication Technology Ltd,4520,452020,45,45202030,D,CHN,334220,3663, , , , ,CHINA TECHFAITH WIRELESS-ADR,CNTF
163769, , ,8/31/11,Beijing,China Techfaith Wireless Communication Technology Ltd,4520,452020,45,45202030,D,CHN,334220,3663, , , , ,CHINA TECHFAITH WIRELESS-ADR,CNTF
163769, , ,9/30/11,Beijing,China Techfaith Wireless Communication Technology Ltd,4520,452020,45,45202030,D,CHN,334220,3663, , , , ,CHINA TECHFAITH WIRELESS-ADR,CNTF
163769, , ,10/31/11,Beijing,China Techfaith Wireless Communication Technology Ltd,4520,452020,45,45202030,D,CHN,334220,3663, , , , ,CHINA TECHFAITH WIRELESS-ADR,CNTF
163769, , ,11/30/11,Beijing,China Techfaith Wireless Communication Technology Ltd,4520,452020,45,45202030,D,CHN,334220,3663, , , , ,CHINA TECHFAITH WIRELESS-ADR,CNTF
163769, , ,12/31/11,Beijing,China Techfaith Wireless Communication Technology Ltd,4520,452020,45,45202030,D,CHN,334220,3663, , , , ,CHINA TECHFAITH WIRELESS-ADR,CNTF
163769, , ,1/31/12,Beijing,China Techfaith Wireless Communication Technology Ltd,4520,452020,45,45202030,D,CHN,334220,3663, , , , ,CHINA TECHFAITH WIRELESS-ADR,CNTF
163769, , ,2/29/12,Beijing,China Techfaith Wireless Communication Technology Ltd,4520,452020,45,45202030,D,CHN,334220,3663, , , , ,CHINA TECHFAITH WIRELESS-ADR,CNTF
163769, , ,3/31/12,Beijing,China Techfaith Wireless Communication Technology Ltd,4520,452020,45,45202030,D,CHN,334220,3663, , , , ,CHINA TECHFAITH WIRELESS-ADR,CNTF
163769, , ,4/30/12,Beijing,China Techfaith Wireless Communication Technology Ltd,4520,452020,45,45202030,D,CHN,334220,3663, , , , ,CHINA TECHFAITH WIRELESS-ADR,CNTF
163769, , ,5/31/12,Beijing,China Techfaith Wireless Communication Technology Ltd,4520,452020,45,45202030,D,CHN,334220,3663, , , , ,CHINA TECHFAITH WIRELESS-ADR,CNTF
163769, , ,6/30/12,Beijing,China Techfaith Wireless Communication Technology Ltd,4520,452020,45,45202030,D,CHN,334220,3663, , , , ,CHINA TECHFAITH WIRELESS-ADR,CNTF
163769, , ,7/31/12,Beijing,China Techfaith Wireless Communication Technology Ltd,4520,452020,45,45202030,D,CHN,334220,3663, , , , ,CHINA TECHFAITH WIRELESS-ADR,CNTF
163769, , ,8/31/12,Beijing,China Techfaith Wireless Communication Technology Ltd,4520,452020,45,45202030,D,CHN,334220,3663, , , , ,CHINA TECHFAITH WIRELESS-ADR,CNTF
163769, , ,9/30/12,Beijing,China Techfaith Wireless Communication Technology Ltd,4520,452020,45,45202030,D,CHN,334220,3663, , , , ,CHINA TECHFAITH WIRELESS-ADR,CNTF
163769, , ,10/31/12,Beijing,China Techfaith Wireless Communication Technology Ltd,4520,452020,45,45202030,D,CHN,334220,3663, , , , ,CHINA TECHFAITH WIRELESS-ADR,CNTF
163769, , ,11/30/12,Beijing,China Techfaith Wireless Communication Technology Ltd,4520,452020,45,45202030,D,CHN,334220,3663, , , , ,CHINA TECHFAITH WIRELESS-ADR,CNTF
163769, , ,12/31/12,Beijing,China Techfaith Wireless Communication Technology Ltd,4520,452020,45,45202030,D,CHN,334220,3663, , , , ,CHINA TECHFAITH WIRELESS-ADR,CNTF
163769, , ,1/31/13,Beijing,China Techfaith Wireless Communication Technology Ltd,4520,452020,45,45202030,D,CHN,334220,3663, , , , ,CHINA TECHFAITH WIRELESS-ADR,CNTF
163769, , ,2/28/13,Beijing,China Techfaith Wireless Communication Technology Ltd,4520,452020,45,45202030,D,CHN,334220,3663, , , , ,CHINA TECHFAITH WIRELESS-ADR,CNTF
163769, , ,3/31/13,Beijing,China Techfaith Wireless Communication Technology Ltd,4520,452020,45,45202030,D,CHN,334220,3663, , , , ,CHINA TECHFAITH WIRELESS-ADR,CNTF
163769, , ,4/30/13,Beijing,China Techfaith Wireless Communication Technology Ltd,4520,452020,45,45202030,D,CHN,334220,3663, , , , ,CHINA TECHFAITH WIRELESS-ADR,CNTF
163769, , ,5/31/13,Beijing,China Techfaith Wireless Communication Technology Ltd,4520,452020,45,45202030,D,CHN,334220,3663, , , , ,CHINA TECHFAITH WIRELESS-ADR,CNTF
163769, , ,6/30/13,Beijing,China Techfaith Wireless Communication Technology Ltd,4520,452020,45,45202030,D,CHN,334220,3663, , , , ,CHINA TECHFAITH WIRELESS-ADR,CNTF
163769, , ,7/31/13,Beijing,China Techfaith Wireless Communication Technology Ltd,4520,452020,45,45202030,D,CHN,334220,3663, , , , ,CHINA TECHFAITH WIRELESS-ADR,CNTF
163769, , ,8/31/13,Beijing,China Techfaith Wireless Communication Technology Ltd,4520,452020,45,45202030,D,CHN,334220,3663, , , , ,CHINA TECHFAITH WIRELESS-ADR,CNTF
163769, , ,9/30/13,Beijing,China Techfaith Wireless Communication Technology Ltd,4520,452020,45,45202030,D,CHN,334220,3663, , , , ,CHINA TECHFAITH WIRELESS-ADR,CNTF
163769, , ,10/31/13,Beijing,China Techfaith Wireless Communication Technology Ltd,4520,452020,45,45202030,D,CHN,334220,3663, , , , ,CHINA TECHFAITH WIRELESS-ADR,CNTF
163911, , ,1/31/10,Los Angeles,Innovative Card Technologies Inc.,4520,452030,45,45203010,D,USA,33441,3670, , , ,CA,INNOVATIVE CARD TECHNOLOGIES,INVC
163911, , ,2/28/10,Los Angeles,Innovative Card Technologies Inc.,4520,452030,45,45203010,D,USA,33441,3670, , , ,CA,INNOVATIVE CARD TECHNOLOGIES,INVC
163911, , ,3/31/10,Los Angeles,Innovative Card Technologies Inc.,4520,452030,45,45203010,D,USA,33441,3670, , , ,CA,INNOVATIVE CARD TECHNOLOGIES,INVC
163911, , ,4/30/10,Los Angeles,Innovative Card Technologies Inc.,4520,452030,45,45203010,D,USA,33441,3670, , , ,CA,INNOVATIVE CARD TECHNOLOGIES,INVC
163911, , ,5/31/10,Los Angeles,Innovative Card Technologies Inc.,4520,452030,45,45203010,D,USA,33441,3670, , , ,CA,INNOVATIVE CARD TECHNOLOGIES,INVC
163911, , ,6/30/10,Los Angeles,Innovative Card Technologies Inc.,4520,452030,45,45203010,D,USA,33441,3670, , , ,CA,INNOVATIVE CARD TECHNOLOGIES,INVC
163911, , ,7/31/10,Los Angeles,Innovative Card Technologies Inc.,4520,452030,45,45203010,D,USA,33441,3670, , , ,CA,INNOVATIVE CARD TECHNOLOGIES,INVC
163911, , ,8/31/10,Los Angeles,Innovative Card Technologies Inc.,4520,452030,45,45203010,D,USA,33441,3670, , , ,CA,INNOVATIVE CARD TECHNOLOGIES,INVC
163911, , ,9/30/10,Los Angeles,Innovative Card Technologies Inc.,4520,452030,45,45203010,D,USA,33441,3670, , , ,CA,INNOVATIVE CARD TECHNOLOGIES,INVC
163911, , ,10/31/10,Los Angeles,Innovative Card Technologies Inc.,4520,452030,45,45203010,D,USA,33441,3670, , , ,CA,INNOVATIVE CARD TECHNOLOGIES,INVC
163911, , ,11/30/10,Los Angeles,Innovative Card Technologies Inc.,4520,452030,45,45203010,D,USA,33441,3670, , , ,CA,INNOVATIVE CARD TECHNOLOGIES,INVC
163911, , ,12/31/10,Los Angeles,Innovative Card Technologies Inc.,4520,452030,45,45203010,D,USA,33441,3670, , , ,CA,INNOVATIVE CARD TECHNOLOGIES,INVC
163911, , ,1/31/11,Los Angeles,Innovative Card Technologies Inc.,4520,452030,45,45203010,D,USA,33441,3670, , , ,CA,INNOVATIVE CARD TECHNOLOGIES,INVC
163911, , ,2/28/11,Los Angeles,Innovative Card Technologies Inc.,4520,452030,45,45203010,D,USA,33441,3670, , , ,CA,INNOVATIVE CARD TECHNOLOGIES,INVC
163911, , ,3/31/11,Los Angeles,Innovative Card Technologies Inc.,4520,452030,45,45203010,D,USA,33441,3670, , , ,CA,INNOVATIVE CARD TECHNOLOGIES,INVC
163911, , ,4/30/11,Los Angeles,Innovative Card Technologies Inc.,4520,452030,45,45203010,D,USA,33441,3670, , , ,CA,INNOVATIVE CARD TECHNOLOGIES,INVC
163911, , ,5/31/11,Los Angeles,Innovative Card Technologies Inc.,4520,452030,45,45203010,D,USA,33441,3670, , , ,CA,INNOVATIVE CARD TECHNOLOGIES,INVC
163911, , ,6/30/11,Los Angeles,Innovative Card Technologies Inc.,4520,452030,45,45203010,D,USA,33441,3670, , , ,CA,INNOVATIVE CARD TECHNOLOGIES,INVC
163911, , ,7/31/11,Los Angeles,Innovative Card Technologies Inc.,4520,452030,45,45203010,D,USA,33441,3670, , , ,CA,INNOVATIVE CARD TECHNOLOGIES,INVC
163911, , ,8/31/11,Los Angeles,Innovative Card Technologies Inc.,4520,452030,45,45203010,D,USA,33441,3670, , , ,CA,INNOVATIVE CARD TECHNOLOGIES,INVC
163911, , ,9/30/11,Los Angeles,Innovative Card Technologies Inc.,4520,452030,45,45203010,D,USA,33441,3670, , , ,CA,INNOVATIVE CARD TECHNOLOGIES,INVC
163911, , ,10/31/11,Los Angeles,Innovative Card Technologies Inc.,4520,452030,45,45203010,D,USA,33441,3670, , , ,CA,INNOVATIVE CARD TECHNOLOGIES,INVC
163911, , ,11/30/11,Los Angeles,Innovative Card Technologies Inc.,4520,452030,45,45203010,D,USA,33441,3670, , , ,CA,INNOVATIVE CARD TECHNOLOGIES,INVC
163911, , ,12/31/11,Los Angeles,Innovative Card Technologies Inc.,4520,452030,45,45203010,D,USA,33441,3670, , , ,CA,INNOVATIVE CARD TECHNOLOGIES,INVC
163911, , ,1/31/12,Los Angeles,Innovative Card Technologies Inc.,4520,452030,45,45203010,D,USA,33441,3670, , , ,CA,INNOVATIVE CARD TECHNOLOGIES,INVC
163911, , ,2/29/12,Los Angeles,Innovative Card Technologies Inc.,4520,452030,45,45203010,D,USA,33441,3670, , , ,CA,INNOVATIVE CARD TECHNOLOGIES,INVC
163911, , ,3/31/12,Los Angeles,Innovative Card Technologies Inc.,4520,452030,45,45203010,D,USA,33441,3670, , , ,CA,INNOVATIVE CARD TECHNOLOGIES,INVC
163911, , ,4/30/12,Los Angeles,Innovative Card Technologies Inc.,4520,452030,45,45203010,D,USA,33441,3670, , , ,CA,INNOVATIVE CARD TECHNOLOGIES,INVC
163911, , ,5/31/12,Los Angeles,Innovative Card Technologies Inc.,4520,452030,45,45203010,D,USA,33441,3670, , , ,CA,INNOVATIVE CARD TECHNOLOGIES,INVC
163911, , ,6/30/12,Los Angeles,Innovative Card Technologies Inc.,4520,452030,45,45203010,D,USA,33441,3670, , , ,CA,INNOVATIVE CARD TECHNOLOGIES,INVC
163911, , ,7/31/12,Los Angeles,Innovative Card Technologies Inc.,4520,452030,45,45203010,D,USA,33441,3670, , , ,CA,INNOVATIVE CARD TECHNOLOGIES,INVC
163911, , ,8/31/12,Los Angeles,Innovative Card Technologies Inc.,4520,452030,45,45203010,D,USA,33441,3670, , , ,CA,INNOVATIVE CARD TECHNOLOGIES,INVC
163911, , ,9/30/12,Los Angeles,Innovative Card Technologies Inc.,4520,452030,45,45203010,D,USA,33441,3670, , , ,CA,INNOVATIVE CARD TECHNOLOGIES,INVC
163911, , ,10/31/12,Los Angeles,Innovative Card Technologies Inc.,4520,452030,45,45203010,D,USA,33441,3670, , , ,CA,INNOVATIVE CARD TECHNOLOGIES,INVC
163911, , ,11/30/12,Los Angeles,Innovative Card Technologies Inc.,4520,452030,45,45203010,D,USA,33441,3670, , , ,CA,INNOVATIVE CARD TECHNOLOGIES,INVC
163911, , ,12/31/12,Los Angeles,Innovative Card Technologies Inc.,4520,452030,45,45203010,D,USA,33441,3670, , , ,CA,INNOVATIVE CARD TECHNOLOGIES,INVC
163911, , ,1/31/13,Los Angeles,Innovative Card Technologies Inc.,4520,452030,45,45203010,D,USA,33441,3670, , , ,CA,INNOVATIVE CARD TECHNOLOGIES,INVC
163911, , ,2/28/13,Los Angeles,Innovative Card Technologies Inc.,4520,452030,45,45203010,D,USA,33441,3670, , , ,CA,INNOVATIVE CARD TECHNOLOGIES,INVC
163911, , ,3/31/13,Los Angeles,Innovative Card Technologies Inc.,4520,452030,45,45203010,D,USA,33441,3670, , , ,CA,INNOVATIVE CARD TECHNOLOGIES,INVC
163911, , ,4/30/13,Los Angeles,Innovative Card Technologies Inc.,4520,452030,45,45203010,D,USA,33441,3670, , , ,CA,INNOVATIVE CARD TECHNOLOGIES,INVC
163911, , ,5/31/13,Los Angeles,Innovative Card Technologies Inc.,4520,452030,45,45203010,D,USA,33441,3670, , , ,CA,INNOVATIVE CARD TECHNOLOGIES,INVC
163911, , ,6/30/13,Los Angeles,Innovative Card Technologies Inc.,4520,452030,45,45203010,D,USA,33441,3670, , , ,CA,INNOVATIVE CARD TECHNOLOGIES,INVC
163911, , ,7/31/13,Los Angeles,Innovative Card Technologies Inc.,4520,452030,45,45203010,D,USA,33441,3670, , , ,CA,INNOVATIVE CARD TECHNOLOGIES,INVC
163911, , ,8/31/13,Los Angeles,Innovative Card Technologies Inc.,4520,452030,45,45203010,D,USA,33441,3670, , , ,CA,INNOVATIVE CARD TECHNOLOGIES,INVC
163911, , ,9/30/13,Los Angeles,Innovative Card Technologies Inc.,4520,452030,45,45203010,D,USA,33441,3670, , , ,CA,INNOVATIVE CARD TECHNOLOGIES,INVC
163911, , ,10/31/13,Los Angeles,Innovative Card Technologies Inc.,4520,452030,45,45203010,D,USA,33441,3670, , , ,CA,INNOVATIVE CARD TECHNOLOGIES,INVC
164702, , ,1/31/10,Beijing,Hollysys Automation Technologies Ltd,4520,452030,45,45203010,D,CHN,334513,3823, , , , ,HOLLYSYS AUTOMATION TECH LTD,HOLI
164702, , ,2/28/10,Beijing,Hollysys Automation Technologies Ltd,4520,452030,45,45203010,D,CHN,334513,3823, , , , ,HOLLYSYS AUTOMATION TECH LTD,HOLI
164702, , ,3/31/10,Beijing,Hollysys Automation Technologies Ltd,4520,452030,45,45203010,D,CHN,334513,3823, , , , ,HOLLYSYS AUTOMATION TECH LTD,HOLI
164702, , ,4/30/10,Beijing,Hollysys Automation Technologies Ltd,4520,452030,45,45203010,D,CHN,334513,3823, , , , ,HOLLYSYS AUTOMATION TECH LTD,HOLI
164702, , ,5/31/10,Beijing,Hollysys Automation Technologies Ltd,4520,452030,45,45203010,D,CHN,334513,3823, , , , ,HOLLYSYS AUTOMATION TECH LTD,HOLI
164702, , ,6/30/10,Beijing,Hollysys Automation Technologies Ltd,4520,452030,45,45203010,D,CHN,334513,3823, , , , ,HOLLYSYS AUTOMATION TECH LTD,HOLI
164702, , ,7/31/10,Beijing,Hollysys Automation Technologies Ltd,4520,452030,45,45203010,D,CHN,334513,3823, , , , ,HOLLYSYS AUTOMATION TECH LTD,HOLI
164702, , ,8/31/10,Beijing,Hollysys Automation Technologies Ltd,4520,452030,45,45203010,D,CHN,334513,3823, , , , ,HOLLYSYS AUTOMATION TECH LTD,HOLI
164702, , ,9/30/10,Beijing,Hollysys Automation Technologies Ltd,4520,452030,45,45203010,D,CHN,334513,3823, , , , ,HOLLYSYS AUTOMATION TECH LTD,HOLI
164702, , ,10/31/10,Beijing,Hollysys Automation Technologies Ltd,4520,452030,45,45203010,D,CHN,334513,3823, , , , ,HOLLYSYS AUTOMATION TECH LTD,HOLI
164702, , ,11/30/10,Beijing,Hollysys Automation Technologies Ltd,4520,452030,45,45203010,D,CHN,334513,3823, , , , ,HOLLYSYS AUTOMATION TECH LTD,HOLI
164702, , ,12/31/10,Beijing,Hollysys Automation Technologies Ltd,4520,452030,45,45203010,D,CHN,334513,3823, , , , ,HOLLYSYS AUTOMATION TECH LTD,HOLI
164702, , ,1/31/11,Beijing,Hollysys Automation Technologies Ltd,4520,452030,45,45203010,D,CHN,334513,3823, , , , ,HOLLYSYS AUTOMATION TECH LTD,HOLI
164702, , ,2/28/11,Beijing,Hollysys Automation Technologies Ltd,4520,452030,45,45203010,D,CHN,334513,3823, , , , ,HOLLYSYS AUTOMATION TECH LTD,HOLI
164702, , ,3/31/11,Beijing,Hollysys Automation Technologies Ltd,4520,452030,45,45203010,D,CHN,334513,3823, , , , ,HOLLYSYS AUTOMATION TECH LTD,HOLI
164702, , ,4/30/11,Beijing,Hollysys Automation Technologies Ltd,4520,452030,45,45203010,D,CHN,334513,3823, , , , ,HOLLYSYS AUTOMATION TECH LTD,HOLI
164702, , ,5/31/11,Beijing,Hollysys Automation Technologies Ltd,4520,452030,45,45203010,D,CHN,334513,3823, , , , ,HOLLYSYS AUTOMATION TECH LTD,HOLI
164702, , ,6/30/11,Beijing,Hollysys Automation Technologies Ltd,4520,452030,45,45203010,D,CHN,334513,3823, , , , ,HOLLYSYS AUTOMATION TECH LTD,HOLI
164702, , ,7/31/11,Beijing,Hollysys Automation Technologies Ltd,4520,452030,45,45203010,D,CHN,334513,3823, , , , ,HOLLYSYS AUTOMATION TECH LTD,HOLI
164702, , ,8/31/11,Beijing,Hollysys Automation Technologies Ltd,4520,452030,45,45203010,D,CHN,334513,3823, , , , ,HOLLYSYS AUTOMATION TECH LTD,HOLI
164702, , ,9/30/11,Beijing,Hollysys Automation Technologies Ltd,4520,452030,45,45203010,D,CHN,334513,3823, , , , ,HOLLYSYS AUTOMATION TECH LTD,HOLI
164702, , ,10/31/11,Beijing,Hollysys Automation Technologies Ltd,4520,452030,45,45203010,D,CHN,334513,3823, , , , ,HOLLYSYS AUTOMATION TECH LTD,HOLI
164702, , ,11/30/11,Beijing,Hollysys Automation Technologies Ltd,4520,452030,45,45203010,D,CHN,334513,3823, , , , ,HOLLYSYS AUTOMATION TECH LTD,HOLI
164702, , ,12/31/11,Beijing,Hollysys Automation Technologies Ltd,4520,452030,45,45203010,D,CHN,334513,3823, , , , ,HOLLYSYS AUTOMATION TECH LTD,HOLI
164702, , ,1/31/12,Beijing,Hollysys Automation Technologies Ltd,4520,452030,45,45203010,D,CHN,334513,3823, , , , ,HOLLYSYS AUTOMATION TECH LTD,HOLI
164702, , ,2/29/12,Beijing,Hollysys Automation Technologies Ltd,4520,452030,45,45203010,D,CHN,334513,3823, , , , ,HOLLYSYS AUTOMATION TECH LTD,HOLI
164702, , ,3/31/12,Beijing,Hollysys Automation Technologies Ltd,4520,452030,45,45203010,D,CHN,334513,3823, , , , ,HOLLYSYS AUTOMATION TECH LTD,HOLI
164702, , ,4/30/12,Beijing,Hollysys Automation Technologies Ltd,4520,452030,45,45203010,D,CHN,334513,3823, , , , ,HOLLYSYS AUTOMATION TECH LTD,HOLI
164702, , ,5/31/12,Beijing,Hollysys Automation Technologies Ltd,4520,452030,45,45203010,D,CHN,334513,3823, , , , ,HOLLYSYS AUTOMATION TECH LTD,HOLI
164702, , ,6/30/12,Beijing,Hollysys Automation Technologies Ltd,4520,452030,45,45203010,D,CHN,334513,3823, , , , ,HOLLYSYS AUTOMATION TECH LTD,HOLI
164702, , ,7/31/12,Beijing,Hollysys Automation Technologies Ltd,4520,452030,45,45203010,D,CHN,334513,3823, , , , ,HOLLYSYS AUTOMATION TECH LTD,HOLI
164702, , ,8/31/12,Beijing,Hollysys Automation Technologies Ltd,4520,452030,45,45203010,D,CHN,334513,3823, , , , ,HOLLYSYS AUTOMATION TECH LTD,HOLI
164702, , ,9/30/12,Beijing,Hollysys Automation Technologies Ltd,4520,452030,45,45203010,D,CHN,334513,3823, , , , ,HOLLYSYS AUTOMATION TECH LTD,HOLI
164702, , ,10/31/12,Beijing,Hollysys Automation Technologies Ltd,4520,452030,45,45203010,D,CHN,334513,3823, , , , ,HOLLYSYS AUTOMATION TECH LTD,HOLI
164702, , ,11/30/12,Beijing,Hollysys Automation Technologies Ltd,4520,452030,45,45203010,D,CHN,334513,3823, , , , ,HOLLYSYS AUTOMATION TECH LTD,HOLI
164702, , ,12/31/12,Beijing,Hollysys Automation Technologies Ltd,4520,452030,45,45203010,D,CHN,334513,3823, , , , ,HOLLYSYS AUTOMATION TECH LTD,HOLI
164702, , ,1/31/13,Beijing,Hollysys Automation Technologies Ltd,4520,452030,45,45203010,D,CHN,334513,3823, , , , ,HOLLYSYS AUTOMATION TECH LTD,HOLI
164702, , ,2/28/13,Beijing,Hollysys Automation Technologies Ltd,4520,452030,45,45203010,D,CHN,334513,3823, , , , ,HOLLYSYS AUTOMATION TECH LTD,HOLI
164702, , ,3/31/13,Beijing,Hollysys Automation Technologies Ltd,4520,452030,45,45203010,D,CHN,334513,3823, , , , ,HOLLYSYS AUTOMATION TECH LTD,HOLI
164702, , ,4/30/13,Beijing,Hollysys Automation Technologies Ltd,4520,452030,45,45203010,D,CHN,334513,3823, , , , ,HOLLYSYS AUTOMATION TECH LTD,HOLI
164702, , ,5/31/13,Beijing,Hollysys Automation Technologies Ltd,4520,452030,45,45203010,D,CHN,334513,3823, , , , ,HOLLYSYS AUTOMATION TECH LTD,HOLI
164702, , ,6/30/13,Beijing,Hollysys Automation Technologies Ltd,4520,452030,45,45203010,D,CHN,334513,3823, , , , ,HOLLYSYS AUTOMATION TECH LTD,HOLI
164702, , ,7/31/13,Beijing,Hollysys Automation Technologies Ltd,4520,452030,45,45203010,D,CHN,334513,3823, , , , ,HOLLYSYS AUTOMATION TECH LTD,HOLI
164702, , ,8/31/13,Beijing,Hollysys Automation Technologies Ltd,4520,452030,45,45203010,D,CHN,334513,3823, , , , ,HOLLYSYS AUTOMATION TECH LTD,HOLI
164702, , ,9/30/13,Beijing,Hollysys Automation Technologies Ltd,4520,452030,45,45203010,D,CHN,334513,3823, , , , ,HOLLYSYS AUTOMATION TECH LTD,HOLI
164702, , ,10/31/13,Beijing,Hollysys Automation Technologies Ltd,4520,452030,45,45203010,D,CHN,334513,3823, , , , ,HOLLYSYS AUTOMATION TECH LTD,HOLI
165146, , ,1/31/10,Fairlawn,Berliner Communications Inc,4520,452010,45,45201020,D,USA,541512,7373, , , ,NJ,BERLINER COMMUNICATIONS-OLD,BERL.1
165270, , ,1/31/10,Pitt Meadows,Tranzeo Wireless Technologies Inc,4520,452010,45,45201020,D,CAN,334220,3663, , , ,BC,TRANZEO WIRELESS TECH INC,TZWLF
165270, , ,2/28/10,Pitt Meadows,Tranzeo Wireless Technologies Inc,4520,452010,45,45201020,D,CAN,334220,3663, , , ,BC,TRANZEO WIRELESS TECH INC,TZWLF
165270, , ,3/31/10,Pitt Meadows,Tranzeo Wireless Technologies Inc,4520,452010,45,45201020,D,CAN,334220,3663, , , ,BC,TRANZEO WIRELESS TECH INC,TZWLF
165270, , ,4/30/10,Pitt Meadows,Tranzeo Wireless Technologies Inc,4520,452010,45,45201020,D,CAN,334220,3663, , , ,BC,TRANZEO WIRELESS TECH INC,TZWLF
165270, , ,5/31/10,Pitt Meadows,Tranzeo Wireless Technologies Inc,4520,452010,45,45201020,D,CAN,334220,3663, , , ,BC,TRANZEO WIRELESS TECH INC,TZWLF
165270, , ,6/30/10,Pitt Meadows,Tranzeo Wireless Technologies Inc,4520,452010,45,45201020,D,CAN,334220,3663, , , ,BC,TRANZEO WIRELESS TECH INC,TZWLF
165270, , ,7/31/10,Pitt Meadows,Tranzeo Wireless Technologies Inc,4520,452010,45,45201020,D,CAN,334220,3663, , , ,BC,TRANZEO WIRELESS TECH INC,TZWLF
165270, , ,8/31/10,Pitt Meadows,Tranzeo Wireless Technologies Inc,4520,452010,45,45201020,D,CAN,334220,3663, , , ,BC,TRANZEO WIRELESS TECH INC,TZWLF
165270, , ,9/30/10,Pitt Meadows,Tranzeo Wireless Technologies Inc,4520,452010,45,45201020,D,CAN,334220,3663, , , ,BC,TRANZEO WIRELESS TECH INC,TZWLF
165270, , ,10/31/10,Pitt Meadows,Tranzeo Wireless Technologies Inc,4520,452010,45,45201020,D,CAN,334220,3663, , , ,BC,TRANZEO WIRELESS TECH INC,TZWLF
165270, , ,11/30/10,Pitt Meadows,Tranzeo Wireless Technologies Inc,4520,452010,45,45201020,D,CAN,334220,3663, , , ,BC,TRANZEO WIRELESS TECH INC,TZWLF
165270, , ,12/31/10,Pitt Meadows,Tranzeo Wireless Technologies Inc,4520,452010,45,45201020,D,CAN,334220,3663, , , ,BC,TRANZEO WIRELESS TECH INC,TZWLF
165270, , ,1/31/11,Pitt Meadows,Tranzeo Wireless Technologies Inc,4520,452010,45,45201020,D,CAN,334220,3663, , , ,BC,TRANZEO WIRELESS TECH INC,TZWLF
165270, , ,2/28/11,Pitt Meadows,Tranzeo Wireless Technologies Inc,4520,452010,45,45201020,D,CAN,334220,3663, , , ,BC,TRANZEO WIRELESS TECH INC,TZWLF
165270, , ,3/31/11,Pitt Meadows,Tranzeo Wireless Technologies Inc,4520,452010,45,45201020,D,CAN,334220,3663, , , ,BC,TRANZEO WIRELESS TECH INC,TZWLF
165270, , ,4/30/11,Pitt Meadows,Tranzeo Wireless Technologies Inc,4520,452010,45,45201020,D,CAN,334220,3663, , , ,BC,TRANZEO WIRELESS TECH INC,TZWLF
165270, , ,5/31/11,Pitt Meadows,Tranzeo Wireless Technologies Inc,4520,452010,45,45201020,D,CAN,334220,3663, , , ,BC,TRANZEO WIRELESS TECH INC,TZWLF
165270, , ,6/30/11,Pitt Meadows,Tranzeo Wireless Technologies Inc,4520,452010,45,45201020,D,CAN,334220,3663, , , ,BC,TRANZEO WIRELESS TECH INC,TZWLF
165270, , ,7/31/11,Pitt Meadows,Tranzeo Wireless Technologies Inc,4520,452010,45,45201020,D,CAN,334220,3663, , , ,BC,TRANZEO WIRELESS TECH INC,TZWLF
165270, , ,8/31/11,Pitt Meadows,Tranzeo Wireless Technologies Inc,4520,452010,45,45201020,D,CAN,334220,3663, , , ,BC,TRANZEO WIRELESS TECH INC,TZWLF
165270, , ,9/30/11,Pitt Meadows,Tranzeo Wireless Technologies Inc,4520,452010,45,45201020,D,CAN,334220,3663, , , ,BC,TRANZEO WIRELESS TECH INC,TZWLF
165270, , ,10/31/11,Pitt Meadows,Tranzeo Wireless Technologies Inc,4520,452010,45,45201020,D,CAN,334220,3663, , , ,BC,TRANZEO WIRELESS TECH INC,TZWLF
165270, , ,11/30/11,Pitt Meadows,Tranzeo Wireless Technologies Inc,4520,452010,45,45201020,D,CAN,334220,3663, , , ,BC,TRANZEO WIRELESS TECH INC,TZWLF
165270, , ,12/31/11,Pitt Meadows,Tranzeo Wireless Technologies Inc,4520,452010,45,45201020,D,CAN,334220,3663, , , ,BC,TRANZEO WIRELESS TECH INC,TZWLF
165270, , ,1/31/12,Pitt Meadows,Tranzeo Wireless Technologies Inc,4520,452010,45,45201020,D,CAN,334220,3663, , , ,BC,TRANZEO WIRELESS TECH INC,TZWLF
165270, , ,2/29/12,Pitt Meadows,Tranzeo Wireless Technologies Inc,4520,452010,45,45201020,D,CAN,334220,3663, , , ,BC,TRANZEO WIRELESS TECH INC,TZWLF
165270, , ,3/31/12,Pitt Meadows,Tranzeo Wireless Technologies Inc,4520,452010,45,45201020,D,CAN,334220,3663, , , ,BC,TRANZEO WIRELESS TECH INC,TZWLF
165270, , ,4/30/12,Pitt Meadows,Tranzeo Wireless Technologies Inc,4520,452010,45,45201020,D,CAN,334220,3663, , , ,BC,TRANZEO WIRELESS TECH INC,TZWLF
165551, , ,1/31/10,Victoria,Vecima Networks Inc,4520,452010,45,45201020,D,CAN,334220,3663, , , ,BC,VECIMA NETWORKS INC,VNWTF
165551, , ,2/28/10,Victoria,Vecima Networks Inc,4520,452010,45,45201020,D,CAN,334220,3663, , , ,BC,VECIMA NETWORKS INC,VNWTF
165551, , ,3/31/10,Victoria,Vecima Networks Inc,4520,452010,45,45201020,D,CAN,334220,3663, , , ,BC,VECIMA NETWORKS INC,VNWTF
165551, , ,4/30/10,Victoria,Vecima Networks Inc,4520,452010,45,45201020,D,CAN,334220,3663, , , ,BC,VECIMA NETWORKS INC,VNWTF
165551, , ,5/31/10,Victoria,Vecima Networks Inc,4520,452010,45,45201020,D,CAN,334220,3663, , , ,BC,VECIMA NETWORKS INC,VNWTF
165551, , ,6/30/10,Victoria,Vecima Networks Inc,4520,452010,45,45201020,D,CAN,334220,3663, , , ,BC,VECIMA NETWORKS INC,VNWTF
165551, , ,7/31/10,Victoria,Vecima Networks Inc,4520,452010,45,45201020,D,CAN,334220,3663, , , ,BC,VECIMA NETWORKS INC,VNWTF
165551, , ,8/31/10,Victoria,Vecima Networks Inc,4520,452010,45,45201020,D,CAN,334220,3663, , , ,BC,VECIMA NETWORKS INC,VNWTF
165551, , ,9/30/10,Victoria,Vecima Networks Inc,4520,452010,45,45201020,D,CAN,334220,3663, , , ,BC,VECIMA NETWORKS INC,VNWTF
165551, , ,10/31/10,Victoria,Vecima Networks Inc,4520,452010,45,45201020,D,CAN,334220,3663, , , ,BC,VECIMA NETWORKS INC,VNWTF
165551, , ,11/30/10,Victoria,Vecima Networks Inc,4520,452010,45,45201020,D,CAN,334220,3663, , , ,BC,VECIMA NETWORKS INC,VNWTF
165551, , ,12/31/10,Victoria,Vecima Networks Inc,4520,452010,45,45201020,D,CAN,334220,3663, , , ,BC,VECIMA NETWORKS INC,VNWTF
165551, , ,1/31/11,Victoria,Vecima Networks Inc,4520,452010,45,45201020,D,CAN,334220,3663, , , ,BC,VECIMA NETWORKS INC,VNWTF
165551, , ,2/28/11,Victoria,Vecima Networks Inc,4520,452010,45,45201020,D,CAN,334220,3663, , , ,BC,VECIMA NETWORKS INC,VNWTF
165551, , ,3/31/11,Victoria,Vecima Networks Inc,4520,452010,45,45201020,D,CAN,334220,3663, , , ,BC,VECIMA NETWORKS INC,VNWTF
165551, , ,4/30/11,Victoria,Vecima Networks Inc,4520,452010,45,45201020,D,CAN,334220,3663, , , ,BC,VECIMA NETWORKS INC,VNWTF
165551, , ,5/31/11,Victoria,Vecima Networks Inc,4520,452010,45,45201020,D,CAN,334220,3663, , , ,BC,VECIMA NETWORKS INC,VNWTF
165551, , ,6/30/11,Victoria,Vecima Networks Inc,4520,452010,45,45201020,D,CAN,334220,3663, , , ,BC,VECIMA NETWORKS INC,VNWTF
165551, , ,7/31/11,Victoria,Vecima Networks Inc,4520,452010,45,45201020,D,CAN,334220,3663, , , ,BC,VECIMA NETWORKS INC,VNWTF
165551, , ,8/31/11,Victoria,Vecima Networks Inc,4520,452010,45,45201020,D,CAN,334220,3663, , , ,BC,VECIMA NETWORKS INC,VNWTF
165551, , ,9/30/11,Victoria,Vecima Networks Inc,4520,452010,45,45201020,D,CAN,334220,3663, , , ,BC,VECIMA NETWORKS INC,VNWTF
165551, , ,10/31/11,Victoria,Vecima Networks Inc,4520,452010,45,45201020,D,CAN,334220,3663, , , ,BC,VECIMA NETWORKS INC,VNWTF
165551, , ,11/30/11,Victoria,Vecima Networks Inc,4520,452010,45,45201020,D,CAN,334220,3663, , , ,BC,VECIMA NETWORKS INC,VNWTF
165551, , ,12/31/11,Victoria,Vecima Networks Inc,4520,452010,45,45201020,D,CAN,334220,3663, , , ,BC,VECIMA NETWORKS INC,VNWTF
165551, , ,1/31/12,Victoria,Vecima Networks Inc,4520,452010,45,45201020,D,CAN,334220,3663, , , ,BC,VECIMA NETWORKS INC,VNWTF
165551, , ,2/29/12,Victoria,Vecima Networks Inc,4520,452010,45,45201020,D,CAN,334220,3663, , , ,BC,VECIMA NETWORKS INC,VNWTF
165551, , ,3/31/12,Victoria,Vecima Networks Inc,4520,452010,45,45201020,D,CAN,334220,3663, , , ,BC,VECIMA NETWORKS INC,VNWTF
165551, , ,4/30/12,Victoria,Vecima Networks Inc,4520,452010,45,45201020,D,CAN,334220,3663, , , ,BC,VECIMA NETWORKS INC,VNWTF
165551, , ,5/31/12,Victoria,Vecima Networks Inc,4520,452010,45,45201020,D,CAN,334220,3663, , , ,BC,VECIMA NETWORKS INC,VNWTF
165551, , ,6/30/12,Victoria,Vecima Networks Inc,4520,452010,45,45201020,D,CAN,334220,3663, , , ,BC,VECIMA NETWORKS INC,VNWTF
165551, , ,7/31/12,Victoria,Vecima Networks Inc,4520,452010,45,45201020,D,CAN,334220,3663, , , ,BC,VECIMA NETWORKS INC,VNWTF
165551, , ,8/31/12,Victoria,Vecima Networks Inc,4520,452010,45,45201020,D,CAN,334220,3663, , , ,BC,VECIMA NETWORKS INC,VNWTF
165551, , ,9/30/12,Victoria,Vecima Networks Inc,4520,452010,45,45201020,D,CAN,334220,3663, , , ,BC,VECIMA NETWORKS INC,VNWTF
165551, , ,10/31/12,Victoria,Vecima Networks Inc,4520,452010,45,45201020,D,CAN,334220,3663, , , ,BC,VECIMA NETWORKS INC,VNWTF
165551, , ,11/30/12,Victoria,Vecima Networks Inc,4520,452010,45,45201020,D,CAN,334220,3663, , , ,BC,VECIMA NETWORKS INC,VNWTF
165551, , ,12/31/12,Victoria,Vecima Networks Inc,4520,452010,45,45201020,D,CAN,334220,3663, , , ,BC,VECIMA NETWORKS INC,VNWTF
165551, , ,1/31/13,Victoria,Vecima Networks Inc,4520,452010,45,45201020,D,CAN,334220,3663, , , ,BC,VECIMA NETWORKS INC,VNWTF
165551, , ,2/28/13,Victoria,Vecima Networks Inc,4520,452010,45,45201020,D,CAN,334220,3663, , , ,BC,VECIMA NETWORKS INC,VNWTF
165551, , ,3/31/13,Victoria,Vecima Networks Inc,4520,452010,45,45201020,D,CAN,334220,3663, , , ,BC,VECIMA NETWORKS INC,VNWTF
165551, , ,4/30/13,Victoria,Vecima Networks Inc,4520,452010,45,45201020,D,CAN,334220,3663, , , ,BC,VECIMA NETWORKS INC,VNWTF
165551, , ,5/31/13,Victoria,Vecima Networks Inc,4520,452010,45,45201020,D,CAN,334220,3663, , , ,BC,VECIMA NETWORKS INC,VNWTF
165551, , ,6/30/13,Victoria,Vecima Networks Inc,4520,452010,45,45201020,D,CAN,334220,3663, , , ,BC,VECIMA NETWORKS INC,VNWTF
165551, , ,7/31/13,Victoria,Vecima Networks Inc,4520,452010,45,45201020,D,CAN,334220,3663, , , ,BC,VECIMA NETWORKS INC,VNWTF
165551, , ,8/31/13,Victoria,Vecima Networks Inc,4520,452010,45,45201020,D,CAN,334220,3663, , , ,BC,VECIMA NETWORKS INC,VNWTF
165551, , ,9/30/13,Victoria,Vecima Networks Inc,4520,452010,45,45201020,D,CAN,334220,3663, , , ,BC,VECIMA NETWORKS INC,VNWTF
165551, , ,10/31/13,Victoria,Vecima Networks Inc,4520,452010,45,45201020,D,CAN,334220,3663, , , ,BC,VECIMA NETWORKS INC,VNWTF
165712, , ,1/31/10,Montreal,Miranda Technologies Inc,4520,452030,45,45203010,D,CAN,334220,3663, , , ,QC,MIRANDA TECHNOLOGIES INC,MRTKF
165712, , ,2/28/10,Montreal,Miranda Technologies Inc,4520,452030,45,45203010,D,CAN,334220,3663, , , ,QC,MIRANDA TECHNOLOGIES INC,MRTKF
165712, , ,3/31/10,Montreal,Miranda Technologies Inc,4520,452030,45,45203010,D,CAN,334220,3663, , , ,QC,MIRANDA TECHNOLOGIES INC,MRTKF
165712, , ,4/30/10,Montreal,Miranda Technologies Inc,4520,452030,45,45203010,D,CAN,334220,3663, , , ,QC,MIRANDA TECHNOLOGIES INC,MRTKF
165712, , ,5/31/10,Montreal,Miranda Technologies Inc,4520,452030,45,45203010,D,CAN,334220,3663, , , ,QC,MIRANDA TECHNOLOGIES INC,MRTKF
165712, , ,6/30/10,Montreal,Miranda Technologies Inc,4520,452030,45,45203010,D,CAN,334220,3663, , , ,QC,MIRANDA TECHNOLOGIES INC,MRTKF
165712, , ,7/31/10,Montreal,Miranda Technologies Inc,4520,452030,45,45203010,D,CAN,334220,3663, , , ,QC,MIRANDA TECHNOLOGIES INC,MRTKF
165712, , ,8/31/10,Montreal,Miranda Technologies Inc,4520,452030,45,45203010,D,CAN,334220,3663, , , ,QC,MIRANDA TECHNOLOGIES INC,MRTKF
165712, , ,9/30/10,Montreal,Miranda Technologies Inc,4520,452030,45,45203010,D,CAN,334220,3663, , , ,QC,MIRANDA TECHNOLOGIES INC,MRTKF
165712, , ,10/31/10,Montreal,Miranda Technologies Inc,4520,452030,45,45203010,D,CAN,334220,3663, , , ,QC,MIRANDA TECHNOLOGIES INC,MRTKF
165712, , ,11/30/10,Montreal,Miranda Technologies Inc,4520,452030,45,45203010,D,CAN,334220,3663, , , ,QC,MIRANDA TECHNOLOGIES INC,MRTKF
165712, , ,12/31/10,Montreal,Miranda Technologies Inc,4520,452030,45,45203010,D,CAN,334220,3663, , , ,QC,MIRANDA TECHNOLOGIES INC,MRTKF
165712, , ,1/31/11,Montreal,Miranda Technologies Inc,4520,452030,45,45203010,D,CAN,334220,3663, , , ,QC,MIRANDA TECHNOLOGIES INC,MRTKF
165712, , ,2/28/11,Montreal,Miranda Technologies Inc,4520,452030,45,45203010,D,CAN,334220,3663, , , ,QC,MIRANDA TECHNOLOGIES INC,MRTKF
165712, , ,3/31/11,Montreal,Miranda Technologies Inc,4520,452030,45,45203010,D,CAN,334220,3663, , , ,QC,MIRANDA TECHNOLOGIES INC,MRTKF
165712, , ,4/30/11,Montreal,Miranda Technologies Inc,4520,452030,45,45203010,D,CAN,334220,3663, , , ,QC,MIRANDA TECHNOLOGIES INC,MRTKF
165712, , ,5/31/11,Montreal,Miranda Technologies Inc,4520,452030,45,45203010,D,CAN,334220,3663, , , ,QC,MIRANDA TECHNOLOGIES INC,MRTKF
165712, , ,6/30/11,Montreal,Miranda Technologies Inc,4520,452030,45,45203010,D,CAN,334220,3663, , , ,QC,MIRANDA TECHNOLOGIES INC,MRTKF
165712, , ,7/31/11,Montreal,Miranda Technologies Inc,4520,452030,45,45203010,D,CAN,334220,3663, , , ,QC,MIRANDA TECHNOLOGIES INC,MRTKF
165712, , ,8/31/11,Montreal,Miranda Technologies Inc,4520,452030,45,45203010,D,CAN,334220,3663, , , ,QC,MIRANDA TECHNOLOGIES INC,MRTKF
165712, , ,9/30/11,Montreal,Miranda Technologies Inc,4520,452030,45,45203010,D,CAN,334220,3663, , , ,QC,MIRANDA TECHNOLOGIES INC,MRTKF
165712, , ,10/31/11,Montreal,Miranda Technologies Inc,4520,452030,45,45203010,D,CAN,334220,3663, , , ,QC,MIRANDA TECHNOLOGIES INC,MRTKF
165712, , ,11/30/11,Montreal,Miranda Technologies Inc,4520,452030,45,45203010,D,CAN,334220,3663, , , ,QC,MIRANDA TECHNOLOGIES INC,MRTKF
165712, , ,12/31/11,Montreal,Miranda Technologies Inc,4520,452030,45,45203010,D,CAN,334220,3663, , , ,QC,MIRANDA TECHNOLOGIES INC,MRTKF
165712, , ,1/31/12,Montreal,Miranda Technologies Inc,4520,452030,45,45203010,D,CAN,334220,3663, , , ,QC,MIRANDA TECHNOLOGIES INC,MRTKF
165712, , ,2/29/12,Montreal,Miranda Technologies Inc,4520,452030,45,45203010,D,CAN,334220,3663, , , ,QC,MIRANDA TECHNOLOGIES INC,MRTKF
165712, , ,3/31/12,Montreal,Miranda Technologies Inc,4520,452030,45,45203010,D,CAN,334220,3663, , , ,QC,MIRANDA TECHNOLOGIES INC,MRTKF
165712, , ,4/30/12,Montreal,Miranda Technologies Inc,4520,452030,45,45203010,D,CAN,334220,3663, , , ,QC,MIRANDA TECHNOLOGIES INC,MRTKF
165712, , ,5/31/12,Montreal,Miranda Technologies Inc,4520,452030,45,45203010,D,CAN,334220,3663, , , ,QC,MIRANDA TECHNOLOGIES INC,MRTKF
165712, , ,6/30/12,Montreal,Miranda Technologies Inc,4520,452030,45,45203010,D,CAN,334220,3663, , , ,QC,MIRANDA TECHNOLOGIES INC,MRTKF
165712, , ,7/31/12,Montreal,Miranda Technologies Inc,4520,452030,45,45203010,D,CAN,334220,3663, , , ,QC,MIRANDA TECHNOLOGIES INC,MRTKF
166028, , ,1/31/10,Shenzhen,China Security & Surveillance Technology Inc,4520,452030,45,45203010,D,CHN,334290,3669, , , , ,CHINA SECURITY & SURV TECH,CSR
166028, , ,2/28/10,Shenzhen,China Security & Surveillance Technology Inc,4520,452030,45,45203010,D,CHN,334290,3669, , , , ,CHINA SECURITY & SURV TECH,CSR
166028, , ,3/31/10,Shenzhen,China Security & Surveillance Technology Inc,4520,452030,45,45203010,D,CHN,334290,3669, , , , ,CHINA SECURITY & SURV TECH,CSR
166028, , ,4/30/10,Shenzhen,China Security & Surveillance Technology Inc,4520,452030,45,45203010,D,CHN,334290,3669, , , , ,CHINA SECURITY & SURV TECH,CSR
166028, , ,5/31/10,Shenzhen,China Security & Surveillance Technology Inc,4520,452030,45,45203010,D,CHN,334290,3669, , , , ,CHINA SECURITY & SURV TECH,CSR
166028, , ,6/30/10,Shenzhen,China Security & Surveillance Technology Inc,4520,452030,45,45203010,D,CHN,334290,3669, , , , ,CHINA SECURITY & SURV TECH,CSR
166028, , ,7/31/10,Shenzhen,China Security & Surveillance Technology Inc,4520,452030,45,45203010,D,CHN,334290,3669, , , , ,CHINA SECURITY & SURV TECH,CSR
166028, , ,8/31/10,Shenzhen,China Security & Surveillance Technology Inc,4520,452030,45,45203010,D,CHN,334290,3669, , , , ,CHINA SECURITY & SURV TECH,CSR
166028, , ,9/30/10,Shenzhen,China Security & Surveillance Technology Inc,4520,452030,45,45203010,D,CHN,334290,3669, , , , ,CHINA SECURITY & SURV TECH,CSR
166028, , ,10/31/10,Shenzhen,China Security & Surveillance Technology Inc,4520,452030,45,45203010,D,CHN,334290,3669, , , , ,CHINA SECURITY & SURV TECH,CSR
166028, , ,11/30/10,Shenzhen,China Security & Surveillance Technology Inc,4520,452030,45,45203010,D,CHN,334290,3669, , , , ,CHINA SECURITY & SURV TECH,CSR
166028, , ,12/31/10,Shenzhen,China Security & Surveillance Technology Inc,4520,452030,45,45203010,D,CHN,334290,3669, , , , ,CHINA SECURITY & SURV TECH,CSR
166028, , ,1/31/11,Shenzhen,China Security & Surveillance Technology Inc,4520,452030,45,45203010,D,CHN,334290,3669, , , , ,CHINA SECURITY & SURV TECH,CSR
166028, , ,2/28/11,Shenzhen,China Security & Surveillance Technology Inc,4520,452030,45,45203010,D,CHN,334290,3669, , , , ,CHINA SECURITY & SURV TECH,CSR
166028, , ,3/31/11,Shenzhen,China Security & Surveillance Technology Inc,4520,452030,45,45203010,D,CHN,334290,3669, , , , ,CHINA SECURITY & SURV TECH,CSR
166028, , ,4/30/11,Shenzhen,China Security & Surveillance Technology Inc,4520,452030,45,45203010,D,CHN,334290,3669, , , , ,CHINA SECURITY & SURV TECH,CSR
166028, , ,5/31/11,Shenzhen,China Security & Surveillance Technology Inc,4520,452030,45,45203010,D,CHN,334290,3669, , , , ,CHINA SECURITY & SURV TECH,CSR
166028, , ,6/30/11,Shenzhen,China Security & Surveillance Technology Inc,4520,452030,45,45203010,D,CHN,334290,3669, , , , ,CHINA SECURITY & SURV TECH,CSR
166028, , ,7/31/11,Shenzhen,China Security & Surveillance Technology Inc,4520,452030,45,45203010,D,CHN,334290,3669, , , , ,CHINA SECURITY & SURV TECH,CSR
166028, , ,8/31/11,Shenzhen,China Security & Surveillance Technology Inc,4520,452030,45,45203010,D,CHN,334290,3669, , , , ,CHINA SECURITY & SURV TECH,CSR
166028, , ,9/30/11,Shenzhen,China Security & Surveillance Technology Inc,4520,452030,45,45203010,D,CHN,334290,3669, , , , ,CHINA SECURITY & SURV TECH,CSR
166430, , ,1/31/10,Seattle,Visualant Inc,4520,452030,45,45203010,D,USA,334519,3829, , , ,WA,VISUALANT INC,VSUL
166430, , ,2/28/10,Seattle,Visualant Inc,4520,452030,45,45203010,D,USA,334519,3829, , , ,WA,VISUALANT INC,VSUL
166430, , ,3/31/10,Seattle,Visualant Inc,4520,452030,45,45203010,D,USA,334519,3829, , , ,WA,VISUALANT INC,VSUL
166430, , ,4/30/10,Seattle,Visualant Inc,4520,452030,45,45203010,D,USA,334519,3829, , , ,WA,VISUALANT INC,VSUL
166430, , ,5/31/10,Seattle,Visualant Inc,4520,452030,45,45203010,D,USA,334519,3829, , , ,WA,VISUALANT INC,VSUL
166430, , ,6/30/10,Seattle,Visualant Inc,4520,452030,45,45203010,D,USA,334519,3829, , , ,WA,VISUALANT INC,VSUL
166430, , ,7/31/10,Seattle,Visualant Inc,4520,452030,45,45203010,D,USA,334519,3829, , , ,WA,VISUALANT INC,VSUL
166430, , ,8/31/10,Seattle,Visualant Inc,4520,452030,45,45203010,D,USA,334519,3829, , , ,WA,VISUALANT INC,VSUL
166430, , ,9/30/10,Seattle,Visualant Inc,4520,452030,45,45203010,D,USA,334519,3829, , , ,WA,VISUALANT INC,VSUL
166430, , ,10/31/10,Seattle,Visualant Inc,4520,452030,45,45203010,D,USA,334519,3829, , , ,WA,VISUALANT INC,VSUL
166430, , ,11/30/10,Seattle,Visualant Inc,4520,452030,45,45203010,D,USA,334519,3829, , , ,WA,VISUALANT INC,VSUL
166430, , ,12/31/10,Seattle,Visualant Inc,4520,452030,45,45203010,D,USA,334519,3829, , , ,WA,VISUALANT INC,VSUL
166430, , ,1/31/11,Seattle,Visualant Inc,4520,452030,45,45203010,D,USA,334519,3829, , , ,WA,VISUALANT INC,VSUL
166430, , ,2/28/11,Seattle,Visualant Inc,4520,452030,45,45203010,D,USA,334519,3829, , , ,WA,VISUALANT INC,VSUL
166430, , ,3/31/11,Seattle,Visualant Inc,4520,452030,45,45203010,D,USA,334519,3829, , , ,WA,VISUALANT INC,VSUL
166430, , ,4/30/11,Seattle,Visualant Inc,4520,452030,45,45203010,D,USA,334519,3829, , , ,WA,VISUALANT INC,VSUL
166430, , ,5/31/11,Seattle,Visualant Inc,4520,452030,45,45203010,D,USA,334519,3829, , , ,WA,VISUALANT INC,VSUL
166430, , ,6/30/11,Seattle,Visualant Inc,4520,452030,45,45203010,D,USA,334519,3829, , , ,WA,VISUALANT INC,VSUL
166430, , ,7/31/11,Seattle,Visualant Inc,4520,452030,45,45203010,D,USA,334519,3829, , , ,WA,VISUALANT INC,VSUL
166430, , ,8/31/11,Seattle,Visualant Inc,4520,452030,45,45203010,D,USA,334519,3829, , , ,WA,VISUALANT INC,VSUL
166430, , ,9/30/11,Seattle,Visualant Inc,4520,452030,45,45203010,D,USA,334519,3829, , , ,WA,VISUALANT INC,VSUL
166430, , ,10/31/11,Seattle,Visualant Inc,4520,452030,45,45203010,D,USA,334519,3829, , , ,WA,VISUALANT INC,VSUL
166430, , ,11/30/11,Seattle,Visualant Inc,4520,452030,45,45203010,D,USA,334519,3829, , , ,WA,VISUALANT INC,VSUL
166430, , ,12/31/11,Seattle,Visualant Inc,4520,452030,45,45203010,D,USA,334519,3829, , , ,WA,VISUALANT INC,VSUL
166430, , ,1/31/12,Seattle,Visualant Inc,4520,452030,45,45203010,D,USA,334519,3829, , , ,WA,VISUALANT INC,VSUL
166430, , ,2/29/12,Seattle,Visualant Inc,4520,452030,45,45203010,D,USA,334519,3829, , , ,WA,VISUALANT INC,VSUL
166430, , ,3/31/12,Seattle,Visualant Inc,4520,452030,45,45203010,D,USA,334519,3829, , , ,WA,VISUALANT INC,VSUL
166430, , ,4/30/12,Seattle,Visualant Inc,4520,452030,45,45203010,D,USA,334519,3829, , , ,WA,VISUALANT INC,VSUL
166430, , ,5/31/12,Seattle,Visualant Inc,4520,452030,45,45203010,D,USA,334519,3829, , , ,WA,VISUALANT INC,VSUL
166430, , ,6/30/12,Seattle,Visualant Inc,4520,452030,45,45203010,D,USA,334519,3829, , , ,WA,VISUALANT INC,VSUL
166430, , ,7/31/12,Seattle,Visualant Inc,4520,452030,45,45203010,D,USA,334519,3829, , , ,WA,VISUALANT INC,VSUL
166430, , ,8/31/12,Seattle,Visualant Inc,4520,452030,45,45203010,D,USA,334519,3829, , , ,WA,VISUALANT INC,VSUL
166430, , ,9/30/12,Seattle,Visualant Inc,4520,452030,45,45203010,D,USA,334519,3829, , , ,WA,VISUALANT INC,VSUL
166430, , ,10/31/12,Seattle,Visualant Inc,4520,452030,45,45203010,D,USA,334519,3829, , , ,WA,VISUALANT INC,VSUL
166430, , ,11/30/12,Seattle,Visualant Inc,4520,452030,45,45203010,D,USA,334519,3829, , , ,WA,VISUALANT INC,VSUL
166430, , ,12/31/12,Seattle,Visualant Inc,4520,452030,45,45203010,D,USA,334519,3829, , , ,WA,VISUALANT INC,VSUL
166430, , ,1/31/13,Seattle,Visualant Inc,4520,452030,45,45203010,D,USA,334519,3829, , , ,WA,VISUALANT INC,VSUL
166430, , ,2/28/13,Seattle,Visualant Inc,4520,452030,45,45203010,D,USA,334519,3829, , , ,WA,VISUALANT INC,VSUL
166430, , ,3/31/13,Seattle,Visualant Inc,4520,452030,45,45203010,D,USA,334519,3829, , , ,WA,VISUALANT INC,VSUL
166430, , ,4/30/13,Seattle,Visualant Inc,4520,452030,45,45203010,D,USA,334519,3829, , , ,WA,VISUALANT INC,VSUL
166430, , ,5/31/13,Seattle,Visualant Inc,4520,452030,45,45203010,D,USA,334519,3829, , , ,WA,VISUALANT INC,VSUL
166430, , ,6/30/13,Seattle,Visualant Inc,4520,452030,45,45203010,D,USA,334519,3829, , , ,WA,VISUALANT INC,VSUL
166430, , ,7/31/13,Seattle,Visualant Inc,4520,452030,45,45203010,D,USA,334519,3829, , , ,WA,VISUALANT INC,VSUL
166430, , ,8/31/13,Seattle,Visualant Inc,4520,452030,45,45203010,D,USA,334519,3829, , , ,WA,VISUALANT INC,VSUL
166430, , ,9/30/13,Seattle,Visualant Inc,4520,452030,45,45203010,D,USA,334519,3829, , , ,WA,VISUALANT INC,VSUL
166430, , ,10/31/13,Seattle,Visualant Inc,4520,452030,45,45203010,D,USA,334519,3829, , , ,WA,VISUALANT INC,VSUL
166433,B+, ,1/31/10,Palo Alto,CPI International Holding Corp,4520,452030,45,45203015,D,USA,334290,3669, , , ,CA,CPI INTERNATIONAL HLDG CORP,5929B
166433,B+, ,2/28/10,Palo Alto,CPI International Holding Corp,4520,452030,45,45203015,D,USA,334290,3669, , , ,CA,CPI INTERNATIONAL HLDG CORP,5929B
166433,B+, ,3/31/10,Palo Alto,CPI International Holding Corp,4520,452030,45,45203015,D,USA,334290,3669, , , ,CA,CPI INTERNATIONAL HLDG CORP,5929B
166433,B+, ,4/30/10,Palo Alto,CPI International Holding Corp,4520,452030,45,45203015,D,USA,334290,3669, , , ,CA,CPI INTERNATIONAL HLDG CORP,5929B
166433,B+, ,5/31/10,Palo Alto,CPI International Holding Corp,4520,452030,45,45203015,D,USA,334290,3669, , , ,CA,CPI INTERNATIONAL HLDG CORP,5929B
166433,B+, ,6/30/10,Palo Alto,CPI International Holding Corp,4520,452030,45,45203015,D,USA,334290,3669, , , ,CA,CPI INTERNATIONAL HLDG CORP,5929B
166433,B+, ,7/31/10,Palo Alto,CPI International Holding Corp,4520,452030,45,45203015,D,USA,334290,3669, , , ,CA,CPI INTERNATIONAL HLDG CORP,5929B
166433,B+, ,8/31/10,Palo Alto,CPI International Holding Corp,4520,452030,45,45203015,D,USA,334290,3669, , , ,CA,CPI INTERNATIONAL HLDG CORP,5929B
166433,B+, ,9/30/10,Palo Alto,CPI International Holding Corp,4520,452030,45,45203015,D,USA,334290,3669, , , ,CA,CPI INTERNATIONAL HLDG CORP,5929B
166433,B+, ,10/31/10,Palo Alto,CPI International Holding Corp,4520,452030,45,45203015,D,USA,334290,3669, , , ,CA,CPI INTERNATIONAL HLDG CORP,5929B
166433,B+, ,11/30/10,Palo Alto,CPI International Holding Corp,4520,452030,45,45203015,D,USA,334290,3669, , , ,CA,CPI INTERNATIONAL HLDG CORP,5929B
166433,B+, ,12/31/10,Palo Alto,CPI International Holding Corp,4520,452030,45,45203015,D,USA,334290,3669, , , ,CA,CPI INTERNATIONAL HLDG CORP,5929B
166433,B+, ,1/31/11,Palo Alto,CPI International Holding Corp,4520,452030,45,45203015,D,USA,334290,3669, , , ,CA,CPI INTERNATIONAL HLDG CORP,5929B
166433,B, ,2/28/11,Palo Alto,CPI International Holding Corp,4520,452030,45,45203015,D,USA,334290,3669, , , ,CA,CPI INTERNATIONAL HLDG CORP,5929B
166433,B, ,3/31/11,Palo Alto,CPI International Holding Corp,4520,452030,45,45203015,D,USA,334290,3669, , , ,CA,CPI INTERNATIONAL HLDG CORP,5929B
166433,B, ,4/30/11,Palo Alto,CPI International Holding Corp,4520,452030,45,45203015,D,USA,334290,3669, , , ,CA,CPI INTERNATIONAL HLDG CORP,5929B
166433,B, ,5/31/11,Palo Alto,CPI International Holding Corp,4520,452030,45,45203015,D,USA,334290,3669, , , ,CA,CPI INTERNATIONAL HLDG CORP,5929B
166433,B, ,6/30/11,Palo Alto,CPI International Holding Corp,4520,452030,45,45203015,D,USA,334290,3669, , , ,CA,CPI INTERNATIONAL HLDG CORP,5929B
166433,B, ,7/31/11,Palo Alto,CPI International Holding Corp,4520,452030,45,45203015,D,USA,334290,3669, , , ,CA,CPI INTERNATIONAL HLDG CORP,5929B
166433,B, ,8/31/11,Palo Alto,CPI International Holding Corp,4520,452030,45,45203015,D,USA,334290,3669, , , ,CA,CPI INTERNATIONAL HLDG CORP,5929B
166433,B, ,9/30/11,Palo Alto,CPI International Holding Corp,4520,452030,45,45203015,D,USA,334290,3669, , , ,CA,CPI INTERNATIONAL HLDG CORP,5929B
166433,B, ,10/31/11,Palo Alto,CPI International Holding Corp,4520,452030,45,45203015,D,USA,334290,3669, , , ,CA,CPI INTERNATIONAL HLDG CORP,5929B
166433,B, ,11/30/11,Palo Alto,CPI International Holding Corp,4520,452030,45,45203015,D,USA,334290,3669, , , ,CA,CPI INTERNATIONAL HLDG CORP,5929B
166433,B, ,12/31/11,Palo Alto,CPI International Holding Corp,4520,452030,45,45203015,D,USA,334290,3669, , , ,CA,CPI INTERNATIONAL HLDG CORP,5929B
166433,B, ,1/31/12,Palo Alto,CPI International Holding Corp,4520,452030,45,45203015,D,USA,334290,3669, , , ,CA,CPI INTERNATIONAL HLDG CORP,5929B
166433,B, ,2/29/12,Palo Alto,CPI International Holding Corp,4520,452030,45,45203015,D,USA,334290,3669, , , ,CA,CPI INTERNATIONAL HLDG CORP,5929B
166433,B, ,3/31/12,Palo Alto,CPI International Holding Corp,4520,452030,45,45203015,D,USA,334290,3669, , , ,CA,CPI INTERNATIONAL HLDG CORP,5929B
166433,B, ,4/30/12,Palo Alto,CPI International Holding Corp,4520,452030,45,45203015,D,USA,334290,3669, , , ,CA,CPI INTERNATIONAL HLDG CORP,5929B
166433,B, ,5/31/12,Palo Alto,CPI International Holding Corp,4520,452030,45,45203015,D,USA,334290,3669, , , ,CA,CPI INTERNATIONAL HLDG CORP,5929B
166433,B, ,6/30/12,Palo Alto,CPI International Holding Corp,4520,452030,45,45203015,D,USA,334290,3669, , , ,CA,CPI INTERNATIONAL HLDG CORP,5929B
166433,B, ,7/31/12,Palo Alto,CPI International Holding Corp,4520,452030,45,45203015,D,USA,334290,3669, , , ,CA,CPI INTERNATIONAL HLDG CORP,5929B
166433,B, ,8/31/12,Palo Alto,CPI International Holding Corp,4520,452030,45,45203015,D,USA,334290,3669, , , ,CA,CPI INTERNATIONAL HLDG CORP,5929B
166433,B, ,9/30/12,Palo Alto,CPI International Holding Corp,4520,452030,45,45203015,D,USA,334290,3669, , , ,CA,CPI INTERNATIONAL HLDG CORP,5929B
166433,B, ,10/31/12,Palo Alto,CPI International Holding Corp,4520,452030,45,45203015,D,USA,334290,3669, , , ,CA,CPI INTERNATIONAL HLDG CORP,5929B
166433,B, ,11/30/12,Palo Alto,CPI International Holding Corp,4520,452030,45,45203015,D,USA,334290,3669, , , ,CA,CPI INTERNATIONAL HLDG CORP,5929B
166433,B, ,12/31/12,Palo Alto,CPI International Holding Corp,4520,452030,45,45203015,D,USA,334290,3669, , , ,CA,CPI INTERNATIONAL HLDG CORP,5929B
166433,B, ,1/31/13,Palo Alto,CPI International Holding Corp,4520,452030,45,45203015,D,USA,334290,3669, , , ,CA,CPI INTERNATIONAL HLDG CORP,5929B
166433,B, ,2/28/13,Palo Alto,CPI International Holding Corp,4520,452030,45,45203015,D,USA,334290,3669, , , ,CA,CPI INTERNATIONAL HLDG CORP,5929B
166433,B, ,3/31/13,Palo Alto,CPI International Holding Corp,4520,452030,45,45203015,D,USA,334290,3669, , , ,CA,CPI INTERNATIONAL HLDG CORP,5929B
166433,B, ,4/30/13,Palo Alto,CPI International Holding Corp,4520,452030,45,45203015,D,USA,334290,3669, , , ,CA,CPI INTERNATIONAL HLDG CORP,5929B
166433,B, ,5/31/13,Palo Alto,CPI International Holding Corp,4520,452030,45,45203015,D,USA,334290,3669, , , ,CA,CPI INTERNATIONAL HLDG CORP,5929B
166433,B, ,6/30/13,Palo Alto,CPI International Holding Corp,4520,452030,45,45203015,D,USA,334290,3669, , , ,CA,CPI INTERNATIONAL HLDG CORP,5929B
166433,B, ,7/31/13,Palo Alto,CPI International Holding Corp,4520,452030,45,45203015,D,USA,334290,3669, , , ,CA,CPI INTERNATIONAL HLDG CORP,5929B
166433,B, ,8/31/13,Palo Alto,CPI International Holding Corp,4520,452030,45,45203015,D,USA,334290,3669, , , ,CA,CPI INTERNATIONAL HLDG CORP,5929B
166433,B, ,9/30/13,Palo Alto,CPI International Holding Corp,4520,452030,45,45203015,D,USA,334290,3669, , , ,CA,CPI INTERNATIONAL HLDG CORP,5929B
166433,B, ,10/31/13,Palo Alto,CPI International Holding Corp,4520,452030,45,45203015,D,USA,334290,3669, , , ,CA,CPI INTERNATIONAL HLDG CORP,5929B
166433,B, ,11/30/13,Palo Alto,CPI International Holding Corp,4520,452030,45,45203015,D,USA,334290,3669, , , ,CA,CPI INTERNATIONAL HLDG CORP,5929B
166433,B, ,12/31/13,Palo Alto,CPI International Holding Corp,4520,452030,45,45203015,D,USA,334290,3669, , , ,CA,CPI INTERNATIONAL HLDG CORP,5929B
166433,B, ,1/31/14,Palo Alto,CPI International Holding Corp,4520,452030,45,45203015,D,USA,334290,3669, , , ,CA,CPI INTERNATIONAL HLDG CORP,5929B
166433,B, ,2/28/14,Palo Alto,CPI International Holding Corp,4520,452030,45,45203015,D,USA,334290,3669, , , ,CA,CPI INTERNATIONAL HLDG CORP,5929B
166433,B, ,3/31/14,Palo Alto,CPI International Holding Corp,4520,452030,45,45203015,D,USA,334290,3669, , , ,CA,CPI INTERNATIONAL HLDG CORP,5929B
166433,B, ,4/30/14,Palo Alto,CPI International Holding Corp,4520,452030,45,45203015,D,USA,334290,3669, , , ,CA,CPI INTERNATIONAL HLDG CORP,5929B
166433,B, ,5/31/14,Palo Alto,CPI International Holding Corp,4520,452030,45,45203015,D,USA,334290,3669, , , ,CA,CPI INTERNATIONAL HLDG CORP,5929B
166433,B, ,6/30/14,Palo Alto,CPI International Holding Corp,4520,452030,45,45203015,D,USA,334290,3669, , , ,CA,CPI INTERNATIONAL HLDG CORP,5929B
166520, , ,1/31/10,Montreal,SENSIO Technologies Inc,4520,452010,45,45201020,D,CAN,334310,3651, , , ,QC,SENSIO TECHNOLOGIES INC,SNIOF
166520, , ,2/28/10,Montreal,SENSIO Technologies Inc,4520,452010,45,45201020,D,CAN,334310,3651, , , ,QC,SENSIO TECHNOLOGIES INC,SNIOF
166520, , ,3/31/10,Montreal,SENSIO Technologies Inc,4520,452010,45,45201020,D,CAN,334310,3651, , , ,QC,SENSIO TECHNOLOGIES INC,SNIOF
166520, , ,4/30/10,Montreal,SENSIO Technologies Inc,4520,452010,45,45201020,D,CAN,334310,3651, , , ,QC,SENSIO TECHNOLOGIES INC,SNIOF
166520, , ,5/31/10,Montreal,SENSIO Technologies Inc,4520,452010,45,45201020,D,CAN,334310,3651, , , ,QC,SENSIO TECHNOLOGIES INC,SNIOF
166520, , ,6/30/10,Montreal,SENSIO Technologies Inc,4520,452010,45,45201020,D,CAN,334310,3651, , , ,QC,SENSIO TECHNOLOGIES INC,SNIOF
166520, , ,7/31/10,Montreal,SENSIO Technologies Inc,4520,452010,45,45201020,D,CAN,334310,3651, , , ,QC,SENSIO TECHNOLOGIES INC,SNIOF
166520, , ,8/31/10,Montreal,SENSIO Technologies Inc,4520,452010,45,45201020,D,CAN,334310,3651, , , ,QC,SENSIO TECHNOLOGIES INC,SNIOF
166520, , ,9/30/10,Montreal,SENSIO Technologies Inc,4520,452010,45,45201020,D,CAN,334310,3651, , , ,QC,SENSIO TECHNOLOGIES INC,SNIOF
166520, , ,10/31/10,Montreal,SENSIO Technologies Inc,4520,452010,45,45201020,D,CAN,334310,3651, , , ,QC,SENSIO TECHNOLOGIES INC,SNIOF
166520, , ,11/30/10,Montreal,SENSIO Technologies Inc,4520,452010,45,45201020,D,CAN,334310,3651, , , ,QC,SENSIO TECHNOLOGIES INC,SNIOF
166520, , ,12/31/10,Montreal,SENSIO Technologies Inc,4520,452010,45,45201020,D,CAN,334310,3651, , , ,QC,SENSIO TECHNOLOGIES INC,SNIOF
166520, , ,1/31/11,Montreal,SENSIO Technologies Inc,4520,452010,45,45201020,D,CAN,334310,3651, , , ,QC,SENSIO TECHNOLOGIES INC,SNIOF
166520, , ,2/28/11,Montreal,SENSIO Technologies Inc,4520,452010,45,45201020,D,CAN,334310,3651, , , ,QC,SENSIO TECHNOLOGIES INC,SNIOF
166520, , ,3/31/11,Montreal,SENSIO Technologies Inc,4520,452010,45,45201020,D,CAN,334310,3651, , , ,QC,SENSIO TECHNOLOGIES INC,SNIOF
166520, , ,4/30/11,Montreal,SENSIO Technologies Inc,4520,452010,45,45201020,D,CAN,334310,3651, , , ,QC,SENSIO TECHNOLOGIES INC,SNIOF
166520, , ,5/31/11,Montreal,SENSIO Technologies Inc,4520,452010,45,45201020,D,CAN,334310,3651, , , ,QC,SENSIO TECHNOLOGIES INC,SNIOF
166520, , ,6/30/11,Montreal,SENSIO Technologies Inc,4520,452010,45,45201020,D,CAN,334310,3651, , , ,QC,SENSIO TECHNOLOGIES INC,SNIOF
166520, , ,7/31/11,Montreal,SENSIO Technologies Inc,4520,452010,45,45201020,D,CAN,334310,3651, , , ,QC,SENSIO TECHNOLOGIES INC,SNIOF
166520, , ,8/31/11,Montreal,SENSIO Technologies Inc,4520,452010,45,45201020,D,CAN,334310,3651, , , ,QC,SENSIO TECHNOLOGIES INC,SNIOF
166520, , ,9/30/11,Montreal,SENSIO Technologies Inc,4520,452010,45,45201020,D,CAN,334310,3651, , , ,QC,SENSIO TECHNOLOGIES INC,SNIOF
166520, , ,10/31/11,Montreal,SENSIO Technologies Inc,4520,452010,45,45201020,D,CAN,334310,3651, , , ,QC,SENSIO TECHNOLOGIES INC,SNIOF
166520, , ,11/30/11,Montreal,SENSIO Technologies Inc,4520,452010,45,45201020,D,CAN,334310,3651, , , ,QC,SENSIO TECHNOLOGIES INC,SNIOF
166520, , ,12/31/11,Montreal,SENSIO Technologies Inc,4520,452010,45,45201020,D,CAN,334310,3651, , , ,QC,SENSIO TECHNOLOGIES INC,SNIOF
166520, , ,1/31/12,Montreal,SENSIO Technologies Inc,4520,452010,45,45201020,D,CAN,334310,3651, , , ,QC,SENSIO TECHNOLOGIES INC,SNIOF
166520, , ,2/29/12,Montreal,SENSIO Technologies Inc,4520,452010,45,45201020,D,CAN,334310,3651, , , ,QC,SENSIO TECHNOLOGIES INC,SNIOF
166520, , ,3/31/12,Montreal,SENSIO Technologies Inc,4520,452010,45,45201020,D,CAN,334310,3651, , , ,QC,SENSIO TECHNOLOGIES INC,SNIOF
166520, , ,4/30/12,Montreal,SENSIO Technologies Inc,4520,452010,45,45201020,D,CAN,334310,3651, , , ,QC,SENSIO TECHNOLOGIES INC,SNIOF
166520, , ,5/31/12,Montreal,SENSIO Technologies Inc,4520,452010,45,45201020,D,CAN,334310,3651, , , ,QC,SENSIO TECHNOLOGIES INC,SNIOF
166520, , ,6/30/12,Montreal,SENSIO Technologies Inc,4520,452010,45,45201020,D,CAN,334310,3651, , , ,QC,SENSIO TECHNOLOGIES INC,SNIOF
166520, , ,7/31/12,Montreal,SENSIO Technologies Inc,4520,452010,45,45201020,D,CAN,334310,3651, , , ,QC,SENSIO TECHNOLOGIES INC,SNIOF
166520, , ,8/31/12,Montreal,SENSIO Technologies Inc,4520,452010,45,45201020,D,CAN,334310,3651, , , ,QC,SENSIO TECHNOLOGIES INC,SNIOF
166520, , ,9/30/12,Montreal,SENSIO Technologies Inc,4520,452010,45,45201020,D,CAN,334310,3651, , , ,QC,SENSIO TECHNOLOGIES INC,SNIOF
166520, , ,10/31/12,Montreal,SENSIO Technologies Inc,4520,452010,45,45201020,D,CAN,334310,3651, , , ,QC,SENSIO TECHNOLOGIES INC,SNIOF
166520, , ,11/30/12,Montreal,SENSIO Technologies Inc,4520,452010,45,45201020,D,CAN,334310,3651, , , ,QC,SENSIO TECHNOLOGIES INC,SNIOF
166520, , ,12/31/12,Montreal,SENSIO Technologies Inc,4520,452010,45,45201020,D,CAN,334310,3651, , , ,QC,SENSIO TECHNOLOGIES INC,SNIOF
166520, , ,1/31/13,Montreal,SENSIO Technologies Inc,4520,452010,45,45201020,D,CAN,334310,3651, , , ,QC,SENSIO TECHNOLOGIES INC,SNIOF
166520, , ,2/28/13,Montreal,SENSIO Technologies Inc,4520,452010,45,45201020,D,CAN,334310,3651, , , ,QC,SENSIO TECHNOLOGIES INC,SNIOF
166520, , ,3/31/13,Montreal,SENSIO Technologies Inc,4520,452010,45,45201020,D,CAN,334310,3651, , , ,QC,SENSIO TECHNOLOGIES INC,SNIOF
166520, , ,4/30/13,Montreal,SENSIO Technologies Inc,4520,452010,45,45201020,D,CAN,334310,3651, , , ,QC,SENSIO TECHNOLOGIES INC,SNIOF
166520, , ,5/31/13,Montreal,SENSIO Technologies Inc,4520,452010,45,45201020,D,CAN,334310,3651, , , ,QC,SENSIO TECHNOLOGIES INC,SNIOF
166520, , ,6/30/13,Montreal,SENSIO Technologies Inc,4520,452010,45,45201020,D,CAN,334310,3651, , , ,QC,SENSIO TECHNOLOGIES INC,SNIOF
166520, , ,7/31/13,Montreal,SENSIO Technologies Inc,4520,452010,45,45201020,D,CAN,334310,3651, , , ,QC,SENSIO TECHNOLOGIES INC,SNIOF
166520, , ,8/31/13,Montreal,SENSIO Technologies Inc,4520,452010,45,45201020,D,CAN,334310,3651, , , ,QC,SENSIO TECHNOLOGIES INC,SNIOF
166520, , ,9/30/13,Montreal,SENSIO Technologies Inc,4520,452010,45,45201020,D,CAN,334310,3651, , , ,QC,SENSIO TECHNOLOGIES INC,SNIOF
166520, , ,10/31/13,Montreal,SENSIO Technologies Inc,4520,452010,45,45201020,D,CAN,334310,3651, , , ,QC,SENSIO TECHNOLOGIES INC,SNIOF
166680, , ,1/31/10,Waterloo,Sandvine Corp,4520,452010,45,45201020,B,CAN,541512,7373, , , , ,SANDVINE CORP,SNVNF
166680, , ,2/28/10,Waterloo,Sandvine Corp,4520,452010,45,45201020,B,CAN,541512,7373, , , , ,SANDVINE CORP,SNVNF
166680, , ,3/31/10,Waterloo,Sandvine Corp,4520,452010,45,45201020,B,CAN,541512,7373, , , , ,SANDVINE CORP,SNVNF
166680, , ,4/30/10,Waterloo,Sandvine Corp,4520,452010,45,45201020,B,CAN,541512,7373, , , , ,SANDVINE CORP,SNVNF
166680, , ,5/31/10,Waterloo,Sandvine Corp,4520,452010,45,45201020,B,CAN,541512,7373, , , , ,SANDVINE CORP,SNVNF
166680, , ,6/30/10,Waterloo,Sandvine Corp,4520,452010,45,45201020,B,CAN,541512,7373, , , , ,SANDVINE CORP,SNVNF
166680, , ,7/31/10,Waterloo,Sandvine Corp,4520,452010,45,45201020,B,CAN,541512,7373, , , , ,SANDVINE CORP,SNVNF
166680, , ,8/31/10,Waterloo,Sandvine Corp,4520,452010,45,45201020,B,CAN,541512,7373, , , , ,SANDVINE CORP,SNVNF
166680, , ,9/30/10,Waterloo,Sandvine Corp,4520,452010,45,45201020,B,CAN,541512,7373, , , , ,SANDVINE CORP,SNVNF
166680, , ,10/31/10,Waterloo,Sandvine Corp,4520,452010,45,45201020,B,CAN,541512,7373, , , , ,SANDVINE CORP,SNVNF
166680, , ,11/30/10,Waterloo,Sandvine Corp,4520,452010,45,45201020,B,CAN,541512,7373, , , , ,SANDVINE CORP,SNVNF
166680, , ,12/31/10,Waterloo,Sandvine Corp,4520,452010,45,45201020,B,CAN,541512,7373, , , , ,SANDVINE CORP,SNVNF
166680, , ,1/31/11,Waterloo,Sandvine Corp,4520,452010,45,45201020,B,CAN,541512,7373, , , , ,SANDVINE CORP,SNVNF
166680, , ,2/28/11,Waterloo,Sandvine Corp,4520,452010,45,45201020,B,CAN,541512,7373, , , , ,SANDVINE CORP,SNVNF
166680, , ,3/31/11,Waterloo,Sandvine Corp,4520,452010,45,45201020,B,CAN,541512,7373, , , , ,SANDVINE CORP,SNVNF
166680, , ,4/30/11,Waterloo,Sandvine Corp,4520,452010,45,45201020,B,CAN,541512,7373, , , , ,SANDVINE CORP,SNVNF
166680, , ,5/31/11,Waterloo,Sandvine Corp,4520,452010,45,45201020,B,CAN,541512,7373, , , , ,SANDVINE CORP,SNVNF
166680, , ,6/30/11,Waterloo,Sandvine Corp,4520,452010,45,45201020,B,CAN,541512,7373, , , , ,SANDVINE CORP,SNVNF
166680, , ,7/31/11,Waterloo,Sandvine Corp,4520,452010,45,45201020,B,CAN,541512,7373, , , , ,SANDVINE CORP,SNVNF
166680, , ,8/31/11,Waterloo,Sandvine Corp,4520,452010,45,45201020,B,CAN,541512,7373, , , , ,SANDVINE CORP,SNVNF
166680, , ,9/30/11,Waterloo,Sandvine Corp,4520,452010,45,45201020,B,CAN,541512,7373, , , , ,SANDVINE CORP,SNVNF
166680, , ,10/31/11,Waterloo,Sandvine Corp,4520,452010,45,45201020,B,CAN,541512,7373, , , , ,SANDVINE CORP,SNVNF
166680, , ,11/30/11,Waterloo,Sandvine Corp,4520,452010,45,45201020,B,CAN,541512,7373, , , , ,SANDVINE CORP,SNVNF
166680, , ,12/31/11,Waterloo,Sandvine Corp,4520,452010,45,45201020,B,CAN,541512,7373, , , , ,SANDVINE CORP,SNVNF
166680, , ,1/31/12,Waterloo,Sandvine Corp,4520,452010,45,45201020,B,CAN,541512,7373, , , , ,SANDVINE CORP,SNVNF
166680, , ,2/29/12,Waterloo,Sandvine Corp,4520,452010,45,45201020,B,CAN,541512,7373, , , , ,SANDVINE CORP,SNVNF
166680, , ,3/31/12,Waterloo,Sandvine Corp,4520,452010,45,45201020,B,CAN,541512,7373, , , , ,SANDVINE CORP,SNVNF
166680, , ,4/30/12,Waterloo,Sandvine Corp,4520,452010,45,45201020,B,CAN,541512,7373, , , , ,SANDVINE CORP,SNVNF
166680, , ,5/31/12,Waterloo,Sandvine Corp,4520,452010,45,45201020,B,CAN,541512,7373, , , , ,SANDVINE CORP,SNVNF
166680, , ,6/30/12,Waterloo,Sandvine Corp,4520,452010,45,45201020,B,CAN,541512,7373, , , , ,SANDVINE CORP,SNVNF
166680, , ,7/31/12,Waterloo,Sandvine Corp,4520,452010,45,45201020,B,CAN,541512,7373, , , , ,SANDVINE CORP,SNVNF
166680, , ,8/31/12,Waterloo,Sandvine Corp,4520,452010,45,45201020,B,CAN,541512,7373, , , , ,SANDVINE CORP,SNVNF
166680, , ,9/30/12,Waterloo,Sandvine Corp,4520,452010,45,45201020,B,CAN,541512,7373, , , , ,SANDVINE CORP,SNVNF
166680, , ,10/31/12,Waterloo,Sandvine Corp,4520,452010,45,45201020,B,CAN,541512,7373, , , , ,SANDVINE CORP,SNVNF
166680, , ,11/30/12,Waterloo,Sandvine Corp,4520,452010,45,45201020,B,CAN,541512,7373, , , , ,SANDVINE CORP,SNVNF
166680, , ,12/31/12,Waterloo,Sandvine Corp,4520,452010,45,45201020,B,CAN,541512,7373, , , , ,SANDVINE CORP,SNVNF
166680, , ,1/31/13,Waterloo,Sandvine Corp,4520,452010,45,45201020,B,CAN,541512,7373, , , , ,SANDVINE CORP,SNVNF
166680, , ,2/28/13,Waterloo,Sandvine Corp,4520,452010,45,45201020,B,CAN,541512,7373, , , , ,SANDVINE CORP,SNVNF
166680, , ,3/31/13,Waterloo,Sandvine Corp,4520,452010,45,45201020,B,CAN,541512,7373, , , , ,SANDVINE CORP,SNVNF
166680, , ,4/30/13,Waterloo,Sandvine Corp,4520,452010,45,45201020,B,CAN,541512,7373, , , , ,SANDVINE CORP,SNVNF
166680, , ,5/31/13,Waterloo,Sandvine Corp,4520,452010,45,45201020,B,CAN,541512,7373, , , , ,SANDVINE CORP,SNVNF
166680, , ,6/30/13,Waterloo,Sandvine Corp,4520,452010,45,45201020,B,CAN,541512,7373, , , , ,SANDVINE CORP,SNVNF
166680, , ,7/31/13,Waterloo,Sandvine Corp,4520,452010,45,45201020,B,CAN,541512,7373, , , , ,SANDVINE CORP,SNVNF
166680, , ,8/31/13,Waterloo,Sandvine Corp,4520,452010,45,45201020,B,CAN,541512,7373, , , , ,SANDVINE CORP,SNVNF
166680, , ,9/30/13,Waterloo,Sandvine Corp,4520,452010,45,45201020,B,CAN,541512,7373, , , , ,SANDVINE CORP,SNVNF
166680, , ,10/31/13,Waterloo,Sandvine Corp,4520,452010,45,45201020,B,CAN,541512,7373, , , , ,SANDVINE CORP,SNVNF
166706, , ,1/31/10,Shenzhen,China GrenTech Corp Ltd,4520,452010,45,45201020,D,CHN,334220,3663, , , , ,CHINA GRENTECH CORP LTD -ADR,GRRF
166706, , ,2/28/10,Shenzhen,China GrenTech Corp Ltd,4520,452010,45,45201020,D,CHN,334220,3663, , , , ,CHINA GRENTECH CORP LTD -ADR,GRRF
166706, , ,3/31/10,Shenzhen,China GrenTech Corp Ltd,4520,452010,45,45201020,D,CHN,334220,3663, , , , ,CHINA GRENTECH CORP LTD -ADR,GRRF
166706, , ,4/30/10,Shenzhen,China GrenTech Corp Ltd,4520,452010,45,45201020,D,CHN,334220,3663, , , , ,CHINA GRENTECH CORP LTD -ADR,GRRF
166706, , ,5/31/10,Shenzhen,China GrenTech Corp Ltd,4520,452010,45,45201020,D,CHN,334220,3663, , , , ,CHINA GRENTECH CORP LTD -ADR,GRRF
166706, , ,6/30/10,Shenzhen,China GrenTech Corp Ltd,4520,452010,45,45201020,D,CHN,334220,3663, , , , ,CHINA GRENTECH CORP LTD -ADR,GRRF
166706, , ,7/31/10,Shenzhen,China GrenTech Corp Ltd,4520,452010,45,45201020,D,CHN,334220,3663, , , , ,CHINA GRENTECH CORP LTD -ADR,GRRF
166706, , ,8/31/10,Shenzhen,China GrenTech Corp Ltd,4520,452010,45,45201020,D,CHN,334220,3663, , , , ,CHINA GRENTECH CORP LTD -ADR,GRRF
166706, , ,9/30/10,Shenzhen,China GrenTech Corp Ltd,4520,452010,45,45201020,D,CHN,334220,3663, , , , ,CHINA GRENTECH CORP LTD -ADR,GRRF
166706, , ,10/31/10,Shenzhen,China GrenTech Corp Ltd,4520,452010,45,45201020,D,CHN,334220,3663, , , , ,CHINA GRENTECH CORP LTD -ADR,GRRF
166706, , ,11/30/10,Shenzhen,China GrenTech Corp Ltd,4520,452010,45,45201020,D,CHN,334220,3663, , , , ,CHINA GRENTECH CORP LTD -ADR,GRRF
166706, , ,12/31/10,Shenzhen,China GrenTech Corp Ltd,4520,452010,45,45201020,D,CHN,334220,3663, , , , ,CHINA GRENTECH CORP LTD -ADR,GRRF
166706, , ,1/31/11,Shenzhen,China GrenTech Corp Ltd,4520,452010,45,45201020,D,CHN,334220,3663, , , , ,CHINA GRENTECH CORP LTD -ADR,GRRF
166706, , ,2/28/11,Shenzhen,China GrenTech Corp Ltd,4520,452010,45,45201020,D,CHN,334220,3663, , , , ,CHINA GRENTECH CORP LTD -ADR,GRRF
166706, , ,3/31/11,Shenzhen,China GrenTech Corp Ltd,4520,452010,45,45201020,D,CHN,334220,3663, , , , ,CHINA GRENTECH CORP LTD -ADR,GRRF
166706, , ,4/30/11,Shenzhen,China GrenTech Corp Ltd,4520,452010,45,45201020,D,CHN,334220,3663, , , , ,CHINA GRENTECH CORP LTD -ADR,GRRF
166706, , ,5/31/11,Shenzhen,China GrenTech Corp Ltd,4520,452010,45,45201020,D,CHN,334220,3663, , , , ,CHINA GRENTECH CORP LTD -ADR,GRRF
166706, , ,6/30/11,Shenzhen,China GrenTech Corp Ltd,4520,452010,45,45201020,D,CHN,334220,3663, , , , ,CHINA GRENTECH CORP LTD -ADR,GRRF
166706, , ,7/31/11,Shenzhen,China GrenTech Corp Ltd,4520,452010,45,45201020,D,CHN,334220,3663, , , , ,CHINA GRENTECH CORP LTD -ADR,GRRF
166706, , ,8/31/11,Shenzhen,China GrenTech Corp Ltd,4520,452010,45,45201020,D,CHN,334220,3663, , , , ,CHINA GRENTECH CORP LTD -ADR,GRRF
166706, , ,9/30/11,Shenzhen,China GrenTech Corp Ltd,4520,452010,45,45201020,D,CHN,334220,3663, , , , ,CHINA GRENTECH CORP LTD -ADR,GRRF
166706, , ,10/31/11,Shenzhen,China GrenTech Corp Ltd,4520,452010,45,45201020,D,CHN,334220,3663, , , , ,CHINA GRENTECH CORP LTD -ADR,GRRF
166706, , ,11/30/11,Shenzhen,China GrenTech Corp Ltd,4520,452010,45,45201020,D,CHN,334220,3663, , , , ,CHINA GRENTECH CORP LTD -ADR,GRRF
166706, , ,12/31/11,Shenzhen,China GrenTech Corp Ltd,4520,452010,45,45201020,D,CHN,334220,3663, , , , ,CHINA GRENTECH CORP LTD -ADR,GRRF
166706, , ,1/31/12,Shenzhen,China GrenTech Corp Ltd,4520,452010,45,45201020,D,CHN,334220,3663, , , , ,CHINA GRENTECH CORP LTD -ADR,GRRF
166706, , ,2/29/12,Shenzhen,China GrenTech Corp Ltd,4520,452010,45,45201020,D,CHN,334220,3663, , , , ,CHINA GRENTECH CORP LTD -ADR,GRRF
166706, , ,3/31/12,Shenzhen,China GrenTech Corp Ltd,4520,452010,45,45201020,D,CHN,334220,3663, , , , ,CHINA GRENTECH CORP LTD -ADR,GRRF
166706, , ,4/30/12,Shenzhen,China GrenTech Corp Ltd,4520,452010,45,45201020,D,CHN,334220,3663, , , , ,CHINA GRENTECH CORP LTD -ADR,GRRF
166740, , ,1/31/10,Irvine,Probe Manufacturing Inc,4520,452030,45,45203020,D,USA,334412,3672, , , ,CA,PROBE MANUFACTURING INC,PMFI
166740, , ,2/28/10,Irvine,Probe Manufacturing Inc,4520,452030,45,45203020,D,USA,334412,3672, , , ,CA,PROBE MANUFACTURING INC,PMFI
166740, , ,3/31/10,Irvine,Probe Manufacturing Inc,4520,452030,45,45203020,D,USA,334412,3672, , , ,CA,PROBE MANUFACTURING INC,PMFI
166740, , ,4/30/10,Irvine,Probe Manufacturing Inc,4520,452030,45,45203020,D,USA,334412,3672, , , ,CA,PROBE MANUFACTURING INC,PMFI
166740, , ,5/31/10,Irvine,Probe Manufacturing Inc,4520,452030,45,45203020,D,USA,334412,3672, , , ,CA,PROBE MANUFACTURING INC,PMFI
166740, , ,6/30/10,Irvine,Probe Manufacturing Inc,4520,452030,45,45203020,D,USA,334412,3672, , , ,CA,PROBE MANUFACTURING INC,PMFI
166740, , ,7/31/10,Irvine,Probe Manufacturing Inc,4520,452030,45,45203020,D,USA,334412,3672, , , ,CA,PROBE MANUFACTURING INC,PMFI
166740, , ,8/31/10,Irvine,Probe Manufacturing Inc,4520,452030,45,45203020,D,USA,334412,3672, , , ,CA,PROBE MANUFACTURING INC,PMFI
166740, , ,9/30/10,Irvine,Probe Manufacturing Inc,4520,452030,45,45203020,D,USA,334412,3672, , , ,CA,PROBE MANUFACTURING INC,PMFI
166740, , ,10/31/10,Irvine,Probe Manufacturing Inc,4520,452030,45,45203020,D,USA,334412,3672, , , ,CA,PROBE MANUFACTURING INC,PMFI
166740, , ,11/30/10,Irvine,Probe Manufacturing Inc,4520,452030,45,45203020,D,USA,334412,3672, , , ,CA,PROBE MANUFACTURING INC,PMFI
166740, , ,12/31/10,Irvine,Probe Manufacturing Inc,4520,452030,45,45203020,D,USA,334412,3672, , , ,CA,PROBE MANUFACTURING INC,PMFI
166740, , ,1/31/11,Irvine,Probe Manufacturing Inc,4520,452030,45,45203020,D,USA,334412,3672, , , ,CA,PROBE MANUFACTURING INC,PMFI
166740, , ,2/28/11,Irvine,Probe Manufacturing Inc,4520,452030,45,45203020,D,USA,334412,3672, , , ,CA,PROBE MANUFACTURING INC,PMFI
166740, , ,3/31/11,Irvine,Probe Manufacturing Inc,4520,452030,45,45203020,D,USA,334412,3672, , , ,CA,PROBE MANUFACTURING INC,PMFI
166740, , ,4/30/11,Irvine,Probe Manufacturing Inc,4520,452030,45,45203020,D,USA,334412,3672, , , ,CA,PROBE MANUFACTURING INC,PMFI
166740, , ,5/31/11,Irvine,Probe Manufacturing Inc,4520,452030,45,45203020,D,USA,334412,3672, , , ,CA,PROBE MANUFACTURING INC,PMFI
166740, , ,6/30/11,Irvine,Probe Manufacturing Inc,4520,452030,45,45203020,D,USA,334412,3672, , , ,CA,PROBE MANUFACTURING INC,PMFI
166740, , ,7/31/11,Irvine,Probe Manufacturing Inc,4520,452030,45,45203020,D,USA,334412,3672, , , ,CA,PROBE MANUFACTURING INC,PMFI
166740, , ,8/31/11,Irvine,Probe Manufacturing Inc,4520,452030,45,45203020,D,USA,334412,3672, , , ,CA,PROBE MANUFACTURING INC,PMFI
166740, , ,9/30/11,Irvine,Probe Manufacturing Inc,4520,452030,45,45203020,D,USA,334412,3672, , , ,CA,PROBE MANUFACTURING INC,PMFI
166740, , ,10/31/11,Irvine,Probe Manufacturing Inc,4520,452030,45,45203020,D,USA,334412,3672, , , ,CA,PROBE MANUFACTURING INC,PMFI
166740, , ,11/30/11,Irvine,Probe Manufacturing Inc,4520,452030,45,45203020,D,USA,334412,3672, , , ,CA,PROBE MANUFACTURING INC,PMFI
166740, , ,12/31/11,Irvine,Probe Manufacturing Inc,4520,452030,45,45203020,D,USA,334412,3672, , , ,CA,PROBE MANUFACTURING INC,PMFI
166740, , ,1/31/12,Irvine,Probe Manufacturing Inc,4520,452030,45,45203020,D,USA,334412,3672, , , ,CA,PROBE MANUFACTURING INC,PMFI
166740, , ,2/29/12,Irvine,Probe Manufacturing Inc,4520,452030,45,45203020,D,USA,334412,3672, , , ,CA,PROBE MANUFACTURING INC,PMFI
166740, , ,3/31/12,Irvine,Probe Manufacturing Inc,4520,452030,45,45203020,D,USA,334412,3672, , , ,CA,PROBE MANUFACTURING INC,PMFI
166740, , ,4/30/12,Irvine,Probe Manufacturing Inc,4520,452030,45,45203020,D,USA,334412,3672, , , ,CA,PROBE MANUFACTURING INC,PMFI
166740, , ,5/31/12,Irvine,Probe Manufacturing Inc,4520,452030,45,45203020,D,USA,334412,3672, , , ,CA,PROBE MANUFACTURING INC,PMFI
166740, , ,6/30/12,Irvine,Probe Manufacturing Inc,4520,452030,45,45203020,D,USA,334412,3672, , , ,CA,PROBE MANUFACTURING INC,PMFI
166740, , ,7/31/12,Irvine,Probe Manufacturing Inc,4520,452030,45,45203020,D,USA,334412,3672, , , ,CA,PROBE MANUFACTURING INC,PMFI
166740, , ,8/31/12,Irvine,Probe Manufacturing Inc,4520,452030,45,45203020,D,USA,334412,3672, , , ,CA,PROBE MANUFACTURING INC,PMFI
166740, , ,9/30/12,Irvine,Probe Manufacturing Inc,4520,452030,45,45203020,D,USA,334412,3672, , , ,CA,PROBE MANUFACTURING INC,PMFI
166740, , ,10/31/12,Irvine,Probe Manufacturing Inc,4520,452030,45,45203020,D,USA,334412,3672, , , ,CA,PROBE MANUFACTURING INC,PMFI
166740, , ,11/30/12,Irvine,Probe Manufacturing Inc,4520,452030,45,45203020,D,USA,334412,3672, , , ,CA,PROBE MANUFACTURING INC,PMFI
166740, , ,12/31/12,Irvine,Probe Manufacturing Inc,4520,452030,45,45203020,D,USA,334412,3672, , , ,CA,PROBE MANUFACTURING INC,PMFI
166740, , ,1/31/13,Irvine,Probe Manufacturing Inc,4520,452030,45,45203020,D,USA,334412,3672, , , ,CA,PROBE MANUFACTURING INC,PMFI
166740, , ,2/28/13,Irvine,Probe Manufacturing Inc,4520,452030,45,45203020,D,USA,334412,3672, , , ,CA,PROBE MANUFACTURING INC,PMFI
166740, , ,3/31/13,Irvine,Probe Manufacturing Inc,4520,452030,45,45203020,D,USA,334412,3672, , , ,CA,PROBE MANUFACTURING INC,PMFI
166740, , ,4/30/13,Irvine,Probe Manufacturing Inc,4520,452030,45,45203020,D,USA,334412,3672, , , ,CA,PROBE MANUFACTURING INC,PMFI
166740, , ,5/31/13,Irvine,Probe Manufacturing Inc,4520,452030,45,45203020,D,USA,334412,3672, , , ,CA,PROBE MANUFACTURING INC,PMFI
166740, , ,6/30/13,Irvine,Probe Manufacturing Inc,4520,452030,45,45203020,D,USA,334412,3672, , , ,CA,PROBE MANUFACTURING INC,PMFI
166740, , ,7/31/13,Irvine,Probe Manufacturing Inc,4520,452030,45,45203020,D,USA,334412,3672, , , ,CA,PROBE MANUFACTURING INC,PMFI
166740, , ,8/31/13,Irvine,Probe Manufacturing Inc,4520,452030,45,45203020,D,USA,334412,3672, , , ,CA,PROBE MANUFACTURING INC,PMFI
166740, , ,9/30/13,Irvine,Probe Manufacturing Inc,4520,452030,45,45203020,D,USA,334412,3672, , , ,CA,PROBE MANUFACTURING INC,PMFI
166740, , ,10/31/13,Irvine,Probe Manufacturing Inc,4520,452030,45,45203020,D,USA,334412,3672, , , ,CA,PROBE MANUFACTURING INC,PMFI
174317, , ,1/31/10,San Francisco,Riverbed Technology Inc,4520,452010,45,45201020,D,USA,334118,3576, , , ,CA,RIVERBED TECHNOLOGY INC,RVBD
174317, , ,2/28/10,San Francisco,Riverbed Technology Inc,4520,452010,45,45201020,D,USA,334118,3576, , , ,CA,RIVERBED TECHNOLOGY INC,RVBD
174317, , ,3/31/10,San Francisco,Riverbed Technology Inc,4520,452010,45,45201020,D,USA,334118,3576, , , ,CA,RIVERBED TECHNOLOGY INC,RVBD
174317, , ,4/30/10,San Francisco,Riverbed Technology Inc,4520,452010,45,45201020,D,USA,334118,3576, , , ,CA,RIVERBED TECHNOLOGY INC,RVBD
174317, , ,5/31/10,San Francisco,Riverbed Technology Inc,4520,452010,45,45201020,D,USA,334118,3576, , , ,CA,RIVERBED TECHNOLOGY INC,RVBD
174317, , ,6/30/10,San Francisco,Riverbed Technology Inc,4520,452010,45,45201020,D,USA,334118,3576, , , ,CA,RIVERBED TECHNOLOGY INC,RVBD
174317, , ,7/31/10,San Francisco,Riverbed Technology Inc,4520,452010,45,45201020,D,USA,334118,3576, , , ,CA,RIVERBED TECHNOLOGY INC,RVBD
174317, , ,8/31/10,San Francisco,Riverbed Technology Inc,4520,452010,45,45201020,D,USA,334118,3576, , , ,CA,RIVERBED TECHNOLOGY INC,RVBD
174317, , ,9/30/10,San Francisco,Riverbed Technology Inc,4520,452010,45,45201020,D,USA,334118,3576, , , ,CA,RIVERBED TECHNOLOGY INC,RVBD
174317, , ,10/31/10,San Francisco,Riverbed Technology Inc,4520,452010,45,45201020,D,USA,334118,3576, , , ,CA,RIVERBED TECHNOLOGY INC,RVBD
174317, , ,11/30/10,San Francisco,Riverbed Technology Inc,4520,452010,45,45201020,D,USA,334118,3576, , , ,CA,RIVERBED TECHNOLOGY INC,RVBD
174317, , ,12/31/10,San Francisco,Riverbed Technology Inc,4520,452010,45,45201020,D,USA,334118,3576, , , ,CA,RIVERBED TECHNOLOGY INC,RVBD
174317, , ,1/31/11,San Francisco,Riverbed Technology Inc,4520,452010,45,45201020,D,USA,334118,3576, , , ,CA,RIVERBED TECHNOLOGY INC,RVBD
174317, , ,2/28/11,San Francisco,Riverbed Technology Inc,4520,452010,45,45201020,D,USA,334118,3576, , , ,CA,RIVERBED TECHNOLOGY INC,RVBD
174317, , ,3/31/11,San Francisco,Riverbed Technology Inc,4520,452010,45,45201020,D,USA,334118,3576, , , ,CA,RIVERBED TECHNOLOGY INC,RVBD
174317, , ,4/30/11,San Francisco,Riverbed Technology Inc,4520,452010,45,45201020,D,USA,334118,3576, , , ,CA,RIVERBED TECHNOLOGY INC,RVBD
174317, , ,5/31/11,San Francisco,Riverbed Technology Inc,4520,452010,45,45201020,D,USA,334118,3576, , , ,CA,RIVERBED TECHNOLOGY INC,RVBD
174317, , ,6/30/11,San Francisco,Riverbed Technology Inc,4520,452010,45,45201020,D,USA,334118,3576, , , ,CA,RIVERBED TECHNOLOGY INC,RVBD
174317, , ,7/31/11,San Francisco,Riverbed Technology Inc,4520,452010,45,45201020,D,USA,334118,3576, , , ,CA,RIVERBED TECHNOLOGY INC,RVBD
174317, , ,8/31/11,San Francisco,Riverbed Technology Inc,4520,452010,45,45201020,D,USA,334118,3576, , , ,CA,RIVERBED TECHNOLOGY INC,RVBD
174317, , ,9/30/11,San Francisco,Riverbed Technology Inc,4520,452010,45,45201020,D,USA,334118,3576, , , ,CA,RIVERBED TECHNOLOGY INC,RVBD
174317, , ,10/31/11,San Francisco,Riverbed Technology Inc,4520,452010,45,45201020,D,USA,334118,3576, , , ,CA,RIVERBED TECHNOLOGY INC,RVBD
174317, , ,11/30/11,San Francisco,Riverbed Technology Inc,4520,452010,45,45201020,D,USA,334118,3576, , , ,CA,RIVERBED TECHNOLOGY INC,RVBD
174317, , ,12/31/11,San Francisco,Riverbed Technology Inc,4520,452010,45,45201020,D,USA,334118,3576, , , ,CA,RIVERBED TECHNOLOGY INC,RVBD
174317, , ,1/31/12,San Francisco,Riverbed Technology Inc,4520,452010,45,45201020,D,USA,334118,3576, , , ,CA,RIVERBED TECHNOLOGY INC,RVBD
174317, , ,2/29/12,San Francisco,Riverbed Technology Inc,4520,452010,45,45201020,D,USA,334118,3576, , , ,CA,RIVERBED TECHNOLOGY INC,RVBD
174317, , ,3/31/12,San Francisco,Riverbed Technology Inc,4520,452010,45,45201020,D,USA,334118,3576, , , ,CA,RIVERBED TECHNOLOGY INC,RVBD
174317, , ,4/30/12,San Francisco,Riverbed Technology Inc,4520,452010,45,45201020,D,USA,334118,3576, , , ,CA,RIVERBED TECHNOLOGY INC,RVBD
174317, , ,5/31/12,San Francisco,Riverbed Technology Inc,4520,452010,45,45201020,D,USA,334118,3576, , , ,CA,RIVERBED TECHNOLOGY INC,RVBD
174317, , ,6/30/12,San Francisco,Riverbed Technology Inc,4520,452010,45,45201020,D,USA,334118,3576, , , ,CA,RIVERBED TECHNOLOGY INC,RVBD
174317, , ,7/31/12,San Francisco,Riverbed Technology Inc,4520,452010,45,45201020,D,USA,334118,3576, , , ,CA,RIVERBED TECHNOLOGY INC,RVBD
174317, , ,8/31/12,San Francisco,Riverbed Technology Inc,4520,452010,45,45201020,D,USA,334118,3576, , , ,CA,RIVERBED TECHNOLOGY INC,RVBD
174317, , ,9/30/12,San Francisco,Riverbed Technology Inc,4520,452010,45,45201020,D,USA,334118,3576, , , ,CA,RIVERBED TECHNOLOGY INC,RVBD
174317, , ,10/31/12,San Francisco,Riverbed Technology Inc,4520,452010,45,45201020,D,USA,334118,3576, , , ,CA,RIVERBED TECHNOLOGY INC,RVBD
174317,BB, ,11/30/12,San Francisco,Riverbed Technology Inc,4520,452010,45,45201020,D,USA,334118,3576, , , ,CA,RIVERBED TECHNOLOGY INC,RVBD
174317,BB, ,12/31/12,San Francisco,Riverbed Technology Inc,4520,452010,45,45201020,D,USA,334118,3576, , , ,CA,RIVERBED TECHNOLOGY INC,RVBD
174317,BB, ,1/31/13,San Francisco,Riverbed Technology Inc,4520,452010,45,45201020,D,USA,334118,3576, , , ,CA,RIVERBED TECHNOLOGY INC,RVBD
174317,BB, ,2/28/13,San Francisco,Riverbed Technology Inc,4520,452010,45,45201020,D,USA,334118,3576, , , ,CA,RIVERBED TECHNOLOGY INC,RVBD
174317,BB, ,3/31/13,San Francisco,Riverbed Technology Inc,4520,452010,45,45201020,D,USA,334118,3576, , , ,CA,RIVERBED TECHNOLOGY INC,RVBD
174317,BB, ,4/30/13,San Francisco,Riverbed Technology Inc,4520,452010,45,45201020,D,USA,334118,3576, , , ,CA,RIVERBED TECHNOLOGY INC,RVBD
174317,BB, ,5/31/13,San Francisco,Riverbed Technology Inc,4520,452010,45,45201020,D,USA,334118,3576, , , ,CA,RIVERBED TECHNOLOGY INC,RVBD
174317,BB, ,6/30/13,San Francisco,Riverbed Technology Inc,4520,452010,45,45201020,D,USA,334118,3576, , , ,CA,RIVERBED TECHNOLOGY INC,RVBD
174317,BB, ,7/31/13,San Francisco,Riverbed Technology Inc,4520,452010,45,45201020,D,USA,334118,3576, , , ,CA,RIVERBED TECHNOLOGY INC,RVBD
174317,BB, ,8/31/13,San Francisco,Riverbed Technology Inc,4520,452010,45,45201020,D,USA,334118,3576, , , ,CA,RIVERBED TECHNOLOGY INC,RVBD
174317,BB, ,9/30/13,San Francisco,Riverbed Technology Inc,4520,452010,45,45201020,D,USA,334118,3576, , , ,CA,RIVERBED TECHNOLOGY INC,RVBD
174317,BB, ,10/31/13,San Francisco,Riverbed Technology Inc,4520,452010,45,45201020,D,USA,334118,3576, , , ,CA,RIVERBED TECHNOLOGY INC,RVBD
174317,BB, ,11/30/13,San Francisco,Riverbed Technology Inc,4520,452010,45,45201020,D,USA,334118,3576, , , ,CA,RIVERBED TECHNOLOGY INC,RVBD
174317, , ,12/31/13,San Francisco,Riverbed Technology Inc,4520,452010,45,45201020,D,USA,334118,3576, , , ,CA,RIVERBED TECHNOLOGY INC,RVBD
174376, , ,1/31/10,Quebec,Ospens Inc,4520,452030,45,45203010,D,CAN,334513,3670, , , ,QC,OPSENS INC,OPSSF
174376, , ,2/28/10,Quebec,Ospens Inc,4520,452030,45,45203010,D,CAN,334513,3670, , , ,QC,OPSENS INC,OPSSF
174376, , ,3/31/10,Quebec,Ospens Inc,4520,452030,45,45203010,D,CAN,334513,3670, , , ,QC,OPSENS INC,OPSSF
174376, , ,4/30/10,Quebec,Ospens Inc,4520,452030,45,45203010,D,CAN,334513,3670, , , ,QC,OPSENS INC,OPSSF
174376, , ,5/31/10,Quebec,Ospens Inc,4520,452030,45,45203010,D,CAN,334513,3670, , , ,QC,OPSENS INC,OPSSF
174376, , ,6/30/10,Quebec,Ospens Inc,4520,452030,45,45203010,D,CAN,334513,3670, , , ,QC,OPSENS INC,OPSSF
174376, , ,7/31/10,Quebec,Ospens Inc,4520,452030,45,45203010,D,CAN,334513,3670, , , ,QC,OPSENS INC,OPSSF
174376, , ,8/31/10,Quebec,Ospens Inc,4520,452030,45,45203010,D,CAN,334513,3670, , , ,QC,OPSENS INC,OPSSF
174376, , ,9/30/10,Quebec,Ospens Inc,4520,452030,45,45203010,D,CAN,334513,3670, , , ,QC,OPSENS INC,OPSSF
174376, , ,10/31/10,Quebec,Ospens Inc,4520,452030,45,45203010,D,CAN,334513,3670, , , ,QC,OPSENS INC,OPSSF
174376, , ,11/30/10,Quebec,Ospens Inc,4520,452030,45,45203010,D,CAN,334513,3670, , , ,QC,OPSENS INC,OPSSF
174376, , ,12/31/10,Quebec,Ospens Inc,4520,452030,45,45203010,D,CAN,334513,3670, , , ,QC,OPSENS INC,OPSSF
174376, , ,1/31/11,Quebec,Ospens Inc,4520,452030,45,45203010,D,CAN,334513,3670, , , ,QC,OPSENS INC,OPSSF
174376, , ,2/28/11,Quebec,Ospens Inc,4520,452030,45,45203010,D,CAN,334513,3670, , , ,QC,OPSENS INC,OPSSF
174376, , ,3/31/11,Quebec,Ospens Inc,4520,452030,45,45203010,D,CAN,334513,3670, , , ,QC,OPSENS INC,OPSSF
174376, , ,4/30/11,Quebec,Ospens Inc,4520,452030,45,45203010,D,CAN,334513,3670, , , ,QC,OPSENS INC,OPSSF
174376, , ,5/31/11,Quebec,Ospens Inc,4520,452030,45,45203010,D,CAN,334513,3670, , , ,QC,OPSENS INC,OPSSF
174376, , ,6/30/11,Quebec,Ospens Inc,4520,452030,45,45203010,D,CAN,334513,3670, , , ,QC,OPSENS INC,OPSSF
174376, , ,7/31/11,Quebec,Ospens Inc,4520,452030,45,45203010,D,CAN,334513,3670, , , ,QC,OPSENS INC,OPSSF
174376, , ,8/31/11,Quebec,Ospens Inc,4520,452030,45,45203010,D,CAN,334513,3670, , , ,QC,OPSENS INC,OPSSF
174376, , ,9/30/11,Quebec,Ospens Inc,4520,452030,45,45203010,D,CAN,334513,3670, , , ,QC,OPSENS INC,OPSSF
174376, , ,10/31/11,Quebec,Ospens Inc,4520,452030,45,45203010,D,CAN,334513,3670, , , ,QC,OPSENS INC,OPSSF
174376, , ,11/30/11,Quebec,Ospens Inc,4520,452030,45,45203010,D,CAN,334513,3670, , , ,QC,OPSENS INC,OPSSF
174376, , ,12/31/11,Quebec,Ospens Inc,4520,452030,45,45203010,D,CAN,334513,3670, , , ,QC,OPSENS INC,OPSSF
174376, , ,1/31/12,Quebec,Ospens Inc,4520,452030,45,45203010,D,CAN,334513,3670, , , ,QC,OPSENS INC,OPSSF
174376, , ,2/29/12,Quebec,Ospens Inc,4520,452030,45,45203010,D,CAN,334513,3670, , , ,QC,OPSENS INC,OPSSF
174376, , ,3/31/12,Quebec,Ospens Inc,4520,452030,45,45203010,D,CAN,334513,3670, , , ,QC,OPSENS INC,OPSSF
174376, , ,4/30/12,Quebec,Ospens Inc,4520,452030,45,45203010,D,CAN,334513,3670, , , ,QC,OPSENS INC,OPSSF
174376, , ,5/31/12,Quebec,Ospens Inc,4520,452030,45,45203010,D,CAN,334513,3670, , , ,QC,OPSENS INC,OPSSF
174376, , ,6/30/12,Quebec,Ospens Inc,4520,452030,45,45203010,D,CAN,334513,3670, , , ,QC,OPSENS INC,OPSSF
174376, , ,7/31/12,Quebec,Ospens Inc,4520,452030,45,45203010,D,CAN,334513,3670, , , ,QC,OPSENS INC,OPSSF
174376, , ,8/31/12,Quebec,Ospens Inc,4520,452030,45,45203010,D,CAN,334513,3670, , , ,QC,OPSENS INC,OPSSF
174376, , ,9/30/12,Quebec,Ospens Inc,4520,452030,45,45203010,D,CAN,334513,3670, , , ,QC,OPSENS INC,OPSSF
174376, , ,10/31/12,Quebec,Ospens Inc,4520,452030,45,45203010,D,CAN,334513,3670, , , ,QC,OPSENS INC,OPSSF
174376, , ,11/30/12,Quebec,Ospens Inc,4520,452030,45,45203010,D,CAN,334513,3670, , , ,QC,OPSENS INC,OPSSF
174376, , ,12/31/12,Quebec,Ospens Inc,4520,452030,45,45203010,D,CAN,334513,3670, , , ,QC,OPSENS INC,OPSSF
174376, , ,1/31/13,Quebec,Ospens Inc,4520,452030,45,45203010,D,CAN,334513,3670, , , ,QC,OPSENS INC,OPSSF
174376, , ,2/28/13,Quebec,Ospens Inc,4520,452030,45,45203010,D,CAN,334513,3670, , , ,QC,OPSENS INC,OPSSF
174376, , ,3/31/13,Quebec,Ospens Inc,4520,452030,45,45203010,D,CAN,334513,3670, , , ,QC,OPSENS INC,OPSSF
174376, , ,4/30/13,Quebec,Ospens Inc,4520,452030,45,45203010,D,CAN,334513,3670, , , ,QC,OPSENS INC,OPSSF
174376, , ,5/31/13,Quebec,Ospens Inc,4520,452030,45,45203010,D,CAN,334513,3670, , , ,QC,OPSENS INC,OPSSF
174376, , ,6/30/13,Quebec,Ospens Inc,4520,452030,45,45203010,D,CAN,334513,3670, , , ,QC,OPSENS INC,OPSSF
174376, , ,7/31/13,Quebec,Ospens Inc,4520,452030,45,45203010,D,CAN,334513,3670, , , ,QC,OPSENS INC,OPSSF
174376, , ,8/31/13,Quebec,Ospens Inc,4520,452030,45,45203010,D,CAN,334513,3670, , , ,QC,OPSENS INC,OPSSF
174376, , ,9/30/13,Quebec,Ospens Inc,4520,452030,45,45203010,D,CAN,334513,3670, , , ,QC,OPSENS INC,OPSSF
174376, , ,10/31/13,Quebec,Ospens Inc,4520,452030,45,45203010,D,CAN,334513,3670, , , ,QC,OPSENS INC,OPSSF
174531,B-, ,1/31/10,Ottawa,Mitel Networks Corp,4520,452010,45,45201020,D,CAN,334210,3661, , , ,ON,MITEL NETWORKS CORP,MITL
174531,B-, ,2/28/10,Ottawa,Mitel Networks Corp,4520,452010,45,45201020,D,CAN,334210,3661, , , ,ON,MITEL NETWORKS CORP,MITL
174531,B-, ,3/31/10,Ottawa,Mitel Networks Corp,4520,452010,45,45201020,D,CAN,334210,3661, , , ,ON,MITEL NETWORKS CORP,MITL
174531,B, ,4/30/10,Ottawa,Mitel Networks Corp,4520,452010,45,45201020,D,CAN,334210,3661, , , ,ON,MITEL NETWORKS CORP,MITL
174531,B, ,5/31/10,Ottawa,Mitel Networks Corp,4520,452010,45,45201020,D,CAN,334210,3661, , , ,ON,MITEL NETWORKS CORP,MITL
174531,B, ,6/30/10,Ottawa,Mitel Networks Corp,4520,452010,45,45201020,D,CAN,334210,3661, , , ,ON,MITEL NETWORKS CORP,MITL
174531,B, ,7/31/10,Ottawa,Mitel Networks Corp,4520,452010,45,45201020,D,CAN,334210,3661, , , ,ON,MITEL NETWORKS CORP,MITL
174531,B, ,8/31/10,Ottawa,Mitel Networks Corp,4520,452010,45,45201020,D,CAN,334210,3661, , , ,ON,MITEL NETWORKS CORP,MITL
174531,B, ,9/30/10,Ottawa,Mitel Networks Corp,4520,452010,45,45201020,D,CAN,334210,3661, , , ,ON,MITEL NETWORKS CORP,MITL
174531,B, ,10/31/10,Ottawa,Mitel Networks Corp,4520,452010,45,45201020,D,CAN,334210,3661, , , ,ON,MITEL NETWORKS CORP,MITL
174531,B, ,11/30/10,Ottawa,Mitel Networks Corp,4520,452010,45,45201020,D,CAN,334210,3661, , , ,ON,MITEL NETWORKS CORP,MITL
174531,B, ,12/31/10,Ottawa,Mitel Networks Corp,4520,452010,45,45201020,D,CAN,334210,3661, , , ,ON,MITEL NETWORKS CORP,MITL
174531,B, ,1/31/11,Ottawa,Mitel Networks Corp,4520,452010,45,45201020,D,CAN,334210,3661, , , ,ON,MITEL NETWORKS CORP,MITL
174531,B, ,2/28/11,Ottawa,Mitel Networks Corp,4520,452010,45,45201020,D,CAN,334210,3661, , , ,ON,MITEL NETWORKS CORP,MITL
174531,B, ,3/31/11,Ottawa,Mitel Networks Corp,4520,452010,45,45201020,D,CAN,334210,3661, , , ,ON,MITEL NETWORKS CORP,MITL
174531,B, ,4/30/11,Ottawa,Mitel Networks Corp,4520,452010,45,45201020,D,CAN,334210,3661, , , ,ON,MITEL NETWORKS CORP,MITL
174531,B, ,5/31/11,Ottawa,Mitel Networks Corp,4520,452010,45,45201020,D,CAN,334210,3661, , , ,ON,MITEL NETWORKS CORP,MITL
174531,B, ,6/30/11,Ottawa,Mitel Networks Corp,4520,452010,45,45201020,D,CAN,334210,3661, , , ,ON,MITEL NETWORKS CORP,MITL
174531,B, ,7/31/11,Ottawa,Mitel Networks Corp,4520,452010,45,45201020,D,CAN,334210,3661, , , ,ON,MITEL NETWORKS CORP,MITL
174531,B, ,8/31/11,Ottawa,Mitel Networks Corp,4520,452010,45,45201020,D,CAN,334210,3661, , , ,ON,MITEL NETWORKS CORP,MITL
174531,B, ,9/30/11,Ottawa,Mitel Networks Corp,4520,452010,45,45201020,D,CAN,334210,3661, , , ,ON,MITEL NETWORKS CORP,MITL
174531,B, ,10/31/11,Ottawa,Mitel Networks Corp,4520,452010,45,45201020,D,CAN,334210,3661, , , ,ON,MITEL NETWORKS CORP,MITL
174531,B, ,11/30/11,Ottawa,Mitel Networks Corp,4520,452010,45,45201020,D,CAN,334210,3661, , , ,ON,MITEL NETWORKS CORP,MITL
174531,B, ,12/31/11,Ottawa,Mitel Networks Corp,4520,452010,45,45201020,D,CAN,334210,3661, , , ,ON,MITEL NETWORKS CORP,MITL
174531,B, ,1/31/12,Ottawa,Mitel Networks Corp,4520,452010,45,45201020,D,CAN,334210,3661, , , ,ON,MITEL NETWORKS CORP,MITL
174531,B, ,2/29/12,Ottawa,Mitel Networks Corp,4520,452010,45,45201020,D,CAN,334210,3661, , , ,ON,MITEL NETWORKS CORP,MITL
174531,B, ,3/31/12,Ottawa,Mitel Networks Corp,4520,452010,45,45201020,D,CAN,334210,3661, , , ,ON,MITEL NETWORKS CORP,MITL
174531,B, ,4/30/12,Ottawa,Mitel Networks Corp,4520,452010,45,45201020,D,CAN,334210,3661, , , ,ON,MITEL NETWORKS CORP,MITL
174531,B, ,5/31/12,Ottawa,Mitel Networks Corp,4520,452010,45,45201020,D,CAN,334210,3661, , , ,ON,MITEL NETWORKS CORP,MITL
174531,B, ,6/30/12,Ottawa,Mitel Networks Corp,4520,452010,45,45201020,D,CAN,334210,3661, , , ,ON,MITEL NETWORKS CORP,MITL
174531,B, ,7/31/12,Ottawa,Mitel Networks Corp,4520,452010,45,45201020,D,CAN,334210,3661, , , ,ON,MITEL NETWORKS CORP,MITL
174531,B, ,8/31/12,Ottawa,Mitel Networks Corp,4520,452010,45,45201020,D,CAN,334210,3661, , , ,ON,MITEL NETWORKS CORP,MITL
174531,B, ,9/30/12,Ottawa,Mitel Networks Corp,4520,452010,45,45201020,D,CAN,334210,3661, , , ,ON,MITEL NETWORKS CORP,MITL
174531,B, ,10/31/12,Ottawa,Mitel Networks Corp,4520,452010,45,45201020,D,CAN,334210,3661, , , ,ON,MITEL NETWORKS CORP,MITL
174531,B, ,11/30/12,Ottawa,Mitel Networks Corp,4520,452010,45,45201020,D,CAN,334210,3661, , , ,ON,MITEL NETWORKS CORP,MITL
174531,B, ,12/31/12,Ottawa,Mitel Networks Corp,4520,452010,45,45201020,D,CAN,334210,3661, , , ,ON,MITEL NETWORKS CORP,MITL
174531,B, ,1/31/13,Ottawa,Mitel Networks Corp,4520,452010,45,45201020,D,CAN,334210,3661, , , ,ON,MITEL NETWORKS CORP,MITL
174531,B, ,2/28/13,Ottawa,Mitel Networks Corp,4520,452010,45,45201020,D,CAN,334210,3661, , , ,ON,MITEL NETWORKS CORP,MITL
174531,B, ,3/31/13,Ottawa,Mitel Networks Corp,4520,452010,45,45201020,D,CAN,334210,3661, , , ,ON,MITEL NETWORKS CORP,MITL
174531,B, ,4/30/13,Ottawa,Mitel Networks Corp,4520,452010,45,45201020,D,CAN,334210,3661, , , ,ON,MITEL NETWORKS CORP,MITL
174531,B, ,5/31/13,Ottawa,Mitel Networks Corp,4520,452010,45,45201020,D,CAN,334210,3661, , , ,ON,MITEL NETWORKS CORP,MITL
174531,B, ,6/30/13,Ottawa,Mitel Networks Corp,4520,452010,45,45201020,D,CAN,334210,3661, , , ,ON,MITEL NETWORKS CORP,MITL
174531,B, ,7/31/13,Ottawa,Mitel Networks Corp,4520,452010,45,45201020,D,CAN,334210,3661, , , ,ON,MITEL NETWORKS CORP,MITL
174531,B, ,8/31/13,Ottawa,Mitel Networks Corp,4520,452010,45,45201020,D,CAN,334210,3661, , , ,ON,MITEL NETWORKS CORP,MITL
174531,B, ,9/30/13,Ottawa,Mitel Networks Corp,4520,452010,45,45201020,D,CAN,334210,3661, , , ,ON,MITEL NETWORKS CORP,MITL
174531,B, ,10/31/13,Ottawa,Mitel Networks Corp,4520,452010,45,45201020,D,CAN,334210,3661, , , ,ON,MITEL NETWORKS CORP,MITL
174531,B, ,11/30/13,Ottawa,Mitel Networks Corp,4520,452010,45,45201020,D,CAN,334210,3661, , , ,ON,MITEL NETWORKS CORP,MITL
174531,B, ,12/31/13,Ottawa,Mitel Networks Corp,4520,452010,45,45201020,D,CAN,334210,3661, , , ,ON,MITEL NETWORKS CORP,MITL
174531,B, ,1/31/14,Ottawa,Mitel Networks Corp,4520,452010,45,45201020,D,CAN,334210,3661, , , ,ON,MITEL NETWORKS CORP,MITL
174531,B, ,2/28/14,Ottawa,Mitel Networks Corp,4520,452010,45,45201020,D,CAN,334210,3661, , , ,ON,MITEL NETWORKS CORP,MITL
174531,B, ,3/31/14,Ottawa,Mitel Networks Corp,4520,452010,45,45201020,D,CAN,334210,3661, , , ,ON,MITEL NETWORKS CORP,MITL
174531,B, ,4/30/14,Ottawa,Mitel Networks Corp,4520,452010,45,45201020,D,CAN,334210,3661, , , ,ON,MITEL NETWORKS CORP,MITL
174531,B, ,5/31/14,Ottawa,Mitel Networks Corp,4520,452010,45,45201020,D,CAN,334210,3661, , , ,ON,MITEL NETWORKS CORP,MITL
174531,B+, ,6/30/14,Ottawa,Mitel Networks Corp,4520,452010,45,45201020,D,CAN,334210,3661, , , ,ON,MITEL NETWORKS CORP,MITL
175111, , ,1/31/10,Bedford,Acme Packet Inc,4520,452010,45,45201020,D,USA,334118,3576, , , ,MA,ACME PACKET INC,APKT
175111, , ,2/28/10,Bedford,Acme Packet Inc,4520,452010,45,45201020,D,USA,334118,3576, , , ,MA,ACME PACKET INC,APKT
175111, , ,3/31/10,Bedford,Acme Packet Inc,4520,452010,45,45201020,D,USA,334118,3576, , , ,MA,ACME PACKET INC,APKT
175111, , ,4/30/10,Bedford,Acme Packet Inc,4520,452010,45,45201020,D,USA,334118,3576, , , ,MA,ACME PACKET INC,APKT
175111, , ,5/31/10,Bedford,Acme Packet Inc,4520,452010,45,45201020,D,USA,334118,3576, , , ,MA,ACME PACKET INC,APKT
175111, , ,6/30/10,Bedford,Acme Packet Inc,4520,452010,45,45201020,D,USA,334118,3576, , , ,MA,ACME PACKET INC,APKT
175111, , ,7/31/10,Bedford,Acme Packet Inc,4520,452010,45,45201020,D,USA,334118,3576, , , ,MA,ACME PACKET INC,APKT
175111, , ,8/31/10,Bedford,Acme Packet Inc,4520,452010,45,45201020,D,USA,334118,3576, , , ,MA,ACME PACKET INC,APKT
175111, , ,9/30/10,Bedford,Acme Packet Inc,4520,452010,45,45201020,D,USA,334118,3576, , , ,MA,ACME PACKET INC,APKT
175111, , ,10/31/10,Bedford,Acme Packet Inc,4520,452010,45,45201020,D,USA,334118,3576, , , ,MA,ACME PACKET INC,APKT
175111, , ,11/30/10,Bedford,Acme Packet Inc,4520,452010,45,45201020,D,USA,334118,3576, , , ,MA,ACME PACKET INC,APKT
175111, , ,12/31/10,Bedford,Acme Packet Inc,4520,452010,45,45201020,D,USA,334118,3576, , , ,MA,ACME PACKET INC,APKT
175111, , ,1/31/11,Bedford,Acme Packet Inc,4520,452010,45,45201020,D,USA,334118,3576, , , ,MA,ACME PACKET INC,APKT
175111, , ,2/28/11,Bedford,Acme Packet Inc,4520,452010,45,45201020,D,USA,334118,3576, , , ,MA,ACME PACKET INC,APKT
175111, , ,3/31/11,Bedford,Acme Packet Inc,4520,452010,45,45201020,D,USA,334118,3576, , , ,MA,ACME PACKET INC,APKT
175111, , ,4/30/11,Bedford,Acme Packet Inc,4520,452010,45,45201020,D,USA,334118,3576, , , ,MA,ACME PACKET INC,APKT
175111, , ,5/31/11,Bedford,Acme Packet Inc,4520,452010,45,45201020,D,USA,334118,3576, , , ,MA,ACME PACKET INC,APKT
175111, , ,6/30/11,Bedford,Acme Packet Inc,4520,452010,45,45201020,D,USA,334118,3576, , , ,MA,ACME PACKET INC,APKT
175111, , ,7/31/11,Bedford,Acme Packet Inc,4520,452010,45,45201020,D,USA,334118,3576, , , ,MA,ACME PACKET INC,APKT
175111, , ,8/31/11,Bedford,Acme Packet Inc,4520,452010,45,45201020,D,USA,334118,3576, , , ,MA,ACME PACKET INC,APKT
175111, , ,9/30/11,Bedford,Acme Packet Inc,4520,452010,45,45201020,D,USA,334118,3576, , , ,MA,ACME PACKET INC,APKT
175111, , ,10/31/11,Bedford,Acme Packet Inc,4520,452010,45,45201020,D,USA,334118,3576, , , ,MA,ACME PACKET INC,APKT
175111, , ,11/30/11,Bedford,Acme Packet Inc,4520,452010,45,45201020,D,USA,334118,3576, , , ,MA,ACME PACKET INC,APKT
175111, , ,12/31/11,Bedford,Acme Packet Inc,4520,452010,45,45201020,D,USA,334118,3576, , , ,MA,ACME PACKET INC,APKT
175111, , ,1/31/12,Bedford,Acme Packet Inc,4520,452010,45,45201020,D,USA,334118,3576, , , ,MA,ACME PACKET INC,APKT
175111, , ,2/29/12,Bedford,Acme Packet Inc,4520,452010,45,45201020,D,USA,334118,3576, , , ,MA,ACME PACKET INC,APKT
175111, , ,3/31/12,Bedford,Acme Packet Inc,4520,452010,45,45201020,D,USA,334118,3576, , , ,MA,ACME PACKET INC,APKT
175111, , ,4/30/12,Bedford,Acme Packet Inc,4520,452010,45,45201020,D,USA,334118,3576, , , ,MA,ACME PACKET INC,APKT
175111, , ,5/31/12,Bedford,Acme Packet Inc,4520,452010,45,45201020,D,USA,334118,3576, , , ,MA,ACME PACKET INC,APKT
175111, , ,6/30/12,Bedford,Acme Packet Inc,4520,452010,45,45201020,D,USA,334118,3576, , , ,MA,ACME PACKET INC,APKT
175111, , ,7/31/12,Bedford,Acme Packet Inc,4520,452010,45,45201020,D,USA,334118,3576, , , ,MA,ACME PACKET INC,APKT
175111, , ,8/31/12,Bedford,Acme Packet Inc,4520,452010,45,45201020,D,USA,334118,3576, , , ,MA,ACME PACKET INC,APKT
175111, , ,9/30/12,Bedford,Acme Packet Inc,4520,452010,45,45201020,D,USA,334118,3576, , , ,MA,ACME PACKET INC,APKT
175111, , ,10/31/12,Bedford,Acme Packet Inc,4520,452010,45,45201020,D,USA,334118,3576, , , ,MA,ACME PACKET INC,APKT
175111, , ,11/30/12,Bedford,Acme Packet Inc,4520,452010,45,45201020,D,USA,334118,3576, , , ,MA,ACME PACKET INC,APKT
175111, , ,12/31/12,Bedford,Acme Packet Inc,4520,452010,45,45201020,D,USA,334118,3576, , , ,MA,ACME PACKET INC,APKT
175111, , ,1/31/13,Bedford,Acme Packet Inc,4520,452010,45,45201020,D,USA,334118,3576, , , ,MA,ACME PACKET INC,APKT
175111, , ,2/28/13,Bedford,Acme Packet Inc,4520,452010,45,45201020,D,USA,334118,3576, , , ,MA,ACME PACKET INC,APKT
175111, , ,3/31/13,Bedford,Acme Packet Inc,4520,452010,45,45201020,D,USA,334118,3576, , , ,MA,ACME PACKET INC,APKT
175955, , ,1/31/10,Oxford,IPG Photonics Corp,4520,452030,45,45203020,D,USA,334413,3674, , , ,MA,IPG PHOTONICS CORP,IPGP
175955, , ,2/28/10,Oxford,IPG Photonics Corp,4520,452030,45,45203020,D,USA,334413,3674, , , ,MA,IPG PHOTONICS CORP,IPGP
175955, , ,3/31/10,Oxford,IPG Photonics Corp,4520,452030,45,45203020,D,USA,334413,3674, , , ,MA,IPG PHOTONICS CORP,IPGP
175955, , ,4/30/10,Oxford,IPG Photonics Corp,4520,452030,45,45203020,D,USA,334413,3674, , , ,MA,IPG PHOTONICS CORP,IPGP
175955, , ,5/31/10,Oxford,IPG Photonics Corp,4520,452030,45,45203020,D,USA,334413,3674, , , ,MA,IPG PHOTONICS CORP,IPGP
175955, , ,6/30/10,Oxford,IPG Photonics Corp,4520,452030,45,45203020,D,USA,334413,3674, , , ,MA,IPG PHOTONICS CORP,IPGP
175955, , ,7/31/10,Oxford,IPG Photonics Corp,4520,452030,45,45203020,D,USA,334413,3674, , , ,MA,IPG PHOTONICS CORP,IPGP
175955, , ,8/31/10,Oxford,IPG Photonics Corp,4520,452030,45,45203020,D,USA,334413,3674, , , ,MA,IPG PHOTONICS CORP,IPGP
175955, , ,9/30/10,Oxford,IPG Photonics Corp,4520,452030,45,45203020,D,USA,334413,3674, , , ,MA,IPG PHOTONICS CORP,IPGP
175955, , ,10/31/10,Oxford,IPG Photonics Corp,4520,452030,45,45203020,D,USA,334413,3674, , , ,MA,IPG PHOTONICS CORP,IPGP
175955, , ,11/30/10,Oxford,IPG Photonics Corp,4520,452030,45,45203020,D,USA,334413,3674, , , ,MA,IPG PHOTONICS CORP,IPGP
175955, , ,12/31/10,Oxford,IPG Photonics Corp,4520,452030,45,45203020,D,USA,334413,3674, , , ,MA,IPG PHOTONICS CORP,IPGP
175955, , ,1/31/11,Oxford,IPG Photonics Corp,4520,452030,45,45203020,D,USA,334413,3674, , , ,MA,IPG PHOTONICS CORP,IPGP
175955, , ,2/28/11,Oxford,IPG Photonics Corp,4520,452030,45,45203020,D,USA,334413,3674, , , ,MA,IPG PHOTONICS CORP,IPGP
175955, , ,3/31/11,Oxford,IPG Photonics Corp,4520,452030,45,45203020,D,USA,334413,3674, , , ,MA,IPG PHOTONICS CORP,IPGP
175955, , ,4/30/11,Oxford,IPG Photonics Corp,4520,452030,45,45203020,D,USA,334413,3674, , , ,MA,IPG PHOTONICS CORP,IPGP
175955, , ,5/31/11,Oxford,IPG Photonics Corp,4520,452030,45,45203020,D,USA,334413,3674, , , ,MA,IPG PHOTONICS CORP,IPGP
175955, , ,6/30/11,Oxford,IPG Photonics Corp,4520,452030,45,45203020,D,USA,334413,3674, , , ,MA,IPG PHOTONICS CORP,IPGP
175955, , ,7/31/11,Oxford,IPG Photonics Corp,4520,452030,45,45203020,D,USA,334413,3674, , , ,MA,IPG PHOTONICS CORP,IPGP
175955, , ,8/31/11,Oxford,IPG Photonics Corp,4520,452030,45,45203020,D,USA,334413,3674, , , ,MA,IPG PHOTONICS CORP,IPGP
175955, , ,9/30/11,Oxford,IPG Photonics Corp,4520,452030,45,45203020,D,USA,334413,3674, , , ,MA,IPG PHOTONICS CORP,IPGP
175955, , ,10/31/11,Oxford,IPG Photonics Corp,4520,452030,45,45203020,D,USA,334413,3674, , , ,MA,IPG PHOTONICS CORP,IPGP
175955, , ,11/30/11,Oxford,IPG Photonics Corp,4520,452030,45,45203020,D,USA,334413,3674, , , ,MA,IPG PHOTONICS CORP,IPGP
175955, , ,12/31/11,Oxford,IPG Photonics Corp,4520,452030,45,45203020,D,USA,334413,3674, , , ,MA,IPG PHOTONICS CORP,IPGP
175955, , ,1/31/12,Oxford,IPG Photonics Corp,4520,452030,45,45203020,D,USA,334413,3674, , , ,MA,IPG PHOTONICS CORP,IPGP
175955, , ,2/29/12,Oxford,IPG Photonics Corp,4520,452030,45,45203020,D,USA,334413,3674, , , ,MA,IPG PHOTONICS CORP,IPGP
175955, , ,3/31/12,Oxford,IPG Photonics Corp,4520,452030,45,45203020,D,USA,334413,3674, , , ,MA,IPG PHOTONICS CORP,IPGP
175955, , ,4/30/12,Oxford,IPG Photonics Corp,4520,452030,45,45203020,D,USA,334413,3674, , , ,MA,IPG PHOTONICS CORP,IPGP
175955, , ,5/31/12,Oxford,IPG Photonics Corp,4520,452030,45,45203020,D,USA,334413,3674, , , ,MA,IPG PHOTONICS CORP,IPGP
175955, , ,6/30/12,Oxford,IPG Photonics Corp,4520,452030,45,45203020,D,USA,334413,3674, , , ,MA,IPG PHOTONICS CORP,IPGP
175955, , ,7/31/12,Oxford,IPG Photonics Corp,4520,452030,45,45203020,D,USA,334413,3674, , , ,MA,IPG PHOTONICS CORP,IPGP
175955, , ,8/31/12,Oxford,IPG Photonics Corp,4520,452030,45,45203020,D,USA,334413,3674, , , ,MA,IPG PHOTONICS CORP,IPGP
175955, , ,9/30/12,Oxford,IPG Photonics Corp,4520,452030,45,45203020,D,USA,334413,3674, , , ,MA,IPG PHOTONICS CORP,IPGP
175955, , ,10/31/12,Oxford,IPG Photonics Corp,4520,452030,45,45203020,D,USA,334413,3674, , , ,MA,IPG PHOTONICS CORP,IPGP
175955, , ,11/30/12,Oxford,IPG Photonics Corp,4520,452030,45,45203020,D,USA,334413,3674, , , ,MA,IPG PHOTONICS CORP,IPGP
175955, , ,12/31/12,Oxford,IPG Photonics Corp,4520,452030,45,45203020,D,USA,334413,3674, , , ,MA,IPG PHOTONICS CORP,IPGP
175955, , ,1/31/13,Oxford,IPG Photonics Corp,4520,452030,45,45203020,D,USA,334413,3674, , , ,MA,IPG PHOTONICS CORP,IPGP
175955, , ,2/28/13,Oxford,IPG Photonics Corp,4520,452030,45,45203020,D,USA,334413,3674, , , ,MA,IPG PHOTONICS CORP,IPGP
175955, , ,3/31/13,Oxford,IPG Photonics Corp,4520,452030,45,45203020,D,USA,334413,3674, , , ,MA,IPG PHOTONICS CORP,IPGP
175955, , ,4/30/13,Oxford,IPG Photonics Corp,4520,452030,45,45203020,D,USA,334413,3674, , , ,MA,IPG PHOTONICS CORP,IPGP
175955, , ,5/31/13,Oxford,IPG Photonics Corp,4520,452030,45,45203020,D,USA,334413,3674, , , ,MA,IPG PHOTONICS CORP,IPGP
175955, , ,6/30/13,Oxford,IPG Photonics Corp,4520,452030,45,45203020,D,USA,334413,3674, , , ,MA,IPG PHOTONICS CORP,IPGP
175955, , ,7/31/13,Oxford,IPG Photonics Corp,4520,452030,45,45203020,D,USA,334413,3674, , , ,MA,IPG PHOTONICS CORP,IPGP
175955, , ,8/31/13,Oxford,IPG Photonics Corp,4520,452030,45,45203020,D,USA,334413,3674, , , ,MA,IPG PHOTONICS CORP,IPGP
175955, , ,9/30/13,Oxford,IPG Photonics Corp,4520,452030,45,45203020,D,USA,334413,3674, , , ,MA,IPG PHOTONICS CORP,IPGP
175955, , ,10/31/13,Oxford,IPG Photonics Corp,4520,452030,45,45203020,D,USA,334413,3674, , , ,MA,IPG PHOTONICS CORP,IPGP
176035, , ,1/31/10,Irvine,Netlist Inc,4520,452030,45,45203020,D,USA,334413,3674, , , ,CA,NETLIST INC,NLST
176035, , ,2/28/10,Irvine,Netlist Inc,4520,452030,45,45203020,D,USA,334413,3674, , , ,CA,NETLIST INC,NLST
176035, , ,3/31/10,Irvine,Netlist Inc,4520,452030,45,45203020,D,USA,334413,3674, , , ,CA,NETLIST INC,NLST
176035, , ,4/30/10,Irvine,Netlist Inc,4520,452030,45,45203020,D,USA,334413,3674, , , ,CA,NETLIST INC,NLST
176035, , ,5/31/10,Irvine,Netlist Inc,4520,452030,45,45203020,D,USA,334413,3674, , , ,CA,NETLIST INC,NLST
176035, , ,6/30/10,Irvine,Netlist Inc,4520,452030,45,45203020,D,USA,334413,3674, , , ,CA,NETLIST INC,NLST
176035, , ,7/31/10,Irvine,Netlist Inc,4520,452030,45,45203020,D,USA,334413,3674, , , ,CA,NETLIST INC,NLST
176035, , ,8/31/10,Irvine,Netlist Inc,4520,452030,45,45203020,D,USA,334413,3674, , , ,CA,NETLIST INC,NLST
176035, , ,9/30/10,Irvine,Netlist Inc,4520,452030,45,45203020,D,USA,334413,3674, , , ,CA,NETLIST INC,NLST
176035, , ,10/31/10,Irvine,Netlist Inc,4520,452030,45,45203020,D,USA,334413,3674, , , ,CA,NETLIST INC,NLST
176035, , ,11/30/10,Irvine,Netlist Inc,4520,452030,45,45203020,D,USA,334413,3674, , , ,CA,NETLIST INC,NLST
176035, , ,12/31/10,Irvine,Netlist Inc,4520,452030,45,45203020,D,USA,334413,3674, , , ,CA,NETLIST INC,NLST
176035, , ,1/31/11,Irvine,Netlist Inc,4520,452030,45,45203020,D,USA,334413,3674, , , ,CA,NETLIST INC,NLST
176035, , ,2/28/11,Irvine,Netlist Inc,4520,452030,45,45203020,D,USA,334413,3674, , , ,CA,NETLIST INC,NLST
176035, , ,3/31/11,Irvine,Netlist Inc,4520,452030,45,45203020,D,USA,334413,3674, , , ,CA,NETLIST INC,NLST
176035, , ,4/30/11,Irvine,Netlist Inc,4520,452030,45,45203020,D,USA,334413,3674, , , ,CA,NETLIST INC,NLST
176035, , ,5/31/11,Irvine,Netlist Inc,4520,452030,45,45203020,D,USA,334413,3674, , , ,CA,NETLIST INC,NLST
176035, , ,6/30/11,Irvine,Netlist Inc,4520,452030,45,45203020,D,USA,334413,3674, , , ,CA,NETLIST INC,NLST
176035, , ,7/31/11,Irvine,Netlist Inc,4520,452030,45,45203020,D,USA,334413,3674, , , ,CA,NETLIST INC,NLST
176035, , ,8/31/11,Irvine,Netlist Inc,4520,452030,45,45203020,D,USA,334413,3674, , , ,CA,NETLIST INC,NLST
176035, , ,9/30/11,Irvine,Netlist Inc,4520,452030,45,45203020,D,USA,334413,3674, , , ,CA,NETLIST INC,NLST
176035, , ,10/31/11,Irvine,Netlist Inc,4520,452030,45,45203020,D,USA,334413,3674, , , ,CA,NETLIST INC,NLST
176035, , ,11/30/11,Irvine,Netlist Inc,4520,452030,45,45203020,D,USA,334413,3674, , , ,CA,NETLIST INC,NLST
176035, , ,12/31/11,Irvine,Netlist Inc,4520,452030,45,45203020,D,USA,334413,3674, , , ,CA,NETLIST INC,NLST
176035, , ,1/31/12,Irvine,Netlist Inc,4520,452030,45,45203020,D,USA,334413,3674, , , ,CA,NETLIST INC,NLST
176035, , ,2/29/12,Irvine,Netlist Inc,4520,452030,45,45203020,D,USA,334413,3674, , , ,CA,NETLIST INC,NLST
176035, , ,3/31/12,Irvine,Netlist Inc,4520,452030,45,45203020,D,USA,334413,3674, , , ,CA,NETLIST INC,NLST
176035, , ,4/30/12,Irvine,Netlist Inc,4520,452030,45,45203020,D,USA,334413,3674, , , ,CA,NETLIST INC,NLST
176035, , ,5/31/12,Irvine,Netlist Inc,4520,452030,45,45203020,D,USA,334413,3674, , , ,CA,NETLIST INC,NLST
176035, , ,6/30/12,Irvine,Netlist Inc,4520,452030,45,45203020,D,USA,334413,3674, , , ,CA,NETLIST INC,NLST
176035, , ,7/31/12,Irvine,Netlist Inc,4520,452030,45,45203020,D,USA,334413,3674, , , ,CA,NETLIST INC,NLST
176035, , ,8/31/12,Irvine,Netlist Inc,4520,452030,45,45203020,D,USA,334413,3674, , , ,CA,NETLIST INC,NLST
176035, , ,9/30/12,Irvine,Netlist Inc,4520,452030,45,45203020,D,USA,334413,3674, , , ,CA,NETLIST INC,NLST
176035, , ,10/31/12,Irvine,Netlist Inc,4520,452030,45,45203020,D,USA,334413,3674, , , ,CA,NETLIST INC,NLST
176035, , ,11/30/12,Irvine,Netlist Inc,4520,452030,45,45203020,D,USA,334413,3674, , , ,CA,NETLIST INC,NLST
176035, , ,12/31/12,Irvine,Netlist Inc,4520,452030,45,45203020,D,USA,334413,3674, , , ,CA,NETLIST INC,NLST
176035, , ,1/31/13,Irvine,Netlist Inc,4520,452030,45,45203020,D,USA,334413,3674, , , ,CA,NETLIST INC,NLST
176035, , ,2/28/13,Irvine,Netlist Inc,4520,452030,45,45203020,D,USA,334413,3674, , , ,CA,NETLIST INC,NLST
176035, , ,3/31/13,Irvine,Netlist Inc,4520,452030,45,45203020,D,USA,334413,3674, , , ,CA,NETLIST INC,NLST
176035, , ,4/30/13,Irvine,Netlist Inc,4520,452030,45,45203020,D,USA,334413,3674, , , ,CA,NETLIST INC,NLST
176035, , ,5/31/13,Irvine,Netlist Inc,4520,452030,45,45203020,D,USA,334413,3674, , , ,CA,NETLIST INC,NLST
176035, , ,6/30/13,Irvine,Netlist Inc,4520,452030,45,45203020,D,USA,334413,3674, , , ,CA,NETLIST INC,NLST
176035, , ,7/31/13,Irvine,Netlist Inc,4520,452030,45,45203020,D,USA,334413,3674, , , ,CA,NETLIST INC,NLST
176035, , ,8/31/13,Irvine,Netlist Inc,4520,452030,45,45203020,D,USA,334413,3674, , , ,CA,NETLIST INC,NLST
176035, , ,9/30/13,Irvine,Netlist Inc,4520,452030,45,45203020,D,USA,334413,3674, , , ,CA,NETLIST INC,NLST
176035, , ,10/31/13,Irvine,Netlist Inc,4520,452030,45,45203020,D,USA,334413,3674, , , ,CA,NETLIST INC,NLST
176118, , ,1/31/10,Minnetonka,Wireless Ronin Technologies Inc,4520,452030,45,45203010,D,USA,541512,7373, , , ,MN,WIRELESS RONIN TECHNOLOGIES,RNIN
176118, , ,2/28/10,Minnetonka,Wireless Ronin Technologies Inc,4520,452030,45,45203010,D,USA,541512,7373, , , ,MN,WIRELESS RONIN TECHNOLOGIES,RNIN
176118, , ,3/31/10,Minnetonka,Wireless Ronin Technologies Inc,4520,452030,45,45203010,D,USA,541512,7373, , , ,MN,WIRELESS RONIN TECHNOLOGIES,RNIN
176118, , ,4/30/10,Minnetonka,Wireless Ronin Technologies Inc,4520,452030,45,45203010,D,USA,541512,7373, , , ,MN,WIRELESS RONIN TECHNOLOGIES,RNIN
176118, , ,5/31/10,Minnetonka,Wireless Ronin Technologies Inc,4520,452030,45,45203010,D,USA,541512,7373, , , ,MN,WIRELESS RONIN TECHNOLOGIES,RNIN
176118, , ,6/30/10,Minnetonka,Wireless Ronin Technologies Inc,4520,452030,45,45203010,D,USA,541512,7373, , , ,MN,WIRELESS RONIN TECHNOLOGIES,RNIN
176118, , ,7/31/10,Minnetonka,Wireless Ronin Technologies Inc,4520,452030,45,45203010,D,USA,541512,7373, , , ,MN,WIRELESS RONIN TECHNOLOGIES,RNIN
176118, , ,8/31/10,Minnetonka,Wireless Ronin Technologies Inc,4520,452030,45,45203010,D,USA,541512,7373, , , ,MN,WIRELESS RONIN TECHNOLOGIES,RNIN
176118, , ,9/30/10,Minnetonka,Wireless Ronin Technologies Inc,4520,452030,45,45203010,D,USA,541512,7373, , , ,MN,WIRELESS RONIN TECHNOLOGIES,RNIN
176118, , ,10/31/10,Minnetonka,Wireless Ronin Technologies Inc,4520,452030,45,45203010,D,USA,541512,7373, , , ,MN,WIRELESS RONIN TECHNOLOGIES,RNIN
176118, , ,11/30/10,Minnetonka,Wireless Ronin Technologies Inc,4520,452030,45,45203010,D,USA,541512,7373, , , ,MN,WIRELESS RONIN TECHNOLOGIES,RNIN
176118, , ,12/31/10,Minnetonka,Wireless Ronin Technologies Inc,4520,452030,45,45203010,D,USA,541512,7373, , , ,MN,WIRELESS RONIN TECHNOLOGIES,RNIN
176118, , ,1/31/11,Minnetonka,Wireless Ronin Technologies Inc,4520,452030,45,45203010,D,USA,541512,7373, , , ,MN,WIRELESS RONIN TECHNOLOGIES,RNIN
176118, , ,2/28/11,Minnetonka,Wireless Ronin Technologies Inc,4520,452030,45,45203010,D,USA,541512,7373, , , ,MN,WIRELESS RONIN TECHNOLOGIES,RNIN
176118, , ,3/31/11,Minnetonka,Wireless Ronin Technologies Inc,4520,452030,45,45203010,D,USA,541512,7373, , , ,MN,WIRELESS RONIN TECHNOLOGIES,RNIN
176118, , ,4/30/11,Minnetonka,Wireless Ronin Technologies Inc,4520,452030,45,45203010,D,USA,541512,7373, , , ,MN,WIRELESS RONIN TECHNOLOGIES,RNIN
176118, , ,5/31/11,Minnetonka,Wireless Ronin Technologies Inc,4520,452030,45,45203010,D,USA,541512,7373, , , ,MN,WIRELESS RONIN TECHNOLOGIES,RNIN
176118, , ,6/30/11,Minnetonka,Wireless Ronin Technologies Inc,4520,452030,45,45203010,D,USA,541512,7373, , , ,MN,WIRELESS RONIN TECHNOLOGIES,RNIN
176118, , ,7/31/11,Minnetonka,Wireless Ronin Technologies Inc,4520,452030,45,45203010,D,USA,541512,7373, , , ,MN,WIRELESS RONIN TECHNOLOGIES,RNIN
176118, , ,8/31/11,Minnetonka,Wireless Ronin Technologies Inc,4520,452030,45,45203010,D,USA,541512,7373, , , ,MN,WIRELESS RONIN TECHNOLOGIES,RNIN
176118, , ,9/30/11,Minnetonka,Wireless Ronin Technologies Inc,4520,452030,45,45203010,D,USA,541512,7373, , , ,MN,WIRELESS RONIN TECHNOLOGIES,RNIN
176118, , ,10/31/11,Minnetonka,Wireless Ronin Technologies Inc,4520,452030,45,45203010,D,USA,541512,7373, , , ,MN,WIRELESS RONIN TECHNOLOGIES,RNIN
176118, , ,11/30/11,Minnetonka,Wireless Ronin Technologies Inc,4520,452030,45,45203010,D,USA,541512,7373, , , ,MN,WIRELESS RONIN TECHNOLOGIES,RNIN
176118, , ,12/31/11,Minnetonka,Wireless Ronin Technologies Inc,4520,452030,45,45203010,D,USA,541512,7373, , , ,MN,WIRELESS RONIN TECHNOLOGIES,RNIN
176118, , ,1/31/12,Minnetonka,Wireless Ronin Technologies Inc,4520,452030,45,45203010,D,USA,541512,7373, , , ,MN,WIRELESS RONIN TECHNOLOGIES,RNIN
176118, , ,2/29/12,Minnetonka,Wireless Ronin Technologies Inc,4520,452030,45,45203010,D,USA,541512,7373, , , ,MN,WIRELESS RONIN TECHNOLOGIES,RNIN
176118, , ,3/31/12,Minnetonka,Wireless Ronin Technologies Inc,4520,452030,45,45203010,D,USA,541512,7373, , , ,MN,WIRELESS RONIN TECHNOLOGIES,RNIN
176118, , ,4/30/12,Minnetonka,Wireless Ronin Technologies Inc,4520,452030,45,45203010,D,USA,541512,7373, , , ,MN,WIRELESS RONIN TECHNOLOGIES,RNIN
176118, , ,5/31/12,Minnetonka,Wireless Ronin Technologies Inc,4520,452030,45,45203010,D,USA,541512,7373, , , ,MN,WIRELESS RONIN TECHNOLOGIES,RNIN
176118, , ,6/30/12,Minnetonka,Wireless Ronin Technologies Inc,4520,452030,45,45203010,D,USA,541512,7373, , , ,MN,WIRELESS RONIN TECHNOLOGIES,RNIN
176118, , ,7/31/12,Minnetonka,Wireless Ronin Technologies Inc,4520,452030,45,45203010,D,USA,541512,7373, , , ,MN,WIRELESS RONIN TECHNOLOGIES,RNIN
176118, , ,8/31/12,Minnetonka,Wireless Ronin Technologies Inc,4520,452030,45,45203010,D,USA,541512,7373, , , ,MN,WIRELESS RONIN TECHNOLOGIES,RNIN
176118, , ,9/30/12,Minnetonka,Wireless Ronin Technologies Inc,4520,452030,45,45203010,D,USA,541512,7373, , , ,MN,WIRELESS RONIN TECHNOLOGIES,RNIN
176118, , ,10/31/12,Minnetonka,Wireless Ronin Technologies Inc,4520,452030,45,45203010,D,USA,541512,7373, , , ,MN,WIRELESS RONIN TECHNOLOGIES,RNIN
176118, , ,11/30/12,Minnetonka,Wireless Ronin Technologies Inc,4520,452030,45,45203010,D,USA,541512,7373, , , ,MN,WIRELESS RONIN TECHNOLOGIES,RNIN
176118, , ,12/31/12,Minnetonka,Wireless Ronin Technologies Inc,4520,452030,45,45203010,D,USA,541512,7373, , , ,MN,WIRELESS RONIN TECHNOLOGIES,RNIN
176118, , ,1/31/13,Minnetonka,Wireless Ronin Technologies Inc,4520,452030,45,45203010,D,USA,541512,7373, , , ,MN,WIRELESS RONIN TECHNOLOGIES,RNIN
176118, , ,2/28/13,Minnetonka,Wireless Ronin Technologies Inc,4520,452030,45,45203010,D,USA,541512,7373, , , ,MN,WIRELESS RONIN TECHNOLOGIES,RNIN
176118, , ,3/31/13,Minnetonka,Wireless Ronin Technologies Inc,4520,452030,45,45203010,D,USA,541512,7373, , , ,MN,WIRELESS RONIN TECHNOLOGIES,RNIN
176118, , ,4/30/13,Minnetonka,Wireless Ronin Technologies Inc,4520,452030,45,45203010,D,USA,541512,7373, , , ,MN,WIRELESS RONIN TECHNOLOGIES,RNIN
176118, , ,5/31/13,Minnetonka,Wireless Ronin Technologies Inc,4520,452030,45,45203010,D,USA,541512,7373, , , ,MN,WIRELESS RONIN TECHNOLOGIES,RNIN
176118, , ,6/30/13,Minnetonka,Wireless Ronin Technologies Inc,4520,452030,45,45203010,D,USA,541512,7373, , , ,MN,WIRELESS RONIN TECHNOLOGIES,RNIN
176118, , ,7/31/13,Minnetonka,Wireless Ronin Technologies Inc,4520,452030,45,45203010,D,USA,541512,7373, , , ,MN,WIRELESS RONIN TECHNOLOGIES,RNIN
176118, , ,8/31/13,Minnetonka,Wireless Ronin Technologies Inc,4520,452030,45,45203010,D,USA,541512,7373, , , ,MN,WIRELESS RONIN TECHNOLOGIES,RNIN
176118, , ,9/30/13,Minnetonka,Wireless Ronin Technologies Inc,4520,452030,45,45203010,D,USA,541512,7373, , , ,MN,WIRELESS RONIN TECHNOLOGIES,RNIN
176118, , ,10/31/13,Minnetonka,Wireless Ronin Technologies Inc,4520,452030,45,45203010,D,USA,541512,7373, , , ,MN,WIRELESS RONIN TECHNOLOGIES,RNIN
176279, , ,1/31/10,Seattle,Isilon Systems Inc,4520,452020,45,45202020,D,USA,334112,3572, , , ,WA,ISILON SYSTEMS INC,ISLN
176279, , ,2/28/10,Seattle,Isilon Systems Inc,4520,452020,45,45202020,D,USA,334112,3572, , , ,WA,ISILON SYSTEMS INC,ISLN
176279, , ,3/31/10,Seattle,Isilon Systems Inc,4520,452020,45,45202020,D,USA,334112,3572, , , ,WA,ISILON SYSTEMS INC,ISLN
176279, , ,4/30/10,Seattle,Isilon Systems Inc,4520,452020,45,45202020,D,USA,334112,3572, , , ,WA,ISILON SYSTEMS INC,ISLN
176279, , ,5/31/10,Seattle,Isilon Systems Inc,4520,452020,45,45202020,D,USA,334112,3572, , , ,WA,ISILON SYSTEMS INC,ISLN
176279, , ,6/30/10,Seattle,Isilon Systems Inc,4520,452020,45,45202020,D,USA,334112,3572, , , ,WA,ISILON SYSTEMS INC,ISLN
176279, , ,7/31/10,Seattle,Isilon Systems Inc,4520,452020,45,45202020,D,USA,334112,3572, , , ,WA,ISILON SYSTEMS INC,ISLN
176279, , ,8/31/10,Seattle,Isilon Systems Inc,4520,452020,45,45202020,D,USA,334112,3572, , , ,WA,ISILON SYSTEMS INC,ISLN
176279, , ,9/30/10,Seattle,Isilon Systems Inc,4520,452020,45,45202020,D,USA,334112,3572, , , ,WA,ISILON SYSTEMS INC,ISLN
176279, , ,10/31/10,Seattle,Isilon Systems Inc,4520,452020,45,45202020,D,USA,334112,3572, , , ,WA,ISILON SYSTEMS INC,ISLN
176279, , ,11/30/10,Seattle,Isilon Systems Inc,4520,452020,45,45202020,D,USA,334112,3572, , , ,WA,ISILON SYSTEMS INC,ISLN
176279, , ,12/31/10,Seattle,Isilon Systems Inc,4520,452020,45,45202020,D,USA,334112,3572, , , ,WA,ISILON SYSTEMS INC,ISLN
176289, , ,1/31/10,Norcross,Comverge Inc,4520,452030,45,45203010,D,USA,334512,3822, , , ,GA,COMVERGE INC,COMV
176289, , ,2/28/10,Norcross,Comverge Inc,4520,452030,45,45203010,D,USA,334512,3822, , , ,GA,COMVERGE INC,COMV
176289, , ,3/31/10,Norcross,Comverge Inc,4520,452030,45,45203010,D,USA,334512,3822, , , ,GA,COMVERGE INC,COMV
176289, , ,4/30/10,Norcross,Comverge Inc,4520,452030,45,45203010,D,USA,334512,3822, , , ,GA,COMVERGE INC,COMV
176289, , ,5/31/10,Norcross,Comverge Inc,4520,452030,45,45203010,D,USA,334512,3822, , , ,GA,COMVERGE INC,COMV
176289, , ,6/30/10,Norcross,Comverge Inc,4520,452030,45,45203010,D,USA,334512,3822, , , ,GA,COMVERGE INC,COMV
176289, , ,7/31/10,Norcross,Comverge Inc,4520,452030,45,45203010,D,USA,334512,3822, , , ,GA,COMVERGE INC,COMV
176289, , ,8/31/10,Norcross,Comverge Inc,4520,452030,45,45203010,D,USA,334512,3822, , , ,GA,COMVERGE INC,COMV
176289, , ,9/30/10,Norcross,Comverge Inc,4520,452030,45,45203010,D,USA,334512,3822, , , ,GA,COMVERGE INC,COMV
176289, , ,10/31/10,Norcross,Comverge Inc,4520,452030,45,45203010,D,USA,334512,3822, , , ,GA,COMVERGE INC,COMV
176289, , ,11/30/10,Norcross,Comverge Inc,4520,452030,45,45203010,D,USA,334512,3822, , , ,GA,COMVERGE INC,COMV
176289, , ,12/31/10,Norcross,Comverge Inc,4520,452030,45,45203010,D,USA,334512,3822, , , ,GA,COMVERGE INC,COMV
176289, , ,1/31/11,Norcross,Comverge Inc,4520,452030,45,45203010,D,USA,334512,3822, , , ,GA,COMVERGE INC,COMV
176289, , ,2/28/11,Norcross,Comverge Inc,4520,452030,45,45203010,D,USA,334512,3822, , , ,GA,COMVERGE INC,COMV
176289, , ,3/31/11,Norcross,Comverge Inc,4520,452030,45,45203010,D,USA,334512,3822, , , ,GA,COMVERGE INC,COMV
176289, , ,4/30/11,Norcross,Comverge Inc,4520,452030,45,45203010,D,USA,334512,3822, , , ,GA,COMVERGE INC,COMV
176289, , ,5/31/11,Norcross,Comverge Inc,4520,452030,45,45203010,D,USA,334512,3822, , , ,GA,COMVERGE INC,COMV
176289, , ,6/30/11,Norcross,Comverge Inc,4520,452030,45,45203010,D,USA,334512,3822, , , ,GA,COMVERGE INC,COMV
176289, , ,7/31/11,Norcross,Comverge Inc,4520,452030,45,45203010,D,USA,334512,3822, , , ,GA,COMVERGE INC,COMV
176289, , ,8/31/11,Norcross,Comverge Inc,4520,452030,45,45203010,D,USA,334512,3822, , , ,GA,COMVERGE INC,COMV
176289, , ,9/30/11,Norcross,Comverge Inc,4520,452030,45,45203010,D,USA,334512,3822, , , ,GA,COMVERGE INC,COMV
176289, , ,10/31/11,Norcross,Comverge Inc,4520,452030,45,45203010,D,USA,334512,3822, , , ,GA,COMVERGE INC,COMV
176289, , ,11/30/11,Norcross,Comverge Inc,4520,452030,45,45203010,D,USA,334512,3822, , , ,GA,COMVERGE INC,COMV
176289, , ,12/31/11,Norcross,Comverge Inc,4520,452030,45,45203010,D,USA,334512,3822, , , ,GA,COMVERGE INC,COMV
176289, , ,1/31/12,Norcross,Comverge Inc,4520,452030,45,45203010,D,USA,334512,3822, , , ,GA,COMVERGE INC,COMV
176289, , ,2/29/12,Norcross,Comverge Inc,4520,452030,45,45203010,D,USA,334512,3822, , , ,GA,COMVERGE INC,COMV
176289, , ,3/31/12,Norcross,Comverge Inc,4520,452030,45,45203010,D,USA,334512,3822, , , ,GA,COMVERGE INC,COMV
176289, , ,4/30/12,Norcross,Comverge Inc,4520,452030,45,45203010,D,USA,334512,3822, , , ,GA,COMVERGE INC,COMV
176289, , ,5/31/12,Norcross,Comverge Inc,4520,452030,45,45203010,D,USA,334512,3822, , , ,GA,COMVERGE INC,COMV
176510, , ,1/31/10,Edmonton,Synodon Inc,4520,452030,45,45203010,D,CAN,334519,3829, , , ,AB,SYNODON INC,SYXXF
176510, , ,2/28/10,Edmonton,Synodon Inc,4520,452030,45,45203010,D,CAN,334519,3829, , , ,AB,SYNODON INC,SYXXF
176510, , ,3/31/10,Edmonton,Synodon Inc,4520,452030,45,45203010,D,CAN,334519,3829, , , ,AB,SYNODON INC,SYXXF
176510, , ,4/30/10,Edmonton,Synodon Inc,4520,452030,45,45203010,D,CAN,334519,3829, , , ,AB,SYNODON INC,SYXXF
176510, , ,5/31/10,Edmonton,Synodon Inc,4520,452030,45,45203010,D,CAN,334519,3829, , , ,AB,SYNODON INC,SYXXF
176510, , ,6/30/10,Edmonton,Synodon Inc,4520,452030,45,45203010,D,CAN,334519,3829, , , ,AB,SYNODON INC,SYXXF
176510, , ,7/31/10,Edmonton,Synodon Inc,4520,452030,45,45203010,D,CAN,334519,3829, , , ,AB,SYNODON INC,SYXXF
176510, , ,8/31/10,Edmonton,Synodon Inc,4520,452030,45,45203010,D,CAN,334519,3829, , , ,AB,SYNODON INC,SYXXF
176510, , ,9/30/10,Edmonton,Synodon Inc,4520,452030,45,45203010,D,CAN,334519,3829, , , ,AB,SYNODON INC,SYXXF
176510, , ,10/31/10,Edmonton,Synodon Inc,4520,452030,45,45203010,D,CAN,334519,3829, , , ,AB,SYNODON INC,SYXXF
176510, , ,11/30/10,Edmonton,Synodon Inc,4520,452030,45,45203010,D,CAN,334519,3829, , , ,AB,SYNODON INC,SYXXF
176510, , ,12/31/10,Edmonton,Synodon Inc,4520,452030,45,45203010,D,CAN,334519,3829, , , ,AB,SYNODON INC,SYXXF
176510, , ,1/31/11,Edmonton,Synodon Inc,4520,452030,45,45203010,D,CAN,334519,3829, , , ,AB,SYNODON INC,SYXXF
176510, , ,2/28/11,Edmonton,Synodon Inc,4520,452030,45,45203010,D,CAN,334519,3829, , , ,AB,SYNODON INC,SYXXF
176510, , ,3/31/11,Edmonton,Synodon Inc,4520,452030,45,45203010,D,CAN,334519,3829, , , ,AB,SYNODON INC,SYXXF
176510, , ,4/30/11,Edmonton,Synodon Inc,4520,452030,45,45203010,D,CAN,334519,3829, , , ,AB,SYNODON INC,SYXXF
176510, , ,5/31/11,Edmonton,Synodon Inc,4520,452030,45,45203010,D,CAN,334519,3829, , , ,AB,SYNODON INC,SYXXF
176510, , ,6/30/11,Edmonton,Synodon Inc,4520,452030,45,45203010,D,CAN,334519,3829, , , ,AB,SYNODON INC,SYXXF
176510, , ,7/31/11,Edmonton,Synodon Inc,4520,452030,45,45203010,D,CAN,334519,3829, , , ,AB,SYNODON INC,SYXXF
176510, , ,8/31/11,Edmonton,Synodon Inc,4520,452030,45,45203010,D,CAN,334519,3829, , , ,AB,SYNODON INC,SYXXF
176510, , ,9/30/11,Edmonton,Synodon Inc,4520,452030,45,45203010,D,CAN,334519,3829, , , ,AB,SYNODON INC,SYXXF
176510, , ,10/31/11,Edmonton,Synodon Inc,4520,452030,45,45203010,D,CAN,334519,3829, , , ,AB,SYNODON INC,SYXXF
176510, , ,11/30/11,Edmonton,Synodon Inc,4520,452030,45,45203010,D,CAN,334519,3829, , , ,AB,SYNODON INC,SYXXF
176510, , ,12/31/11,Edmonton,Synodon Inc,4520,452030,45,45203010,D,CAN,334519,3829, , , ,AB,SYNODON INC,SYXXF
176510, , ,1/31/12,Edmonton,Synodon Inc,4520,452030,45,45203010,D,CAN,334519,3829, , , ,AB,SYNODON INC,SYXXF
176510, , ,2/29/12,Edmonton,Synodon Inc,4520,452030,45,45203010,D,CAN,334519,3829, , , ,AB,SYNODON INC,SYXXF
176510, , ,3/31/12,Edmonton,Synodon Inc,4520,452030,45,45203010,D,CAN,334519,3829, , , ,AB,SYNODON INC,SYXXF
176510, , ,4/30/12,Edmonton,Synodon Inc,4520,452030,45,45203010,D,CAN,334519,3829, , , ,AB,SYNODON INC,SYXXF
176510, , ,5/31/12,Edmonton,Synodon Inc,4520,452030,45,45203010,D,CAN,334519,3829, , , ,AB,SYNODON INC,SYXXF
176510, , ,6/30/12,Edmonton,Synodon Inc,4520,452030,45,45203010,D,CAN,334519,3829, , , ,AB,SYNODON INC,SYXXF
176510, , ,7/31/12,Edmonton,Synodon Inc,4520,452030,45,45203010,D,CAN,334519,3829, , , ,AB,SYNODON INC,SYXXF
176510, , ,8/31/12,Edmonton,Synodon Inc,4520,452030,45,45203010,D,CAN,334519,3829, , , ,AB,SYNODON INC,SYXXF
176510, , ,9/30/12,Edmonton,Synodon Inc,4520,452030,45,45203010,D,CAN,334519,3829, , , ,AB,SYNODON INC,SYXXF
176510, , ,10/31/12,Edmonton,Synodon Inc,4520,452030,45,45203010,D,CAN,334519,3829, , , ,AB,SYNODON INC,SYXXF
176510, , ,11/30/12,Edmonton,Synodon Inc,4520,452030,45,45203010,D,CAN,334519,3829, , , ,AB,SYNODON INC,SYXXF
176510, , ,12/31/12,Edmonton,Synodon Inc,4520,452030,45,45203010,D,CAN,334519,3829, , , ,AB,SYNODON INC,SYXXF
176510, , ,1/31/13,Edmonton,Synodon Inc,4520,452030,45,45203010,D,CAN,334519,3829, , , ,AB,SYNODON INC,SYXXF
176510, , ,2/28/13,Edmonton,Synodon Inc,4520,452030,45,45203010,D,CAN,334519,3829, , , ,AB,SYNODON INC,SYXXF
176510, , ,3/31/13,Edmonton,Synodon Inc,4520,452030,45,45203010,D,CAN,334519,3829, , , ,AB,SYNODON INC,SYXXF
176510, , ,4/30/13,Edmonton,Synodon Inc,4520,452030,45,45203010,D,CAN,334519,3829, , , ,AB,SYNODON INC,SYXXF
176510, , ,5/31/13,Edmonton,Synodon Inc,4520,452030,45,45203010,D,CAN,334519,3829, , , ,AB,SYNODON INC,SYXXF
176510, , ,6/30/13,Edmonton,Synodon Inc,4520,452030,45,45203010,D,CAN,334519,3829, , , ,AB,SYNODON INC,SYXXF
176510, , ,7/31/13,Edmonton,Synodon Inc,4520,452030,45,45203010,D,CAN,334519,3829, , , ,AB,SYNODON INC,SYXXF
176510, , ,8/31/13,Edmonton,Synodon Inc,4520,452030,45,45203010,D,CAN,334519,3829, , , ,AB,SYNODON INC,SYXXF
176510, , ,9/30/13,Edmonton,Synodon Inc,4520,452030,45,45203010,D,CAN,334519,3829, , , ,AB,SYNODON INC,SYXXF
176510, , ,10/31/13,Edmonton,Synodon Inc,4520,452030,45,45203010,D,CAN,334519,3829, , , ,AB,SYNODON INC,SYXXF
176558, , ,1/31/10,Fremont,Opnext Inc,4520,452010,45,45201020,D,USA,334413,3674, , , ,CA,OPNEXT INC,OPXT
176558, , ,2/28/10,Fremont,Opnext Inc,4520,452010,45,45201020,D,USA,334413,3674, , , ,CA,OPNEXT INC,OPXT
176558, , ,3/31/10,Fremont,Opnext Inc,4520,452010,45,45201020,D,USA,334413,3674, , , ,CA,OPNEXT INC,OPXT
176558, , ,4/30/10,Fremont,Opnext Inc,4520,452010,45,45201020,D,USA,334413,3674, , , ,CA,OPNEXT INC,OPXT
176558, , ,5/31/10,Fremont,Opnext Inc,4520,452010,45,45201020,D,USA,334413,3674, , , ,CA,OPNEXT INC,OPXT
176558, , ,6/30/10,Fremont,Opnext Inc,4520,452010,45,45201020,D,USA,334413,3674, , , ,CA,OPNEXT INC,OPXT
176558, , ,7/31/10,Fremont,Opnext Inc,4520,452010,45,45201020,D,USA,334413,3674, , , ,CA,OPNEXT INC,OPXT
176558, , ,8/31/10,Fremont,Opnext Inc,4520,452010,45,45201020,D,USA,334413,3674, , , ,CA,OPNEXT INC,OPXT
176558, , ,9/30/10,Fremont,Opnext Inc,4520,452010,45,45201020,D,USA,334413,3674, , , ,CA,OPNEXT INC,OPXT
176558, , ,10/31/10,Fremont,Opnext Inc,4520,452010,45,45201020,D,USA,334413,3674, , , ,CA,OPNEXT INC,OPXT
176558, , ,11/30/10,Fremont,Opnext Inc,4520,452010,45,45201020,D,USA,334413,3674, , , ,CA,OPNEXT INC,OPXT
176558, , ,12/31/10,Fremont,Opnext Inc,4520,452010,45,45201020,D,USA,334413,3674, , , ,CA,OPNEXT INC,OPXT
176558, , ,1/31/11,Fremont,Opnext Inc,4520,452010,45,45201020,D,USA,334413,3674, , , ,CA,OPNEXT INC,OPXT
176558, , ,2/28/11,Fremont,Opnext Inc,4520,452010,45,45201020,D,USA,334413,3674, , , ,CA,OPNEXT INC,OPXT
176558, , ,3/31/11,Fremont,Opnext Inc,4520,452010,45,45201020,D,USA,334413,3674, , , ,CA,OPNEXT INC,OPXT
176558, , ,4/30/11,Fremont,Opnext Inc,4520,452010,45,45201020,D,USA,334413,3674, , , ,CA,OPNEXT INC,OPXT
176558, , ,5/31/11,Fremont,Opnext Inc,4520,452010,45,45201020,D,USA,334413,3674, , , ,CA,OPNEXT INC,OPXT
176558, , ,6/30/11,Fremont,Opnext Inc,4520,452010,45,45201020,D,USA,334413,3674, , , ,CA,OPNEXT INC,OPXT
176558, , ,7/31/11,Fremont,Opnext Inc,4520,452010,45,45201020,D,USA,334413,3674, , , ,CA,OPNEXT INC,OPXT
176558, , ,8/31/11,Fremont,Opnext Inc,4520,452010,45,45201020,D,USA,334413,3674, , , ,CA,OPNEXT INC,OPXT
176558, , ,9/30/11,Fremont,Opnext Inc,4520,452010,45,45201020,D,USA,334413,3674, , , ,CA,OPNEXT INC,OPXT
176558, , ,10/31/11,Fremont,Opnext Inc,4520,452010,45,45201020,D,USA,334413,3674, , , ,CA,OPNEXT INC,OPXT
176558, , ,11/30/11,Fremont,Opnext Inc,4520,452010,45,45201020,D,USA,334413,3674, , , ,CA,OPNEXT INC,OPXT
176558, , ,12/31/11,Fremont,Opnext Inc,4520,452010,45,45201020,D,USA,334413,3674, , , ,CA,OPNEXT INC,OPXT
176558, , ,1/31/12,Fremont,Opnext Inc,4520,452010,45,45201020,D,USA,334413,3674, , , ,CA,OPNEXT INC,OPXT
176558, , ,2/29/12,Fremont,Opnext Inc,4520,452010,45,45201020,D,USA,334413,3674, , , ,CA,OPNEXT INC,OPXT
176558, , ,3/31/12,Fremont,Opnext Inc,4520,452010,45,45201020,D,USA,334413,3674, , , ,CA,OPNEXT INC,OPXT
176558, , ,4/30/12,Fremont,Opnext Inc,4520,452010,45,45201020,D,USA,334413,3674, , , ,CA,OPNEXT INC,OPXT
176558, , ,5/31/12,Fremont,Opnext Inc,4520,452010,45,45201020,D,USA,334413,3674, , , ,CA,OPNEXT INC,OPXT
176558, , ,6/30/12,Fremont,Opnext Inc,4520,452010,45,45201020,D,USA,334413,3674, , , ,CA,OPNEXT INC,OPXT
176558, , ,7/31/12,Fremont,Opnext Inc,4520,452010,45,45201020,D,USA,334413,3674, , , ,CA,OPNEXT INC,OPXT
176567, , ,1/31/10,San Jose,Super Micro Computer Inc,4520,452020,45,45202030,D,USA,333316,3576, , , ,CA,SUPER MICRO COMPUTER INC,SMCI
176567, , ,2/28/10,San Jose,Super Micro Computer Inc,4520,452020,45,45202030,D,USA,333316,3576, , , ,CA,SUPER MICRO COMPUTER INC,SMCI
176567, , ,3/31/10,San Jose,Super Micro Computer Inc,4520,452020,45,45202030,D,USA,333316,3576, , , ,CA,SUPER MICRO COMPUTER INC,SMCI
176567, , ,4/30/10,San Jose,Super Micro Computer Inc,4520,452020,45,45202030,D,USA,333316,3576, , , ,CA,SUPER MICRO COMPUTER INC,SMCI
176567, , ,5/31/10,San Jose,Super Micro Computer Inc,4520,452020,45,45202030,D,USA,333316,3576, , , ,CA,SUPER MICRO COMPUTER INC,SMCI
176567, , ,6/30/10,San Jose,Super Micro Computer Inc,4520,452020,45,45202030,D,USA,333316,3576, , , ,CA,SUPER MICRO COMPUTER INC,SMCI
176567, , ,7/31/10,San Jose,Super Micro Computer Inc,4520,452020,45,45202030,D,USA,333316,3576, , , ,CA,SUPER MICRO COMPUTER INC,SMCI
176567, , ,8/31/10,San Jose,Super Micro Computer Inc,4520,452020,45,45202030,D,USA,333316,3576, , , ,CA,SUPER MICRO COMPUTER INC,SMCI
176567, , ,9/30/10,San Jose,Super Micro Computer Inc,4520,452020,45,45202030,D,USA,333316,3576, , , ,CA,SUPER MICRO COMPUTER INC,SMCI
176567, , ,10/31/10,San Jose,Super Micro Computer Inc,4520,452020,45,45202030,D,USA,333316,3576, , , ,CA,SUPER MICRO COMPUTER INC,SMCI
176567, , ,11/30/10,San Jose,Super Micro Computer Inc,4520,452020,45,45202030,D,USA,333316,3576, , , ,CA,SUPER MICRO COMPUTER INC,SMCI
176567, , ,12/31/10,San Jose,Super Micro Computer Inc,4520,452020,45,45202030,D,USA,333316,3576, , , ,CA,SUPER MICRO COMPUTER INC,SMCI
176567, , ,1/31/11,San Jose,Super Micro Computer Inc,4520,452020,45,45202030,D,USA,333316,3576, , , ,CA,SUPER MICRO COMPUTER INC,SMCI
176567, , ,2/28/11,San Jose,Super Micro Computer Inc,4520,452020,45,45202030,D,USA,333316,3576, , , ,CA,SUPER MICRO COMPUTER INC,SMCI
176567, , ,3/31/11,San Jose,Super Micro Computer Inc,4520,452020,45,45202030,D,USA,333316,3576, , , ,CA,SUPER MICRO COMPUTER INC,SMCI
176567, , ,4/30/11,San Jose,Super Micro Computer Inc,4520,452020,45,45202030,D,USA,333316,3576, , , ,CA,SUPER MICRO COMPUTER INC,SMCI
176567, , ,5/31/11,San Jose,Super Micro Computer Inc,4520,452020,45,45202030,D,USA,333316,3576, , , ,CA,SUPER MICRO COMPUTER INC,SMCI
176567, , ,6/30/11,San Jose,Super Micro Computer Inc,4520,452020,45,45202030,D,USA,333316,3576, , , ,CA,SUPER MICRO COMPUTER INC,SMCI
176567, , ,7/31/11,San Jose,Super Micro Computer Inc,4520,452020,45,45202030,D,USA,333316,3576, , , ,CA,SUPER MICRO COMPUTER INC,SMCI
176567, , ,8/31/11,San Jose,Super Micro Computer Inc,4520,452020,45,45202030,D,USA,333316,3576, , , ,CA,SUPER MICRO COMPUTER INC,SMCI
176567, , ,9/30/11,San Jose,Super Micro Computer Inc,4520,452020,45,45202030,D,USA,333316,3576, , , ,CA,SUPER MICRO COMPUTER INC,SMCI
176567, , ,10/31/11,San Jose,Super Micro Computer Inc,4520,452020,45,45202030,D,USA,333316,3576, , , ,CA,SUPER MICRO COMPUTER INC,SMCI
176567, , ,11/30/11,San Jose,Super Micro Computer Inc,4520,452020,45,45202030,D,USA,333316,3576, , , ,CA,SUPER MICRO COMPUTER INC,SMCI
176567, , ,12/31/11,San Jose,Super Micro Computer Inc,4520,452020,45,45202030,D,USA,333316,3576, , , ,CA,SUPER MICRO COMPUTER INC,SMCI
176567, , ,1/31/12,San Jose,Super Micro Computer Inc,4520,452020,45,45202030,D,USA,333316,3576, , , ,CA,SUPER MICRO COMPUTER INC,SMCI
176567, , ,2/29/12,San Jose,Super Micro Computer Inc,4520,452020,45,45202030,D,USA,333316,3576, , , ,CA,SUPER MICRO COMPUTER INC,SMCI
176567, , ,3/31/12,San Jose,Super Micro Computer Inc,4520,452020,45,45202030,D,USA,333316,3576, , , ,CA,SUPER MICRO COMPUTER INC,SMCI
176567, , ,4/30/12,San Jose,Super Micro Computer Inc,4520,452020,45,45202030,D,USA,333316,3576, , , ,CA,SUPER MICRO COMPUTER INC,SMCI
176567, , ,5/31/12,San Jose,Super Micro Computer Inc,4520,452020,45,45202030,D,USA,333316,3576, , , ,CA,SUPER MICRO COMPUTER INC,SMCI
176567, , ,6/30/12,San Jose,Super Micro Computer Inc,4520,452020,45,45202030,D,USA,333316,3576, , , ,CA,SUPER MICRO COMPUTER INC,SMCI
176567, , ,7/31/12,San Jose,Super Micro Computer Inc,4520,452020,45,45202030,D,USA,333316,3576, , , ,CA,SUPER MICRO COMPUTER INC,SMCI
176567, , ,8/31/12,San Jose,Super Micro Computer Inc,4520,452020,45,45202030,D,USA,333316,3576, , , ,CA,SUPER MICRO COMPUTER INC,SMCI
176567, , ,9/30/12,San Jose,Super Micro Computer Inc,4520,452020,45,45202030,D,USA,333316,3576, , , ,CA,SUPER MICRO COMPUTER INC,SMCI
176567, , ,10/31/12,San Jose,Super Micro Computer Inc,4520,452020,45,45202030,D,USA,333316,3576, , , ,CA,SUPER MICRO COMPUTER INC,SMCI
176567, , ,11/30/12,San Jose,Super Micro Computer Inc,4520,452020,45,45202030,D,USA,333316,3576, , , ,CA,SUPER MICRO COMPUTER INC,SMCI
176567, , ,12/31/12,San Jose,Super Micro Computer Inc,4520,452020,45,45202030,D,USA,333316,3576, , , ,CA,SUPER MICRO COMPUTER INC,SMCI
176567, , ,1/31/13,San Jose,Super Micro Computer Inc,4520,452020,45,45202030,D,USA,333316,3576, , , ,CA,SUPER MICRO COMPUTER INC,SMCI
176567, , ,2/28/13,San Jose,Super Micro Computer Inc,4520,452020,45,45202030,D,USA,333316,3576, , , ,CA,SUPER MICRO COMPUTER INC,SMCI
176567, , ,3/31/13,San Jose,Super Micro Computer Inc,4520,452020,45,45202030,D,USA,333316,3576, , , ,CA,SUPER MICRO COMPUTER INC,SMCI
176567, , ,4/30/13,San Jose,Super Micro Computer Inc,4520,452020,45,45202030,D,USA,333316,3576, , , ,CA,SUPER MICRO COMPUTER INC,SMCI
176567, , ,5/31/13,San Jose,Super Micro Computer Inc,4520,452020,45,45202030,D,USA,333316,3576, , , ,CA,SUPER MICRO COMPUTER INC,SMCI
176567, , ,6/30/13,San Jose,Super Micro Computer Inc,4520,452020,45,45202030,D,USA,333316,3576, , , ,CA,SUPER MICRO COMPUTER INC,SMCI
176567, , ,7/31/13,San Jose,Super Micro Computer Inc,4520,452020,45,45202030,D,USA,333316,3576, , , ,CA,SUPER MICRO COMPUTER INC,SMCI
176567, , ,8/31/13,San Jose,Super Micro Computer Inc,4520,452020,45,45202030,D,USA,333316,3576, , , ,CA,SUPER MICRO COMPUTER INC,SMCI
176567, , ,9/30/13,San Jose,Super Micro Computer Inc,4520,452020,45,45202030,D,USA,333316,3576, , , ,CA,SUPER MICRO COMPUTER INC,SMCI
176567, , ,10/31/13,San Jose,Super Micro Computer Inc,4520,452020,45,45202030,D,USA,333316,3576, , , ,CA,SUPER MICRO COMPUTER INC,SMCI
176572, , ,1/31/10,Santa Clara,Aviat Networks Inc,4520,452010,45,45201020,D,USA,334220,3663, , , ,CA,AVIAT NETWORKS INC,AVNW
176572, , ,2/28/10,Santa Clara,Aviat Networks Inc,4520,452010,45,45201020,D,USA,334220,3663, , , ,CA,AVIAT NETWORKS INC,AVNW
176572, , ,3/31/10,Santa Clara,Aviat Networks Inc,4520,452010,45,45201020,D,USA,334220,3663, , , ,CA,AVIAT NETWORKS INC,AVNW
176572, , ,4/30/10,Santa Clara,Aviat Networks Inc,4520,452010,45,45201020,D,USA,334220,3663, , , ,CA,AVIAT NETWORKS INC,AVNW
176572, , ,5/31/10,Santa Clara,Aviat Networks Inc,4520,452010,45,45201020,D,USA,334220,3663, , , ,CA,AVIAT NETWORKS INC,AVNW
176572, , ,6/30/10,Santa Clara,Aviat Networks Inc,4520,452010,45,45201020,D,USA,334220,3663, , , ,CA,AVIAT NETWORKS INC,AVNW
176572, , ,7/31/10,Santa Clara,Aviat Networks Inc,4520,452010,45,45201020,D,USA,334220,3663, , , ,CA,AVIAT NETWORKS INC,AVNW
176572, , ,8/31/10,Santa Clara,Aviat Networks Inc,4520,452010,45,45201020,D,USA,334220,3663, , , ,CA,AVIAT NETWORKS INC,AVNW
176572, , ,9/30/10,Santa Clara,Aviat Networks Inc,4520,452010,45,45201020,D,USA,334220,3663, , , ,CA,AVIAT NETWORKS INC,AVNW
176572, , ,10/31/10,Santa Clara,Aviat Networks Inc,4520,452010,45,45201020,D,USA,334220,3663, , , ,CA,AVIAT NETWORKS INC,AVNW
176572, , ,11/30/10,Santa Clara,Aviat Networks Inc,4520,452010,45,45201020,D,USA,334220,3663, , , ,CA,AVIAT NETWORKS INC,AVNW
176572, , ,12/31/10,Santa Clara,Aviat Networks Inc,4520,452010,45,45201020,D,USA,334220,3663, , , ,CA,AVIAT NETWORKS INC,AVNW
176572, , ,1/31/11,Santa Clara,Aviat Networks Inc,4520,452010,45,45201020,D,USA,334220,3663, , , ,CA,AVIAT NETWORKS INC,AVNW
176572, , ,2/28/11,Santa Clara,Aviat Networks Inc,4520,452010,45,45201020,D,USA,334220,3663, , , ,CA,AVIAT NETWORKS INC,AVNW
176572, , ,3/31/11,Santa Clara,Aviat Networks Inc,4520,452010,45,45201020,D,USA,334220,3663, , , ,CA,AVIAT NETWORKS INC,AVNW
176572, , ,4/30/11,Santa Clara,Aviat Networks Inc,4520,452010,45,45201020,D,USA,334220,3663, , , ,CA,AVIAT NETWORKS INC,AVNW
176572, , ,5/31/11,Santa Clara,Aviat Networks Inc,4520,452010,45,45201020,D,USA,334220,3663, , , ,CA,AVIAT NETWORKS INC,AVNW
176572, , ,6/30/11,Santa Clara,Aviat Networks Inc,4520,452010,45,45201020,D,USA,334220,3663, , , ,CA,AVIAT NETWORKS INC,AVNW
176572, , ,7/31/11,Santa Clara,Aviat Networks Inc,4520,452010,45,45201020,D,USA,334220,3663, , , ,CA,AVIAT NETWORKS INC,AVNW
176572, , ,8/31/11,Santa Clara,Aviat Networks Inc,4520,452010,45,45201020,D,USA,334220,3663, , , ,CA,AVIAT NETWORKS INC,AVNW
176572, , ,9/30/11,Santa Clara,Aviat Networks Inc,4520,452010,45,45201020,D,USA,334220,3663, , , ,CA,AVIAT NETWORKS INC,AVNW
176572, , ,10/31/11,Santa Clara,Aviat Networks Inc,4520,452010,45,45201020,D,USA,334220,3663, , , ,CA,AVIAT NETWORKS INC,AVNW
176572, , ,11/30/11,Santa Clara,Aviat Networks Inc,4520,452010,45,45201020,D,USA,334220,3663, , , ,CA,AVIAT NETWORKS INC,AVNW
176572, , ,12/31/11,Santa Clara,Aviat Networks Inc,4520,452010,45,45201020,D,USA,334220,3663, , , ,CA,AVIAT NETWORKS INC,AVNW
176572, , ,1/31/12,Santa Clara,Aviat Networks Inc,4520,452010,45,45201020,D,USA,334220,3663, , , ,CA,AVIAT NETWORKS INC,AVNW
176572, , ,2/29/12,Santa Clara,Aviat Networks Inc,4520,452010,45,45201020,D,USA,334220,3663, , , ,CA,AVIAT NETWORKS INC,AVNW
176572, , ,3/31/12,Santa Clara,Aviat Networks Inc,4520,452010,45,45201020,D,USA,334220,3663, , , ,CA,AVIAT NETWORKS INC,AVNW
176572, , ,4/30/12,Santa Clara,Aviat Networks Inc,4520,452010,45,45201020,D,USA,334220,3663, , , ,CA,AVIAT NETWORKS INC,AVNW
176572, , ,5/31/12,Santa Clara,Aviat Networks Inc,4520,452010,45,45201020,D,USA,334220,3663, , , ,CA,AVIAT NETWORKS INC,AVNW
176572, , ,6/30/12,Santa Clara,Aviat Networks Inc,4520,452010,45,45201020,D,USA,334220,3663, , , ,CA,AVIAT NETWORKS INC,AVNW
176572, , ,7/31/12,Santa Clara,Aviat Networks Inc,4520,452010,45,45201020,D,USA,334220,3663, , , ,CA,AVIAT NETWORKS INC,AVNW
176572, , ,8/31/12,Santa Clara,Aviat Networks Inc,4520,452010,45,45201020,D,USA,334220,3663, , , ,CA,AVIAT NETWORKS INC,AVNW
176572, , ,9/30/12,Santa Clara,Aviat Networks Inc,4520,452010,45,45201020,D,USA,334220,3663, , , ,CA,AVIAT NETWORKS INC,AVNW
176572, , ,10/31/12,Santa Clara,Aviat Networks Inc,4520,452010,45,45201020,D,USA,334220,3663, , , ,CA,AVIAT NETWORKS INC,AVNW
176572, , ,11/30/12,Santa Clara,Aviat Networks Inc,4520,452010,45,45201020,D,USA,334220,3663, , , ,CA,AVIAT NETWORKS INC,AVNW
176572, , ,12/31/12,Santa Clara,Aviat Networks Inc,4520,452010,45,45201020,D,USA,334220,3663, , , ,CA,AVIAT NETWORKS INC,AVNW
176572, , ,1/31/13,Santa Clara,Aviat Networks Inc,4520,452010,45,45201020,D,USA,334220,3663, , , ,CA,AVIAT NETWORKS INC,AVNW
176572, , ,2/28/13,Santa Clara,Aviat Networks Inc,4520,452010,45,45201020,D,USA,334220,3663, , , ,CA,AVIAT NETWORKS INC,AVNW
176572, , ,3/31/13,Santa Clara,Aviat Networks Inc,4520,452010,45,45201020,D,USA,334220,3663, , , ,CA,AVIAT NETWORKS INC,AVNW
176572, , ,4/30/13,Santa Clara,Aviat Networks Inc,4520,452010,45,45201020,D,USA,334220,3663, , , ,CA,AVIAT NETWORKS INC,AVNW
176572, , ,5/31/13,Santa Clara,Aviat Networks Inc,4520,452010,45,45201020,D,USA,334220,3663, , , ,CA,AVIAT NETWORKS INC,AVNW
176572, , ,6/30/13,Santa Clara,Aviat Networks Inc,4520,452010,45,45201020,D,USA,334220,3663, , , ,CA,AVIAT NETWORKS INC,AVNW
176572, , ,7/31/13,Santa Clara,Aviat Networks Inc,4520,452010,45,45201020,D,USA,334220,3663, , , ,CA,AVIAT NETWORKS INC,AVNW
176572, , ,8/31/13,Santa Clara,Aviat Networks Inc,4520,452010,45,45201020,D,USA,334220,3663, , , ,CA,AVIAT NETWORKS INC,AVNW
176572, , ,9/30/13,Santa Clara,Aviat Networks Inc,4520,452010,45,45201020,D,USA,334220,3663, , , ,CA,AVIAT NETWORKS INC,AVNW
176572, , ,10/31/13,Santa Clara,Aviat Networks Inc,4520,452010,45,45201020,D,USA,334220,3663, , , ,CA,AVIAT NETWORKS INC,AVNW
176781, , ,1/31/10,Sunnyvale,Aruba Networks Inc,4520,452010,45,45201020,D,USA,3342,3576, , , ,CA,ARUBA NETWORKS INC,ARUN
176781, , ,2/28/10,Sunnyvale,Aruba Networks Inc,4520,452010,45,45201020,D,USA,3342,3576, , , ,CA,ARUBA NETWORKS INC,ARUN
176781, , ,3/31/10,Sunnyvale,Aruba Networks Inc,4520,452010,45,45201020,D,USA,3342,3576, , , ,CA,ARUBA NETWORKS INC,ARUN
176781, , ,4/30/10,Sunnyvale,Aruba Networks Inc,4520,452010,45,45201020,D,USA,3342,3576, , , ,CA,ARUBA NETWORKS INC,ARUN
176781, , ,5/31/10,Sunnyvale,Aruba Networks Inc,4520,452010,45,45201020,D,USA,3342,3576, , , ,CA,ARUBA NETWORKS INC,ARUN
176781, , ,6/30/10,Sunnyvale,Aruba Networks Inc,4520,452010,45,45201020,D,USA,3342,3576, , , ,CA,ARUBA NETWORKS INC,ARUN
176781, , ,7/31/10,Sunnyvale,Aruba Networks Inc,4520,452010,45,45201020,D,USA,3342,3576, , , ,CA,ARUBA NETWORKS INC,ARUN
176781, , ,8/31/10,Sunnyvale,Aruba Networks Inc,4520,452010,45,45201020,D,USA,3342,3576, , , ,CA,ARUBA NETWORKS INC,ARUN
176781, , ,9/30/10,Sunnyvale,Aruba Networks Inc,4520,452010,45,45201020,D,USA,3342,3576, , , ,CA,ARUBA NETWORKS INC,ARUN
176781, , ,10/31/10,Sunnyvale,Aruba Networks Inc,4520,452010,45,45201020,D,USA,3342,3576, , , ,CA,ARUBA NETWORKS INC,ARUN
176781, , ,11/30/10,Sunnyvale,Aruba Networks Inc,4520,452010,45,45201020,D,USA,3342,3576, , , ,CA,ARUBA NETWORKS INC,ARUN
176781, , ,12/31/10,Sunnyvale,Aruba Networks Inc,4520,452010,45,45201020,D,USA,3342,3576, , , ,CA,ARUBA NETWORKS INC,ARUN
176781, , ,1/31/11,Sunnyvale,Aruba Networks Inc,4520,452010,45,45201020,D,USA,3342,3576, , , ,CA,ARUBA NETWORKS INC,ARUN
176781, , ,2/28/11,Sunnyvale,Aruba Networks Inc,4520,452010,45,45201020,D,USA,3342,3576, , , ,CA,ARUBA NETWORKS INC,ARUN
176781, , ,3/31/11,Sunnyvale,Aruba Networks Inc,4520,452010,45,45201020,D,USA,3342,3576, , , ,CA,ARUBA NETWORKS INC,ARUN
176781, , ,4/30/11,Sunnyvale,Aruba Networks Inc,4520,452010,45,45201020,D,USA,3342,3576, , , ,CA,ARUBA NETWORKS INC,ARUN
176781, , ,5/31/11,Sunnyvale,Aruba Networks Inc,4520,452010,45,45201020,D,USA,3342,3576, , , ,CA,ARUBA NETWORKS INC,ARUN
176781, , ,6/30/11,Sunnyvale,Aruba Networks Inc,4520,452010,45,45201020,D,USA,3342,3576, , , ,CA,ARUBA NETWORKS INC,ARUN
176781, , ,7/31/11,Sunnyvale,Aruba Networks Inc,4520,452010,45,45201020,D,USA,3342,3576, , , ,CA,ARUBA NETWORKS INC,ARUN
176781, , ,8/31/11,Sunnyvale,Aruba Networks Inc,4520,452010,45,45201020,D,USA,3342,3576, , , ,CA,ARUBA NETWORKS INC,ARUN
176781, , ,9/30/11,Sunnyvale,Aruba Networks Inc,4520,452010,45,45201020,D,USA,3342,3576, , , ,CA,ARUBA NETWORKS INC,ARUN
176781, , ,10/31/11,Sunnyvale,Aruba Networks Inc,4520,452010,45,45201020,D,USA,3342,3576, , , ,CA,ARUBA NETWORKS INC,ARUN
176781, , ,11/30/11,Sunnyvale,Aruba Networks Inc,4520,452010,45,45201020,D,USA,3342,3576, , , ,CA,ARUBA NETWORKS INC,ARUN
176781, , ,12/31/11,Sunnyvale,Aruba Networks Inc,4520,452010,45,45201020,D,USA,3342,3576, , , ,CA,ARUBA NETWORKS INC,ARUN
176781, , ,1/31/12,Sunnyvale,Aruba Networks Inc,4520,452010,45,45201020,D,USA,3342,3576, , , ,CA,ARUBA NETWORKS INC,ARUN
176781, , ,2/29/12,Sunnyvale,Aruba Networks Inc,4520,452010,45,45201020,D,USA,3342,3576, , , ,CA,ARUBA NETWORKS INC,ARUN
176781, , ,3/31/12,Sunnyvale,Aruba Networks Inc,4520,452010,45,45201020,D,USA,3342,3576, , , ,CA,ARUBA NETWORKS INC,ARUN
176781, , ,4/30/12,Sunnyvale,Aruba Networks Inc,4520,452010,45,45201020,D,USA,3342,3576, , , ,CA,ARUBA NETWORKS INC,ARUN
176781, , ,5/31/12,Sunnyvale,Aruba Networks Inc,4520,452010,45,45201020,D,USA,3342,3576, , , ,CA,ARUBA NETWORKS INC,ARUN
176781, , ,6/30/12,Sunnyvale,Aruba Networks Inc,4520,452010,45,45201020,D,USA,3342,3576, , , ,CA,ARUBA NETWORKS INC,ARUN
176781, , ,7/31/12,Sunnyvale,Aruba Networks Inc,4520,452010,45,45201020,D,USA,3342,3576, , , ,CA,ARUBA NETWORKS INC,ARUN
176781, , ,8/31/12,Sunnyvale,Aruba Networks Inc,4520,452010,45,45201020,D,USA,3342,3576, , , ,CA,ARUBA NETWORKS INC,ARUN
176781, , ,9/30/12,Sunnyvale,Aruba Networks Inc,4520,452010,45,45201020,D,USA,3342,3576, , , ,CA,ARUBA NETWORKS INC,ARUN
176781, , ,10/31/12,Sunnyvale,Aruba Networks Inc,4520,452010,45,45201020,D,USA,3342,3576, , , ,CA,ARUBA NETWORKS INC,ARUN
176781, , ,11/30/12,Sunnyvale,Aruba Networks Inc,4520,452010,45,45201020,D,USA,3342,3576, , , ,CA,ARUBA NETWORKS INC,ARUN
176781, , ,12/31/12,Sunnyvale,Aruba Networks Inc,4520,452010,45,45201020,D,USA,3342,3576, , , ,CA,ARUBA NETWORKS INC,ARUN
176781, , ,1/31/13,Sunnyvale,Aruba Networks Inc,4520,452010,45,45201020,D,USA,3342,3576, , , ,CA,ARUBA NETWORKS INC,ARUN
176781, , ,2/28/13,Sunnyvale,Aruba Networks Inc,4520,452010,45,45201020,D,USA,3342,3576, , , ,CA,ARUBA NETWORKS INC,ARUN
176781, , ,3/31/13,Sunnyvale,Aruba Networks Inc,4520,452010,45,45201020,D,USA,3342,3576, , , ,CA,ARUBA NETWORKS INC,ARUN
176781, , ,4/30/13,Sunnyvale,Aruba Networks Inc,4520,452010,45,45201020,D,USA,3342,3576, , , ,CA,ARUBA NETWORKS INC,ARUN
176781, , ,5/31/13,Sunnyvale,Aruba Networks Inc,4520,452010,45,45201020,D,USA,3342,3576, , , ,CA,ARUBA NETWORKS INC,ARUN
176781, , ,6/30/13,Sunnyvale,Aruba Networks Inc,4520,452010,45,45201020,D,USA,3342,3576, , , ,CA,ARUBA NETWORKS INC,ARUN
176781, , ,7/31/13,Sunnyvale,Aruba Networks Inc,4520,452010,45,45201020,D,USA,3342,3576, , , ,CA,ARUBA NETWORKS INC,ARUN
176781, , ,8/31/13,Sunnyvale,Aruba Networks Inc,4520,452010,45,45201020,D,USA,3342,3576, , , ,CA,ARUBA NETWORKS INC,ARUN
176781, , ,9/30/13,Sunnyvale,Aruba Networks Inc,4520,452010,45,45201020,D,USA,3342,3576, , , ,CA,ARUBA NETWORKS INC,ARUN
176781, , ,10/31/13,Sunnyvale,Aruba Networks Inc,4520,452010,45,45201020,D,USA,3342,3576, , , ,CA,ARUBA NETWORKS INC,ARUN
176863, , ,1/31/10,Redwood City,BigBand Networks Inc,4520,452010,45,45201020,D,USA,541512,7373, , , ,CA,BIGBAND NETWORKS INC,BBND
176863, , ,2/28/10,Redwood City,BigBand Networks Inc,4520,452010,45,45201020,D,USA,541512,7373, , , ,CA,BIGBAND NETWORKS INC,BBND
176863, , ,3/31/10,Redwood City,BigBand Networks Inc,4520,452010,45,45201020,D,USA,541512,7373, , , ,CA,BIGBAND NETWORKS INC,BBND
176863, , ,4/30/10,Redwood City,BigBand Networks Inc,4520,452010,45,45201020,D,USA,541512,7373, , , ,CA,BIGBAND NETWORKS INC,BBND
176863, , ,5/31/10,Redwood City,BigBand Networks Inc,4520,452010,45,45201020,D,USA,541512,7373, , , ,CA,BIGBAND NETWORKS INC,BBND
176863, , ,6/30/10,Redwood City,BigBand Networks Inc,4520,452010,45,45201020,D,USA,541512,7373, , , ,CA,BIGBAND NETWORKS INC,BBND
176863, , ,7/31/10,Redwood City,BigBand Networks Inc,4520,452010,45,45201020,D,USA,541512,7373, , , ,CA,BIGBAND NETWORKS INC,BBND
176863, , ,8/31/10,Redwood City,BigBand Networks Inc,4520,452010,45,45201020,D,USA,541512,7373, , , ,CA,BIGBAND NETWORKS INC,BBND
176863, , ,9/30/10,Redwood City,BigBand Networks Inc,4520,452010,45,45201020,D,USA,541512,7373, , , ,CA,BIGBAND NETWORKS INC,BBND
176863, , ,10/31/10,Redwood City,BigBand Networks Inc,4520,452010,45,45201020,D,USA,541512,7373, , , ,CA,BIGBAND NETWORKS INC,BBND
176863, , ,11/30/10,Redwood City,BigBand Networks Inc,4520,452010,45,45201020,D,USA,541512,7373, , , ,CA,BIGBAND NETWORKS INC,BBND
176863, , ,12/31/10,Redwood City,BigBand Networks Inc,4520,452010,45,45201020,D,USA,541512,7373, , , ,CA,BIGBAND NETWORKS INC,BBND
176863, , ,1/31/11,Redwood City,BigBand Networks Inc,4520,452010,45,45201020,D,USA,541512,7373, , , ,CA,BIGBAND NETWORKS INC,BBND
176863, , ,2/28/11,Redwood City,BigBand Networks Inc,4520,452010,45,45201020,D,USA,541512,7373, , , ,CA,BIGBAND NETWORKS INC,BBND
176863, , ,3/31/11,Redwood City,BigBand Networks Inc,4520,452010,45,45201020,D,USA,541512,7373, , , ,CA,BIGBAND NETWORKS INC,BBND
176863, , ,4/30/11,Redwood City,BigBand Networks Inc,4520,452010,45,45201020,D,USA,541512,7373, , , ,CA,BIGBAND NETWORKS INC,BBND
176863, , ,5/31/11,Redwood City,BigBand Networks Inc,4520,452010,45,45201020,D,USA,541512,7373, , , ,CA,BIGBAND NETWORKS INC,BBND
176863, , ,6/30/11,Redwood City,BigBand Networks Inc,4520,452010,45,45201020,D,USA,541512,7373, , , ,CA,BIGBAND NETWORKS INC,BBND
176863, , ,7/31/11,Redwood City,BigBand Networks Inc,4520,452010,45,45201020,D,USA,541512,7373, , , ,CA,BIGBAND NETWORKS INC,BBND
176863, , ,8/31/11,Redwood City,BigBand Networks Inc,4520,452010,45,45201020,D,USA,541512,7373, , , ,CA,BIGBAND NETWORKS INC,BBND
176863, , ,9/30/11,Redwood City,BigBand Networks Inc,4520,452010,45,45201020,D,USA,541512,7373, , , ,CA,BIGBAND NETWORKS INC,BBND
176863, , ,10/31/11,Redwood City,BigBand Networks Inc,4520,452010,45,45201020,D,USA,541512,7373, , , ,CA,BIGBAND NETWORKS INC,BBND
176863, , ,11/30/11,Redwood City,BigBand Networks Inc,4520,452010,45,45201020,D,USA,541512,7373, , , ,CA,BIGBAND NETWORKS INC,BBND
177058, , ,1/31/10,Herzliya,SuperCom Ltd,4520,452030,45,45203010,B,ISR,541512,7373, , , , ,SUPERCOM LTD,SPCB
177058, , ,2/28/10,Herzliya,SuperCom Ltd,4520,452030,45,45203010,B,ISR,541512,7373, , , , ,SUPERCOM LTD,SPCB
177058, , ,3/31/10,Herzliya,SuperCom Ltd,4520,452030,45,45203010,B,ISR,541512,7373, , , , ,SUPERCOM LTD,SPCB
177058, , ,4/30/10,Herzliya,SuperCom Ltd,4520,452030,45,45203010,B,ISR,541512,7373, , , , ,SUPERCOM LTD,SPCB
177058, , ,5/31/10,Herzliya,SuperCom Ltd,4520,452030,45,45203010,B,ISR,541512,7373, , , , ,SUPERCOM LTD,SPCB
177058, , ,6/30/10,Herzliya,SuperCom Ltd,4520,452030,45,45203010,B,ISR,541512,7373, , , , ,SUPERCOM LTD,SPCB
177058, , ,7/31/10,Herzliya,SuperCom Ltd,4520,452030,45,45203010,B,ISR,541512,7373, , , , ,SUPERCOM LTD,SPCB
177058, , ,8/31/10,Herzliya,SuperCom Ltd,4520,452030,45,45203010,B,ISR,541512,7373, , , , ,SUPERCOM LTD,SPCB
177058, , ,9/30/10,Herzliya,SuperCom Ltd,4520,452030,45,45203010,B,ISR,541512,7373, , , , ,SUPERCOM LTD,SPCB
177058, , ,10/31/10,Herzliya,SuperCom Ltd,4520,452030,45,45203010,B,ISR,541512,7373, , , , ,SUPERCOM LTD,SPCB
177058, , ,11/30/10,Herzliya,SuperCom Ltd,4520,452030,45,45203010,B,ISR,541512,7373, , , , ,SUPERCOM LTD,SPCB
177058, , ,12/31/10,Herzliya,SuperCom Ltd,4520,452030,45,45203010,B,ISR,541512,7373, , , , ,SUPERCOM LTD,SPCB
177058, , ,1/31/11,Herzliya,SuperCom Ltd,4520,452030,45,45203010,B,ISR,541512,7373, , , , ,SUPERCOM LTD,SPCB
177058, , ,2/28/11,Herzliya,SuperCom Ltd,4520,452030,45,45203010,B,ISR,541512,7373, , , , ,SUPERCOM LTD,SPCB
177058, , ,3/31/11,Herzliya,SuperCom Ltd,4520,452030,45,45203010,B,ISR,541512,7373, , , , ,SUPERCOM LTD,SPCB
177058, , ,4/30/11,Herzliya,SuperCom Ltd,4520,452030,45,45203010,B,ISR,541512,7373, , , , ,SUPERCOM LTD,SPCB
177058, , ,5/31/11,Herzliya,SuperCom Ltd,4520,452030,45,45203010,B,ISR,541512,7373, , , , ,SUPERCOM LTD,SPCB
177058, , ,6/30/11,Herzliya,SuperCom Ltd,4520,452030,45,45203010,B,ISR,541512,7373, , , , ,SUPERCOM LTD,SPCB
177058, , ,7/31/11,Herzliya,SuperCom Ltd,4520,452030,45,45203010,B,ISR,541512,7373, , , , ,SUPERCOM LTD,SPCB
177058, , ,8/31/11,Herzliya,SuperCom Ltd,4520,452030,45,45203010,B,ISR,541512,7373, , , , ,SUPERCOM LTD,SPCB
177058, , ,9/30/11,Herzliya,SuperCom Ltd,4520,452030,45,45203010,B,ISR,541512,7373, , , , ,SUPERCOM LTD,SPCB
177058, , ,10/31/11,Herzliya,SuperCom Ltd,4520,452030,45,45203010,B,ISR,541512,7373, , , , ,SUPERCOM LTD,SPCB
177058, , ,11/30/11,Herzliya,SuperCom Ltd,4520,452030,45,45203010,B,ISR,541512,7373, , , , ,SUPERCOM LTD,SPCB
177058, , ,12/31/11,Herzliya,SuperCom Ltd,4520,452030,45,45203010,B,ISR,541512,7373, , , , ,SUPERCOM LTD,SPCB
177058, , ,1/31/12,Herzliya,SuperCom Ltd,4520,452030,45,45203010,B,ISR,541512,7373, , , , ,SUPERCOM LTD,SPCB
177058, , ,2/29/12,Herzliya,SuperCom Ltd,4520,452030,45,45203010,B,ISR,541512,7373, , , , ,SUPERCOM LTD,SPCB
177058, , ,3/31/12,Herzliya,SuperCom Ltd,4520,452030,45,45203010,B,ISR,541512,7373, , , , ,SUPERCOM LTD,SPCB
177058, , ,4/30/12,Herzliya,SuperCom Ltd,4520,452030,45,45203010,B,ISR,541512,7373, , , , ,SUPERCOM LTD,SPCB
177058, , ,5/31/12,Herzliya,SuperCom Ltd,4520,452030,45,45203010,B,ISR,541512,7373, , , , ,SUPERCOM LTD,SPCB
177058, , ,6/30/12,Herzliya,SuperCom Ltd,4520,452030,45,45203010,B,ISR,541512,7373, , , , ,SUPERCOM LTD,SPCB
177058, , ,7/31/12,Herzliya,SuperCom Ltd,4520,452030,45,45203010,B,ISR,541512,7373, , , , ,SUPERCOM LTD,SPCB
177058, , ,8/31/12,Herzliya,SuperCom Ltd,4520,452030,45,45203010,B,ISR,541512,7373, , , , ,SUPERCOM LTD,SPCB
177058, , ,9/30/12,Herzliya,SuperCom Ltd,4520,452030,45,45203010,B,ISR,541512,7373, , , , ,SUPERCOM LTD,SPCB
177058, , ,10/31/12,Herzliya,SuperCom Ltd,4520,452030,45,45203010,B,ISR,541512,7373, , , , ,SUPERCOM LTD,SPCB
177058, , ,11/30/12,Herzliya,SuperCom Ltd,4520,452030,45,45203010,B,ISR,541512,7373, , , , ,SUPERCOM LTD,SPCB
177058, , ,12/31/12,Herzliya,SuperCom Ltd,4520,452030,45,45203010,B,ISR,541512,7373, , , , ,SUPERCOM LTD,SPCB
177058, , ,1/31/13,Herzliya,SuperCom Ltd,4520,452030,45,45203010,B,ISR,541512,7373, , , , ,SUPERCOM LTD,SPCB
177058, , ,2/28/13,Herzliya,SuperCom Ltd,4520,452030,45,45203010,B,ISR,541512,7373, , , , ,SUPERCOM LTD,SPCB
177058, , ,3/31/13,Herzliya,SuperCom Ltd,4520,452030,45,45203010,B,ISR,541512,7373, , , , ,SUPERCOM LTD,SPCB
177058, , ,4/30/13,Herzliya,SuperCom Ltd,4520,452030,45,45203010,B,ISR,541512,7373, , , , ,SUPERCOM LTD,SPCB
177058, , ,5/31/13,Herzliya,SuperCom Ltd,4520,452030,45,45203010,B,ISR,541512,7373, , , , ,SUPERCOM LTD,SPCB
177058, , ,6/30/13,Herzliya,SuperCom Ltd,4520,452030,45,45203010,B,ISR,541512,7373, , , , ,SUPERCOM LTD,SPCB
177058, , ,7/31/13,Herzliya,SuperCom Ltd,4520,452030,45,45203010,B,ISR,541512,7373, , , , ,SUPERCOM LTD,SPCB
177058, , ,8/31/13,Herzliya,SuperCom Ltd,4520,452030,45,45203010,B,ISR,541512,7373, , , , ,SUPERCOM LTD,SPCB
177058, , ,9/30/13,Herzliya,SuperCom Ltd,4520,452030,45,45203010,B,ISR,541512,7373, , , , ,SUPERCOM LTD,SPCB
177058, , ,10/31/13,Herzliya,SuperCom Ltd,4520,452030,45,45203010,B,ISR,541512,7373, , , , ,SUPERCOM LTD,SPCB
177127, , ,1/31/10,Sunnyvale,ShoreTel Inc,4520,452010,45,45201020,D,USA,334210,3661, , , ,CA,SHORETEL INC,SHOR
177127, , ,2/28/10,Sunnyvale,ShoreTel Inc,4520,452010,45,45201020,D,USA,334210,3661, , , ,CA,SHORETEL INC,SHOR
177127, , ,3/31/10,Sunnyvale,ShoreTel Inc,4520,452010,45,45201020,D,USA,334210,3661, , , ,CA,SHORETEL INC,SHOR
177127, , ,4/30/10,Sunnyvale,ShoreTel Inc,4520,452010,45,45201020,D,USA,334210,3661, , , ,CA,SHORETEL INC,SHOR
177127, , ,5/31/10,Sunnyvale,ShoreTel Inc,4520,452010,45,45201020,D,USA,334210,3661, , , ,CA,SHORETEL INC,SHOR
177127, , ,6/30/10,Sunnyvale,ShoreTel Inc,4520,452010,45,45201020,D,USA,334210,3661, , , ,CA,SHORETEL INC,SHOR
177127, , ,7/31/10,Sunnyvale,ShoreTel Inc,4520,452010,45,45201020,D,USA,334210,3661, , , ,CA,SHORETEL INC,SHOR
177127, , ,8/31/10,Sunnyvale,ShoreTel Inc,4520,452010,45,45201020,D,USA,334210,3661, , , ,CA,SHORETEL INC,SHOR
177127, , ,9/30/10,Sunnyvale,ShoreTel Inc,4520,452010,45,45201020,D,USA,334210,3661, , , ,CA,SHORETEL INC,SHOR
177127, , ,10/31/10,Sunnyvale,ShoreTel Inc,4520,452010,45,45201020,D,USA,334210,3661, , , ,CA,SHORETEL INC,SHOR
177127, , ,11/30/10,Sunnyvale,ShoreTel Inc,4520,452010,45,45201020,D,USA,334210,3661, , , ,CA,SHORETEL INC,SHOR
177127, , ,12/31/10,Sunnyvale,ShoreTel Inc,4520,452010,45,45201020,D,USA,334210,3661, , , ,CA,SHORETEL INC,SHOR
177127, , ,1/31/11,Sunnyvale,ShoreTel Inc,4520,452010,45,45201020,D,USA,334210,3661, , , ,CA,SHORETEL INC,SHOR
177127, , ,2/28/11,Sunnyvale,ShoreTel Inc,4520,452010,45,45201020,D,USA,334210,3661, , , ,CA,SHORETEL INC,SHOR
177127, , ,3/31/11,Sunnyvale,ShoreTel Inc,4520,452010,45,45201020,D,USA,334210,3661, , , ,CA,SHORETEL INC,SHOR
177127, , ,4/30/11,Sunnyvale,ShoreTel Inc,4520,452010,45,45201020,D,USA,334210,3661, , , ,CA,SHORETEL INC,SHOR
177127, , ,5/31/11,Sunnyvale,ShoreTel Inc,4520,452010,45,45201020,D,USA,334210,3661, , , ,CA,SHORETEL INC,SHOR
177127, , ,6/30/11,Sunnyvale,ShoreTel Inc,4520,452010,45,45201020,D,USA,334210,3661, , , ,CA,SHORETEL INC,SHOR
177127, , ,7/31/11,Sunnyvale,ShoreTel Inc,4520,452010,45,45201020,D,USA,334210,3661, , , ,CA,SHORETEL INC,SHOR
177127, , ,8/31/11,Sunnyvale,ShoreTel Inc,4520,452010,45,45201020,D,USA,334210,3661, , , ,CA,SHORETEL INC,SHOR
177127, , ,9/30/11,Sunnyvale,ShoreTel Inc,4520,452010,45,45201020,D,USA,334210,3661, , , ,CA,SHORETEL INC,SHOR
177127, , ,10/31/11,Sunnyvale,ShoreTel Inc,4520,452010,45,45201020,D,USA,334210,3661, , , ,CA,SHORETEL INC,SHOR
177127, , ,11/30/11,Sunnyvale,ShoreTel Inc,4520,452010,45,45201020,D,USA,334210,3661, , , ,CA,SHORETEL INC,SHOR
177127, , ,12/31/11,Sunnyvale,ShoreTel Inc,4520,452010,45,45201020,D,USA,334210,3661, , , ,CA,SHORETEL INC,SHOR
177127, , ,1/31/12,Sunnyvale,ShoreTel Inc,4520,452010,45,45201020,D,USA,334210,3661, , , ,CA,SHORETEL INC,SHOR
177127, , ,2/29/12,Sunnyvale,ShoreTel Inc,4520,452010,45,45201020,D,USA,334210,3661, , , ,CA,SHORETEL INC,SHOR
177127, , ,3/31/12,Sunnyvale,ShoreTel Inc,4520,452010,45,45201020,D,USA,334210,3661, , , ,CA,SHORETEL INC,SHOR
177127, , ,4/30/12,Sunnyvale,ShoreTel Inc,4520,452010,45,45201020,D,USA,334210,3661, , , ,CA,SHORETEL INC,SHOR
177127, , ,5/31/12,Sunnyvale,ShoreTel Inc,4520,452010,45,45201020,D,USA,334210,3661, , , ,CA,SHORETEL INC,SHOR
177127, , ,6/30/12,Sunnyvale,ShoreTel Inc,4520,452010,45,45201020,D,USA,334210,3661, , , ,CA,SHORETEL INC,SHOR
177127, , ,7/31/12,Sunnyvale,ShoreTel Inc,4520,452010,45,45201020,D,USA,334210,3661, , , ,CA,SHORETEL INC,SHOR
177127, , ,8/31/12,Sunnyvale,ShoreTel Inc,4520,452010,45,45201020,D,USA,334210,3661, , , ,CA,SHORETEL INC,SHOR
177127, , ,9/30/12,Sunnyvale,ShoreTel Inc,4520,452010,45,45201020,D,USA,334210,3661, , , ,CA,SHORETEL INC,SHOR
177127, , ,10/31/12,Sunnyvale,ShoreTel Inc,4520,452010,45,45201020,D,USA,334210,3661, , , ,CA,SHORETEL INC,SHOR
177127, , ,11/30/12,Sunnyvale,ShoreTel Inc,4520,452010,45,45201020,D,USA,334210,3661, , , ,CA,SHORETEL INC,SHOR
177127, , ,12/31/12,Sunnyvale,ShoreTel Inc,4520,452010,45,45201020,D,USA,334210,3661, , , ,CA,SHORETEL INC,SHOR
177127, , ,1/31/13,Sunnyvale,ShoreTel Inc,4520,452010,45,45201020,D,USA,334210,3661, , , ,CA,SHORETEL INC,SHOR
177127, , ,2/28/13,Sunnyvale,ShoreTel Inc,4520,452010,45,45201020,D,USA,334210,3661, , , ,CA,SHORETEL INC,SHOR
177127, , ,3/31/13,Sunnyvale,ShoreTel Inc,4520,452010,45,45201020,D,USA,334210,3661, , , ,CA,SHORETEL INC,SHOR
177127, , ,4/30/13,Sunnyvale,ShoreTel Inc,4520,452010,45,45201020,D,USA,334210,3661, , , ,CA,SHORETEL INC,SHOR
177127, , ,5/31/13,Sunnyvale,ShoreTel Inc,4520,452010,45,45201020,D,USA,334210,3661, , , ,CA,SHORETEL INC,SHOR
177127, , ,6/30/13,Sunnyvale,ShoreTel Inc,4520,452010,45,45201020,D,USA,334210,3661, , , ,CA,SHORETEL INC,SHOR
177127, , ,7/31/13,Sunnyvale,ShoreTel Inc,4520,452010,45,45201020,D,USA,334210,3661, , , ,CA,SHORETEL INC,SHOR
177127, , ,8/31/13,Sunnyvale,ShoreTel Inc,4520,452010,45,45201020,D,USA,334210,3661, , , ,CA,SHORETEL INC,SHOR
177127, , ,9/30/13,Sunnyvale,ShoreTel Inc,4520,452010,45,45201020,D,USA,334210,3661, , , ,CA,SHORETEL INC,SHOR
177127, , ,10/31/13,Sunnyvale,ShoreTel Inc,4520,452010,45,45201020,D,USA,334210,3661, , , ,CA,SHORETEL INC,SHOR
177222, , ,1/31/10,Ottawa,DragonWave Inc,4520,452010,45,45201020,D,CAN,334220,3663, , , ,ON,DRAGONWAVE INC,DRWI
177222, , ,2/28/10,Ottawa,DragonWave Inc,4520,452010,45,45201020,D,CAN,334220,3663, , , ,ON,DRAGONWAVE INC,DRWI
177222, , ,3/31/10,Ottawa,DragonWave Inc,4520,452010,45,45201020,D,CAN,334220,3663, , , ,ON,DRAGONWAVE INC,DRWI
177222, , ,4/30/10,Ottawa,DragonWave Inc,4520,452010,45,45201020,D,CAN,334220,3663, , , ,ON,DRAGONWAVE INC,DRWI
177222, , ,5/31/10,Ottawa,DragonWave Inc,4520,452010,45,45201020,D,CAN,334220,3663, , , ,ON,DRAGONWAVE INC,DRWI
177222, , ,6/30/10,Ottawa,DragonWave Inc,4520,452010,45,45201020,D,CAN,334220,3663, , , ,ON,DRAGONWAVE INC,DRWI
177222, , ,7/31/10,Ottawa,DragonWave Inc,4520,452010,45,45201020,D,CAN,334220,3663, , , ,ON,DRAGONWAVE INC,DRWI
177222, , ,8/31/10,Ottawa,DragonWave Inc,4520,452010,45,45201020,D,CAN,334220,3663, , , ,ON,DRAGONWAVE INC,DRWI
177222, , ,9/30/10,Ottawa,DragonWave Inc,4520,452010,45,45201020,D,CAN,334220,3663, , , ,ON,DRAGONWAVE INC,DRWI
177222, , ,10/31/10,Ottawa,DragonWave Inc,4520,452010,45,45201020,D,CAN,334220,3663, , , ,ON,DRAGONWAVE INC,DRWI
177222, , ,11/30/10,Ottawa,DragonWave Inc,4520,452010,45,45201020,D,CAN,334220,3663, , , ,ON,DRAGONWAVE INC,DRWI
177222, , ,12/31/10,Ottawa,DragonWave Inc,4520,452010,45,45201020,D,CAN,334220,3663, , , ,ON,DRAGONWAVE INC,DRWI
177222, , ,1/31/11,Ottawa,DragonWave Inc,4520,452010,45,45201020,D,CAN,334220,3663, , , ,ON,DRAGONWAVE INC,DRWI
177222, , ,2/28/11,Ottawa,DragonWave Inc,4520,452010,45,45201020,D,CAN,334220,3663, , , ,ON,DRAGONWAVE INC,DRWI
177222, , ,3/31/11,Ottawa,DragonWave Inc,4520,452010,45,45201020,D,CAN,334220,3663, , , ,ON,DRAGONWAVE INC,DRWI
177222, , ,4/30/11,Ottawa,DragonWave Inc,4520,452010,45,45201020,D,CAN,334220,3663, , , ,ON,DRAGONWAVE INC,DRWI
177222, , ,5/31/11,Ottawa,DragonWave Inc,4520,452010,45,45201020,D,CAN,334220,3663, , , ,ON,DRAGONWAVE INC,DRWI
177222, , ,6/30/11,Ottawa,DragonWave Inc,4520,452010,45,45201020,D,CAN,334220,3663, , , ,ON,DRAGONWAVE INC,DRWI
177222, , ,7/31/11,Ottawa,DragonWave Inc,4520,452010,45,45201020,D,CAN,334220,3663, , , ,ON,DRAGONWAVE INC,DRWI
177222, , ,8/31/11,Ottawa,DragonWave Inc,4520,452010,45,45201020,D,CAN,334220,3663, , , ,ON,DRAGONWAVE INC,DRWI
177222, , ,9/30/11,Ottawa,DragonWave Inc,4520,452010,45,45201020,D,CAN,334220,3663, , , ,ON,DRAGONWAVE INC,DRWI
177222, , ,10/31/11,Ottawa,DragonWave Inc,4520,452010,45,45201020,D,CAN,334220,3663, , , ,ON,DRAGONWAVE INC,DRWI
177222, , ,11/30/11,Ottawa,DragonWave Inc,4520,452010,45,45201020,D,CAN,334220,3663, , , ,ON,DRAGONWAVE INC,DRWI
177222, , ,12/31/11,Ottawa,DragonWave Inc,4520,452010,45,45201020,D,CAN,334220,3663, , , ,ON,DRAGONWAVE INC,DRWI
177222, , ,1/31/12,Ottawa,DragonWave Inc,4520,452010,45,45201020,D,CAN,334220,3663, , , ,ON,DRAGONWAVE INC,DRWI
177222, , ,2/29/12,Ottawa,DragonWave Inc,4520,452010,45,45201020,D,CAN,334220,3663, , , ,ON,DRAGONWAVE INC,DRWI
177222, , ,3/31/12,Ottawa,DragonWave Inc,4520,452010,45,45201020,D,CAN,334220,3663, , , ,ON,DRAGONWAVE INC,DRWI
177222, , ,4/30/12,Ottawa,DragonWave Inc,4520,452010,45,45201020,D,CAN,334220,3663, , , ,ON,DRAGONWAVE INC,DRWI
177222, , ,5/31/12,Ottawa,DragonWave Inc,4520,452010,45,45201020,D,CAN,334220,3663, , , ,ON,DRAGONWAVE INC,DRWI
177222, , ,6/30/12,Ottawa,DragonWave Inc,4520,452010,45,45201020,D,CAN,334220,3663, , , ,ON,DRAGONWAVE INC,DRWI
177222, , ,7/31/12,Ottawa,DragonWave Inc,4520,452010,45,45201020,D,CAN,334220,3663, , , ,ON,DRAGONWAVE INC,DRWI
177222, , ,8/31/12,Ottawa,DragonWave Inc,4520,452010,45,45201020,D,CAN,334220,3663, , , ,ON,DRAGONWAVE INC,DRWI
177222, , ,9/30/12,Ottawa,DragonWave Inc,4520,452010,45,45201020,D,CAN,334220,3663, , , ,ON,DRAGONWAVE INC,DRWI
177222, , ,10/31/12,Ottawa,DragonWave Inc,4520,452010,45,45201020,D,CAN,334220,3663, , , ,ON,DRAGONWAVE INC,DRWI
177222, , ,11/30/12,Ottawa,DragonWave Inc,4520,452010,45,45201020,D,CAN,334220,3663, , , ,ON,DRAGONWAVE INC,DRWI
177222, , ,12/31/12,Ottawa,DragonWave Inc,4520,452010,45,45201020,D,CAN,334220,3663, , , ,ON,DRAGONWAVE INC,DRWI
177222, , ,1/31/13,Ottawa,DragonWave Inc,4520,452010,45,45201020,D,CAN,334220,3663, , , ,ON,DRAGONWAVE INC,DRWI
177222, , ,2/28/13,Ottawa,DragonWave Inc,4520,452010,45,45201020,D,CAN,334220,3663, , , ,ON,DRAGONWAVE INC,DRWI
177222, , ,3/31/13,Ottawa,DragonWave Inc,4520,452010,45,45201020,D,CAN,334220,3663, , , ,ON,DRAGONWAVE INC,DRWI
177222, , ,4/30/13,Ottawa,DragonWave Inc,4520,452010,45,45201020,D,CAN,334220,3663, , , ,ON,DRAGONWAVE INC,DRWI
177222, , ,5/31/13,Ottawa,DragonWave Inc,4520,452010,45,45201020,D,CAN,334220,3663, , , ,ON,DRAGONWAVE INC,DRWI
177222, , ,6/30/13,Ottawa,DragonWave Inc,4520,452010,45,45201020,D,CAN,334220,3663, , , ,ON,DRAGONWAVE INC,DRWI
177222, , ,7/31/13,Ottawa,DragonWave Inc,4520,452010,45,45201020,D,CAN,334220,3663, , , ,ON,DRAGONWAVE INC,DRWI
177222, , ,8/31/13,Ottawa,DragonWave Inc,4520,452010,45,45201020,D,CAN,334220,3663, , , ,ON,DRAGONWAVE INC,DRWI
177222, , ,9/30/13,Ottawa,DragonWave Inc,4520,452010,45,45201020,D,CAN,334220,3663, , , ,ON,DRAGONWAVE INC,DRWI
177222, , ,10/31/13,Ottawa,DragonWave Inc,4520,452010,45,45201020,D,CAN,334220,3663, , , ,ON,DRAGONWAVE INC,DRWI
177257, , ,1/31/10,Sunnyvale,Infinera Corp,4520,452010,45,45201020,D,USA,334118,3576, , , ,CA,INFINERA CORP,INFN
177257, , ,2/28/10,Sunnyvale,Infinera Corp,4520,452010,45,45201020,D,USA,334118,3576, , , ,CA,INFINERA CORP,INFN
177257, , ,3/31/10,Sunnyvale,Infinera Corp,4520,452010,45,45201020,D,USA,334118,3576, , , ,CA,INFINERA CORP,INFN
177257, , ,4/30/10,Sunnyvale,Infinera Corp,4520,452010,45,45201020,D,USA,334118,3576, , , ,CA,INFINERA CORP,INFN
177257, , ,5/31/10,Sunnyvale,Infinera Corp,4520,452010,45,45201020,D,USA,334118,3576, , , ,CA,INFINERA CORP,INFN
177257, , ,6/30/10,Sunnyvale,Infinera Corp,4520,452010,45,45201020,D,USA,334118,3576, , , ,CA,INFINERA CORP,INFN
177257, , ,7/31/10,Sunnyvale,Infinera Corp,4520,452010,45,45201020,D,USA,334118,3576, , , ,CA,INFINERA CORP,INFN
177257, , ,8/31/10,Sunnyvale,Infinera Corp,4520,452010,45,45201020,D,USA,334118,3576, , , ,CA,INFINERA CORP,INFN
177257, , ,9/30/10,Sunnyvale,Infinera Corp,4520,452010,45,45201020,D,USA,334118,3576, , , ,CA,INFINERA CORP,INFN
177257, , ,10/31/10,Sunnyvale,Infinera Corp,4520,452010,45,45201020,D,USA,334118,3576, , , ,CA,INFINERA CORP,INFN
177257, , ,11/30/10,Sunnyvale,Infinera Corp,4520,452010,45,45201020,D,USA,334118,3576, , , ,CA,INFINERA CORP,INFN
177257, , ,12/31/10,Sunnyvale,Infinera Corp,4520,452010,45,45201020,D,USA,334118,3576, , , ,CA,INFINERA CORP,INFN
177257, , ,1/31/11,Sunnyvale,Infinera Corp,4520,452010,45,45201020,D,USA,334118,3576, , , ,CA,INFINERA CORP,INFN
177257, , ,2/28/11,Sunnyvale,Infinera Corp,4520,452010,45,45201020,D,USA,334118,3576, , , ,CA,INFINERA CORP,INFN
177257, , ,3/31/11,Sunnyvale,Infinera Corp,4520,452010,45,45201020,D,USA,334118,3576, , , ,CA,INFINERA CORP,INFN
177257, , ,4/30/11,Sunnyvale,Infinera Corp,4520,452010,45,45201020,D,USA,334118,3576, , , ,CA,INFINERA CORP,INFN
177257, , ,5/31/11,Sunnyvale,Infinera Corp,4520,452010,45,45201020,D,USA,334118,3576, , , ,CA,INFINERA CORP,INFN
177257, , ,6/30/11,Sunnyvale,Infinera Corp,4520,452010,45,45201020,D,USA,334118,3576, , , ,CA,INFINERA CORP,INFN
177257, , ,7/31/11,Sunnyvale,Infinera Corp,4520,452010,45,45201020,D,USA,334118,3576, , , ,CA,INFINERA CORP,INFN
177257, , ,8/31/11,Sunnyvale,Infinera Corp,4520,452010,45,45201020,D,USA,334118,3576, , , ,CA,INFINERA CORP,INFN
177257, , ,9/30/11,Sunnyvale,Infinera Corp,4520,452010,45,45201020,D,USA,334118,3576, , , ,CA,INFINERA CORP,INFN
177257, , ,10/31/11,Sunnyvale,Infinera Corp,4520,452010,45,45201020,D,USA,334118,3576, , , ,CA,INFINERA CORP,INFN
177257, , ,11/30/11,Sunnyvale,Infinera Corp,4520,452010,45,45201020,D,USA,334118,3576, , , ,CA,INFINERA CORP,INFN
177257, , ,12/31/11,Sunnyvale,Infinera Corp,4520,452010,45,45201020,D,USA,334118,3576, , , ,CA,INFINERA CORP,INFN
177257, , ,1/31/12,Sunnyvale,Infinera Corp,4520,452010,45,45201020,D,USA,334118,3576, , , ,CA,INFINERA CORP,INFN
177257, , ,2/29/12,Sunnyvale,Infinera Corp,4520,452010,45,45201020,D,USA,334118,3576, , , ,CA,INFINERA CORP,INFN
177257, , ,3/31/12,Sunnyvale,Infinera Corp,4520,452010,45,45201020,D,USA,334118,3576, , , ,CA,INFINERA CORP,INFN
177257, , ,4/30/12,Sunnyvale,Infinera Corp,4520,452010,45,45201020,D,USA,334118,3576, , , ,CA,INFINERA CORP,INFN
177257, , ,5/31/12,Sunnyvale,Infinera Corp,4520,452010,45,45201020,D,USA,334118,3576, , , ,CA,INFINERA CORP,INFN
177257, , ,6/30/12,Sunnyvale,Infinera Corp,4520,452010,45,45201020,D,USA,334118,3576, , , ,CA,INFINERA CORP,INFN
177257, , ,7/31/12,Sunnyvale,Infinera Corp,4520,452010,45,45201020,D,USA,334118,3576, , , ,CA,INFINERA CORP,INFN
177257, , ,8/31/12,Sunnyvale,Infinera Corp,4520,452010,45,45201020,D,USA,334118,3576, , , ,CA,INFINERA CORP,INFN
177257, , ,9/30/12,Sunnyvale,Infinera Corp,4520,452010,45,45201020,D,USA,334118,3576, , , ,CA,INFINERA CORP,INFN
177257, , ,10/31/12,Sunnyvale,Infinera Corp,4520,452010,45,45201020,D,USA,334118,3576, , , ,CA,INFINERA CORP,INFN
177257, , ,11/30/12,Sunnyvale,Infinera Corp,4520,452010,45,45201020,D,USA,334118,3576, , , ,CA,INFINERA CORP,INFN
177257, , ,12/31/12,Sunnyvale,Infinera Corp,4520,452010,45,45201020,D,USA,334118,3576, , , ,CA,INFINERA CORP,INFN
177257, , ,1/31/13,Sunnyvale,Infinera Corp,4520,452010,45,45201020,D,USA,334118,3576, , , ,CA,INFINERA CORP,INFN
177257, , ,2/28/13,Sunnyvale,Infinera Corp,4520,452010,45,45201020,D,USA,334118,3576, , , ,CA,INFINERA CORP,INFN
177257, , ,3/31/13,Sunnyvale,Infinera Corp,4520,452010,45,45201020,D,USA,334118,3576, , , ,CA,INFINERA CORP,INFN
177257, , ,4/30/13,Sunnyvale,Infinera Corp,4520,452010,45,45201020,D,USA,334118,3576, , , ,CA,INFINERA CORP,INFN
177257, , ,5/31/13,Sunnyvale,Infinera Corp,4520,452010,45,45201020,D,USA,334118,3576, , , ,CA,INFINERA CORP,INFN
177257, , ,6/30/13,Sunnyvale,Infinera Corp,4520,452010,45,45201020,D,USA,334118,3576, , , ,CA,INFINERA CORP,INFN
177257, , ,7/31/13,Sunnyvale,Infinera Corp,4520,452010,45,45201020,D,USA,334118,3576, , , ,CA,INFINERA CORP,INFN
177257, , ,8/31/13,Sunnyvale,Infinera Corp,4520,452010,45,45201020,D,USA,334118,3576, , , ,CA,INFINERA CORP,INFN
177257, , ,9/30/13,Sunnyvale,Infinera Corp,4520,452010,45,45201020,D,USA,334118,3576, , , ,CA,INFINERA CORP,INFN
177257, , ,10/31/13,Sunnyvale,Infinera Corp,4520,452010,45,45201020,D,USA,334118,3576, , , ,CA,INFINERA CORP,INFN
177267,BBB-,A-3,1/31/10,Schaffhausen,TE Connectivity Ltd,4520,452030,45,45203020,D,CHE,334417,3678, , , , ,TE CONNECTIVITY LTD,TEL
177267,BBB-,A-3,2/28/10,Schaffhausen,TE Connectivity Ltd,4520,452030,45,45203020,D,CHE,334417,3678, , , , ,TE CONNECTIVITY LTD,TEL
177267,BBB-,A-3,3/31/10,Schaffhausen,TE Connectivity Ltd,4520,452030,45,45203020,D,CHE,334417,3678, , , , ,TE CONNECTIVITY LTD,TEL
177267,BBB-,A-3,4/30/10,Schaffhausen,TE Connectivity Ltd,4520,452030,45,45203020,D,CHE,334417,3678, , , , ,TE CONNECTIVITY LTD,TEL
177267,BBB-,A-3,5/31/10,Schaffhausen,TE Connectivity Ltd,4520,452030,45,45203020,D,CHE,334417,3678, , , , ,TE CONNECTIVITY LTD,TEL
177267,BBB-,A-3,6/30/10,Schaffhausen,TE Connectivity Ltd,4520,452030,45,45203020,D,CHE,334417,3678, , , , ,TE CONNECTIVITY LTD,TEL
177267,BBB-,A-3,7/31/10,Schaffhausen,TE Connectivity Ltd,4520,452030,45,45203020,D,CHE,334417,3678, , , , ,TE CONNECTIVITY LTD,TEL
177267,BBB-,A-3,8/31/10,Schaffhausen,TE Connectivity Ltd,4520,452030,45,45203020,D,CHE,334417,3678, , , , ,TE CONNECTIVITY LTD,TEL
177267,BBB,A-2,9/30/10,Schaffhausen,TE Connectivity Ltd,4520,452030,45,45203020,D,CHE,334417,3678, , , , ,TE CONNECTIVITY LTD,TEL
177267,BBB,A-2,10/31/10,Schaffhausen,TE Connectivity Ltd,4520,452030,45,45203020,D,CHE,334417,3678, , , , ,TE CONNECTIVITY LTD,TEL
177267,BBB,A-2,11/30/10,Schaffhausen,TE Connectivity Ltd,4520,452030,45,45203020,D,CHE,334417,3678, , , , ,TE CONNECTIVITY LTD,TEL
177267,BBB,A-2,12/31/10,Schaffhausen,TE Connectivity Ltd,4520,452030,45,45203020,D,CHE,334417,3678, , , , ,TE CONNECTIVITY LTD,TEL
177267,BBB,A-2,1/31/11,Schaffhausen,TE Connectivity Ltd,4520,452030,45,45203020,D,CHE,334417,3678, , , , ,TE CONNECTIVITY LTD,TEL
177267,BBB,A-2,2/28/11,Schaffhausen,TE Connectivity Ltd,4520,452030,45,45203020,D,CHE,334417,3678, , , , ,TE CONNECTIVITY LTD,TEL
177267,BBB,A-2,3/31/11,Schaffhausen,TE Connectivity Ltd,4520,452030,45,45203020,D,CHE,334417,3678, , , , ,TE CONNECTIVITY LTD,TEL
177267,BBB,A-2,4/30/11,Schaffhausen,TE Connectivity Ltd,4520,452030,45,45203020,D,CHE,334417,3678, , , , ,TE CONNECTIVITY LTD,TEL
177267,BBB,A-2,5/31/11,Schaffhausen,TE Connectivity Ltd,4520,452030,45,45203020,D,CHE,334417,3678, , , , ,TE CONNECTIVITY LTD,TEL
177267,BBB,A-2,6/30/11,Schaffhausen,TE Connectivity Ltd,4520,452030,45,45203020,D,CHE,334417,3678, , , , ,TE CONNECTIVITY LTD,TEL
177267,BBB,A-2,7/31/11,Schaffhausen,TE Connectivity Ltd,4520,452030,45,45203020,D,CHE,334417,3678, , , , ,TE CONNECTIVITY LTD,TEL
177267,BBB,A-2,8/31/11,Schaffhausen,TE Connectivity Ltd,4520,452030,45,45203020,D,CHE,334417,3678, , , , ,TE CONNECTIVITY LTD,TEL
177267,BBB,A-2,9/30/11,Schaffhausen,TE Connectivity Ltd,4520,452030,45,45203020,D,CHE,334417,3678, , , , ,TE CONNECTIVITY LTD,TEL
177267,BBB,A-2,10/31/11,Schaffhausen,TE Connectivity Ltd,4520,452030,45,45203020,D,CHE,334417,3678, , , , ,TE CONNECTIVITY LTD,TEL
177267,BBB,A-2,11/30/11,Schaffhausen,TE Connectivity Ltd,4520,452030,45,45203020,D,CHE,334417,3678, , , , ,TE CONNECTIVITY LTD,TEL
177267,BBB,A-2,12/31/11,Schaffhausen,TE Connectivity Ltd,4520,452030,45,45203020,D,CHE,334417,3678, , , , ,TE CONNECTIVITY LTD,TEL
177267,BBB,A-2,1/31/12,Schaffhausen,TE Connectivity Ltd,4520,452030,45,45203020,D,CHE,334417,3678, , , , ,TE CONNECTIVITY LTD,TEL
177267,BBB,A-2,2/29/12,Schaffhausen,TE Connectivity Ltd,4520,452030,45,45203020,D,CHE,334417,3678, , , , ,TE CONNECTIVITY LTD,TEL
177267,BBB,A-2,3/31/12,Schaffhausen,TE Connectivity Ltd,4520,452030,45,45203020,D,CHE,334417,3678, , , , ,TE CONNECTIVITY LTD,TEL
177267,BBB,A-2,4/30/12,Schaffhausen,TE Connectivity Ltd,4520,452030,45,45203020,D,CHE,334417,3678, , , , ,TE CONNECTIVITY LTD,TEL
177267,BBB,A-2,5/31/12,Schaffhausen,TE Connectivity Ltd,4520,452030,45,45203020,D,CHE,334417,3678, , , , ,TE CONNECTIVITY LTD,TEL
177267,BBB,A-2,6/30/12,Schaffhausen,TE Connectivity Ltd,4520,452030,45,45203020,D,CHE,334417,3678, , , , ,TE CONNECTIVITY LTD,TEL
177267,BBB,A-2,7/31/12,Schaffhausen,TE Connectivity Ltd,4520,452030,45,45203020,D,CHE,334417,3678, , , , ,TE CONNECTIVITY LTD,TEL
177267,BBB,A-2,8/31/12,Schaffhausen,TE Connectivity Ltd,4520,452030,45,45203020,D,CHE,334417,3678, , , , ,TE CONNECTIVITY LTD,TEL
177267,BBB,A-2,9/30/12,Schaffhausen,TE Connectivity Ltd,4520,452030,45,45203020,D,CHE,334417,3678, , , , ,TE CONNECTIVITY LTD,TEL
177267,BBB,A-2,10/31/12,Schaffhausen,TE Connectivity Ltd,4520,452030,45,45203020,D,CHE,334417,3678, , , , ,TE CONNECTIVITY LTD,TEL
177267,BBB,A-2,11/30/12,Schaffhausen,TE Connectivity Ltd,4520,452030,45,45203020,D,CHE,334417,3678, , , , ,TE CONNECTIVITY LTD,TEL
177267,BBB+,A-2,12/31/12,Schaffhausen,TE Connectivity Ltd,4520,452030,45,45203020,D,CHE,334417,3678, , , , ,TE CONNECTIVITY LTD,TEL
177267,BBB+,A-2,1/31/13,Schaffhausen,TE Connectivity Ltd,4520,452030,45,45203020,D,CHE,334417,3678, , , , ,TE CONNECTIVITY LTD,TEL
177267,BBB+,A-2,2/28/13,Schaffhausen,TE Connectivity Ltd,4520,452030,45,45203020,D,CHE,334417,3678, , , , ,TE CONNECTIVITY LTD,TEL
177267,BBB+,A-2,3/31/13,Schaffhausen,TE Connectivity Ltd,4520,452030,45,45203020,D,CHE,334417,3678, , , , ,TE CONNECTIVITY LTD,TEL
177267,BBB+,A-2,4/30/13,Schaffhausen,TE Connectivity Ltd,4520,452030,45,45203020,D,CHE,334417,3678, , , , ,TE CONNECTIVITY LTD,TEL
177267,BBB+,A-2,5/31/13,Schaffhausen,TE Connectivity Ltd,4520,452030,45,45203020,D,CHE,334417,3678, , , , ,TE CONNECTIVITY LTD,TEL
177267,BBB+,A-2,6/30/13,Schaffhausen,TE Connectivity Ltd,4520,452030,45,45203020,D,CHE,334417,3678, , , , ,TE CONNECTIVITY LTD,TEL
177267,BBB+,A-2,7/31/13,Schaffhausen,TE Connectivity Ltd,4520,452030,45,45203020,D,CHE,334417,3678, , , , ,TE CONNECTIVITY LTD,TEL
177267,BBB+,A-2,8/31/13,Schaffhausen,TE Connectivity Ltd,4520,452030,45,45203020,D,CHE,334417,3678, , , , ,TE CONNECTIVITY LTD,TEL
177267,BBB+,A-2,9/30/13,Schaffhausen,TE Connectivity Ltd,4520,452030,45,45203020,D,CHE,334417,3678, , , , ,TE CONNECTIVITY LTD,TEL
177267,BBB+,A-2,10/31/13,Schaffhausen,TE Connectivity Ltd,4520,452030,45,45203020,D,CHE,334417,3678, , , , ,TE CONNECTIVITY LTD,TEL
177267,BBB+,A-2,11/30/13,Schaffhausen,TE Connectivity Ltd,4520,452030,45,45203020,D,CHE,334417,3678, , , , ,TE CONNECTIVITY LTD,TEL
177267,BBB+,A-2,12/31/13,Schaffhausen,TE Connectivity Ltd,4520,452030,45,45203020,D,CHE,334417,3678, , , , ,TE CONNECTIVITY LTD,TEL
177267,BBB+,A-2,1/31/14,Schaffhausen,TE Connectivity Ltd,4520,452030,45,45203020,D,CHE,334417,3678, , , , ,TE CONNECTIVITY LTD,TEL
177267,BBB+,A-2,2/28/14,Schaffhausen,TE Connectivity Ltd,4520,452030,45,45203020,D,CHE,334417,3678, , , , ,TE CONNECTIVITY LTD,TEL
177267,A-,A-2,3/31/14,Schaffhausen,TE Connectivity Ltd,4520,452030,45,45203020,D,CHE,334417,3678, , , , ,TE CONNECTIVITY LTD,TEL
177267,A-,A-2,4/30/14,Schaffhausen,TE Connectivity Ltd,4520,452030,45,45203020,D,CHE,334417,3678, , , , ,TE CONNECTIVITY LTD,TEL
177267,A-,A-2,5/31/14,Schaffhausen,TE Connectivity Ltd,4520,452030,45,45203020,D,CHE,334417,3678, , , , ,TE CONNECTIVITY LTD,TEL
177267,A-,A-2,6/30/14,Schaffhausen,TE Connectivity Ltd,4520,452030,45,45203020,D,CHE,334417,3678, , , , ,TE CONNECTIVITY LTD,TEL
177341, , ,1/31/10,Beijing,Qiao Xing Mobile Communication Co Ltd,4520,452010,45,45201020,D,CHN,334220,3663, , , , ,QIAO XING MOBILE COMM CO LTD,QXMCF
177341, , ,2/28/10,Beijing,Qiao Xing Mobile Communication Co Ltd,4520,452010,45,45201020,D,CHN,334220,3663, , , , ,QIAO XING MOBILE COMM CO LTD,QXMCF
177341, , ,3/31/10,Beijing,Qiao Xing Mobile Communication Co Ltd,4520,452010,45,45201020,D,CHN,334220,3663, , , , ,QIAO XING MOBILE COMM CO LTD,QXMCF
177341, , ,4/30/10,Beijing,Qiao Xing Mobile Communication Co Ltd,4520,452010,45,45201020,D,CHN,334220,3663, , , , ,QIAO XING MOBILE COMM CO LTD,QXMCF
177341, , ,5/31/10,Beijing,Qiao Xing Mobile Communication Co Ltd,4520,452010,45,45201020,D,CHN,334220,3663, , , , ,QIAO XING MOBILE COMM CO LTD,QXMCF
177341, , ,6/30/10,Beijing,Qiao Xing Mobile Communication Co Ltd,4520,452010,45,45201020,D,CHN,334220,3663, , , , ,QIAO XING MOBILE COMM CO LTD,QXMCF
177341, , ,7/31/10,Beijing,Qiao Xing Mobile Communication Co Ltd,4520,452010,45,45201020,D,CHN,334220,3663, , , , ,QIAO XING MOBILE COMM CO LTD,QXMCF
177341, , ,8/31/10,Beijing,Qiao Xing Mobile Communication Co Ltd,4520,452010,45,45201020,D,CHN,334220,3663, , , , ,QIAO XING MOBILE COMM CO LTD,QXMCF
177341, , ,9/30/10,Beijing,Qiao Xing Mobile Communication Co Ltd,4520,452010,45,45201020,D,CHN,334220,3663, , , , ,QIAO XING MOBILE COMM CO LTD,QXMCF
177341, , ,10/31/10,Beijing,Qiao Xing Mobile Communication Co Ltd,4520,452010,45,45201020,D,CHN,334220,3663, , , , ,QIAO XING MOBILE COMM CO LTD,QXMCF
177341, , ,11/30/10,Beijing,Qiao Xing Mobile Communication Co Ltd,4520,452010,45,45201020,D,CHN,334220,3663, , , , ,QIAO XING MOBILE COMM CO LTD,QXMCF
177341, , ,12/31/10,Beijing,Qiao Xing Mobile Communication Co Ltd,4520,452010,45,45201020,D,CHN,334220,3663, , , , ,QIAO XING MOBILE COMM CO LTD,QXMCF
177341, , ,1/31/11,Beijing,Qiao Xing Mobile Communication Co Ltd,4520,452010,45,45201020,D,CHN,334220,3663, , , , ,QIAO XING MOBILE COMM CO LTD,QXMCF
177341, , ,2/28/11,Beijing,Qiao Xing Mobile Communication Co Ltd,4520,452010,45,45201020,D,CHN,334220,3663, , , , ,QIAO XING MOBILE COMM CO LTD,QXMCF
177341, , ,3/31/11,Beijing,Qiao Xing Mobile Communication Co Ltd,4520,452010,45,45201020,D,CHN,334220,3663, , , , ,QIAO XING MOBILE COMM CO LTD,QXMCF
177341, , ,4/30/11,Beijing,Qiao Xing Mobile Communication Co Ltd,4520,452010,45,45201020,D,CHN,334220,3663, , , , ,QIAO XING MOBILE COMM CO LTD,QXMCF
177341, , ,5/31/11,Beijing,Qiao Xing Mobile Communication Co Ltd,4520,452010,45,45201020,D,CHN,334220,3663, , , , ,QIAO XING MOBILE COMM CO LTD,QXMCF
177341, , ,6/30/11,Beijing,Qiao Xing Mobile Communication Co Ltd,4520,452010,45,45201020,D,CHN,334220,3663, , , , ,QIAO XING MOBILE COMM CO LTD,QXMCF
177341, , ,7/31/11,Beijing,Qiao Xing Mobile Communication Co Ltd,4520,452010,45,45201020,D,CHN,334220,3663, , , , ,QIAO XING MOBILE COMM CO LTD,QXMCF
177341, , ,8/31/11,Beijing,Qiao Xing Mobile Communication Co Ltd,4520,452010,45,45201020,D,CHN,334220,3663, , , , ,QIAO XING MOBILE COMM CO LTD,QXMCF
177341, , ,9/30/11,Beijing,Qiao Xing Mobile Communication Co Ltd,4520,452010,45,45201020,D,CHN,334220,3663, , , , ,QIAO XING MOBILE COMM CO LTD,QXMCF
177341, , ,10/31/11,Beijing,Qiao Xing Mobile Communication Co Ltd,4520,452010,45,45201020,D,CHN,334220,3663, , , , ,QIAO XING MOBILE COMM CO LTD,QXMCF
177341, , ,11/30/11,Beijing,Qiao Xing Mobile Communication Co Ltd,4520,452010,45,45201020,D,CHN,334220,3663, , , , ,QIAO XING MOBILE COMM CO LTD,QXMCF
177341, , ,12/31/11,Beijing,Qiao Xing Mobile Communication Co Ltd,4520,452010,45,45201020,D,CHN,334220,3663, , , , ,QIAO XING MOBILE COMM CO LTD,QXMCF
177341, , ,1/31/12,Beijing,Qiao Xing Mobile Communication Co Ltd,4520,452010,45,45201020,D,CHN,334220,3663, , , , ,QIAO XING MOBILE COMM CO LTD,QXMCF
177341, , ,2/29/12,Beijing,Qiao Xing Mobile Communication Co Ltd,4520,452010,45,45201020,D,CHN,334220,3663, , , , ,QIAO XING MOBILE COMM CO LTD,QXMCF
177341, , ,3/31/12,Beijing,Qiao Xing Mobile Communication Co Ltd,4520,452010,45,45201020,D,CHN,334220,3663, , , , ,QIAO XING MOBILE COMM CO LTD,QXMCF
177341, , ,4/30/12,Beijing,Qiao Xing Mobile Communication Co Ltd,4520,452010,45,45201020,D,CHN,334220,3663, , , , ,QIAO XING MOBILE COMM CO LTD,QXMCF
177341, , ,5/31/12,Beijing,Qiao Xing Mobile Communication Co Ltd,4520,452010,45,45201020,D,CHN,334220,3663, , , , ,QIAO XING MOBILE COMM CO LTD,QXMCF
177341, , ,6/30/12,Beijing,Qiao Xing Mobile Communication Co Ltd,4520,452010,45,45201020,D,CHN,334220,3663, , , , ,QIAO XING MOBILE COMM CO LTD,QXMCF
177341, , ,7/31/12,Beijing,Qiao Xing Mobile Communication Co Ltd,4520,452010,45,45201020,D,CHN,334220,3663, , , , ,QIAO XING MOBILE COMM CO LTD,QXMCF
177341, , ,8/31/12,Beijing,Qiao Xing Mobile Communication Co Ltd,4520,452010,45,45201020,D,CHN,334220,3663, , , , ,QIAO XING MOBILE COMM CO LTD,QXMCF
177654, , ,1/31/10,Marlborough,Netezza Corp,4520,452020,45,45202020,D,USA,3341,3570, , , ,MA,NETEZZA CORP,NZ.1
177654, , ,2/28/10,Marlborough,Netezza Corp,4520,452020,45,45202020,D,USA,3341,3570, , , ,MA,NETEZZA CORP,NZ.1
177654, , ,3/31/10,Marlborough,Netezza Corp,4520,452020,45,45202020,D,USA,3341,3570, , , ,MA,NETEZZA CORP,NZ.1
177654, , ,4/30/10,Marlborough,Netezza Corp,4520,452020,45,45202020,D,USA,3341,3570, , , ,MA,NETEZZA CORP,NZ.1
177654, , ,5/31/10,Marlborough,Netezza Corp,4520,452020,45,45202020,D,USA,3341,3570, , , ,MA,NETEZZA CORP,NZ.1
177654, , ,6/30/10,Marlborough,Netezza Corp,4520,452020,45,45202020,D,USA,3341,3570, , , ,MA,NETEZZA CORP,NZ.1
177654, , ,7/31/10,Marlborough,Netezza Corp,4520,452020,45,45202020,D,USA,3341,3570, , , ,MA,NETEZZA CORP,NZ.1
177654, , ,8/31/10,Marlborough,Netezza Corp,4520,452020,45,45202020,D,USA,3341,3570, , , ,MA,NETEZZA CORP,NZ.1
177654, , ,9/30/10,Marlborough,Netezza Corp,4520,452020,45,45202020,D,USA,3341,3570, , , ,MA,NETEZZA CORP,NZ.1
177654, , ,10/31/10,Marlborough,Netezza Corp,4520,452020,45,45202020,D,USA,3341,3570, , , ,MA,NETEZZA CORP,NZ.1
177654, , ,11/30/10,Marlborough,Netezza Corp,4520,452020,45,45202020,D,USA,3341,3570, , , ,MA,NETEZZA CORP,NZ.1
177733, , ,1/31/10,Concord,RuggedCom Inc,4520,452010,45,45201020,D,CAN,325,3663, , , ,ON,RUGGEDCOM INC,RUGGF
177733, , ,2/28/10,Concord,RuggedCom Inc,4520,452010,45,45201020,D,CAN,325,3663, , , ,ON,RUGGEDCOM INC,RUGGF
177733, , ,3/31/10,Concord,RuggedCom Inc,4520,452010,45,45201020,D,CAN,325,3663, , , ,ON,RUGGEDCOM INC,RUGGF
177733, , ,4/30/10,Concord,RuggedCom Inc,4520,452010,45,45201020,D,CAN,325,3663, , , ,ON,RUGGEDCOM INC,RUGGF
177733, , ,5/31/10,Concord,RuggedCom Inc,4520,452010,45,45201020,D,CAN,325,3663, , , ,ON,RUGGEDCOM INC,RUGGF
177733, , ,6/30/10,Concord,RuggedCom Inc,4520,452010,45,45201020,D,CAN,325,3663, , , ,ON,RUGGEDCOM INC,RUGGF
177733, , ,7/31/10,Concord,RuggedCom Inc,4520,452010,45,45201020,D,CAN,325,3663, , , ,ON,RUGGEDCOM INC,RUGGF
177733, , ,8/31/10,Concord,RuggedCom Inc,4520,452010,45,45201020,D,CAN,325,3663, , , ,ON,RUGGEDCOM INC,RUGGF
177733, , ,9/30/10,Concord,RuggedCom Inc,4520,452010,45,45201020,D,CAN,325,3663, , , ,ON,RUGGEDCOM INC,RUGGF
177733, , ,10/31/10,Concord,RuggedCom Inc,4520,452010,45,45201020,D,CAN,325,3663, , , ,ON,RUGGEDCOM INC,RUGGF
177733, , ,11/30/10,Concord,RuggedCom Inc,4520,452010,45,45201020,D,CAN,325,3663, , , ,ON,RUGGEDCOM INC,RUGGF
177733, , ,12/31/10,Concord,RuggedCom Inc,4520,452010,45,45201020,D,CAN,325,3663, , , ,ON,RUGGEDCOM INC,RUGGF
177733, , ,1/31/11,Concord,RuggedCom Inc,4520,452010,45,45201020,D,CAN,325,3663, , , ,ON,RUGGEDCOM INC,RUGGF
177733, , ,2/28/11,Concord,RuggedCom Inc,4520,452010,45,45201020,D,CAN,325,3663, , , ,ON,RUGGEDCOM INC,RUGGF
177733, , ,3/31/11,Concord,RuggedCom Inc,4520,452010,45,45201020,D,CAN,325,3663, , , ,ON,RUGGEDCOM INC,RUGGF
177733, , ,4/30/11,Concord,RuggedCom Inc,4520,452010,45,45201020,D,CAN,325,3663, , , ,ON,RUGGEDCOM INC,RUGGF
177733, , ,5/31/11,Concord,RuggedCom Inc,4520,452010,45,45201020,D,CAN,325,3663, , , ,ON,RUGGEDCOM INC,RUGGF
177733, , ,6/30/11,Concord,RuggedCom Inc,4520,452010,45,45201020,D,CAN,325,3663, , , ,ON,RUGGEDCOM INC,RUGGF
177733, , ,7/31/11,Concord,RuggedCom Inc,4520,452010,45,45201020,D,CAN,325,3663, , , ,ON,RUGGEDCOM INC,RUGGF
177733, , ,8/31/11,Concord,RuggedCom Inc,4520,452010,45,45201020,D,CAN,325,3663, , , ,ON,RUGGEDCOM INC,RUGGF
177733, , ,9/30/11,Concord,RuggedCom Inc,4520,452010,45,45201020,D,CAN,325,3663, , , ,ON,RUGGEDCOM INC,RUGGF
177733, , ,10/31/11,Concord,RuggedCom Inc,4520,452010,45,45201020,D,CAN,325,3663, , , ,ON,RUGGEDCOM INC,RUGGF
177733, , ,11/30/11,Concord,RuggedCom Inc,4520,452010,45,45201020,D,CAN,325,3663, , , ,ON,RUGGEDCOM INC,RUGGF
177733, , ,12/31/11,Concord,RuggedCom Inc,4520,452010,45,45201020,D,CAN,325,3663, , , ,ON,RUGGEDCOM INC,RUGGF
177733, , ,1/31/12,Concord,RuggedCom Inc,4520,452010,45,45201020,D,CAN,325,3663, , , ,ON,RUGGEDCOM INC,RUGGF
177733, , ,2/29/12,Concord,RuggedCom Inc,4520,452010,45,45201020,D,CAN,325,3663, , , ,ON,RUGGEDCOM INC,RUGGF
177733, , ,3/31/12,Concord,RuggedCom Inc,4520,452010,45,45201020,D,CAN,325,3663, , , ,ON,RUGGEDCOM INC,RUGGF
177733, , ,4/30/12,Concord,RuggedCom Inc,4520,452010,45,45201020,D,CAN,325,3663, , , ,ON,RUGGEDCOM INC,RUGGF
177883, , ,1/31/10,Chelmsford,Airvana Inc,4520,452010,45,45201020,D,USA,334220,3663, , , ,MA,AIRVANA INC,AIRV
177883, , ,2/28/10,Chelmsford,Airvana Inc,4520,452010,45,45201020,D,USA,334220,3663, , , ,MA,AIRVANA INC,AIRV
177883, , ,3/31/10,Chelmsford,Airvana Inc,4520,452010,45,45201020,D,USA,334220,3663, , , ,MA,AIRVANA INC,AIRV
177883, , ,4/30/10,Chelmsford,Airvana Inc,4520,452010,45,45201020,D,USA,334220,3663, , , ,MA,AIRVANA INC,AIRV
178153, , ,1/31/10,Santa Clara,Neonode Inc,4520,452030,45,45203020,D,USA,334220,3663, , , ,CA,NEONODE INC,NEON
178153, , ,2/28/10,Santa Clara,Neonode Inc,4520,452030,45,45203020,D,USA,334220,3663, , , ,CA,NEONODE INC,NEON
178153, , ,3/31/10,Santa Clara,Neonode Inc,4520,452030,45,45203020,D,USA,334220,3663, , , ,CA,NEONODE INC,NEON
178153, , ,4/30/10,Santa Clara,Neonode Inc,4520,452030,45,45203020,D,USA,334220,3663, , , ,CA,NEONODE INC,NEON
178153, , ,5/31/10,Santa Clara,Neonode Inc,4520,452030,45,45203020,D,USA,334220,3663, , , ,CA,NEONODE INC,NEON
178153, , ,6/30/10,Santa Clara,Neonode Inc,4520,452030,45,45203020,D,USA,334220,3663, , , ,CA,NEONODE INC,NEON
178153, , ,7/31/10,Santa Clara,Neonode Inc,4520,452030,45,45203020,D,USA,334220,3663, , , ,CA,NEONODE INC,NEON
178153, , ,8/31/10,Santa Clara,Neonode Inc,4520,452030,45,45203020,D,USA,334220,3663, , , ,CA,NEONODE INC,NEON
178153, , ,9/30/10,Santa Clara,Neonode Inc,4520,452030,45,45203020,D,USA,334220,3663, , , ,CA,NEONODE INC,NEON
178153, , ,10/31/10,Santa Clara,Neonode Inc,4520,452030,45,45203020,D,USA,334220,3663, , , ,CA,NEONODE INC,NEON
178153, , ,11/30/10,Santa Clara,Neonode Inc,4520,452030,45,45203020,D,USA,334220,3663, , , ,CA,NEONODE INC,NEON
178153, , ,12/31/10,Santa Clara,Neonode Inc,4520,452030,45,45203020,D,USA,334220,3663, , , ,CA,NEONODE INC,NEON
178153, , ,1/31/11,Santa Clara,Neonode Inc,4520,452030,45,45203020,D,USA,334220,3663, , , ,CA,NEONODE INC,NEON
178153, , ,2/28/11,Santa Clara,Neonode Inc,4520,452030,45,45203020,D,USA,334220,3663, , , ,CA,NEONODE INC,NEON
178153, , ,3/31/11,Santa Clara,Neonode Inc,4520,452030,45,45203020,D,USA,334220,3663, , , ,CA,NEONODE INC,NEON
178153, , ,4/30/11,Santa Clara,Neonode Inc,4520,452030,45,45203020,D,USA,334220,3663, , , ,CA,NEONODE INC,NEON
178153, , ,5/31/11,Santa Clara,Neonode Inc,4520,452030,45,45203020,D,USA,334220,3663, , , ,CA,NEONODE INC,NEON
178153, , ,6/30/11,Santa Clara,Neonode Inc,4520,452030,45,45203020,D,USA,334220,3663, , , ,CA,NEONODE INC,NEON
178153, , ,7/31/11,Santa Clara,Neonode Inc,4520,452030,45,45203020,D,USA,334220,3663, , , ,CA,NEONODE INC,NEON
178153, , ,8/31/11,Santa Clara,Neonode Inc,4520,452030,45,45203020,D,USA,334220,3663, , , ,CA,NEONODE INC,NEON
178153, , ,9/30/11,Santa Clara,Neonode Inc,4520,452030,45,45203020,D,USA,334220,3663, , , ,CA,NEONODE INC,NEON
178153, , ,10/31/11,Santa Clara,Neonode Inc,4520,452030,45,45203020,D,USA,334220,3663, , , ,CA,NEONODE INC,NEON
178153, , ,11/30/11,Santa Clara,Neonode Inc,4520,452030,45,45203020,D,USA,334220,3663, , , ,CA,NEONODE INC,NEON
178153, , ,12/31/11,Santa Clara,Neonode Inc,4520,452030,45,45203020,D,USA,334220,3663, , , ,CA,NEONODE INC,NEON
178153, , ,1/31/12,Santa Clara,Neonode Inc,4520,452030,45,45203020,D,USA,334220,3663, , , ,CA,NEONODE INC,NEON
178153, , ,2/29/12,Santa Clara,Neonode Inc,4520,452030,45,45203020,D,USA,334220,3663, , , ,CA,NEONODE INC,NEON
178153, , ,3/31/12,Santa Clara,Neonode Inc,4520,452030,45,45203020,D,USA,334220,3663, , , ,CA,NEONODE INC,NEON
178153, , ,4/30/12,Santa Clara,Neonode Inc,4520,452030,45,45203020,D,USA,334220,3663, , , ,CA,NEONODE INC,NEON
178153, , ,5/31/12,Santa Clara,Neonode Inc,4520,452030,45,45203020,D,USA,334220,3663, , , ,CA,NEONODE INC,NEON
178153, , ,6/30/12,Santa Clara,Neonode Inc,4520,452030,45,45203020,D,USA,334220,3663, , , ,CA,NEONODE INC,NEON
178153, , ,7/31/12,Santa Clara,Neonode Inc,4520,452030,45,45203020,D,USA,334220,3663, , , ,CA,NEONODE INC,NEON
178153, , ,8/31/12,Santa Clara,Neonode Inc,4520,452030,45,45203020,D,USA,334220,3663, , , ,CA,NEONODE INC,NEON
178153, , ,9/30/12,Santa Clara,Neonode Inc,4520,452030,45,45203020,D,USA,334220,3663, , , ,CA,NEONODE INC,NEON
178153, , ,10/31/12,Santa Clara,Neonode Inc,4520,452030,45,45203020,D,USA,334220,3663, , , ,CA,NEONODE INC,NEON
178153, , ,11/30/12,Santa Clara,Neonode Inc,4520,452030,45,45203020,D,USA,334220,3663, , , ,CA,NEONODE INC,NEON
178153, , ,12/31/12,Santa Clara,Neonode Inc,4520,452030,45,45203020,D,USA,334220,3663, , , ,CA,NEONODE INC,NEON
178153, , ,1/31/13,Santa Clara,Neonode Inc,4520,452030,45,45203020,D,USA,334220,3663, , , ,CA,NEONODE INC,NEON
178153, , ,2/28/13,Santa Clara,Neonode Inc,4520,452030,45,45203020,D,USA,334220,3663, , , ,CA,NEONODE INC,NEON
178153, , ,3/31/13,Santa Clara,Neonode Inc,4520,452030,45,45203020,D,USA,334220,3663, , , ,CA,NEONODE INC,NEON
178153, , ,4/30/13,Santa Clara,Neonode Inc,4520,452030,45,45203020,D,USA,334220,3663, , , ,CA,NEONODE INC,NEON
178153, , ,5/31/13,Santa Clara,Neonode Inc,4520,452030,45,45203020,D,USA,334220,3663, , , ,CA,NEONODE INC,NEON
178153, , ,6/30/13,Santa Clara,Neonode Inc,4520,452030,45,45203020,D,USA,334220,3663, , , ,CA,NEONODE INC,NEON
178153, , ,7/31/13,Santa Clara,Neonode Inc,4520,452030,45,45203020,D,USA,334220,3663, , , ,CA,NEONODE INC,NEON
178153, , ,8/31/13,Santa Clara,Neonode Inc,4520,452030,45,45203020,D,USA,334220,3663, , , ,CA,NEONODE INC,NEON
178153, , ,9/30/13,Santa Clara,Neonode Inc,4520,452030,45,45203020,D,USA,334220,3663, , , ,CA,NEONODE INC,NEON
178153, , ,10/31/13,Santa Clara,Neonode Inc,4520,452030,45,45203020,D,USA,334220,3663, , , ,CA,NEONODE INC,NEON
178525, , ,1/31/10,Beijing,China Digital TV Holding Co Ltd,4520,452020,45,45202030,D,CHN,541512,7373, , , , ,CHINA DIGITALTV HLDG CO -ADS,STV
178525, , ,2/28/10,Beijing,China Digital TV Holding Co Ltd,4520,452020,45,45202030,D,CHN,541512,7373, , , , ,CHINA DIGITALTV HLDG CO -ADS,STV
178525, , ,3/31/10,Beijing,China Digital TV Holding Co Ltd,4520,452020,45,45202030,D,CHN,541512,7373, , , , ,CHINA DIGITALTV HLDG CO -ADS,STV
178525, , ,4/30/10,Beijing,China Digital TV Holding Co Ltd,4520,452020,45,45202030,D,CHN,541512,7373, , , , ,CHINA DIGITALTV HLDG CO -ADS,STV
178525, , ,5/31/10,Beijing,China Digital TV Holding Co Ltd,4520,452020,45,45202030,D,CHN,541512,7373, , , , ,CHINA DIGITALTV HLDG CO -ADS,STV
178525, , ,6/30/10,Beijing,China Digital TV Holding Co Ltd,4520,452020,45,45202030,D,CHN,541512,7373, , , , ,CHINA DIGITALTV HLDG CO -ADS,STV
178525, , ,7/31/10,Beijing,China Digital TV Holding Co Ltd,4520,452020,45,45202030,D,CHN,541512,7373, , , , ,CHINA DIGITALTV HLDG CO -ADS,STV
178525, , ,8/31/10,Beijing,China Digital TV Holding Co Ltd,4520,452020,45,45202030,D,CHN,541512,7373, , , , ,CHINA DIGITALTV HLDG CO -ADS,STV
178525, , ,9/30/10,Beijing,China Digital TV Holding Co Ltd,4520,452020,45,45202030,D,CHN,541512,7373, , , , ,CHINA DIGITALTV HLDG CO -ADS,STV
178525, , ,10/31/10,Beijing,China Digital TV Holding Co Ltd,4520,452020,45,45202030,D,CHN,541512,7373, , , , ,CHINA DIGITALTV HLDG CO -ADS,STV
178525, , ,11/30/10,Beijing,China Digital TV Holding Co Ltd,4520,452020,45,45202030,D,CHN,541512,7373, , , , ,CHINA DIGITALTV HLDG CO -ADS,STV
178525, , ,12/31/10,Beijing,China Digital TV Holding Co Ltd,4520,452020,45,45202030,D,CHN,541512,7373, , , , ,CHINA DIGITALTV HLDG CO -ADS,STV
178525, , ,1/31/11,Beijing,China Digital TV Holding Co Ltd,4520,452020,45,45202030,D,CHN,541512,7373, , , , ,CHINA DIGITALTV HLDG CO -ADS,STV
178525, , ,2/28/11,Beijing,China Digital TV Holding Co Ltd,4520,452020,45,45202030,D,CHN,541512,7373, , , , ,CHINA DIGITALTV HLDG CO -ADS,STV
178525, , ,3/31/11,Beijing,China Digital TV Holding Co Ltd,4520,452020,45,45202030,D,CHN,541512,7373, , , , ,CHINA DIGITALTV HLDG CO -ADS,STV
178525, , ,4/30/11,Beijing,China Digital TV Holding Co Ltd,4520,452020,45,45202030,D,CHN,541512,7373, , , , ,CHINA DIGITALTV HLDG CO -ADS,STV
178525, , ,5/31/11,Beijing,China Digital TV Holding Co Ltd,4520,452020,45,45202030,D,CHN,541512,7373, , , , ,CHINA DIGITALTV HLDG CO -ADS,STV
178525, , ,6/30/11,Beijing,China Digital TV Holding Co Ltd,4520,452020,45,45202030,D,CHN,541512,7373, , , , ,CHINA DIGITALTV HLDG CO -ADS,STV
178525, , ,7/31/11,Beijing,China Digital TV Holding Co Ltd,4520,452020,45,45202030,D,CHN,541512,7373, , , , ,CHINA DIGITALTV HLDG CO -ADS,STV
178525, , ,8/31/11,Beijing,China Digital TV Holding Co Ltd,4520,452020,45,45202030,D,CHN,541512,7373, , , , ,CHINA DIGITALTV HLDG CO -ADS,STV
178525, , ,9/30/11,Beijing,China Digital TV Holding Co Ltd,4520,452020,45,45202030,D,CHN,541512,7373, , , , ,CHINA DIGITALTV HLDG CO -ADS,STV
178525, , ,10/31/11,Beijing,China Digital TV Holding Co Ltd,4520,452020,45,45202030,D,CHN,541512,7373, , , , ,CHINA DIGITALTV HLDG CO -ADS,STV
178525, , ,11/30/11,Beijing,China Digital TV Holding Co Ltd,4520,452020,45,45202030,D,CHN,541512,7373, , , , ,CHINA DIGITALTV HLDG CO -ADS,STV
178525, , ,12/31/11,Beijing,China Digital TV Holding Co Ltd,4520,452020,45,45202030,D,CHN,541512,7373, , , , ,CHINA DIGITALTV HLDG CO -ADS,STV
178525, , ,1/31/12,Beijing,China Digital TV Holding Co Ltd,4520,452020,45,45202030,D,CHN,541512,7373, , , , ,CHINA DIGITALTV HLDG CO -ADS,STV
178525, , ,2/29/12,Beijing,China Digital TV Holding Co Ltd,4520,452020,45,45202030,D,CHN,541512,7373, , , , ,CHINA DIGITALTV HLDG CO -ADS,STV
178525, , ,3/31/12,Beijing,China Digital TV Holding Co Ltd,4520,452020,45,45202030,D,CHN,541512,7373, , , , ,CHINA DIGITALTV HLDG CO -ADS,STV
178525, , ,4/30/12,Beijing,China Digital TV Holding Co Ltd,4520,452020,45,45202030,D,CHN,541512,7373, , , , ,CHINA DIGITALTV HLDG CO -ADS,STV
178525, , ,5/31/12,Beijing,China Digital TV Holding Co Ltd,4520,452020,45,45202030,D,CHN,541512,7373, , , , ,CHINA DIGITALTV HLDG CO -ADS,STV
178525, , ,6/30/12,Beijing,China Digital TV Holding Co Ltd,4520,452020,45,45202030,D,CHN,541512,7373, , , , ,CHINA DIGITALTV HLDG CO -ADS,STV
178525, , ,7/31/12,Beijing,China Digital TV Holding Co Ltd,4520,452020,45,45202030,D,CHN,541512,7373, , , , ,CHINA DIGITALTV HLDG CO -ADS,STV
178525, , ,8/31/12,Beijing,China Digital TV Holding Co Ltd,4520,452020,45,45202030,D,CHN,541512,7373, , , , ,CHINA DIGITALTV HLDG CO -ADS,STV
178525, , ,9/30/12,Beijing,China Digital TV Holding Co Ltd,4520,452020,45,45202030,D,CHN,541512,7373, , , , ,CHINA DIGITALTV HLDG CO -ADS,STV
178525, , ,10/31/12,Beijing,China Digital TV Holding Co Ltd,4520,452020,45,45202030,D,CHN,541512,7373, , , , ,CHINA DIGITALTV HLDG CO -ADS,STV
178525, , ,11/30/12,Beijing,China Digital TV Holding Co Ltd,4520,452020,45,45202030,D,CHN,541512,7373, , , , ,CHINA DIGITALTV HLDG CO -ADS,STV
178525, , ,12/31/12,Beijing,China Digital TV Holding Co Ltd,4520,452020,45,45202030,D,CHN,541512,7373, , , , ,CHINA DIGITALTV HLDG CO -ADS,STV
178525, , ,1/31/13,Beijing,China Digital TV Holding Co Ltd,4520,452020,45,45202030,D,CHN,541512,7373, , , , ,CHINA DIGITALTV HLDG CO -ADS,STV
178525, , ,2/28/13,Beijing,China Digital TV Holding Co Ltd,4520,452020,45,45202030,D,CHN,541512,7373, , , , ,CHINA DIGITALTV HLDG CO -ADS,STV
178525, , ,3/31/13,Beijing,China Digital TV Holding Co Ltd,4520,452020,45,45202030,D,CHN,541512,7373, , , , ,CHINA DIGITALTV HLDG CO -ADS,STV
178525, , ,4/30/13,Beijing,China Digital TV Holding Co Ltd,4520,452020,45,45202030,D,CHN,541512,7373, , , , ,CHINA DIGITALTV HLDG CO -ADS,STV
178525, , ,5/31/13,Beijing,China Digital TV Holding Co Ltd,4520,452020,45,45202030,D,CHN,541512,7373, , , , ,CHINA DIGITALTV HLDG CO -ADS,STV
178525, , ,6/30/13,Beijing,China Digital TV Holding Co Ltd,4520,452020,45,45202030,D,CHN,541512,7373, , , , ,CHINA DIGITALTV HLDG CO -ADS,STV
178525, , ,7/31/13,Beijing,China Digital TV Holding Co Ltd,4520,452020,45,45202030,D,CHN,541512,7373, , , , ,CHINA DIGITALTV HLDG CO -ADS,STV
178525, , ,8/31/13,Beijing,China Digital TV Holding Co Ltd,4520,452020,45,45202030,D,CHN,541512,7373, , , , ,CHINA DIGITALTV HLDG CO -ADS,STV
178525, , ,9/30/13,Beijing,China Digital TV Holding Co Ltd,4520,452020,45,45202030,D,CHN,541512,7373, , , , ,CHINA DIGITALTV HLDG CO -ADS,STV
178525, , ,10/31/13,Beijing,China Digital TV Holding Co Ltd,4520,452020,45,45202030,D,CHN,541512,7373, , , , ,CHINA DIGITALTV HLDG CO -ADS,STV
178548, , ,1/31/10,Eden Prairie,Compellent Technologies Inc,4520,452020,45,45202020,D,USA,541512,7373, , , ,MN,COMPELLENT TECHNOLOGIES INC,CML
178548, , ,2/28/10,Eden Prairie,Compellent Technologies Inc,4520,452020,45,45202020,D,USA,541512,7373, , , ,MN,COMPELLENT TECHNOLOGIES INC,CML
178548, , ,3/31/10,Eden Prairie,Compellent Technologies Inc,4520,452020,45,45202020,D,USA,541512,7373, , , ,MN,COMPELLENT TECHNOLOGIES INC,CML
178548, , ,4/30/10,Eden Prairie,Compellent Technologies Inc,4520,452020,45,45202020,D,USA,541512,7373, , , ,MN,COMPELLENT TECHNOLOGIES INC,CML
178548, , ,5/31/10,Eden Prairie,Compellent Technologies Inc,4520,452020,45,45202020,D,USA,541512,7373, , , ,MN,COMPELLENT TECHNOLOGIES INC,CML
178548, , ,6/30/10,Eden Prairie,Compellent Technologies Inc,4520,452020,45,45202020,D,USA,541512,7373, , , ,MN,COMPELLENT TECHNOLOGIES INC,CML
178548, , ,7/31/10,Eden Prairie,Compellent Technologies Inc,4520,452020,45,45202020,D,USA,541512,7373, , , ,MN,COMPELLENT TECHNOLOGIES INC,CML
178548, , ,8/31/10,Eden Prairie,Compellent Technologies Inc,4520,452020,45,45202020,D,USA,541512,7373, , , ,MN,COMPELLENT TECHNOLOGIES INC,CML
178548, , ,9/30/10,Eden Prairie,Compellent Technologies Inc,4520,452020,45,45202020,D,USA,541512,7373, , , ,MN,COMPELLENT TECHNOLOGIES INC,CML
178548, , ,10/31/10,Eden Prairie,Compellent Technologies Inc,4520,452020,45,45202020,D,USA,541512,7373, , , ,MN,COMPELLENT TECHNOLOGIES INC,CML
178548, , ,11/30/10,Eden Prairie,Compellent Technologies Inc,4520,452020,45,45202020,D,USA,541512,7373, , , ,MN,COMPELLENT TECHNOLOGIES INC,CML
178548, , ,12/31/10,Eden Prairie,Compellent Technologies Inc,4520,452020,45,45202020,D,USA,541512,7373, , , ,MN,COMPELLENT TECHNOLOGIES INC,CML
178548, , ,1/31/11,Eden Prairie,Compellent Technologies Inc,4520,452020,45,45202020,D,USA,541512,7373, , , ,MN,COMPELLENT TECHNOLOGIES INC,CML
178548, , ,2/28/11,Eden Prairie,Compellent Technologies Inc,4520,452020,45,45202020,D,USA,541512,7373, , , ,MN,COMPELLENT TECHNOLOGIES INC,CML
178719, , ,1/31/10,Markham,Redline Communications Group Inc,4520,452010,45,45201020,B,CAN,334220,3663, , , , ,REDLINE COMMUNICATIONS GROUP,RDLCF
178719, , ,2/28/10,Markham,Redline Communications Group Inc,4520,452010,45,45201020,B,CAN,334220,3663, , , , ,REDLINE COMMUNICATIONS GROUP,RDLCF
178719, , ,3/31/10,Markham,Redline Communications Group Inc,4520,452010,45,45201020,B,CAN,334220,3663, , , , ,REDLINE COMMUNICATIONS GROUP,RDLCF
178719, , ,4/30/10,Markham,Redline Communications Group Inc,4520,452010,45,45201020,B,CAN,334220,3663, , , , ,REDLINE COMMUNICATIONS GROUP,RDLCF
178719, , ,5/31/10,Markham,Redline Communications Group Inc,4520,452010,45,45201020,B,CAN,334220,3663, , , , ,REDLINE COMMUNICATIONS GROUP,RDLCF
178719, , ,6/30/10,Markham,Redline Communications Group Inc,4520,452010,45,45201020,B,CAN,334220,3663, , , , ,REDLINE COMMUNICATIONS GROUP,RDLCF
178719, , ,2/28/13,Markham,Redline Communications Group Inc,4520,452010,45,45201020,B,CAN,334220,3663, , , , ,REDLINE COMMUNICATIONS GROUP,RDLCF
178719, , ,3/31/13,Markham,Redline Communications Group Inc,4520,452010,45,45201020,B,CAN,334220,3663, , , , ,REDLINE COMMUNICATIONS GROUP,RDLCF
178719, , ,4/30/13,Markham,Redline Communications Group Inc,4520,452010,45,45201020,B,CAN,334220,3663, , , , ,REDLINE COMMUNICATIONS GROUP,RDLCF
178719, , ,5/31/13,Markham,Redline Communications Group Inc,4520,452010,45,45201020,B,CAN,334220,3663, , , , ,REDLINE COMMUNICATIONS GROUP,RDLCF
178719, , ,6/30/13,Markham,Redline Communications Group Inc,4520,452010,45,45201020,B,CAN,334220,3663, , , , ,REDLINE COMMUNICATIONS GROUP,RDLCF
178719, , ,7/31/13,Markham,Redline Communications Group Inc,4520,452010,45,45201020,B,CAN,334220,3663, , , , ,REDLINE COMMUNICATIONS GROUP,RDLCF
178719, , ,8/31/13,Markham,Redline Communications Group Inc,4520,452010,45,45201020,B,CAN,334220,3663, , , , ,REDLINE COMMUNICATIONS GROUP,RDLCF
178719, , ,9/30/13,Markham,Redline Communications Group Inc,4520,452010,45,45201020,B,CAN,334220,3663, , , , ,REDLINE COMMUNICATIONS GROUP,RDLCF
178719, , ,10/31/13,Markham,Redline Communications Group Inc,4520,452010,45,45201020,B,CAN,334220,3663, , , , ,REDLINE COMMUNICATIONS GROUP,RDLCF
178805, , ,1/31/10,Arlington,ICx Technologies Inc,4520,452030,45,45203010,D,USA,334516,3826, , , ,VA,ICX TECHNOLOGIES INC,ICXT
178805, , ,2/28/10,Arlington,ICx Technologies Inc,4520,452030,45,45203010,D,USA,334516,3826, , , ,VA,ICX TECHNOLOGIES INC,ICXT
178805, , ,3/31/10,Arlington,ICx Technologies Inc,4520,452030,45,45203010,D,USA,334516,3826, , , ,VA,ICX TECHNOLOGIES INC,ICXT
178805, , ,4/30/10,Arlington,ICx Technologies Inc,4520,452030,45,45203010,D,USA,334516,3826, , , ,VA,ICX TECHNOLOGIES INC,ICXT
178805, , ,5/31/10,Arlington,ICx Technologies Inc,4520,452030,45,45203010,D,USA,334516,3826, , , ,VA,ICX TECHNOLOGIES INC,ICXT
178805, , ,6/30/10,Arlington,ICx Technologies Inc,4520,452030,45,45203010,D,USA,334516,3826, , , ,VA,ICX TECHNOLOGIES INC,ICXT
178805, , ,7/31/10,Arlington,ICx Technologies Inc,4520,452030,45,45203010,D,USA,334516,3826, , , ,VA,ICX TECHNOLOGIES INC,ICXT
178805, , ,8/31/10,Arlington,ICx Technologies Inc,4520,452030,45,45203010,D,USA,334516,3826, , , ,VA,ICX TECHNOLOGIES INC,ICXT
178805, , ,9/30/10,Arlington,ICx Technologies Inc,4520,452030,45,45203010,D,USA,334516,3826, , , ,VA,ICX TECHNOLOGIES INC,ICXT
178805, , ,10/31/10,Arlington,ICx Technologies Inc,4520,452030,45,45203010,D,USA,334516,3826, , , ,VA,ICX TECHNOLOGIES INC,ICXT
178866, , ,1/31/10,Fremont,3PAR Inc,4520,452020,45,45202010,D,USA,334112,3572, , , ,CA,3PAR INC,PAR.3
178866, , ,2/28/10,Fremont,3PAR Inc,4520,452020,45,45202010,D,USA,334112,3572, , , ,CA,3PAR INC,PAR.3
178866, , ,3/31/10,Fremont,3PAR Inc,4520,452020,45,45202010,D,USA,334112,3572, , , ,CA,3PAR INC,PAR.3
178866, , ,4/30/10,Fremont,3PAR Inc,4520,452020,45,45202010,D,USA,334112,3572, , , ,CA,3PAR INC,PAR.3
178866, , ,5/31/10,Fremont,3PAR Inc,4520,452020,45,45202010,D,USA,334112,3572, , , ,CA,3PAR INC,PAR.3
178866, , ,6/30/10,Fremont,3PAR Inc,4520,452020,45,45202010,D,USA,334112,3572, , , ,CA,3PAR INC,PAR.3
178866, , ,7/31/10,Fremont,3PAR Inc,4520,452020,45,45202010,D,USA,334112,3572, , , ,CA,3PAR INC,PAR.3
178866, , ,8/31/10,Fremont,3PAR Inc,4520,452020,45,45202010,D,USA,334112,3572, , , ,CA,3PAR INC,PAR.3
178866, , ,9/30/10,Fremont,3PAR Inc,4520,452020,45,45202010,D,USA,334112,3572, , , ,CA,3PAR INC,PAR.3
178882, , ,1/31/10,Mesa,Iveda Solutions Inc,4520,452030,45,45203010,D,USA,5616,7380, , , ,AZ,IVEDA SOLUTIONS INC,3IVDA
178882, , ,2/28/10,Mesa,Iveda Solutions Inc,4520,452030,45,45203010,D,USA,5616,7380, , , ,AZ,IVEDA SOLUTIONS INC,3IVDA
178882, , ,3/31/10,Mesa,Iveda Solutions Inc,4520,452030,45,45203010,D,USA,5616,7380, , , ,AZ,IVEDA SOLUTIONS INC,3IVDA
178882, , ,4/30/10,Mesa,Iveda Solutions Inc,4520,452030,45,45203010,D,USA,5616,7380, , , ,AZ,IVEDA SOLUTIONS INC,3IVDA
178882, , ,5/31/10,Mesa,Iveda Solutions Inc,4520,452030,45,45203010,D,USA,5616,7380, , , ,AZ,IVEDA SOLUTIONS INC,3IVDA
178882, , ,6/30/10,Mesa,Iveda Solutions Inc,4520,452030,45,45203010,D,USA,5616,7380, , , ,AZ,IVEDA SOLUTIONS INC,3IVDA
178882, , ,7/31/10,Mesa,Iveda Solutions Inc,4520,452030,45,45203010,D,USA,5616,7380, , , ,AZ,IVEDA SOLUTIONS INC,3IVDA
178882, , ,8/31/10,Mesa,Iveda Solutions Inc,4520,452030,45,45203010,D,USA,5616,7380, , , ,AZ,IVEDA SOLUTIONS INC,3IVDA
178882, , ,9/30/10,Mesa,Iveda Solutions Inc,4520,452030,45,45203010,D,USA,5616,7380, , , ,AZ,IVEDA SOLUTIONS INC,3IVDA
178882, , ,10/31/10,Mesa,Iveda Solutions Inc,4520,452030,45,45203010,D,USA,5616,7380, , , ,AZ,IVEDA SOLUTIONS INC,3IVDA
178882, , ,11/30/10,Mesa,Iveda Solutions Inc,4520,452030,45,45203010,D,USA,5616,7380, , , ,AZ,IVEDA SOLUTIONS INC,3IVDA
178882, , ,12/31/10,Mesa,Iveda Solutions Inc,4520,452030,45,45203010,D,USA,5616,7380, , , ,AZ,IVEDA SOLUTIONS INC,3IVDA
178882, , ,1/31/11,Mesa,Iveda Solutions Inc,4520,452030,45,45203010,D,USA,5616,7380, , , ,AZ,IVEDA SOLUTIONS INC,3IVDA
178882, , ,2/28/11,Mesa,Iveda Solutions Inc,4520,452030,45,45203010,D,USA,5616,7380, , , ,AZ,IVEDA SOLUTIONS INC,3IVDA
178882, , ,3/31/11,Mesa,Iveda Solutions Inc,4520,452030,45,45203010,D,USA,5616,7380, , , ,AZ,IVEDA SOLUTIONS INC,3IVDA
178882, , ,4/30/11,Mesa,Iveda Solutions Inc,4520,452030,45,45203010,D,USA,5616,7380, , , ,AZ,IVEDA SOLUTIONS INC,3IVDA
178882, , ,5/31/11,Mesa,Iveda Solutions Inc,4520,452030,45,45203010,D,USA,5616,7380, , , ,AZ,IVEDA SOLUTIONS INC,3IVDA
178882, , ,6/30/11,Mesa,Iveda Solutions Inc,4520,452030,45,45203010,D,USA,5616,7380, , , ,AZ,IVEDA SOLUTIONS INC,3IVDA
178882, , ,7/31/11,Mesa,Iveda Solutions Inc,4520,452030,45,45203010,D,USA,5616,7380, , , ,AZ,IVEDA SOLUTIONS INC,3IVDA
178882, , ,8/31/11,Mesa,Iveda Solutions Inc,4520,452030,45,45203010,D,USA,5616,7380, , , ,AZ,IVEDA SOLUTIONS INC,3IVDA
178882, , ,9/30/11,Mesa,Iveda Solutions Inc,4520,452030,45,45203010,D,USA,5616,7380, , , ,AZ,IVEDA SOLUTIONS INC,3IVDA
178882, , ,10/31/11,Mesa,Iveda Solutions Inc,4520,452030,45,45203010,D,USA,5616,7380, , , ,AZ,IVEDA SOLUTIONS INC,3IVDA
178882, , ,11/30/11,Mesa,Iveda Solutions Inc,4520,452030,45,45203010,D,USA,5616,7380, , , ,AZ,IVEDA SOLUTIONS INC,3IVDA
178882, , ,12/31/11,Mesa,Iveda Solutions Inc,4520,452030,45,45203010,D,USA,5616,7380, , , ,AZ,IVEDA SOLUTIONS INC,3IVDA
178882, , ,1/31/12,Mesa,Iveda Solutions Inc,4520,452030,45,45203010,D,USA,5616,7380, , , ,AZ,IVEDA SOLUTIONS INC,3IVDA
178882, , ,2/29/12,Mesa,Iveda Solutions Inc,4520,452030,45,45203010,D,USA,5616,7380, , , ,AZ,IVEDA SOLUTIONS INC,3IVDA
178882, , ,3/31/12,Mesa,Iveda Solutions Inc,4520,452030,45,45203010,D,USA,5616,7380, , , ,AZ,IVEDA SOLUTIONS INC,3IVDA
178882, , ,4/30/12,Mesa,Iveda Solutions Inc,4520,452030,45,45203010,D,USA,5616,7380, , , ,AZ,IVEDA SOLUTIONS INC,3IVDA
178882, , ,5/31/12,Mesa,Iveda Solutions Inc,4520,452030,45,45203010,D,USA,5616,7380, , , ,AZ,IVEDA SOLUTIONS INC,3IVDA
178882, , ,6/30/12,Mesa,Iveda Solutions Inc,4520,452030,45,45203010,D,USA,5616,7380, , , ,AZ,IVEDA SOLUTIONS INC,3IVDA
178882, , ,7/31/12,Mesa,Iveda Solutions Inc,4520,452030,45,45203010,D,USA,5616,7380, , , ,AZ,IVEDA SOLUTIONS INC,3IVDA
178882, , ,8/31/12,Mesa,Iveda Solutions Inc,4520,452030,45,45203010,D,USA,5616,7380, , , ,AZ,IVEDA SOLUTIONS INC,3IVDA
178882, , ,9/30/12,Mesa,Iveda Solutions Inc,4520,452030,45,45203010,D,USA,5616,7380, , , ,AZ,IVEDA SOLUTIONS INC,3IVDA
178882, , ,10/31/12,Mesa,Iveda Solutions Inc,4520,452030,45,45203010,D,USA,5616,7380, , , ,AZ,IVEDA SOLUTIONS INC,3IVDA
178882, , ,11/30/12,Mesa,Iveda Solutions Inc,4520,452030,45,45203010,D,USA,5616,7380, , , ,AZ,IVEDA SOLUTIONS INC,3IVDA
178882, , ,12/31/12,Mesa,Iveda Solutions Inc,4520,452030,45,45203010,D,USA,5616,7380, , , ,AZ,IVEDA SOLUTIONS INC,3IVDA
178882, , ,1/31/13,Mesa,Iveda Solutions Inc,4520,452030,45,45203010,D,USA,5616,7380, , , ,AZ,IVEDA SOLUTIONS INC,3IVDA
178882, , ,2/28/13,Mesa,Iveda Solutions Inc,4520,452030,45,45203010,D,USA,5616,7380, , , ,AZ,IVEDA SOLUTIONS INC,3IVDA
178882, , ,3/31/13,Mesa,Iveda Solutions Inc,4520,452030,45,45203010,D,USA,5616,7380, , , ,AZ,IVEDA SOLUTIONS INC,3IVDA
178882, , ,4/30/13,Mesa,Iveda Solutions Inc,4520,452030,45,45203010,D,USA,5616,7380, , , ,AZ,IVEDA SOLUTIONS INC,3IVDA
178882, , ,5/31/13,Mesa,Iveda Solutions Inc,4520,452030,45,45203010,D,USA,5616,7380, , , ,AZ,IVEDA SOLUTIONS INC,3IVDA
178882, , ,6/30/13,Mesa,Iveda Solutions Inc,4520,452030,45,45203010,D,USA,5616,7380, , , ,AZ,IVEDA SOLUTIONS INC,3IVDA
178882, , ,7/31/13,Mesa,Iveda Solutions Inc,4520,452030,45,45203010,D,USA,5616,7380, , , ,AZ,IVEDA SOLUTIONS INC,3IVDA
178882, , ,8/31/13,Mesa,Iveda Solutions Inc,4520,452030,45,45203010,D,USA,5616,7380, , , ,AZ,IVEDA SOLUTIONS INC,3IVDA
178882, , ,9/30/13,Mesa,Iveda Solutions Inc,4520,452030,45,45203010,D,USA,5616,7380, , , ,AZ,IVEDA SOLUTIONS INC,3IVDA
178882, , ,10/31/13,Mesa,Iveda Solutions Inc,4520,452030,45,45203010,D,USA,5616,7380, , , ,AZ,IVEDA SOLUTIONS INC,3IVDA
178896, , ,5/31/10,Shenzhen,SinoHub Inc,4520,452030,45,45203030,D,CHN,423690,5065, , , , ,SINOHUB INC,SIHI
178896, , ,6/30/10,Shenzhen,SinoHub Inc,4520,452030,45,45203030,D,CHN,423690,5065, , , , ,SINOHUB INC,SIHI
178896, , ,7/31/10,Shenzhen,SinoHub Inc,4520,452030,45,45203030,D,CHN,423690,5065, , , , ,SINOHUB INC,SIHI
178896, , ,8/31/10,Shenzhen,SinoHub Inc,4520,452030,45,45203030,D,CHN,423690,5065, , , , ,SINOHUB INC,SIHI
178896, , ,9/30/10,Shenzhen,SinoHub Inc,4520,452030,45,45203030,D,CHN,423690,5065, , , , ,SINOHUB INC,SIHI
178896, , ,10/31/10,Shenzhen,SinoHub Inc,4520,452030,45,45203030,D,CHN,423690,5065, , , , ,SINOHUB INC,SIHI
178896, , ,11/30/10,Shenzhen,SinoHub Inc,4520,452030,45,45203030,D,CHN,423690,5065, , , , ,SINOHUB INC,SIHI
178896, , ,12/31/10,Shenzhen,SinoHub Inc,4520,452030,45,45203030,D,CHN,423690,5065, , , , ,SINOHUB INC,SIHI
178896, , ,1/31/11,Shenzhen,SinoHub Inc,4520,452030,45,45203030,D,CHN,423690,5065, , , , ,SINOHUB INC,SIHI
178896, , ,2/28/11,Shenzhen,SinoHub Inc,4520,452030,45,45203030,D,CHN,423690,5065, , , , ,SINOHUB INC,SIHI
178896, , ,3/31/11,Shenzhen,SinoHub Inc,4520,452030,45,45203030,D,CHN,423690,5065, , , , ,SINOHUB INC,SIHI
178896, , ,4/30/11,Shenzhen,SinoHub Inc,4520,452030,45,45203030,D,CHN,423690,5065, , , , ,SINOHUB INC,SIHI
178896, , ,5/31/11,Shenzhen,SinoHub Inc,4520,452030,45,45203030,D,CHN,423690,5065, , , , ,SINOHUB INC,SIHI
178896, , ,6/30/11,Shenzhen,SinoHub Inc,4520,452030,45,45203030,D,CHN,423690,5065, , , , ,SINOHUB INC,SIHI
178896, , ,7/31/11,Shenzhen,SinoHub Inc,4520,452030,45,45203030,D,CHN,423690,5065, , , , ,SINOHUB INC,SIHI
178896, , ,8/31/11,Shenzhen,SinoHub Inc,4520,452030,45,45203030,D,CHN,423690,5065, , , , ,SINOHUB INC,SIHI
178896, , ,9/30/11,Shenzhen,SinoHub Inc,4520,452030,45,45203030,D,CHN,423690,5065, , , , ,SINOHUB INC,SIHI
178896, , ,10/31/11,Shenzhen,SinoHub Inc,4520,452030,45,45203030,D,CHN,423690,5065, , , , ,SINOHUB INC,SIHI
178896, , ,11/30/11,Shenzhen,SinoHub Inc,4520,452030,45,45203030,D,CHN,423690,5065, , , , ,SINOHUB INC,SIHI
178896, , ,12/31/11,Shenzhen,SinoHub Inc,4520,452030,45,45203030,D,CHN,423690,5065, , , , ,SINOHUB INC,SIHI
178896, , ,1/31/12,Shenzhen,SinoHub Inc,4520,452030,45,45203030,D,CHN,423690,5065, , , , ,SINOHUB INC,SIHI
178896, , ,2/29/12,Shenzhen,SinoHub Inc,4520,452030,45,45203030,D,CHN,423690,5065, , , , ,SINOHUB INC,SIHI
178896, , ,3/31/12,Shenzhen,SinoHub Inc,4520,452030,45,45203030,D,CHN,423690,5065, , , , ,SINOHUB INC,SIHI
178896, , ,4/30/12,Shenzhen,SinoHub Inc,4520,452030,45,45203030,D,CHN,423690,5065, , , , ,SINOHUB INC,SIHI
178896, , ,5/31/12,Shenzhen,SinoHub Inc,4520,452030,45,45203030,D,CHN,423690,5065, , , , ,SINOHUB INC,SIHI
178896, , ,6/30/12,Shenzhen,SinoHub Inc,4520,452030,45,45203030,D,CHN,423690,5065, , , , ,SINOHUB INC,SIHI
178896, , ,7/31/12,Shenzhen,SinoHub Inc,4520,452030,45,45203030,D,CHN,423690,5065, , , , ,SINOHUB INC,SIHI
178896, , ,8/31/12,Shenzhen,SinoHub Inc,4520,452030,45,45203030,D,CHN,423690,5065, , , , ,SINOHUB INC,SIHI
178896, , ,9/30/12,Shenzhen,SinoHub Inc,4520,452030,45,45203030,D,CHN,423690,5065, , , , ,SINOHUB INC,SIHI
178896, , ,10/31/12,Shenzhen,SinoHub Inc,4520,452030,45,45203030,D,CHN,423690,5065, , , , ,SINOHUB INC,SIHI
178896, , ,11/30/12,Shenzhen,SinoHub Inc,4520,452030,45,45203030,D,CHN,423690,5065, , , , ,SINOHUB INC,SIHI
178896, , ,12/31/12,Shenzhen,SinoHub Inc,4520,452030,45,45203030,D,CHN,423690,5065, , , , ,SINOHUB INC,SIHI
178896, , ,1/31/13,Shenzhen,SinoHub Inc,4520,452030,45,45203030,D,CHN,423690,5065, , , , ,SINOHUB INC,SIHI
178896, , ,2/28/13,Shenzhen,SinoHub Inc,4520,452030,45,45203030,D,CHN,423690,5065, , , , ,SINOHUB INC,SIHI
178896, , ,3/31/13,Shenzhen,SinoHub Inc,4520,452030,45,45203030,D,CHN,423690,5065, , , , ,SINOHUB INC,SIHI
178896, , ,4/30/13,Shenzhen,SinoHub Inc,4520,452030,45,45203030,D,CHN,423690,5065, , , , ,SINOHUB INC,SIHI
178896, , ,5/31/13,Shenzhen,SinoHub Inc,4520,452030,45,45203030,D,CHN,423690,5065, , , , ,SINOHUB INC,SIHI
178896, , ,6/30/13,Shenzhen,SinoHub Inc,4520,452030,45,45203030,D,CHN,423690,5065, , , , ,SINOHUB INC,SIHI
178896, , ,7/31/13,Shenzhen,SinoHub Inc,4520,452030,45,45203030,D,CHN,423690,5065, , , , ,SINOHUB INC,SIHI
179163, , ,1/31/10,Montreal,5N Plus Inc,4520,452030,45,45203015,D,CAN,33441,3670, , , ,QC,5N PLUS INC,FPLSF
179163, , ,2/28/10,Montreal,5N Plus Inc,4520,452030,45,45203015,D,CAN,33441,3670, , , ,QC,5N PLUS INC,FPLSF
179163, , ,3/31/10,Montreal,5N Plus Inc,4520,452030,45,45203015,D,CAN,33441,3670, , , ,QC,5N PLUS INC,FPLSF
179163, , ,4/30/10,Montreal,5N Plus Inc,4520,452030,45,45203015,D,CAN,33441,3670, , , ,QC,5N PLUS INC,FPLSF
179163, , ,5/31/10,Montreal,5N Plus Inc,4520,452030,45,45203015,D,CAN,33441,3670, , , ,QC,5N PLUS INC,FPLSF
179163, , ,6/30/10,Montreal,5N Plus Inc,4520,452030,45,45203015,D,CAN,33441,3670, , , ,QC,5N PLUS INC,FPLSF
179163, , ,7/31/10,Montreal,5N Plus Inc,4520,452030,45,45203015,D,CAN,33441,3670, , , ,QC,5N PLUS INC,FPLSF
179163, , ,8/31/10,Montreal,5N Plus Inc,4520,452030,45,45203015,D,CAN,33441,3670, , , ,QC,5N PLUS INC,FPLSF
179163, , ,9/30/10,Montreal,5N Plus Inc,4520,452030,45,45203015,D,CAN,33441,3670, , , ,QC,5N PLUS INC,FPLSF
179163, , ,10/31/10,Montreal,5N Plus Inc,4520,452030,45,45203015,D,CAN,33441,3670, , , ,QC,5N PLUS INC,FPLSF
179163, , ,11/30/10,Montreal,5N Plus Inc,4520,452030,45,45203015,D,CAN,33441,3670, , , ,QC,5N PLUS INC,FPLSF
179163, , ,12/31/10,Montreal,5N Plus Inc,4520,452030,45,45203015,D,CAN,33441,3670, , , ,QC,5N PLUS INC,FPLSF
179163, , ,1/31/11,Montreal,5N Plus Inc,4520,452030,45,45203015,D,CAN,33441,3670, , , ,QC,5N PLUS INC,FPLSF
179163, , ,2/28/11,Montreal,5N Plus Inc,4520,452030,45,45203015,D,CAN,33441,3670, , , ,QC,5N PLUS INC,FPLSF
179163, , ,3/31/11,Montreal,5N Plus Inc,4520,452030,45,45203015,D,CAN,33441,3670, , , ,QC,5N PLUS INC,FPLSF
179163, , ,4/30/11,Montreal,5N Plus Inc,4520,452030,45,45203015,D,CAN,33441,3670, , , ,QC,5N PLUS INC,FPLSF
179163, , ,5/31/11,Montreal,5N Plus Inc,4520,452030,45,45203015,D,CAN,33441,3670, , , ,QC,5N PLUS INC,FPLSF
179163, , ,6/30/11,Montreal,5N Plus Inc,4520,452030,45,45203015,D,CAN,33441,3670, , , ,QC,5N PLUS INC,FPLSF
179163, , ,7/31/11,Montreal,5N Plus Inc,4520,452030,45,45203015,D,CAN,33441,3670, , , ,QC,5N PLUS INC,FPLSF
179163, , ,8/31/11,Montreal,5N Plus Inc,4520,452030,45,45203015,D,CAN,33441,3670, , , ,QC,5N PLUS INC,FPLSF
179163, , ,9/30/11,Montreal,5N Plus Inc,4520,452030,45,45203015,D,CAN,33441,3670, , , ,QC,5N PLUS INC,FPLSF
179163, , ,10/31/11,Montreal,5N Plus Inc,4520,452030,45,45203015,D,CAN,33441,3670, , , ,QC,5N PLUS INC,FPLSF
179163, , ,11/30/11,Montreal,5N Plus Inc,4520,452030,45,45203015,D,CAN,33441,3670, , , ,QC,5N PLUS INC,FPLSF
179163, , ,12/31/11,Montreal,5N Plus Inc,4520,452030,45,45203015,D,CAN,33441,3670, , , ,QC,5N PLUS INC,FPLSF
179163, , ,1/31/12,Montreal,5N Plus Inc,4520,452030,45,45203015,D,CAN,33441,3670, , , ,QC,5N PLUS INC,FPLSF
179163, , ,2/29/12,Montreal,5N Plus Inc,4520,452030,45,45203015,D,CAN,33441,3670, , , ,QC,5N PLUS INC,FPLSF
179163, , ,3/31/12,Montreal,5N Plus Inc,4520,452030,45,45203015,D,CAN,33441,3670, , , ,QC,5N PLUS INC,FPLSF
179163, , ,4/30/12,Montreal,5N Plus Inc,4520,452030,45,45203015,D,CAN,33441,3670, , , ,QC,5N PLUS INC,FPLSF
179163, , ,5/31/12,Montreal,5N Plus Inc,4520,452030,45,45203015,D,CAN,33441,3670, , , ,QC,5N PLUS INC,FPLSF
179163, , ,6/30/12,Montreal,5N Plus Inc,4520,452030,45,45203015,D,CAN,33441,3670, , , ,QC,5N PLUS INC,FPLSF
179163, , ,7/31/12,Montreal,5N Plus Inc,4520,452030,45,45203015,D,CAN,33441,3670, , , ,QC,5N PLUS INC,FPLSF
179163, , ,8/31/12,Montreal,5N Plus Inc,4520,452030,45,45203015,D,CAN,33441,3670, , , ,QC,5N PLUS INC,FPLSF
179163, , ,9/30/12,Montreal,5N Plus Inc,4520,452030,45,45203015,D,CAN,33441,3670, , , ,QC,5N PLUS INC,FPLSF
179163, , ,10/31/12,Montreal,5N Plus Inc,4520,452030,45,45203015,D,CAN,33441,3670, , , ,QC,5N PLUS INC,FPLSF
179163, , ,11/30/12,Montreal,5N Plus Inc,4520,452030,45,45203015,D,CAN,33441,3670, , , ,QC,5N PLUS INC,FPLSF
179163, , ,12/31/12,Montreal,5N Plus Inc,4520,452030,45,45203015,D,CAN,33441,3670, , , ,QC,5N PLUS INC,FPLSF
179163, , ,1/31/13,Montreal,5N Plus Inc,4520,452030,45,45203015,D,CAN,33441,3670, , , ,QC,5N PLUS INC,FPLSF
179163, , ,2/28/13,Montreal,5N Plus Inc,4520,452030,45,45203015,D,CAN,33441,3670, , , ,QC,5N PLUS INC,FPLSF
179163, , ,3/31/13,Montreal,5N Plus Inc,4520,452030,45,45203015,D,CAN,33441,3670, , , ,QC,5N PLUS INC,FPLSF
179163, , ,4/30/13,Montreal,5N Plus Inc,4520,452030,45,45203015,D,CAN,33441,3670, , , ,QC,5N PLUS INC,FPLSF
179163, , ,5/31/13,Montreal,5N Plus Inc,4520,452030,45,45203015,D,CAN,33441,3670, , , ,QC,5N PLUS INC,FPLSF
179163, , ,6/30/13,Montreal,5N Plus Inc,4520,452030,45,45203015,D,CAN,33441,3670, , , ,QC,5N PLUS INC,FPLSF
179163, , ,7/31/13,Montreal,5N Plus Inc,4520,452030,45,45203015,D,CAN,33441,3670, , , ,QC,5N PLUS INC,FPLSF
179163, , ,8/31/13,Montreal,5N Plus Inc,4520,452030,45,45203015,D,CAN,33441,3670, , , ,QC,5N PLUS INC,FPLSF
179163, , ,9/30/13,Montreal,5N Plus Inc,4520,452030,45,45203015,D,CAN,33441,3670, , , ,QC,5N PLUS INC,FPLSF
179163, , ,10/31/13,Montreal,5N Plus Inc,4520,452030,45,45203015,D,CAN,33441,3670, , , ,QC,5N PLUS INC,FPLSF
179202, , ,1/31/10,Englewood,EchoStar Corp,4520,452010,45,45201020,D,USA,334220,3663, , , ,CO,ECHOSTAR CORP,SATS
179202, , ,2/28/10,Englewood,EchoStar Corp,4520,452010,45,45201020,D,USA,334220,3663, , , ,CO,ECHOSTAR CORP,SATS
179202, , ,3/31/10,Englewood,EchoStar Corp,4520,452010,45,45201020,D,USA,334220,3663, , , ,CO,ECHOSTAR CORP,SATS
179202, , ,4/30/10,Englewood,EchoStar Corp,4520,452010,45,45201020,D,USA,334220,3663, , , ,CO,ECHOSTAR CORP,SATS
179202, , ,5/31/10,Englewood,EchoStar Corp,4520,452010,45,45201020,D,USA,334220,3663, , , ,CO,ECHOSTAR CORP,SATS
179202, , ,6/30/10,Englewood,EchoStar Corp,4520,452010,45,45201020,D,USA,334220,3663, , , ,CO,ECHOSTAR CORP,SATS
179202, , ,7/31/10,Englewood,EchoStar Corp,4520,452010,45,45201020,D,USA,334220,3663, , , ,CO,ECHOSTAR CORP,SATS
179202, , ,8/31/10,Englewood,EchoStar Corp,4520,452010,45,45201020,D,USA,334220,3663, , , ,CO,ECHOSTAR CORP,SATS
179202, , ,9/30/10,Englewood,EchoStar Corp,4520,452010,45,45201020,D,USA,334220,3663, , , ,CO,ECHOSTAR CORP,SATS
179202, , ,10/31/10,Englewood,EchoStar Corp,4520,452010,45,45201020,D,USA,334220,3663, , , ,CO,ECHOSTAR CORP,SATS
179202, , ,11/30/10,Englewood,EchoStar Corp,4520,452010,45,45201020,D,USA,334220,3663, , , ,CO,ECHOSTAR CORP,SATS
179202, , ,12/31/10,Englewood,EchoStar Corp,4520,452010,45,45201020,D,USA,334220,3663, , , ,CO,ECHOSTAR CORP,SATS
179202, , ,1/31/11,Englewood,EchoStar Corp,4520,452010,45,45201020,D,USA,334220,3663, , , ,CO,ECHOSTAR CORP,SATS
179202, , ,2/28/11,Englewood,EchoStar Corp,4520,452010,45,45201020,D,USA,334220,3663, , , ,CO,ECHOSTAR CORP,SATS
179202, , ,3/31/11,Englewood,EchoStar Corp,4520,452010,45,45201020,D,USA,334220,3663, , , ,CO,ECHOSTAR CORP,SATS
179202, , ,4/30/11,Englewood,EchoStar Corp,4520,452010,45,45201020,D,USA,334220,3663, , , ,CO,ECHOSTAR CORP,SATS
179202, , ,5/31/11,Englewood,EchoStar Corp,4520,452010,45,45201020,D,USA,334220,3663, , , ,CO,ECHOSTAR CORP,SATS
179202, , ,6/30/11,Englewood,EchoStar Corp,4520,452010,45,45201020,D,USA,334220,3663, , , ,CO,ECHOSTAR CORP,SATS
179202, , ,7/31/11,Englewood,EchoStar Corp,4520,452010,45,45201020,D,USA,334220,3663, , , ,CO,ECHOSTAR CORP,SATS
179202, , ,8/31/11,Englewood,EchoStar Corp,4520,452010,45,45201020,D,USA,334220,3663, , , ,CO,ECHOSTAR CORP,SATS
179202, , ,9/30/11,Englewood,EchoStar Corp,4520,452010,45,45201020,D,USA,334220,3663, , , ,CO,ECHOSTAR CORP,SATS
179202, , ,10/31/11,Englewood,EchoStar Corp,4520,452010,45,45201020,D,USA,334220,3663, , , ,CO,ECHOSTAR CORP,SATS
179202, , ,11/30/11,Englewood,EchoStar Corp,4520,452010,45,45201020,D,USA,334220,3663, , , ,CO,ECHOSTAR CORP,SATS
179202, , ,12/31/11,Englewood,EchoStar Corp,4520,452010,45,45201020,D,USA,334220,3663, , , ,CO,ECHOSTAR CORP,SATS
179202, , ,1/31/12,Englewood,EchoStar Corp,4520,452010,45,45201020,D,USA,334220,3663, , , ,CO,ECHOSTAR CORP,SATS
179202, , ,2/29/12,Englewood,EchoStar Corp,4520,452010,45,45201020,D,USA,334220,3663, , , ,CO,ECHOSTAR CORP,SATS
179202, , ,3/31/12,Englewood,EchoStar Corp,4520,452010,45,45201020,D,USA,334220,3663, , , ,CO,ECHOSTAR CORP,SATS
179202, , ,4/30/12,Englewood,EchoStar Corp,4520,452010,45,45201020,D,USA,334220,3663, , , ,CO,ECHOSTAR CORP,SATS
179202, , ,5/31/12,Englewood,EchoStar Corp,4520,452010,45,45201020,D,USA,334220,3663, , , ,CO,ECHOSTAR CORP,SATS
179202, , ,6/30/12,Englewood,EchoStar Corp,4520,452010,45,45201020,D,USA,334220,3663, , , ,CO,ECHOSTAR CORP,SATS
179202, , ,7/31/12,Englewood,EchoStar Corp,4520,452010,45,45201020,D,USA,334220,3663, , , ,CO,ECHOSTAR CORP,SATS
179202, , ,8/31/12,Englewood,EchoStar Corp,4520,452010,45,45201020,D,USA,334220,3663, , , ,CO,ECHOSTAR CORP,SATS
179202, , ,9/30/12,Englewood,EchoStar Corp,4520,452010,45,45201020,D,USA,334220,3663, , , ,CO,ECHOSTAR CORP,SATS
179202, , ,10/31/12,Englewood,EchoStar Corp,4520,452010,45,45201020,D,USA,334220,3663, , , ,CO,ECHOSTAR CORP,SATS
179202, , ,11/30/12,Englewood,EchoStar Corp,4520,452010,45,45201020,D,USA,334220,3663, , , ,CO,ECHOSTAR CORP,SATS
179202, , ,12/31/12,Englewood,EchoStar Corp,4520,452010,45,45201020,D,USA,334220,3663, , , ,CO,ECHOSTAR CORP,SATS
179202, , ,1/31/13,Englewood,EchoStar Corp,4520,452010,45,45201020,D,USA,334220,3663, , , ,CO,ECHOSTAR CORP,SATS
179202, , ,2/28/13,Englewood,EchoStar Corp,4520,452010,45,45201020,D,USA,334220,3663, , , ,CO,ECHOSTAR CORP,SATS
179202, , ,3/31/13,Englewood,EchoStar Corp,4520,452010,45,45201020,D,USA,334220,3663, , , ,CO,ECHOSTAR CORP,SATS
179202, , ,4/30/13,Englewood,EchoStar Corp,4520,452010,45,45201020,D,USA,334220,3663, , , ,CO,ECHOSTAR CORP,SATS
179202, , ,5/31/13,Englewood,EchoStar Corp,4520,452010,45,45201020,D,USA,334220,3663, , , ,CO,ECHOSTAR CORP,SATS
179202, , ,6/30/13,Englewood,EchoStar Corp,4520,452010,45,45201020,D,USA,334220,3663, , , ,CO,ECHOSTAR CORP,SATS
179202, , ,7/31/13,Englewood,EchoStar Corp,4520,452010,45,45201020,D,USA,334220,3663, , , ,CO,ECHOSTAR CORP,SATS
179202, , ,8/31/13,Englewood,EchoStar Corp,4520,452010,45,45201020,D,USA,334220,3663, , , ,CO,ECHOSTAR CORP,SATS
179202, , ,9/30/13,Englewood,EchoStar Corp,4520,452010,45,45201020,D,USA,334220,3663, , , ,CO,ECHOSTAR CORP,SATS
179202, , ,10/31/13,Englewood,EchoStar Corp,4520,452010,45,45201020,D,USA,334220,3663, , , ,CO,ECHOSTAR CORP,SATS
179583, , ,6/30/12,George Town,Fabrinet,4520,452030,45,45203020,D,CYM,3344,3670, , , , ,FABRINET,FN
179583, , ,7/31/12,George Town,Fabrinet,4520,452030,45,45203020,D,CYM,3344,3670, , , , ,FABRINET,FN
179583, , ,8/31/12,George Town,Fabrinet,4520,452030,45,45203020,D,CYM,3344,3670, , , , ,FABRINET,FN
179583, , ,9/30/12,George Town,Fabrinet,4520,452030,45,45203020,D,CYM,3344,3670, , , , ,FABRINET,FN
179583, , ,10/31/12,George Town,Fabrinet,4520,452030,45,45203020,D,CYM,3344,3670, , , , ,FABRINET,FN
179583, , ,11/30/12,George Town,Fabrinet,4520,452030,45,45203020,D,CYM,3344,3670, , , , ,FABRINET,FN
179583, , ,12/31/12,George Town,Fabrinet,4520,452030,45,45203020,D,CYM,3344,3670, , , , ,FABRINET,FN
179583, , ,1/31/13,George Town,Fabrinet,4520,452030,45,45203020,D,CYM,3344,3670, , , , ,FABRINET,FN
179583, , ,2/28/13,George Town,Fabrinet,4520,452030,45,45203020,D,CYM,3344,3670, , , , ,FABRINET,FN
179583, , ,3/31/13,George Town,Fabrinet,4520,452030,45,45203020,D,CYM,3344,3670, , , , ,FABRINET,FN
179583, , ,4/30/13,George Town,Fabrinet,4520,452030,45,45203020,D,CYM,3344,3670, , , , ,FABRINET,FN
179583, , ,5/31/13,George Town,Fabrinet,4520,452030,45,45203020,D,CYM,3344,3670, , , , ,FABRINET,FN
179583, , ,6/30/13,George Town,Fabrinet,4520,452030,45,45203020,D,CYM,3344,3670, , , , ,FABRINET,FN
179583, , ,7/31/13,George Town,Fabrinet,4520,452030,45,45203020,D,CYM,3344,3670, , , , ,FABRINET,FN
179583, , ,8/31/13,George Town,Fabrinet,4520,452030,45,45203020,D,CYM,3344,3670, , , , ,FABRINET,FN
179583, , ,9/30/13,George Town,Fabrinet,4520,452030,45,45203020,D,CYM,3344,3670, , , , ,FABRINET,FN
179583, , ,10/31/13,George Town,Fabrinet,4520,452030,45,45203020,D,CYM,3344,3670, , , , ,FABRINET,FN
182325, , ,1/31/12,San Diego,Nexaira Wireless Inc,4520,452010,45,45201020,D,USA,334290,3669, , , ,CA,NEXAIRA WIRELESS INC,NXWI
182325, , ,2/29/12,San Diego,Nexaira Wireless Inc,4520,452010,45,45201020,D,USA,334290,3669, , , ,CA,NEXAIRA WIRELESS INC,NXWI
182325, , ,3/31/12,San Diego,Nexaira Wireless Inc,4520,452010,45,45201020,D,USA,334290,3669, , , ,CA,NEXAIRA WIRELESS INC,NXWI
182325, , ,4/30/12,San Diego,Nexaira Wireless Inc,4520,452010,45,45201020,D,USA,334290,3669, , , ,CA,NEXAIRA WIRELESS INC,NXWI
182325, , ,5/31/12,San Diego,Nexaira Wireless Inc,4520,452010,45,45201020,D,USA,334290,3669, , , ,CA,NEXAIRA WIRELESS INC,NXWI
182325, , ,6/30/12,San Diego,Nexaira Wireless Inc,4520,452010,45,45201020,D,USA,334290,3669, , , ,CA,NEXAIRA WIRELESS INC,NXWI
182325, , ,7/31/12,San Diego,Nexaira Wireless Inc,4520,452010,45,45201020,D,USA,334290,3669, , , ,CA,NEXAIRA WIRELESS INC,NXWI
182325, , ,8/31/12,San Diego,Nexaira Wireless Inc,4520,452010,45,45201020,D,USA,334290,3669, , , ,CA,NEXAIRA WIRELESS INC,NXWI
182325, , ,9/30/12,San Diego,Nexaira Wireless Inc,4520,452010,45,45201020,D,USA,334290,3669, , , ,CA,NEXAIRA WIRELESS INC,NXWI
182325, , ,10/31/12,San Diego,Nexaira Wireless Inc,4520,452010,45,45201020,D,USA,334290,3669, , , ,CA,NEXAIRA WIRELESS INC,NXWI
182325, , ,11/30/12,San Diego,Nexaira Wireless Inc,4520,452010,45,45201020,D,USA,334290,3669, , , ,CA,NEXAIRA WIRELESS INC,NXWI
182325, , ,12/31/12,San Diego,Nexaira Wireless Inc,4520,452010,45,45201020,D,USA,334290,3669, , , ,CA,NEXAIRA WIRELESS INC,NXWI
182325, , ,1/31/13,San Diego,Nexaira Wireless Inc,4520,452010,45,45201020,D,USA,334290,3669, , , ,CA,NEXAIRA WIRELESS INC,NXWI
182325, , ,2/28/13,San Diego,Nexaira Wireless Inc,4520,452010,45,45201020,D,USA,334290,3669, , , ,CA,NEXAIRA WIRELESS INC,NXWI
182325, , ,3/31/13,San Diego,Nexaira Wireless Inc,4520,452010,45,45201020,D,USA,334290,3669, , , ,CA,NEXAIRA WIRELESS INC,NXWI
182325, , ,4/30/13,San Diego,Nexaira Wireless Inc,4520,452010,45,45201020,D,USA,334290,3669, , , ,CA,NEXAIRA WIRELESS INC,NXWI
182325, , ,5/31/13,San Diego,Nexaira Wireless Inc,4520,452010,45,45201020,D,USA,334290,3669, , , ,CA,NEXAIRA WIRELESS INC,NXWI
182325, , ,6/30/13,San Diego,Nexaira Wireless Inc,4520,452010,45,45201020,D,USA,334290,3669, , , ,CA,NEXAIRA WIRELESS INC,NXWI
182325, , ,7/31/13,San Diego,Nexaira Wireless Inc,4520,452010,45,45201020,D,USA,334290,3669, , , ,CA,NEXAIRA WIRELESS INC,NXWI
182325, , ,8/31/13,San Diego,Nexaira Wireless Inc,4520,452010,45,45201020,D,USA,334290,3669, , , ,CA,NEXAIRA WIRELESS INC,NXWI
182325, , ,9/30/13,San Diego,Nexaira Wireless Inc,4520,452010,45,45201020,D,USA,334290,3669, , , ,CA,NEXAIRA WIRELESS INC,NXWI
182325, , ,10/31/13,San Diego,Nexaira Wireless Inc,4520,452010,45,45201020,D,USA,334290,3669, , , ,CA,NEXAIRA WIRELESS INC,NXWI
182331, , ,7/31/12,Calgary,SMART Technologies Inc,4520,452020,45,45202030,D,CAN,334118,3577, , , ,AB,SMART TECHNOLOGIES INC,SMT
182331, , ,8/31/12,Calgary,SMART Technologies Inc,4520,452020,45,45202030,D,CAN,334118,3577, , , ,AB,SMART TECHNOLOGIES INC,SMT
182331, , ,9/30/12,Calgary,SMART Technologies Inc,4520,452020,45,45202030,D,CAN,334118,3577, , , ,AB,SMART TECHNOLOGIES INC,SMT
182331, , ,10/31/12,Calgary,SMART Technologies Inc,4520,452020,45,45202030,D,CAN,334118,3577, , , ,AB,SMART TECHNOLOGIES INC,SMT
182331, , ,11/30/12,Calgary,SMART Technologies Inc,4520,452020,45,45202030,D,CAN,334118,3577, , , ,AB,SMART TECHNOLOGIES INC,SMT
182331, , ,12/31/12,Calgary,SMART Technologies Inc,4520,452020,45,45202030,D,CAN,334118,3577, , , ,AB,SMART TECHNOLOGIES INC,SMT
182331, , ,1/31/13,Calgary,SMART Technologies Inc,4520,452020,45,45202030,D,CAN,334118,3577, , , ,AB,SMART TECHNOLOGIES INC,SMT
182331, , ,2/28/13,Calgary,SMART Technologies Inc,4520,452020,45,45202030,D,CAN,334118,3577, , , ,AB,SMART TECHNOLOGIES INC,SMT
182331,B, ,3/31/13,Calgary,SMART Technologies Inc,4520,452020,45,45202030,D,CAN,334118,3577, , , ,AB,SMART TECHNOLOGIES INC,SMT
182331,B, ,4/30/13,Calgary,SMART Technologies Inc,4520,452020,45,45202030,D,CAN,334118,3577, , , ,AB,SMART TECHNOLOGIES INC,SMT
182331,B, ,5/31/13,Calgary,SMART Technologies Inc,4520,452020,45,45202030,D,CAN,334118,3577, , , ,AB,SMART TECHNOLOGIES INC,SMT
182331,B, ,6/30/13,Calgary,SMART Technologies Inc,4520,452020,45,45202030,D,CAN,334118,3577, , , ,AB,SMART TECHNOLOGIES INC,SMT
182331,B, ,7/31/13,Calgary,SMART Technologies Inc,4520,452020,45,45202030,D,CAN,334118,3577, , , ,AB,SMART TECHNOLOGIES INC,SMT
182331,B, ,8/31/13,Calgary,SMART Technologies Inc,4520,452020,45,45202030,D,CAN,334118,3577, , , ,AB,SMART TECHNOLOGIES INC,SMT
182331,B, ,9/30/13,Calgary,SMART Technologies Inc,4520,452020,45,45202030,D,CAN,334118,3577, , , ,AB,SMART TECHNOLOGIES INC,SMT
182331,B, ,10/31/13,Calgary,SMART Technologies Inc,4520,452020,45,45202030,D,CAN,334118,3577, , , ,AB,SMART TECHNOLOGIES INC,SMT
182331,B, ,11/30/13,Calgary,SMART Technologies Inc,4520,452020,45,45202030,D,CAN,334118,3577, , , ,AB,SMART TECHNOLOGIES INC,SMT
182331,B, ,12/31/13,Calgary,SMART Technologies Inc,4520,452020,45,45202030,D,CAN,334118,3577, , , ,AB,SMART TECHNOLOGIES INC,SMT
182331,B, ,1/31/14,Calgary,SMART Technologies Inc,4520,452020,45,45202030,D,CAN,334118,3577, , , ,AB,SMART TECHNOLOGIES INC,SMT
182331,B, ,2/28/14,Calgary,SMART Technologies Inc,4520,452020,45,45202030,D,CAN,334118,3577, , , ,AB,SMART TECHNOLOGIES INC,SMT
182331,B, ,3/31/14,Calgary,SMART Technologies Inc,4520,452020,45,45202030,D,CAN,334118,3577, , , ,AB,SMART TECHNOLOGIES INC,SMT
182331,B, ,4/30/14,Calgary,SMART Technologies Inc,4520,452020,45,45202030,D,CAN,334118,3577, , , ,AB,SMART TECHNOLOGIES INC,SMT
182331,B, ,5/31/14,Calgary,SMART Technologies Inc,4520,452020,45,45202030,D,CAN,334118,3577, , , ,AB,SMART TECHNOLOGIES INC,SMT
182331,B, ,6/30/14,Calgary,SMART Technologies Inc,4520,452020,45,45202030,D,CAN,334118,3577, , , ,AB,SMART TECHNOLOGIES INC,SMT
183228, , ,10/31/11,Zhengzhou City,ZST Digital Networks Inc,4520,452010,45,45201020,D,CHN,334220,3663, , , , ,ZST DIGITAL NETWORKS INC,ZSTN
183228, , ,11/30/11,Zhengzhou City,ZST Digital Networks Inc,4520,452010,45,45201020,D,CHN,334220,3663, , , , ,ZST DIGITAL NETWORKS INC,ZSTN
183228, , ,12/31/11,Zhengzhou City,ZST Digital Networks Inc,4520,452010,45,45201020,D,CHN,334220,3663, , , , ,ZST DIGITAL NETWORKS INC,ZSTN
183228, , ,1/31/12,Zhengzhou City,ZST Digital Networks Inc,4520,452010,45,45201020,D,CHN,334220,3663, , , , ,ZST DIGITAL NETWORKS INC,ZSTN
183228, , ,2/29/12,Zhengzhou City,ZST Digital Networks Inc,4520,452010,45,45201020,D,CHN,334220,3663, , , , ,ZST DIGITAL NETWORKS INC,ZSTN
183228, , ,3/31/12,Zhengzhou City,ZST Digital Networks Inc,4520,452010,45,45201020,D,CHN,334220,3663, , , , ,ZST DIGITAL NETWORKS INC,ZSTN
183228, , ,4/30/12,Zhengzhou City,ZST Digital Networks Inc,4520,452010,45,45201020,D,CHN,334220,3663, , , , ,ZST DIGITAL NETWORKS INC,ZSTN
183228, , ,5/31/12,Zhengzhou City,ZST Digital Networks Inc,4520,452010,45,45201020,D,CHN,334220,3663, , , , ,ZST DIGITAL NETWORKS INC,ZSTN
183228, , ,6/30/12,Zhengzhou City,ZST Digital Networks Inc,4520,452010,45,45201020,D,CHN,334220,3663, , , , ,ZST DIGITAL NETWORKS INC,ZSTN
183228, , ,7/31/12,Zhengzhou City,ZST Digital Networks Inc,4520,452010,45,45201020,D,CHN,334220,3663, , , , ,ZST DIGITAL NETWORKS INC,ZSTN
183228, , ,8/31/12,Zhengzhou City,ZST Digital Networks Inc,4520,452010,45,45201020,D,CHN,334220,3663, , , , ,ZST DIGITAL NETWORKS INC,ZSTN
183228, , ,9/30/12,Zhengzhou City,ZST Digital Networks Inc,4520,452010,45,45201020,D,CHN,334220,3663, , , , ,ZST DIGITAL NETWORKS INC,ZSTN
183228, , ,10/31/12,Zhengzhou City,ZST Digital Networks Inc,4520,452010,45,45201020,D,CHN,334220,3663, , , , ,ZST DIGITAL NETWORKS INC,ZSTN
183228, , ,11/30/12,Zhengzhou City,ZST Digital Networks Inc,4520,452010,45,45201020,D,CHN,334220,3663, , , , ,ZST DIGITAL NETWORKS INC,ZSTN
183228, , ,12/31/12,Zhengzhou City,ZST Digital Networks Inc,4520,452010,45,45201020,D,CHN,334220,3663, , , , ,ZST DIGITAL NETWORKS INC,ZSTN
183228, , ,1/31/13,Zhengzhou City,ZST Digital Networks Inc,4520,452010,45,45201020,D,CHN,334220,3663, , , , ,ZST DIGITAL NETWORKS INC,ZSTN
183228, , ,2/28/13,Zhengzhou City,ZST Digital Networks Inc,4520,452010,45,45201020,D,CHN,334220,3663, , , , ,ZST DIGITAL NETWORKS INC,ZSTN
183228, , ,3/31/13,Zhengzhou City,ZST Digital Networks Inc,4520,452010,45,45201020,D,CHN,334220,3663, , , , ,ZST DIGITAL NETWORKS INC,ZSTN
183228, , ,4/30/13,Zhengzhou City,ZST Digital Networks Inc,4520,452010,45,45201020,D,CHN,334220,3663, , , , ,ZST DIGITAL NETWORKS INC,ZSTN
183228, , ,5/31/13,Zhengzhou City,ZST Digital Networks Inc,4520,452010,45,45201020,D,CHN,334220,3663, , , , ,ZST DIGITAL NETWORKS INC,ZSTN
183228, , ,6/30/13,Zhengzhou City,ZST Digital Networks Inc,4520,452010,45,45201020,D,CHN,334220,3663, , , , ,ZST DIGITAL NETWORKS INC,ZSTN
183228, , ,7/31/13,Zhengzhou City,ZST Digital Networks Inc,4520,452010,45,45201020,D,CHN,334220,3663, , , , ,ZST DIGITAL NETWORKS INC,ZSTN
183228, , ,8/31/13,Zhengzhou City,ZST Digital Networks Inc,4520,452010,45,45201020,D,CHN,334220,3663, , , , ,ZST DIGITAL NETWORKS INC,ZSTN
183228, , ,9/30/13,Zhengzhou City,ZST Digital Networks Inc,4520,452010,45,45201020,D,CHN,334220,3663, , , , ,ZST DIGITAL NETWORKS INC,ZSTN
183228, , ,10/31/13,Zhengzhou City,ZST Digital Networks Inc,4520,452010,45,45201020,D,CHN,334220,3663, , , , ,ZST DIGITAL NETWORKS INC,ZSTN
183266, , ,7/31/11,Beijing,Funtalk China Holdings Ltd,4520,452030,45,45203030,D,CHN,423690,5065, , , , ,FUNTALK CHINA HOLDINGS LTD,FTLK
183266, , ,8/31/11,Beijing,Funtalk China Holdings Ltd,4520,452030,45,45203030,D,CHN,423690,5065, , , , ,FUNTALK CHINA HOLDINGS LTD,FTLK
183276, , ,9/30/10,Chantilly,BlueScout Technologies Ltd,4520,452030,45,45203010,D,USA,334519,3829, , , ,VA,BLUESCOUT TECHNOLOGIES LTD,CCWFQ
183276, , ,10/31/10,Chantilly,BlueScout Technologies Ltd,4520,452030,45,45203010,D,USA,334519,3829, , , ,VA,BLUESCOUT TECHNOLOGIES LTD,CCWFQ
183276, , ,11/30/10,Chantilly,BlueScout Technologies Ltd,4520,452030,45,45203010,D,USA,334519,3829, , , ,VA,BLUESCOUT TECHNOLOGIES LTD,CCWFQ
183276, , ,12/31/10,Chantilly,BlueScout Technologies Ltd,4520,452030,45,45203010,D,USA,334519,3829, , , ,VA,BLUESCOUT TECHNOLOGIES LTD,CCWFQ
183276, , ,1/31/11,Chantilly,BlueScout Technologies Ltd,4520,452030,45,45203010,D,USA,334519,3829, , , ,VA,BLUESCOUT TECHNOLOGIES LTD,CCWFQ
183276, , ,2/28/11,Chantilly,BlueScout Technologies Ltd,4520,452030,45,45203010,D,USA,334519,3829, , , ,VA,BLUESCOUT TECHNOLOGIES LTD,CCWFQ
183276, , ,3/31/11,Chantilly,BlueScout Technologies Ltd,4520,452030,45,45203010,D,USA,334519,3829, , , ,VA,BLUESCOUT TECHNOLOGIES LTD,CCWFQ
183276, , ,4/30/11,Chantilly,BlueScout Technologies Ltd,4520,452030,45,45203010,D,USA,334519,3829, , , ,VA,BLUESCOUT TECHNOLOGIES LTD,CCWFQ
183276, , ,5/31/11,Chantilly,BlueScout Technologies Ltd,4520,452030,45,45203010,D,USA,334519,3829, , , ,VA,BLUESCOUT TECHNOLOGIES LTD,CCWFQ
183276, , ,6/30/11,Chantilly,BlueScout Technologies Ltd,4520,452030,45,45203010,D,USA,334519,3829, , , ,VA,BLUESCOUT TECHNOLOGIES LTD,CCWFQ
183276, , ,7/31/11,Chantilly,BlueScout Technologies Ltd,4520,452030,45,45203010,D,USA,334519,3829, , , ,VA,BLUESCOUT TECHNOLOGIES LTD,CCWFQ
183276, , ,8/31/11,Chantilly,BlueScout Technologies Ltd,4520,452030,45,45203010,D,USA,334519,3829, , , ,VA,BLUESCOUT TECHNOLOGIES LTD,CCWFQ
183276, , ,9/30/11,Chantilly,BlueScout Technologies Ltd,4520,452030,45,45203010,D,USA,334519,3829, , , ,VA,BLUESCOUT TECHNOLOGIES LTD,CCWFQ
183276, , ,10/31/11,Chantilly,BlueScout Technologies Ltd,4520,452030,45,45203010,D,USA,334519,3829, , , ,VA,BLUESCOUT TECHNOLOGIES LTD,CCWFQ
183276, , ,11/30/11,Chantilly,BlueScout Technologies Ltd,4520,452030,45,45203010,D,USA,334519,3829, , , ,VA,BLUESCOUT TECHNOLOGIES LTD,CCWFQ
183276, , ,12/31/11,Chantilly,BlueScout Technologies Ltd,4520,452030,45,45203010,D,USA,334519,3829, , , ,VA,BLUESCOUT TECHNOLOGIES LTD,CCWFQ
183276, , ,1/31/12,Chantilly,BlueScout Technologies Ltd,4520,452030,45,45203010,D,USA,334519,3829, , , ,VA,BLUESCOUT TECHNOLOGIES LTD,CCWFQ
183276, , ,2/29/12,Chantilly,BlueScout Technologies Ltd,4520,452030,45,45203010,D,USA,334519,3829, , , ,VA,BLUESCOUT TECHNOLOGIES LTD,CCWFQ
183276, , ,3/31/12,Chantilly,BlueScout Technologies Ltd,4520,452030,45,45203010,D,USA,334519,3829, , , ,VA,BLUESCOUT TECHNOLOGIES LTD,CCWFQ
183276, , ,4/30/12,Chantilly,BlueScout Technologies Ltd,4520,452030,45,45203010,D,USA,334519,3829, , , ,VA,BLUESCOUT TECHNOLOGIES LTD,CCWFQ
183276, , ,5/31/12,Chantilly,BlueScout Technologies Ltd,4520,452030,45,45203010,D,USA,334519,3829, , , ,VA,BLUESCOUT TECHNOLOGIES LTD,CCWFQ
183276, , ,6/30/12,Chantilly,BlueScout Technologies Ltd,4520,452030,45,45203010,D,USA,334519,3829, , , ,VA,BLUESCOUT TECHNOLOGIES LTD,CCWFQ
183276, , ,7/31/12,Chantilly,BlueScout Technologies Ltd,4520,452030,45,45203010,D,USA,334519,3829, , , ,VA,BLUESCOUT TECHNOLOGIES LTD,CCWFQ
183276, , ,8/31/12,Chantilly,BlueScout Technologies Ltd,4520,452030,45,45203010,D,USA,334519,3829, , , ,VA,BLUESCOUT TECHNOLOGIES LTD,CCWFQ
183276, , ,9/30/12,Chantilly,BlueScout Technologies Ltd,4520,452030,45,45203010,D,USA,334519,3829, , , ,VA,BLUESCOUT TECHNOLOGIES LTD,CCWFQ
183276, , ,10/31/12,Chantilly,BlueScout Technologies Ltd,4520,452030,45,45203010,D,USA,334519,3829, , , ,VA,BLUESCOUT TECHNOLOGIES LTD,CCWFQ
183276, , ,11/30/12,Chantilly,BlueScout Technologies Ltd,4520,452030,45,45203010,D,USA,334519,3829, , , ,VA,BLUESCOUT TECHNOLOGIES LTD,CCWFQ
183276, , ,12/31/12,Chantilly,BlueScout Technologies Ltd,4520,452030,45,45203010,D,USA,334519,3829, , , ,VA,BLUESCOUT TECHNOLOGIES LTD,CCWFQ
183276, , ,1/31/13,Chantilly,BlueScout Technologies Ltd,4520,452030,45,45203010,D,USA,334519,3829, , , ,VA,BLUESCOUT TECHNOLOGIES LTD,CCWFQ
183547, , ,1/31/10,Lakeland,Coda Octopus Group Inc,4520,452030,45,45203010,D,USA,334511,3812, , , ,FL,CODA OCTOPUS GROUP INC,CDOC
183547, , ,2/28/10,Lakeland,Coda Octopus Group Inc,4520,452030,45,45203010,D,USA,334511,3812, , , ,FL,CODA OCTOPUS GROUP INC,CDOC
183547, , ,3/31/10,Lakeland,Coda Octopus Group Inc,4520,452030,45,45203010,D,USA,334511,3812, , , ,FL,CODA OCTOPUS GROUP INC,CDOC
183547, , ,4/30/10,Lakeland,Coda Octopus Group Inc,4520,452030,45,45203010,D,USA,334511,3812, , , ,FL,CODA OCTOPUS GROUP INC,CDOC
183547, , ,5/31/10,Lakeland,Coda Octopus Group Inc,4520,452030,45,45203010,D,USA,334511,3812, , , ,FL,CODA OCTOPUS GROUP INC,CDOC
183547, , ,6/30/10,Lakeland,Coda Octopus Group Inc,4520,452030,45,45203010,D,USA,334511,3812, , , ,FL,CODA OCTOPUS GROUP INC,CDOC
183547, , ,7/31/10,Lakeland,Coda Octopus Group Inc,4520,452030,45,45203010,D,USA,334511,3812, , , ,FL,CODA OCTOPUS GROUP INC,CDOC
183547, , ,8/31/10,Lakeland,Coda Octopus Group Inc,4520,452030,45,45203010,D,USA,334511,3812, , , ,FL,CODA OCTOPUS GROUP INC,CDOC
183547, , ,9/30/10,Lakeland,Coda Octopus Group Inc,4520,452030,45,45203010,D,USA,334511,3812, , , ,FL,CODA OCTOPUS GROUP INC,CDOC
183547, , ,10/31/10,Lakeland,Coda Octopus Group Inc,4520,452030,45,45203010,D,USA,334511,3812, , , ,FL,CODA OCTOPUS GROUP INC,CDOC
183547, , ,11/30/10,Lakeland,Coda Octopus Group Inc,4520,452030,45,45203010,D,USA,334511,3812, , , ,FL,CODA OCTOPUS GROUP INC,CDOC
183547, , ,12/31/10,Lakeland,Coda Octopus Group Inc,4520,452030,45,45203010,D,USA,334511,3812, , , ,FL,CODA OCTOPUS GROUP INC,CDOC
183547, , ,1/31/11,Lakeland,Coda Octopus Group Inc,4520,452030,45,45203010,D,USA,334511,3812, , , ,FL,CODA OCTOPUS GROUP INC,CDOC
183547, , ,2/28/11,Lakeland,Coda Octopus Group Inc,4520,452030,45,45203010,D,USA,334511,3812, , , ,FL,CODA OCTOPUS GROUP INC,CDOC
183547, , ,3/31/11,Lakeland,Coda Octopus Group Inc,4520,452030,45,45203010,D,USA,334511,3812, , , ,FL,CODA OCTOPUS GROUP INC,CDOC
183547, , ,4/30/11,Lakeland,Coda Octopus Group Inc,4520,452030,45,45203010,D,USA,334511,3812, , , ,FL,CODA OCTOPUS GROUP INC,CDOC
183547, , ,5/31/11,Lakeland,Coda Octopus Group Inc,4520,452030,45,45203010,D,USA,334511,3812, , , ,FL,CODA OCTOPUS GROUP INC,CDOC
183547, , ,6/30/11,Lakeland,Coda Octopus Group Inc,4520,452030,45,45203010,D,USA,334511,3812, , , ,FL,CODA OCTOPUS GROUP INC,CDOC
183547, , ,7/31/11,Lakeland,Coda Octopus Group Inc,4520,452030,45,45203010,D,USA,334511,3812, , , ,FL,CODA OCTOPUS GROUP INC,CDOC
183547, , ,8/31/11,Lakeland,Coda Octopus Group Inc,4520,452030,45,45203010,D,USA,334511,3812, , , ,FL,CODA OCTOPUS GROUP INC,CDOC
183547, , ,9/30/11,Lakeland,Coda Octopus Group Inc,4520,452030,45,45203010,D,USA,334511,3812, , , ,FL,CODA OCTOPUS GROUP INC,CDOC
183547, , ,10/31/11,Lakeland,Coda Octopus Group Inc,4520,452030,45,45203010,D,USA,334511,3812, , , ,FL,CODA OCTOPUS GROUP INC,CDOC
183547, , ,11/30/11,Lakeland,Coda Octopus Group Inc,4520,452030,45,45203010,D,USA,334511,3812, , , ,FL,CODA OCTOPUS GROUP INC,CDOC
183547, , ,12/31/11,Lakeland,Coda Octopus Group Inc,4520,452030,45,45203010,D,USA,334511,3812, , , ,FL,CODA OCTOPUS GROUP INC,CDOC
183547, , ,1/31/12,Lakeland,Coda Octopus Group Inc,4520,452030,45,45203010,D,USA,334511,3812, , , ,FL,CODA OCTOPUS GROUP INC,CDOC
183547, , ,2/29/12,Lakeland,Coda Octopus Group Inc,4520,452030,45,45203010,D,USA,334511,3812, , , ,FL,CODA OCTOPUS GROUP INC,CDOC
183547, , ,3/31/12,Lakeland,Coda Octopus Group Inc,4520,452030,45,45203010,D,USA,334511,3812, , , ,FL,CODA OCTOPUS GROUP INC,CDOC
183547, , ,4/30/12,Lakeland,Coda Octopus Group Inc,4520,452030,45,45203010,D,USA,334511,3812, , , ,FL,CODA OCTOPUS GROUP INC,CDOC
183547, , ,5/31/12,Lakeland,Coda Octopus Group Inc,4520,452030,45,45203010,D,USA,334511,3812, , , ,FL,CODA OCTOPUS GROUP INC,CDOC
183547, , ,6/30/12,Lakeland,Coda Octopus Group Inc,4520,452030,45,45203010,D,USA,334511,3812, , , ,FL,CODA OCTOPUS GROUP INC,CDOC
183547, , ,7/31/12,Lakeland,Coda Octopus Group Inc,4520,452030,45,45203010,D,USA,334511,3812, , , ,FL,CODA OCTOPUS GROUP INC,CDOC
183547, , ,8/31/12,Lakeland,Coda Octopus Group Inc,4520,452030,45,45203010,D,USA,334511,3812, , , ,FL,CODA OCTOPUS GROUP INC,CDOC
183547, , ,9/30/12,Lakeland,Coda Octopus Group Inc,4520,452030,45,45203010,D,USA,334511,3812, , , ,FL,CODA OCTOPUS GROUP INC,CDOC
183547, , ,10/31/12,Lakeland,Coda Octopus Group Inc,4520,452030,45,45203010,D,USA,334511,3812, , , ,FL,CODA OCTOPUS GROUP INC,CDOC
183547, , ,11/30/12,Lakeland,Coda Octopus Group Inc,4520,452030,45,45203010,D,USA,334511,3812, , , ,FL,CODA OCTOPUS GROUP INC,CDOC
183547, , ,12/31/12,Lakeland,Coda Octopus Group Inc,4520,452030,45,45203010,D,USA,334511,3812, , , ,FL,CODA OCTOPUS GROUP INC,CDOC
183547, , ,1/31/13,Lakeland,Coda Octopus Group Inc,4520,452030,45,45203010,D,USA,334511,3812, , , ,FL,CODA OCTOPUS GROUP INC,CDOC
183547, , ,2/28/13,Lakeland,Coda Octopus Group Inc,4520,452030,45,45203010,D,USA,334511,3812, , , ,FL,CODA OCTOPUS GROUP INC,CDOC
183547, , ,3/31/13,Lakeland,Coda Octopus Group Inc,4520,452030,45,45203010,D,USA,334511,3812, , , ,FL,CODA OCTOPUS GROUP INC,CDOC
183547, , ,4/30/13,Lakeland,Coda Octopus Group Inc,4520,452030,45,45203010,D,USA,334511,3812, , , ,FL,CODA OCTOPUS GROUP INC,CDOC
183547, , ,5/31/13,Lakeland,Coda Octopus Group Inc,4520,452030,45,45203010,D,USA,334511,3812, , , ,FL,CODA OCTOPUS GROUP INC,CDOC
183547, , ,6/30/13,Lakeland,Coda Octopus Group Inc,4520,452030,45,45203010,D,USA,334511,3812, , , ,FL,CODA OCTOPUS GROUP INC,CDOC
183547, , ,7/31/13,Lakeland,Coda Octopus Group Inc,4520,452030,45,45203010,D,USA,334511,3812, , , ,FL,CODA OCTOPUS GROUP INC,CDOC
183547, , ,8/31/13,Lakeland,Coda Octopus Group Inc,4520,452030,45,45203010,D,USA,334511,3812, , , ,FL,CODA OCTOPUS GROUP INC,CDOC
183547, , ,9/30/13,Lakeland,Coda Octopus Group Inc,4520,452030,45,45203010,D,USA,334511,3812, , , ,FL,CODA OCTOPUS GROUP INC,CDOC
183547, , ,10/31/13,Lakeland,Coda Octopus Group Inc,4520,452030,45,45203010,D,USA,334511,3812, , , ,FL,CODA OCTOPUS GROUP INC,CDOC
183612, , ,1/31/10,Beijing,Zoom Technologies Inc,4520,452010,45,45201020,D,CHN,999990,9995, , ,C, ,ZOOM TECHNOLOGIES INC,ZOOM
183612, , ,2/28/10,Beijing,Zoom Technologies Inc,4520,452010,45,45201020,D,CHN,999990,9995, , ,C, ,ZOOM TECHNOLOGIES INC,ZOOM
183612, , ,3/31/10,Beijing,Zoom Technologies Inc,4520,452010,45,45201020,D,CHN,999990,9995, , ,C, ,ZOOM TECHNOLOGIES INC,ZOOM
183612, , ,4/30/10,Beijing,Zoom Technologies Inc,4520,452010,45,45201020,D,CHN,999990,9995, , ,C, ,ZOOM TECHNOLOGIES INC,ZOOM
183612, , ,5/31/10,Beijing,Zoom Technologies Inc,4520,452010,45,45201020,D,CHN,999990,9995, , ,C, ,ZOOM TECHNOLOGIES INC,ZOOM
183612, , ,6/30/10,Beijing,Zoom Technologies Inc,4520,452010,45,45201020,D,CHN,999990,9995, , ,C, ,ZOOM TECHNOLOGIES INC,ZOOM
183612, , ,7/31/10,Beijing,Zoom Technologies Inc,4520,452010,45,45201020,D,CHN,999990,9995, , ,C, ,ZOOM TECHNOLOGIES INC,ZOOM
183612, , ,8/31/10,Beijing,Zoom Technologies Inc,4520,452010,45,45201020,D,CHN,999990,9995, , ,C, ,ZOOM TECHNOLOGIES INC,ZOOM
183612, , ,9/30/10,Beijing,Zoom Technologies Inc,4520,452010,45,45201020,D,CHN,999990,9995, , ,C, ,ZOOM TECHNOLOGIES INC,ZOOM
183612, , ,10/31/10,Beijing,Zoom Technologies Inc,4520,452010,45,45201020,D,CHN,999990,9995, , ,C, ,ZOOM TECHNOLOGIES INC,ZOOM
183612, , ,11/30/10,Beijing,Zoom Technologies Inc,4520,452010,45,45201020,D,CHN,999990,9995, , ,C, ,ZOOM TECHNOLOGIES INC,ZOOM
183612, , ,12/31/10,Beijing,Zoom Technologies Inc,4520,452010,45,45201020,D,CHN,999990,9995, , ,C, ,ZOOM TECHNOLOGIES INC,ZOOM
183612, , ,1/31/11,Beijing,Zoom Technologies Inc,4520,452010,45,45201020,D,CHN,999990,9995, , ,C, ,ZOOM TECHNOLOGIES INC,ZOOM
183612, , ,2/28/11,Beijing,Zoom Technologies Inc,4520,452010,45,45201020,D,CHN,999990,9995, , ,C, ,ZOOM TECHNOLOGIES INC,ZOOM
183612, , ,3/31/11,Beijing,Zoom Technologies Inc,4520,452010,45,45201020,D,CHN,999990,9995, , ,C, ,ZOOM TECHNOLOGIES INC,ZOOM
183612, , ,4/30/11,Beijing,Zoom Technologies Inc,4520,452010,45,45201020,D,CHN,999990,9995, , ,C, ,ZOOM TECHNOLOGIES INC,ZOOM
183612, , ,5/31/11,Beijing,Zoom Technologies Inc,4520,452010,45,45201020,D,CHN,999990,9995, , ,C, ,ZOOM TECHNOLOGIES INC,ZOOM
183612, , ,6/30/11,Beijing,Zoom Technologies Inc,4520,452010,45,45201020,D,CHN,999990,9995, , ,C, ,ZOOM TECHNOLOGIES INC,ZOOM
183612, , ,7/31/11,Beijing,Zoom Technologies Inc,4520,452010,45,45201020,D,CHN,999990,9995, , ,C, ,ZOOM TECHNOLOGIES INC,ZOOM
183612, , ,8/31/11,Beijing,Zoom Technologies Inc,4520,452010,45,45201020,D,CHN,999990,9995, , ,C, ,ZOOM TECHNOLOGIES INC,ZOOM
183612, , ,9/30/11,Beijing,Zoom Technologies Inc,4520,452010,45,45201020,D,CHN,999990,9995, , ,C, ,ZOOM TECHNOLOGIES INC,ZOOM
183612, , ,10/31/11,Beijing,Zoom Technologies Inc,4520,452010,45,45201020,D,CHN,999990,9995, , ,C, ,ZOOM TECHNOLOGIES INC,ZOOM
183612, , ,11/30/11,Beijing,Zoom Technologies Inc,4520,452010,45,45201020,D,CHN,999990,9995, , ,C, ,ZOOM TECHNOLOGIES INC,ZOOM
183612, , ,12/31/11,Beijing,Zoom Technologies Inc,4520,452010,45,45201020,D,CHN,999990,9995, , ,C, ,ZOOM TECHNOLOGIES INC,ZOOM
183612, , ,1/31/12,Beijing,Zoom Technologies Inc,4520,452010,45,45201020,D,CHN,999990,9995, , ,C, ,ZOOM TECHNOLOGIES INC,ZOOM
183612, , ,2/29/12,Beijing,Zoom Technologies Inc,4520,452010,45,45201020,D,CHN,999990,9995, , ,C, ,ZOOM TECHNOLOGIES INC,ZOOM
183612, , ,3/31/12,Beijing,Zoom Technologies Inc,4520,452010,45,45201020,D,CHN,999990,9995, , ,C, ,ZOOM TECHNOLOGIES INC,ZOOM
183612, , ,4/30/12,Beijing,Zoom Technologies Inc,4520,452010,45,45201020,D,CHN,999990,9995, , ,C, ,ZOOM TECHNOLOGIES INC,ZOOM
183612, , ,5/31/12,Beijing,Zoom Technologies Inc,4520,452010,45,45201020,D,CHN,999990,9995, , ,C, ,ZOOM TECHNOLOGIES INC,ZOOM
183612, , ,6/30/12,Beijing,Zoom Technologies Inc,4520,452010,45,45201020,D,CHN,999990,9995, , ,C, ,ZOOM TECHNOLOGIES INC,ZOOM
183612, , ,7/31/12,Beijing,Zoom Technologies Inc,4520,452010,45,45201020,D,CHN,999990,9995, , ,C, ,ZOOM TECHNOLOGIES INC,ZOOM
183612, , ,8/31/12,Beijing,Zoom Technologies Inc,4520,452010,45,45201020,D,CHN,999990,9995, , ,C, ,ZOOM TECHNOLOGIES INC,ZOOM
183612, , ,9/30/12,Beijing,Zoom Technologies Inc,4520,452010,45,45201020,D,CHN,999990,9995, , ,C, ,ZOOM TECHNOLOGIES INC,ZOOM
183612, , ,10/31/12,Beijing,Zoom Technologies Inc,4520,452010,45,45201020,D,CHN,999990,9995, , ,C, ,ZOOM TECHNOLOGIES INC,ZOOM
183612, , ,11/30/12,Beijing,Zoom Technologies Inc,4520,452010,45,45201020,D,CHN,999990,9995, , ,C, ,ZOOM TECHNOLOGIES INC,ZOOM
183612, , ,12/31/12,Beijing,Zoom Technologies Inc,4520,452010,45,45201020,D,CHN,999990,9995, , ,C, ,ZOOM TECHNOLOGIES INC,ZOOM
183612, , ,1/31/13,Beijing,Zoom Technologies Inc,4520,452010,45,45201020,D,CHN,999990,9995, , ,C, ,ZOOM TECHNOLOGIES INC,ZOOM
183612, , ,2/28/13,Beijing,Zoom Technologies Inc,4520,452010,45,45201020,D,CHN,999990,9995, , ,C, ,ZOOM TECHNOLOGIES INC,ZOOM
183612, , ,3/31/13,Beijing,Zoom Technologies Inc,4520,452010,45,45201020,D,CHN,999990,9995, , ,C, ,ZOOM TECHNOLOGIES INC,ZOOM
183612, , ,4/30/13,Beijing,Zoom Technologies Inc,4520,452010,45,45201020,D,CHN,999990,9995, , ,C, ,ZOOM TECHNOLOGIES INC,ZOOM
183612, , ,5/31/13,Beijing,Zoom Technologies Inc,4520,452010,45,45201020,D,CHN,999990,9995, , ,C, ,ZOOM TECHNOLOGIES INC,ZOOM
183612, , ,6/30/13,Beijing,Zoom Technologies Inc,4520,452010,45,45201020,D,CHN,999990,9995, , ,C, ,ZOOM TECHNOLOGIES INC,ZOOM
183612, , ,7/31/13,Beijing,Zoom Technologies Inc,4520,452010,45,45201020,D,CHN,999990,9995, , ,C, ,ZOOM TECHNOLOGIES INC,ZOOM
183612, , ,8/31/13,Beijing,Zoom Technologies Inc,4520,452010,45,45201020,D,CHN,999990,9995, , ,C, ,ZOOM TECHNOLOGIES INC,ZOOM
183612, , ,9/30/13,Beijing,Zoom Technologies Inc,4520,452010,45,45201020,D,CHN,999990,9995, , ,C, ,ZOOM TECHNOLOGIES INC,ZOOM
183612, , ,10/31/13,Beijing,Zoom Technologies Inc,4520,452010,45,45201020,D,CHN,999990,9995, , ,C, ,ZOOM TECHNOLOGIES INC,ZOOM
183903, , ,3/31/12,Petaluma,Calix Inc,4520,452010,45,45201020,D,USA,334210,3661, , , ,CA,CALIX INC,CALX
183903, , ,4/30/12,Petaluma,Calix Inc,4520,452010,45,45201020,D,USA,334210,3661, , , ,CA,CALIX INC,CALX
183903, , ,5/31/12,Petaluma,Calix Inc,4520,452010,45,45201020,D,USA,334210,3661, , , ,CA,CALIX INC,CALX
183903, , ,6/30/12,Petaluma,Calix Inc,4520,452010,45,45201020,D,USA,334210,3661, , , ,CA,CALIX INC,CALX
183903, , ,7/31/12,Petaluma,Calix Inc,4520,452010,45,45201020,D,USA,334210,3661, , , ,CA,CALIX INC,CALX
183903, , ,8/31/12,Petaluma,Calix Inc,4520,452010,45,45201020,D,USA,334210,3661, , , ,CA,CALIX INC,CALX
183903, , ,9/30/12,Petaluma,Calix Inc,4520,452010,45,45201020,D,USA,334210,3661, , , ,CA,CALIX INC,CALX
183903, , ,10/31/12,Petaluma,Calix Inc,4520,452010,45,45201020,D,USA,334210,3661, , , ,CA,CALIX INC,CALX
183903, , ,11/30/12,Petaluma,Calix Inc,4520,452010,45,45201020,D,USA,334210,3661, , , ,CA,CALIX INC,CALX
183903, , ,12/31/12,Petaluma,Calix Inc,4520,452010,45,45201020,D,USA,334210,3661, , , ,CA,CALIX INC,CALX
183903, , ,1/31/13,Petaluma,Calix Inc,4520,452010,45,45201020,D,USA,334210,3661, , , ,CA,CALIX INC,CALX
183903, , ,2/28/13,Petaluma,Calix Inc,4520,452010,45,45201020,D,USA,334210,3661, , , ,CA,CALIX INC,CALX
183903, , ,3/31/13,Petaluma,Calix Inc,4520,452010,45,45201020,D,USA,334210,3661, , , ,CA,CALIX INC,CALX
183903, , ,4/30/13,Petaluma,Calix Inc,4520,452010,45,45201020,D,USA,334210,3661, , , ,CA,CALIX INC,CALX
183903, , ,5/31/13,Petaluma,Calix Inc,4520,452010,45,45201020,D,USA,334210,3661, , , ,CA,CALIX INC,CALX
183903, , ,6/30/13,Petaluma,Calix Inc,4520,452010,45,45201020,D,USA,334210,3661, , , ,CA,CALIX INC,CALX
183903, , ,7/31/13,Petaluma,Calix Inc,4520,452010,45,45201020,D,USA,334210,3661, , , ,CA,CALIX INC,CALX
183903, , ,8/31/13,Petaluma,Calix Inc,4520,452010,45,45201020,D,USA,334210,3661, , , ,CA,CALIX INC,CALX
183903, , ,9/30/13,Petaluma,Calix Inc,4520,452010,45,45201020,D,USA,334210,3661, , , ,CA,CALIX INC,CALX
183903, , ,10/31/13,Petaluma,Calix Inc,4520,452010,45,45201020,D,USA,334210,3661, , , ,CA,CALIX INC,CALX
184057, , ,3/31/12,Sunnyvale,Meru Networks Inc,4520,452010,45,45201020,D,USA,334210,3661, , , ,CA,MERU NETWORKS INC,MERU
184057, , ,4/30/12,Sunnyvale,Meru Networks Inc,4520,452010,45,45201020,D,USA,334210,3661, , , ,CA,MERU NETWORKS INC,MERU
184057, , ,5/31/12,Sunnyvale,Meru Networks Inc,4520,452010,45,45201020,D,USA,334210,3661, , , ,CA,MERU NETWORKS INC,MERU
184057, , ,6/30/12,Sunnyvale,Meru Networks Inc,4520,452010,45,45201020,D,USA,334210,3661, , , ,CA,MERU NETWORKS INC,MERU
184057, , ,7/31/12,Sunnyvale,Meru Networks Inc,4520,452010,45,45201020,D,USA,334210,3661, , , ,CA,MERU NETWORKS INC,MERU
184057, , ,8/31/12,Sunnyvale,Meru Networks Inc,4520,452010,45,45201020,D,USA,334210,3661, , , ,CA,MERU NETWORKS INC,MERU
184057, , ,9/30/12,Sunnyvale,Meru Networks Inc,4520,452010,45,45201020,D,USA,334210,3661, , , ,CA,MERU NETWORKS INC,MERU
184057, , ,10/31/12,Sunnyvale,Meru Networks Inc,4520,452010,45,45201020,D,USA,334210,3661, , , ,CA,MERU NETWORKS INC,MERU
184057, , ,11/30/12,Sunnyvale,Meru Networks Inc,4520,452010,45,45201020,D,USA,334210,3661, , , ,CA,MERU NETWORKS INC,MERU
184057, , ,12/31/12,Sunnyvale,Meru Networks Inc,4520,452010,45,45201020,D,USA,334210,3661, , , ,CA,MERU NETWORKS INC,MERU
184057, , ,1/31/13,Sunnyvale,Meru Networks Inc,4520,452010,45,45201020,D,USA,334210,3661, , , ,CA,MERU NETWORKS INC,MERU
184057, , ,2/28/13,Sunnyvale,Meru Networks Inc,4520,452010,45,45201020,D,USA,334210,3661, , , ,CA,MERU NETWORKS INC,MERU
184057, , ,3/31/13,Sunnyvale,Meru Networks Inc,4520,452010,45,45201020,D,USA,334210,3661, , , ,CA,MERU NETWORKS INC,MERU
184057, , ,4/30/13,Sunnyvale,Meru Networks Inc,4520,452010,45,45201020,D,USA,334210,3661, , , ,CA,MERU NETWORKS INC,MERU
184057, , ,5/31/13,Sunnyvale,Meru Networks Inc,4520,452010,45,45201020,D,USA,334210,3661, , , ,CA,MERU NETWORKS INC,MERU
184057, , ,6/30/13,Sunnyvale,Meru Networks Inc,4520,452010,45,45201020,D,USA,334210,3661, , , ,CA,MERU NETWORKS INC,MERU
184057, , ,7/31/13,Sunnyvale,Meru Networks Inc,4520,452010,45,45201020,D,USA,334210,3661, , , ,CA,MERU NETWORKS INC,MERU
184057, , ,8/31/13,Sunnyvale,Meru Networks Inc,4520,452010,45,45201020,D,USA,334210,3661, , , ,CA,MERU NETWORKS INC,MERU
184057, , ,9/30/13,Sunnyvale,Meru Networks Inc,4520,452010,45,45201020,D,USA,334210,3661, , , ,CA,MERU NETWORKS INC,MERU
184057, , ,10/31/13,Sunnyvale,Meru Networks Inc,4520,452010,45,45201020,D,USA,334210,3661, , , ,CA,MERU NETWORKS INC,MERU
184639, , ,11/30/12,Plainview,Aeroflex Holding Corp,4520,452030,45,45203015,D,USA,334413,3674, , , ,NY,AEROFLEX HOLDING CORP,ARX
184639, , ,12/31/12,Plainview,Aeroflex Holding Corp,4520,452030,45,45203015,D,USA,334413,3674, , , ,NY,AEROFLEX HOLDING CORP,ARX
184639, , ,1/31/13,Plainview,Aeroflex Holding Corp,4520,452030,45,45203015,D,USA,334413,3674, , , ,NY,AEROFLEX HOLDING CORP,ARX
184639, , ,2/28/13,Plainview,Aeroflex Holding Corp,4520,452030,45,45203015,D,USA,334413,3674, , , ,NY,AEROFLEX HOLDING CORP,ARX
184639, , ,3/31/13,Plainview,Aeroflex Holding Corp,4520,452030,45,45203015,D,USA,334413,3674, , , ,NY,AEROFLEX HOLDING CORP,ARX
184639, , ,4/30/13,Plainview,Aeroflex Holding Corp,4520,452030,45,45203015,D,USA,334413,3674, , , ,NY,AEROFLEX HOLDING CORP,ARX
184639, , ,5/31/13,Plainview,Aeroflex Holding Corp,4520,452030,45,45203015,D,USA,334413,3674, , , ,NY,AEROFLEX HOLDING CORP,ARX
184639, , ,6/30/13,Plainview,Aeroflex Holding Corp,4520,452030,45,45203015,D,USA,334413,3674, , , ,NY,AEROFLEX HOLDING CORP,ARX
184639, , ,7/31/13,Plainview,Aeroflex Holding Corp,4520,452030,45,45203015,D,USA,334413,3674, , , ,NY,AEROFLEX HOLDING CORP,ARX
184639, , ,8/31/13,Plainview,Aeroflex Holding Corp,4520,452030,45,45203015,D,USA,334413,3674, , , ,NY,AEROFLEX HOLDING CORP,ARX
184639, , ,9/30/13,Plainview,Aeroflex Holding Corp,4520,452030,45,45203015,D,USA,334413,3674, , , ,NY,AEROFLEX HOLDING CORP,ARX
184639, , ,10/31/13,Plainview,Aeroflex Holding Corp,4520,452030,45,45203015,D,USA,334413,3674, , , ,NY,AEROFLEX HOLDING CORP,ARX
185138, , ,6/30/12,Malvern,Vishay Precision Group Inc,4520,452030,45,45203010,D,USA,334413,3674, , , ,PA,VISHAY PRECISION GROUP INC,VPG
185138, , ,7/31/12,Malvern,Vishay Precision Group Inc,4520,452030,45,45203010,D,USA,334413,3674, , , ,PA,VISHAY PRECISION GROUP INC,VPG
185138, , ,8/31/12,Malvern,Vishay Precision Group Inc,4520,452030,45,45203010,D,USA,334413,3674, , , ,PA,VISHAY PRECISION GROUP INC,VPG
185138, , ,9/30/12,Malvern,Vishay Precision Group Inc,4520,452030,45,45203010,D,USA,334413,3674, , , ,PA,VISHAY PRECISION GROUP INC,VPG
185138, , ,10/31/12,Malvern,Vishay Precision Group Inc,4520,452030,45,45203010,D,USA,334413,3674, , , ,PA,VISHAY PRECISION GROUP INC,VPG
185138, , ,11/30/12,Malvern,Vishay Precision Group Inc,4520,452030,45,45203010,D,USA,334413,3674, , , ,PA,VISHAY PRECISION GROUP INC,VPG
185138, , ,12/31/12,Malvern,Vishay Precision Group Inc,4520,452030,45,45203010,D,USA,334413,3674, , , ,PA,VISHAY PRECISION GROUP INC,VPG
185138, , ,1/31/13,Malvern,Vishay Precision Group Inc,4520,452030,45,45203010,D,USA,334413,3674, , , ,PA,VISHAY PRECISION GROUP INC,VPG
185138, , ,2/28/13,Malvern,Vishay Precision Group Inc,4520,452030,45,45203010,D,USA,334413,3674, , , ,PA,VISHAY PRECISION GROUP INC,VPG
185138, , ,3/31/13,Malvern,Vishay Precision Group Inc,4520,452030,45,45203010,D,USA,334413,3674, , , ,PA,VISHAY PRECISION GROUP INC,VPG
185138, , ,4/30/13,Malvern,Vishay Precision Group Inc,4520,452030,45,45203010,D,USA,334413,3674, , , ,PA,VISHAY PRECISION GROUP INC,VPG
185138, , ,5/31/13,Malvern,Vishay Precision Group Inc,4520,452030,45,45203010,D,USA,334413,3674, , , ,PA,VISHAY PRECISION GROUP INC,VPG
185138, , ,6/30/13,Malvern,Vishay Precision Group Inc,4520,452030,45,45203010,D,USA,334413,3674, , , ,PA,VISHAY PRECISION GROUP INC,VPG
185138, , ,7/31/13,Malvern,Vishay Precision Group Inc,4520,452030,45,45203010,D,USA,334413,3674, , , ,PA,VISHAY PRECISION GROUP INC,VPG
185138, , ,8/31/13,Malvern,Vishay Precision Group Inc,4520,452030,45,45203010,D,USA,334413,3674, , , ,PA,VISHAY PRECISION GROUP INC,VPG
185138, , ,9/30/13,Malvern,Vishay Precision Group Inc,4520,452030,45,45203010,D,USA,334413,3674, , , ,PA,VISHAY PRECISION GROUP INC,VPG
185138, , ,10/31/13,Malvern,Vishay Precision Group Inc,4520,452030,45,45203010,D,USA,334413,3674, , , ,PA,VISHAY PRECISION GROUP INC,VPG
185179,B+, ,1/31/13,Alvarado,Sabre Industries Inc,4520,452010,45,45201020,D,USA,332312,3440, , , ,TX,SABRE INDUSTRIES INC  -REDH,SABR.2
185557,BB-, ,5/31/11,Essen,Elster Group SE,4520,452030,45,45203010,D,DEU,334514,3824, , , , ,ELSTER GROUP SE  -ADR,ELTTY
185557,BB-, ,6/30/11,Essen,Elster Group SE,4520,452030,45,45203010,D,DEU,334514,3824, , , , ,ELSTER GROUP SE  -ADR,ELTTY
185557,BB-, ,7/31/11,Essen,Elster Group SE,4520,452030,45,45203010,D,DEU,334514,3824, , , , ,ELSTER GROUP SE  -ADR,ELTTY
185557,BB-, ,8/31/11,Essen,Elster Group SE,4520,452030,45,45203010,D,DEU,334514,3824, , , , ,ELSTER GROUP SE  -ADR,ELTTY
185557,BB-, ,9/30/11,Essen,Elster Group SE,4520,452030,45,45203010,D,DEU,334514,3824, , , , ,ELSTER GROUP SE  -ADR,ELTTY
185557,BB-, ,10/31/11,Essen,Elster Group SE,4520,452030,45,45203010,D,DEU,334514,3824, , , , ,ELSTER GROUP SE  -ADR,ELTTY
185557,BB-, ,11/30/11,Essen,Elster Group SE,4520,452030,45,45203010,D,DEU,334514,3824, , , , ,ELSTER GROUP SE  -ADR,ELTTY
185557,BB-, ,12/31/11,Essen,Elster Group SE,4520,452030,45,45203010,D,DEU,334514,3824, , , , ,ELSTER GROUP SE  -ADR,ELTTY
185557,BB-, ,1/31/12,Essen,Elster Group SE,4520,452030,45,45203010,D,DEU,334514,3824, , , , ,ELSTER GROUP SE  -ADR,ELTTY
185557,BB-, ,2/29/12,Essen,Elster Group SE,4520,452030,45,45203010,D,DEU,334514,3824, , , , ,ELSTER GROUP SE  -ADR,ELTTY
185557,BB-, ,3/31/12,Essen,Elster Group SE,4520,452030,45,45203010,D,DEU,334514,3824, , , , ,ELSTER GROUP SE  -ADR,ELTTY
185557,BB-, ,4/30/12,Essen,Elster Group SE,4520,452030,45,45203010,D,DEU,334514,3824, , , , ,ELSTER GROUP SE  -ADR,ELTTY
185557,BB-, ,5/31/12,Essen,Elster Group SE,4520,452030,45,45203010,D,DEU,334514,3824, , , , ,ELSTER GROUP SE  -ADR,ELTTY
185557,BB-, ,6/30/12,Essen,Elster Group SE,4520,452030,45,45203010,D,DEU,334514,3824, , , , ,ELSTER GROUP SE  -ADR,ELTTY
185557,BB-, ,7/31/12,Essen,Elster Group SE,4520,452030,45,45203010,D,DEU,334514,3824, , , , ,ELSTER GROUP SE  -ADR,ELTTY
185557,BB-, ,8/31/12,Essen,Elster Group SE,4520,452030,45,45203010,D,DEU,334514,3824, , , , ,ELSTER GROUP SE  -ADR,ELTTY
185557,BB-, ,9/30/12,Essen,Elster Group SE,4520,452030,45,45203010,D,DEU,334514,3824, , , , ,ELSTER GROUP SE  -ADR,ELTTY
185557,BB-, ,10/31/12,Essen,Elster Group SE,4520,452030,45,45203010,D,DEU,334514,3824, , , , ,ELSTER GROUP SE  -ADR,ELTTY
185557,BB-, ,11/30/12,Essen,Elster Group SE,4520,452030,45,45203010,D,DEU,334514,3824, , , , ,ELSTER GROUP SE  -ADR,ELTTY
185557, , ,12/31/12,Essen,Elster Group SE,4520,452030,45,45203010,D,DEU,334514,3824, , , , ,ELSTER GROUP SE  -ADR,ELTTY
185557, , ,1/31/13,Essen,Elster Group SE,4520,452030,45,45203010,D,DEU,334514,3824, , , , ,ELSTER GROUP SE  -ADR,ELTTY
185557, , ,2/28/13,Essen,Elster Group SE,4520,452030,45,45203010,D,DEU,334514,3824, , , , ,ELSTER GROUP SE  -ADR,ELTTY
185557, , ,3/31/13,Essen,Elster Group SE,4520,452030,45,45203010,D,DEU,334514,3824, , , , ,ELSTER GROUP SE  -ADR,ELTTY
185557, , ,4/30/13,Essen,Elster Group SE,4520,452030,45,45203010,D,DEU,334514,3824, , , , ,ELSTER GROUP SE  -ADR,ELTTY
185557, , ,5/31/13,Essen,Elster Group SE,4520,452030,45,45203010,D,DEU,334514,3824, , , , ,ELSTER GROUP SE  -ADR,ELTTY
185557, , ,6/30/13,Essen,Elster Group SE,4520,452030,45,45203010,D,DEU,334514,3824, , , , ,ELSTER GROUP SE  -ADR,ELTTY
185557, , ,7/31/13,Essen,Elster Group SE,4520,452030,45,45203010,D,DEU,334514,3824, , , , ,ELSTER GROUP SE  -ADR,ELTTY
185557, , ,8/31/13,Essen,Elster Group SE,4520,452030,45,45203010,D,DEU,334514,3824, , , , ,ELSTER GROUP SE  -ADR,ELTTY
185557, , ,9/30/13,Essen,Elster Group SE,4520,452030,45,45203010,D,DEU,334514,3824, , , , ,ELSTER GROUP SE  -ADR,ELTTY
185557, , ,10/31/13,Essen,Elster Group SE,4520,452030,45,45203010,D,DEU,334514,3824, , , , ,ELSTER GROUP SE  -ADR,ELTTY
185661, , ,10/31/12,Milpitas,Dialogic Inc,4520,452010,45,45201020,D,USA,3342,3576, , , ,CA,DIALOGIC INC,DLGC
185661, , ,11/30/12,Milpitas,Dialogic Inc,4520,452010,45,45201020,D,USA,3342,3576, , , ,CA,DIALOGIC INC,DLGC
185661, , ,12/31/12,Milpitas,Dialogic Inc,4520,452010,45,45201020,D,USA,3342,3576, , , ,CA,DIALOGIC INC,DLGC
185661, , ,1/31/13,Milpitas,Dialogic Inc,4520,452010,45,45201020,D,USA,3342,3576, , , ,CA,DIALOGIC INC,DLGC
185661, , ,2/28/13,Milpitas,Dialogic Inc,4520,452010,45,45201020,D,USA,3342,3576, , , ,CA,DIALOGIC INC,DLGC
185661, , ,3/31/13,Milpitas,Dialogic Inc,4520,452010,45,45201020,D,USA,3342,3576, , , ,CA,DIALOGIC INC,DLGC
185661, , ,4/30/13,Milpitas,Dialogic Inc,4520,452010,45,45201020,D,USA,3342,3576, , , ,CA,DIALOGIC INC,DLGC
185661, , ,5/31/13,Milpitas,Dialogic Inc,4520,452010,45,45201020,D,USA,3342,3576, , , ,CA,DIALOGIC INC,DLGC
185661, , ,6/30/13,Milpitas,Dialogic Inc,4520,452010,45,45201020,D,USA,3342,3576, , , ,CA,DIALOGIC INC,DLGC
185661, , ,7/31/13,Milpitas,Dialogic Inc,4520,452010,45,45201020,D,USA,3342,3576, , , ,CA,DIALOGIC INC,DLGC
185661, , ,8/31/13,Milpitas,Dialogic Inc,4520,452010,45,45201020,D,USA,3342,3576, , , ,CA,DIALOGIC INC,DLGC
185661, , ,9/30/13,Milpitas,Dialogic Inc,4520,452010,45,45201020,D,USA,3342,3576, , , ,CA,DIALOGIC INC,DLGC
185661, , ,10/31/13,Milpitas,Dialogic Inc,4520,452010,45,45201020,D,USA,3342,3576, , , ,CA,DIALOGIC INC,DLGC
185664, , ,10/31/12,Poway,Parametric Sound Corp-Old,4520,452030,45,45203015,D,USA,334310,3651, , , ,CA,PARAMETRIC SOUND CORP-OLD,PAMT.1
185664, , ,11/30/12,Poway,Parametric Sound Corp-Old,4520,452030,45,45203015,D,USA,334310,3651, , , ,CA,PARAMETRIC SOUND CORP-OLD,PAMT.1
185664, , ,12/31/12,Poway,Parametric Sound Corp-Old,4520,452030,45,45203015,D,USA,334310,3651, , , ,CA,PARAMETRIC SOUND CORP-OLD,PAMT.1
185664, , ,1/31/13,Poway,Parametric Sound Corp-Old,4520,452030,45,45203015,D,USA,334310,3651, , , ,CA,PARAMETRIC SOUND CORP-OLD,PAMT.1
185664, , ,2/28/13,Poway,Parametric Sound Corp-Old,4520,452030,45,45203015,D,USA,334310,3651, , , ,CA,PARAMETRIC SOUND CORP-OLD,PAMT.1
185664, , ,3/31/13,Poway,Parametric Sound Corp-Old,4520,452030,45,45203015,D,USA,334310,3651, , , ,CA,PARAMETRIC SOUND CORP-OLD,PAMT.1
185664, , ,4/30/13,Poway,Parametric Sound Corp-Old,4520,452030,45,45203015,D,USA,334310,3651, , , ,CA,PARAMETRIC SOUND CORP-OLD,PAMT.1
185664, , ,5/31/13,Poway,Parametric Sound Corp-Old,4520,452030,45,45203015,D,USA,334310,3651, , , ,CA,PARAMETRIC SOUND CORP-OLD,PAMT.1
185664, , ,6/30/13,Poway,Parametric Sound Corp-Old,4520,452030,45,45203015,D,USA,334310,3651, , , ,CA,PARAMETRIC SOUND CORP-OLD,PAMT.1
185664, , ,7/31/13,Poway,Parametric Sound Corp-Old,4520,452030,45,45203015,D,USA,334310,3651, , , ,CA,PARAMETRIC SOUND CORP-OLD,PAMT.1
185664, , ,8/31/13,Poway,Parametric Sound Corp-Old,4520,452030,45,45203015,D,USA,334310,3651, , , ,CA,PARAMETRIC SOUND CORP-OLD,PAMT.1
185664, , ,9/30/13,Poway,Parametric Sound Corp-Old,4520,452030,45,45203015,D,USA,334310,3651, , , ,CA,PARAMETRIC SOUND CORP-OLD,PAMT.1
185664, , ,10/31/13,Poway,Parametric Sound Corp-Old,4520,452030,45,45203015,D,USA,334310,3651, , , ,CA,PARAMETRIC SOUND CORP-OLD,PAMT.1
186509, , ,7/31/13,Newport Beach,AirTouch Communications Inc,4520,452010,45,45201020,D,USA,334210,3661, , , ,CA,AIRTOUCH COMMUNICATIONS INC,ATCH
186509, , ,8/31/13,Newport Beach,AirTouch Communications Inc,4520,452010,45,45201020,D,USA,334210,3661, , , ,CA,AIRTOUCH COMMUNICATIONS INC,ATCH
186509, , ,9/30/13,Newport Beach,AirTouch Communications Inc,4520,452010,45,45201020,D,USA,334210,3661, , , ,CA,AIRTOUCH COMMUNICATIONS INC,ATCH
186509, , ,10/31/13,Newport Beach,AirTouch Communications Inc,4520,452010,45,45201020,D,USA,334210,3661, , , ,CA,AIRTOUCH COMMUNICATIONS INC,ATCH
186683, , ,6/30/13,Salt Lake City,Fusion-io Inc,4520,452020,45,45202030,D,USA,334112,3572, , , ,UT,FUSION-IO INC,FIO
186683, , ,7/31/13,Salt Lake City,Fusion-io Inc,4520,452020,45,45202030,D,USA,334112,3572, , , ,UT,FUSION-IO INC,FIO
186683, , ,8/31/13,Salt Lake City,Fusion-io Inc,4520,452020,45,45202030,D,USA,334112,3572, , , ,UT,FUSION-IO INC,FIO
186683, , ,9/30/13,Salt Lake City,Fusion-io Inc,4520,452020,45,45202030,D,USA,334112,3572, , , ,UT,FUSION-IO INC,FIO
186683, , ,10/31/13,Salt Lake City,Fusion-io Inc,4520,452020,45,45202030,D,USA,334112,3572, , , ,UT,FUSION-IO INC,FIO
187375, , ,6/30/13,Addison,RMG Networks Holding Corp,4520,452030,45,45203010,D,USA,334118,3577, , , ,TX,RMG NETWORKS HOLDING CORP,RMGN
187375, , ,7/31/13,Addison,RMG Networks Holding Corp,4520,452030,45,45203010,D,USA,334118,3577, , , ,TX,RMG NETWORKS HOLDING CORP,RMGN
187375, , ,8/31/13,Addison,RMG Networks Holding Corp,4520,452030,45,45203010,D,USA,334118,3577, , , ,TX,RMG NETWORKS HOLDING CORP,RMGN
187375, , ,9/30/13,Addison,RMG Networks Holding Corp,4520,452030,45,45203010,D,USA,334118,3577, , , ,TX,RMG NETWORKS HOLDING CORP,RMGN
187375, , ,10/31/13,Addison,RMG Networks Holding Corp,4520,452030,45,45203010,D,USA,334118,3577, , , ,TX,RMG NETWORKS HOLDING CORP,RMGN
187462, , ,10/31/13,San Jose,Ubiquiti Networks Inc,4520,452010,45,45201020,D,USA,334220,3663, , , ,CA,UBIQUITI NETWORKS INC,UBNT
230796, , ,1/31/10,Fremont,ActivIdentity Corp,4520,452020,45,45202020,B,USA,541519,7370,185,940,C,CA,ACTIVIDENTITY CORP,ACTI
230796, , ,2/28/10,Fremont,ActivIdentity Corp,4520,452020,45,45202020,B,USA,541519,7370,185,940,C,CA,ACTIVIDENTITY CORP,ACTI
230796, , ,3/31/10,Fremont,ActivIdentity Corp,4520,452020,45,45202020,B,USA,541519,7370,185,940,C,CA,ACTIVIDENTITY CORP,ACTI
230796, , ,4/30/10,Fremont,ActivIdentity Corp,4520,452020,45,45202020,B,USA,541519,7370,185,940,C,CA,ACTIVIDENTITY CORP,ACTI
230796, , ,5/31/10,Fremont,ActivIdentity Corp,4520,452020,45,45202020,B,USA,541519,7370,185,940,C,CA,ACTIVIDENTITY CORP,ACTI
230796, , ,6/30/10,Fremont,ActivIdentity Corp,4520,452020,45,45202020,B,USA,541519,7370,185,940,C,CA,ACTIVIDENTITY CORP,ACTI
230796, , ,7/31/10,Fremont,ActivIdentity Corp,4520,452020,45,45202020,B,USA,541519,7370,185,940,C,CA,ACTIVIDENTITY CORP,ACTI
230796, , ,8/31/10,Fremont,ActivIdentity Corp,4520,452020,45,45202020,B,USA,541519,7370,185,940,C,CA,ACTIVIDENTITY CORP,ACTI
230796, , ,9/30/10,Fremont,ActivIdentity Corp,4520,452020,45,45202020,B,USA,541519,7370,185,940,C,CA,ACTIVIDENTITY CORP,ACTI
230796, , ,10/31/10,Fremont,ActivIdentity Corp,4520,452020,45,45202020,B,USA,541519,7370,185,940,C,CA,ACTIVIDENTITY CORP,ACTI
230796, , ,11/30/10,Fremont,ActivIdentity Corp,4520,452020,45,45202020,B,USA,541519,7370,185,940,C,CA,ACTIVIDENTITY CORP,ACTI
230796, , ,12/31/10,Fremont,ActivIdentity Corp,4520,452020,45,45202020,B,USA,541519,7370,185,940,C,CA,ACTIVIDENTITY CORP,ACTI
242977, , ,1/31/10,Hsinchu,Au Optronics Corp,4520,452030,45,45203015,B,TWN,334413,3674,235,940, , ,AU OPTRONICS CORP,AUO
242977, , ,2/28/10,Hsinchu,Au Optronics Corp,4520,452030,45,45203015,B,TWN,334413,3674,235,940, , ,AU OPTRONICS CORP,AUO
242977, , ,3/31/10,Hsinchu,Au Optronics Corp,4520,452030,45,45203015,B,TWN,334413,3674,235,940, , ,AU OPTRONICS CORP,AUO
242977, , ,4/30/10,Hsinchu,Au Optronics Corp,4520,452030,45,45203015,B,TWN,334413,3674,235,940, , ,AU OPTRONICS CORP,AUO
242977, , ,5/31/10,Hsinchu,Au Optronics Corp,4520,452030,45,45203015,B,TWN,334413,3674,235,940, , ,AU OPTRONICS CORP,AUO
242977, , ,6/30/10,Hsinchu,Au Optronics Corp,4520,452030,45,45203015,B,TWN,334413,3674,235,940, , ,AU OPTRONICS CORP,AUO
242977, , ,7/31/10,Hsinchu,Au Optronics Corp,4520,452030,45,45203015,B,TWN,334413,3674,235,940, , ,AU OPTRONICS CORP,AUO
242977, , ,8/31/10,Hsinchu,Au Optronics Corp,4520,452030,45,45203015,B,TWN,334413,3674,235,940, , ,AU OPTRONICS CORP,AUO
242977, , ,9/30/10,Hsinchu,Au Optronics Corp,4520,452030,45,45203015,B,TWN,334413,3674,235,940, , ,AU OPTRONICS CORP,AUO
242977, , ,10/31/10,Hsinchu,Au Optronics Corp,4520,452030,45,45203015,B,TWN,334413,3674,235,940, , ,AU OPTRONICS CORP,AUO
242977, , ,11/30/10,Hsinchu,Au Optronics Corp,4520,452030,45,45203015,B,TWN,334413,3674,235,940, , ,AU OPTRONICS CORP,AUO
242977, , ,12/31/10,Hsinchu,Au Optronics Corp,4520,452030,45,45203015,B,TWN,334413,3674,235,940, , ,AU OPTRONICS CORP,AUO
242977, , ,1/31/11,Hsinchu,Au Optronics Corp,4520,452030,45,45203015,B,TWN,334413,3674,235,940, , ,AU OPTRONICS CORP,AUO
242977, , ,2/28/11,Hsinchu,Au Optronics Corp,4520,452030,45,45203015,B,TWN,334413,3674,235,940, , ,AU OPTRONICS CORP,AUO
242977, , ,3/31/11,Hsinchu,Au Optronics Corp,4520,452030,45,45203015,B,TWN,334413,3674,235,940, , ,AU OPTRONICS CORP,AUO
242977, , ,4/30/11,Hsinchu,Au Optronics Corp,4520,452030,45,45203015,B,TWN,334413,3674,235,940, , ,AU OPTRONICS CORP,AUO
242977, , ,5/31/11,Hsinchu,Au Optronics Corp,4520,452030,45,45203015,B,TWN,334413,3674,235,940, , ,AU OPTRONICS CORP,AUO
242977, , ,6/30/11,Hsinchu,Au Optronics Corp,4520,452030,45,45203015,B,TWN,334413,3674,235,940, , ,AU OPTRONICS CORP,AUO
242977, , ,7/31/11,Hsinchu,Au Optronics Corp,4520,452030,45,45203015,B,TWN,334413,3674,235,940, , ,AU OPTRONICS CORP,AUO
242977, , ,8/31/11,Hsinchu,Au Optronics Corp,4520,452030,45,45203015,B,TWN,334413,3674,235,940, , ,AU OPTRONICS CORP,AUO
242977, , ,9/30/11,Hsinchu,Au Optronics Corp,4520,452030,45,45203015,B,TWN,334413,3674,235,940, , ,AU OPTRONICS CORP,AUO
242977, , ,10/31/11,Hsinchu,Au Optronics Corp,4520,452030,45,45203015,B,TWN,334413,3674,235,940, , ,AU OPTRONICS CORP,AUO
242977, , ,11/30/11,Hsinchu,Au Optronics Corp,4520,452030,45,45203015,B,TWN,334413,3674,235,940, , ,AU OPTRONICS CORP,AUO
242977, , ,12/31/11,Hsinchu,Au Optronics Corp,4520,452030,45,45203015,B,TWN,334413,3674,235,940, , ,AU OPTRONICS CORP,AUO
242977, , ,1/31/12,Hsinchu,Au Optronics Corp,4520,452030,45,45203015,B,TWN,334413,3674,235,940, , ,AU OPTRONICS CORP,AUO
242977, , ,2/29/12,Hsinchu,Au Optronics Corp,4520,452030,45,45203015,B,TWN,334413,3674,235,940, , ,AU OPTRONICS CORP,AUO
242977, , ,3/31/12,Hsinchu,Au Optronics Corp,4520,452030,45,45203015,B,TWN,334413,3674,235,940, , ,AU OPTRONICS CORP,AUO
242977, , ,4/30/12,Hsinchu,Au Optronics Corp,4520,452030,45,45203015,B,TWN,334413,3674,235,940, , ,AU OPTRONICS CORP,AUO
242977, , ,5/31/12,Hsinchu,Au Optronics Corp,4520,452030,45,45203015,B,TWN,334413,3674,235,940, , ,AU OPTRONICS CORP,AUO
242977, , ,6/30/12,Hsinchu,Au Optronics Corp,4520,452030,45,45203015,B,TWN,334413,3674,235,940, , ,AU OPTRONICS CORP,AUO
242977, , ,7/31/12,Hsinchu,Au Optronics Corp,4520,452030,45,45203015,B,TWN,334413,3674,235,940, , ,AU OPTRONICS CORP,AUO
242977, , ,8/31/12,Hsinchu,Au Optronics Corp,4520,452030,45,45203015,B,TWN,334413,3674,235,940, , ,AU OPTRONICS CORP,AUO
242977, , ,9/30/12,Hsinchu,Au Optronics Corp,4520,452030,45,45203015,B,TWN,334413,3674,235,940, , ,AU OPTRONICS CORP,AUO
242977, , ,10/31/12,Hsinchu,Au Optronics Corp,4520,452030,45,45203015,B,TWN,334413,3674,235,940, , ,AU OPTRONICS CORP,AUO
242977, , ,11/30/12,Hsinchu,Au Optronics Corp,4520,452030,45,45203015,B,TWN,334413,3674,235,940, , ,AU OPTRONICS CORP,AUO
242977, , ,12/31/12,Hsinchu,Au Optronics Corp,4520,452030,45,45203015,B,TWN,334413,3674,235,940, , ,AU OPTRONICS CORP,AUO
242977, , ,1/31/13,Hsinchu,Au Optronics Corp,4520,452030,45,45203015,B,TWN,334413,3674,235,940, , ,AU OPTRONICS CORP,AUO
242977, , ,2/28/13,Hsinchu,Au Optronics Corp,4520,452030,45,45203015,B,TWN,334413,3674,235,940, , ,AU OPTRONICS CORP,AUO
242977, , ,3/31/13,Hsinchu,Au Optronics Corp,4520,452030,45,45203015,B,TWN,334413,3674,235,940, , ,AU OPTRONICS CORP,AUO
242977, , ,4/30/13,Hsinchu,Au Optronics Corp,4520,452030,45,45203015,B,TWN,334413,3674,235,940, , ,AU OPTRONICS CORP,AUO
242977, , ,5/31/13,Hsinchu,Au Optronics Corp,4520,452030,45,45203015,B,TWN,334413,3674,235,940, , ,AU OPTRONICS CORP,AUO
242977, , ,6/30/13,Hsinchu,Au Optronics Corp,4520,452030,45,45203015,B,TWN,334413,3674,235,940, , ,AU OPTRONICS CORP,AUO
242977, , ,7/31/13,Hsinchu,Au Optronics Corp,4520,452030,45,45203015,B,TWN,334413,3674,235,940, , ,AU OPTRONICS CORP,AUO
242977, , ,8/31/13,Hsinchu,Au Optronics Corp,4520,452030,45,45203015,B,TWN,334413,3674,235,940, , ,AU OPTRONICS CORP,AUO
242977, , ,9/30/13,Hsinchu,Au Optronics Corp,4520,452030,45,45203015,B,TWN,334413,3674,235,940, , ,AU OPTRONICS CORP,AUO
242977, , ,10/31/13,Hsinchu,Au Optronics Corp,4520,452030,45,45203015,B,TWN,334413,3674,235,940, , ,AU OPTRONICS CORP,AUO
244641, , ,1/31/10,Azour,Ituran Location and Control Ltd,4520,452010,45,45201020,B,ISR,517919,4899, , , , ,ITURAN LOCATION & CONTROL,ITRN
244641, , ,2/28/10,Azour,Ituran Location and Control Ltd,4520,452010,45,45201020,B,ISR,517919,4899, , , , ,ITURAN LOCATION & CONTROL,ITRN
244641, , ,3/31/10,Azour,Ituran Location and Control Ltd,4520,452010,45,45201020,B,ISR,517919,4899, , , , ,ITURAN LOCATION & CONTROL,ITRN
244641, , ,4/30/10,Azour,Ituran Location and Control Ltd,4520,452010,45,45201020,B,ISR,517919,4899, , , , ,ITURAN LOCATION & CONTROL,ITRN
244641, , ,5/31/10,Azour,Ituran Location and Control Ltd,4520,452010,45,45201020,B,ISR,517919,4899, , , , ,ITURAN LOCATION & CONTROL,ITRN
244641, , ,6/30/10,Azour,Ituran Location and Control Ltd,4520,452010,45,45201020,B,ISR,517919,4899, , , , ,ITURAN LOCATION & CONTROL,ITRN
244641, , ,7/31/10,Azour,Ituran Location and Control Ltd,4520,452010,45,45201020,B,ISR,517919,4899, , , , ,ITURAN LOCATION & CONTROL,ITRN
244641, , ,8/31/10,Azour,Ituran Location and Control Ltd,4520,452010,45,45201020,B,ISR,517919,4899, , , , ,ITURAN LOCATION & CONTROL,ITRN
244641, , ,9/30/10,Azour,Ituran Location and Control Ltd,4520,452010,45,45201020,B,ISR,517919,4899, , , , ,ITURAN LOCATION & CONTROL,ITRN
244641, , ,10/31/10,Azour,Ituran Location and Control Ltd,4520,452010,45,45201020,B,ISR,517919,4899, , , , ,ITURAN LOCATION & CONTROL,ITRN
244641, , ,11/30/10,Azour,Ituran Location and Control Ltd,4520,452010,45,45201020,B,ISR,517919,4899, , , , ,ITURAN LOCATION & CONTROL,ITRN
244641, , ,12/31/10,Azour,Ituran Location and Control Ltd,4520,452010,45,45201020,B,ISR,517919,4899, , , , ,ITURAN LOCATION & CONTROL,ITRN
244641, , ,1/31/11,Azour,Ituran Location and Control Ltd,4520,452010,45,45201020,B,ISR,517919,4899, , , , ,ITURAN LOCATION & CONTROL,ITRN
244641, , ,2/28/11,Azour,Ituran Location and Control Ltd,4520,452010,45,45201020,B,ISR,517919,4899, , , , ,ITURAN LOCATION & CONTROL,ITRN
244641, , ,3/31/11,Azour,Ituran Location and Control Ltd,4520,452010,45,45201020,B,ISR,517919,4899, , , , ,ITURAN LOCATION & CONTROL,ITRN
244641, , ,4/30/11,Azour,Ituran Location and Control Ltd,4520,452010,45,45201020,B,ISR,517919,4899, , , , ,ITURAN LOCATION & CONTROL,ITRN
244641, , ,5/31/11,Azour,Ituran Location and Control Ltd,4520,452010,45,45201020,B,ISR,517919,4899, , , , ,ITURAN LOCATION & CONTROL,ITRN
244641, , ,6/30/11,Azour,Ituran Location and Control Ltd,4520,452010,45,45201020,B,ISR,517919,4899, , , , ,ITURAN LOCATION & CONTROL,ITRN
244641, , ,7/31/11,Azour,Ituran Location and Control Ltd,4520,452010,45,45201020,B,ISR,517919,4899, , , , ,ITURAN LOCATION & CONTROL,ITRN
244641, , ,8/31/11,Azour,Ituran Location and Control Ltd,4520,452010,45,45201020,B,ISR,517919,4899, , , , ,ITURAN LOCATION & CONTROL,ITRN
244641, , ,9/30/11,Azour,Ituran Location and Control Ltd,4520,452010,45,45201020,B,ISR,517919,4899, , , , ,ITURAN LOCATION & CONTROL,ITRN
244641, , ,10/31/11,Azour,Ituran Location and Control Ltd,4520,452010,45,45201020,B,ISR,517919,4899, , , , ,ITURAN LOCATION & CONTROL,ITRN
244641, , ,11/30/11,Azour,Ituran Location and Control Ltd,4520,452010,45,45201020,B,ISR,517919,4899, , , , ,ITURAN LOCATION & CONTROL,ITRN
244641, , ,12/31/11,Azour,Ituran Location and Control Ltd,4520,452010,45,45201020,B,ISR,517919,4899, , , , ,ITURAN LOCATION & CONTROL,ITRN
244641, , ,1/31/12,Azour,Ituran Location and Control Ltd,4520,452010,45,45201020,B,ISR,517919,4899, , , , ,ITURAN LOCATION & CONTROL,ITRN
244641, , ,2/29/12,Azour,Ituran Location and Control Ltd,4520,452010,45,45201020,B,ISR,517919,4899, , , , ,ITURAN LOCATION & CONTROL,ITRN
244641, , ,3/31/12,Azour,Ituran Location and Control Ltd,4520,452010,45,45201020,B,ISR,517919,4899, , , , ,ITURAN LOCATION & CONTROL,ITRN
244641, , ,4/30/12,Azour,Ituran Location and Control Ltd,4520,452010,45,45201020,B,ISR,517919,4899, , , , ,ITURAN LOCATION & CONTROL,ITRN
244641, , ,5/31/12,Azour,Ituran Location and Control Ltd,4520,452010,45,45201020,B,ISR,517919,4899, , , , ,ITURAN LOCATION & CONTROL,ITRN
244641, , ,6/30/12,Azour,Ituran Location and Control Ltd,4520,452010,45,45201020,B,ISR,517919,4899, , , , ,ITURAN LOCATION & CONTROL,ITRN
244641, , ,7/31/12,Azour,Ituran Location and Control Ltd,4520,452010,45,45201020,B,ISR,517919,4899, , , , ,ITURAN LOCATION & CONTROL,ITRN
244641, , ,8/31/12,Azour,Ituran Location and Control Ltd,4520,452010,45,45201020,B,ISR,517919,4899, , , , ,ITURAN LOCATION & CONTROL,ITRN
244641, , ,9/30/12,Azour,Ituran Location and Control Ltd,4520,452010,45,45201020,B,ISR,517919,4899, , , , ,ITURAN LOCATION & CONTROL,ITRN
244641, , ,10/31/12,Azour,Ituran Location and Control Ltd,4520,452010,45,45201020,B,ISR,517919,4899, , , , ,ITURAN LOCATION & CONTROL,ITRN
244641, , ,11/30/12,Azour,Ituran Location and Control Ltd,4520,452010,45,45201020,B,ISR,517919,4899, , , , ,ITURAN LOCATION & CONTROL,ITRN
244641, , ,12/31/12,Azour,Ituran Location and Control Ltd,4520,452010,45,45201020,B,ISR,517919,4899, , , , ,ITURAN LOCATION & CONTROL,ITRN
244641, , ,1/31/13,Azour,Ituran Location and Control Ltd,4520,452010,45,45201020,B,ISR,517919,4899, , , , ,ITURAN LOCATION & CONTROL,ITRN
244641, , ,2/28/13,Azour,Ituran Location and Control Ltd,4520,452010,45,45201020,B,ISR,517919,4899, , , , ,ITURAN LOCATION & CONTROL,ITRN
244641, , ,3/31/13,Azour,Ituran Location and Control Ltd,4520,452010,45,45201020,B,ISR,517919,4899, , , , ,ITURAN LOCATION & CONTROL,ITRN
244641, , ,4/30/13,Azour,Ituran Location and Control Ltd,4520,452010,45,45201020,B,ISR,517919,4899, , , , ,ITURAN LOCATION & CONTROL,ITRN
244641, , ,5/31/13,Azour,Ituran Location and Control Ltd,4520,452010,45,45201020,B,ISR,517919,4899, , , , ,ITURAN LOCATION & CONTROL,ITRN
244641, , ,6/30/13,Azour,Ituran Location and Control Ltd,4520,452010,45,45201020,B,ISR,517919,4899, , , , ,ITURAN LOCATION & CONTROL,ITRN
244641, , ,7/31/13,Azour,Ituran Location and Control Ltd,4520,452010,45,45201020,B,ISR,517919,4899, , , , ,ITURAN LOCATION & CONTROL,ITRN
244641, , ,8/31/13,Azour,Ituran Location and Control Ltd,4520,452010,45,45201020,B,ISR,517919,4899, , , , ,ITURAN LOCATION & CONTROL,ITRN
244641, , ,9/30/13,Azour,Ituran Location and Control Ltd,4520,452010,45,45201020,B,ISR,517919,4899, , , , ,ITURAN LOCATION & CONTROL,ITRN
244641, , ,10/31/13,Azour,Ituran Location and Control Ltd,4520,452010,45,45201020,B,ISR,517919,4899, , , , ,ITURAN LOCATION & CONTROL,ITRN
252614, , ,1/31/10,Rosh Pina,On Track Innovations Ltd,4520,452020,45,45202030,B,ISR,334118,3577, , , , ,ON TRACK INNOVATIONS,OTIV
252614, , ,2/28/10,Rosh Pina,On Track Innovations Ltd,4520,452020,45,45202030,B,ISR,334118,3577, , , , ,ON TRACK INNOVATIONS,OTIV
252614, , ,3/31/10,Rosh Pina,On Track Innovations Ltd,4520,452020,45,45202030,B,ISR,334118,3577, , , , ,ON TRACK INNOVATIONS,OTIV
252614, , ,4/30/10,Rosh Pina,On Track Innovations Ltd,4520,452020,45,45202030,B,ISR,334118,3577, , , , ,ON TRACK INNOVATIONS,OTIV
252614, , ,5/31/10,Rosh Pina,On Track Innovations Ltd,4520,452020,45,45202030,B,ISR,334118,3577, , , , ,ON TRACK INNOVATIONS,OTIV
252614, , ,6/30/10,Rosh Pina,On Track Innovations Ltd,4520,452020,45,45202030,B,ISR,334118,3577, , , , ,ON TRACK INNOVATIONS,OTIV
252614, , ,7/31/10,Rosh Pina,On Track Innovations Ltd,4520,452020,45,45202030,B,ISR,334118,3577, , , , ,ON TRACK INNOVATIONS,OTIV
252614, , ,8/31/10,Rosh Pina,On Track Innovations Ltd,4520,452020,45,45202030,B,ISR,334118,3577, , , , ,ON TRACK INNOVATIONS,OTIV
252614, , ,9/30/10,Rosh Pina,On Track Innovations Ltd,4520,452020,45,45202030,B,ISR,334118,3577, , , , ,ON TRACK INNOVATIONS,OTIV
252614, , ,10/31/10,Rosh Pina,On Track Innovations Ltd,4520,452020,45,45202030,B,ISR,334118,3577, , , , ,ON TRACK INNOVATIONS,OTIV
252614, , ,11/30/10,Rosh Pina,On Track Innovations Ltd,4520,452020,45,45202030,B,ISR,334118,3577, , , , ,ON TRACK INNOVATIONS,OTIV
252614, , ,12/31/10,Rosh Pina,On Track Innovations Ltd,4520,452020,45,45202030,B,ISR,334118,3577, , , , ,ON TRACK INNOVATIONS,OTIV
252614, , ,1/31/11,Rosh Pina,On Track Innovations Ltd,4520,452020,45,45202030,B,ISR,334118,3577, , , , ,ON TRACK INNOVATIONS,OTIV
252614, , ,2/28/11,Rosh Pina,On Track Innovations Ltd,4520,452020,45,45202030,B,ISR,334118,3577, , , , ,ON TRACK INNOVATIONS,OTIV
252614, , ,3/31/11,Rosh Pina,On Track Innovations Ltd,4520,452020,45,45202030,B,ISR,334118,3577, , , , ,ON TRACK INNOVATIONS,OTIV
252614, , ,4/30/11,Rosh Pina,On Track Innovations Ltd,4520,452020,45,45202030,B,ISR,334118,3577, , , , ,ON TRACK INNOVATIONS,OTIV
252614, , ,5/31/11,Rosh Pina,On Track Innovations Ltd,4520,452020,45,45202030,B,ISR,334118,3577, , , , ,ON TRACK INNOVATIONS,OTIV
252614, , ,6/30/11,Rosh Pina,On Track Innovations Ltd,4520,452020,45,45202030,B,ISR,334118,3577, , , , ,ON TRACK INNOVATIONS,OTIV
252614, , ,7/31/11,Rosh Pina,On Track Innovations Ltd,4520,452020,45,45202030,B,ISR,334118,3577, , , , ,ON TRACK INNOVATIONS,OTIV
252614, , ,8/31/11,Rosh Pina,On Track Innovations Ltd,4520,452020,45,45202030,B,ISR,334118,3577, , , , ,ON TRACK INNOVATIONS,OTIV
252614, , ,9/30/11,Rosh Pina,On Track Innovations Ltd,4520,452020,45,45202030,B,ISR,334118,3577, , , , ,ON TRACK INNOVATIONS,OTIV
252614, , ,10/31/11,Rosh Pina,On Track Innovations Ltd,4520,452020,45,45202030,B,ISR,334118,3577, , , , ,ON TRACK INNOVATIONS,OTIV
252614, , ,11/30/11,Rosh Pina,On Track Innovations Ltd,4520,452020,45,45202030,B,ISR,334118,3577, , , , ,ON TRACK INNOVATIONS,OTIV
252614, , ,12/31/11,Rosh Pina,On Track Innovations Ltd,4520,452020,45,45202030,B,ISR,334118,3577, , , , ,ON TRACK INNOVATIONS,OTIV
252614, , ,1/31/12,Rosh Pina,On Track Innovations Ltd,4520,452020,45,45202030,B,ISR,334118,3577, , , , ,ON TRACK INNOVATIONS,OTIV
252614, , ,2/29/12,Rosh Pina,On Track Innovations Ltd,4520,452020,45,45202030,B,ISR,334118,3577, , , , ,ON TRACK INNOVATIONS,OTIV
252614, , ,3/31/12,Rosh Pina,On Track Innovations Ltd,4520,452020,45,45202030,B,ISR,334118,3577, , , , ,ON TRACK INNOVATIONS,OTIV
252614, , ,4/30/12,Rosh Pina,On Track Innovations Ltd,4520,452020,45,45202030,B,ISR,334118,3577, , , , ,ON TRACK INNOVATIONS,OTIV
252614, , ,5/31/12,Rosh Pina,On Track Innovations Ltd,4520,452020,45,45202030,B,ISR,334118,3577, , , , ,ON TRACK INNOVATIONS,OTIV
252614, , ,6/30/12,Rosh Pina,On Track Innovations Ltd,4520,452020,45,45202030,B,ISR,334118,3577, , , , ,ON TRACK INNOVATIONS,OTIV
252614, , ,7/31/12,Rosh Pina,On Track Innovations Ltd,4520,452020,45,45202030,B,ISR,334118,3577, , , , ,ON TRACK INNOVATIONS,OTIV
252614, , ,8/31/12,Rosh Pina,On Track Innovations Ltd,4520,452020,45,45202030,B,ISR,334118,3577, , , , ,ON TRACK INNOVATIONS,OTIV
252614, , ,9/30/12,Rosh Pina,On Track Innovations Ltd,4520,452020,45,45202030,B,ISR,334118,3577, , , , ,ON TRACK INNOVATIONS,OTIV
252614, , ,10/31/12,Rosh Pina,On Track Innovations Ltd,4520,452020,45,45202030,B,ISR,334118,3577, , , , ,ON TRACK INNOVATIONS,OTIV
252614, , ,11/30/12,Rosh Pina,On Track Innovations Ltd,4520,452020,45,45202030,B,ISR,334118,3577, , , , ,ON TRACK INNOVATIONS,OTIV
252614, , ,12/31/12,Rosh Pina,On Track Innovations Ltd,4520,452020,45,45202030,B,ISR,334118,3577, , , , ,ON TRACK INNOVATIONS,OTIV
252614, , ,1/31/13,Rosh Pina,On Track Innovations Ltd,4520,452020,45,45202030,B,ISR,334118,3577, , , , ,ON TRACK INNOVATIONS,OTIV
252614, , ,2/28/13,Rosh Pina,On Track Innovations Ltd,4520,452020,45,45202030,B,ISR,334118,3577, , , , ,ON TRACK INNOVATIONS,OTIV
252614, , ,3/31/13,Rosh Pina,On Track Innovations Ltd,4520,452020,45,45202030,B,ISR,334118,3577, , , , ,ON TRACK INNOVATIONS,OTIV
252614, , ,4/30/13,Rosh Pina,On Track Innovations Ltd,4520,452020,45,45202030,B,ISR,334118,3577, , , , ,ON TRACK INNOVATIONS,OTIV
252614, , ,5/31/13,Rosh Pina,On Track Innovations Ltd,4520,452020,45,45202030,B,ISR,334118,3577, , , , ,ON TRACK INNOVATIONS,OTIV
252614, , ,6/30/13,Rosh Pina,On Track Innovations Ltd,4520,452020,45,45202030,B,ISR,334118,3577, , , , ,ON TRACK INNOVATIONS,OTIV
252614, , ,7/31/13,Rosh Pina,On Track Innovations Ltd,4520,452020,45,45202030,B,ISR,334118,3577, , , , ,ON TRACK INNOVATIONS,OTIV
252614, , ,8/31/13,Rosh Pina,On Track Innovations Ltd,4520,452020,45,45202030,B,ISR,334118,3577, , , , ,ON TRACK INNOVATIONS,OTIV
252614, , ,9/30/13,Rosh Pina,On Track Innovations Ltd,4520,452020,45,45202030,B,ISR,334118,3577, , , , ,ON TRACK INNOVATIONS,OTIV
252614, , ,10/31/13,Rosh Pina,On Track Innovations Ltd,4520,452020,45,45202030,B,ISR,334118,3577, , , , ,ON TRACK INNOVATIONS,OTIV
264713, , ,1/31/10,San Diego,Infosonics Corp,4520,452010,45,45201020,D,USA,423690,5065, , ,B-,CA,INFOSONICS CORP,IFON
264713, , ,2/28/10,San Diego,Infosonics Corp,4520,452010,45,45201020,D,USA,423690,5065, , ,B-,CA,INFOSONICS CORP,IFON
264713, , ,3/31/10,San Diego,Infosonics Corp,4520,452010,45,45201020,D,USA,423690,5065, , ,B-,CA,INFOSONICS CORP,IFON
264713, , ,4/30/10,San Diego,Infosonics Corp,4520,452010,45,45201020,D,USA,423690,5065, , ,B-,CA,INFOSONICS CORP,IFON
264713, , ,5/31/10,San Diego,Infosonics Corp,4520,452010,45,45201020,D,USA,423690,5065, , ,B-,CA,INFOSONICS CORP,IFON
264713, , ,6/30/10,San Diego,Infosonics Corp,4520,452010,45,45201020,D,USA,423690,5065, , ,B-,CA,INFOSONICS CORP,IFON
264713, , ,7/31/10,San Diego,Infosonics Corp,4520,452010,45,45201020,D,USA,423690,5065, , ,B-,CA,INFOSONICS CORP,IFON
264713, , ,8/31/10,San Diego,Infosonics Corp,4520,452010,45,45201020,D,USA,423690,5065, , ,B-,CA,INFOSONICS CORP,IFON
264713, , ,9/30/10,San Diego,Infosonics Corp,4520,452010,45,45201020,D,USA,423690,5065, , ,B-,CA,INFOSONICS CORP,IFON
264713, , ,10/31/10,San Diego,Infosonics Corp,4520,452010,45,45201020,D,USA,423690,5065, , ,B-,CA,INFOSONICS CORP,IFON
264713, , ,11/30/10,San Diego,Infosonics Corp,4520,452010,45,45201020,D,USA,423690,5065, , ,B-,CA,INFOSONICS CORP,IFON
264713, , ,12/31/10,San Diego,Infosonics Corp,4520,452010,45,45201020,D,USA,423690,5065, , ,B-,CA,INFOSONICS CORP,IFON
264713, , ,1/31/11,San Diego,Infosonics Corp,4520,452010,45,45201020,D,USA,423690,5065, , ,B-,CA,INFOSONICS CORP,IFON
264713, , ,2/28/11,San Diego,Infosonics Corp,4520,452010,45,45201020,D,USA,423690,5065, , ,B-,CA,INFOSONICS CORP,IFON
264713, , ,3/31/11,San Diego,Infosonics Corp,4520,452010,45,45201020,D,USA,423690,5065, , ,B-,CA,INFOSONICS CORP,IFON
264713, , ,4/30/11,San Diego,Infosonics Corp,4520,452010,45,45201020,D,USA,423690,5065, , ,B-,CA,INFOSONICS CORP,IFON
264713, , ,5/31/11,San Diego,Infosonics Corp,4520,452010,45,45201020,D,USA,423690,5065, , ,B-,CA,INFOSONICS CORP,IFON
264713, , ,6/30/11,San Diego,Infosonics Corp,4520,452010,45,45201020,D,USA,423690,5065, , ,B-,CA,INFOSONICS CORP,IFON
264713, , ,7/31/11,San Diego,Infosonics Corp,4520,452010,45,45201020,D,USA,423690,5065, , ,B-,CA,INFOSONICS CORP,IFON
264713, , ,8/31/11,San Diego,Infosonics Corp,4520,452010,45,45201020,D,USA,423690,5065, , ,B-,CA,INFOSONICS CORP,IFON
264713, , ,9/30/11,San Diego,Infosonics Corp,4520,452010,45,45201020,D,USA,423690,5065, , ,B-,CA,INFOSONICS CORP,IFON
264713, , ,10/31/11,San Diego,Infosonics Corp,4520,452010,45,45201020,D,USA,423690,5065, , ,B-,CA,INFOSONICS CORP,IFON
264713, , ,11/30/11,San Diego,Infosonics Corp,4520,452010,45,45201020,D,USA,423690,5065, , ,B-,CA,INFOSONICS CORP,IFON
264713, , ,12/31/11,San Diego,Infosonics Corp,4520,452010,45,45201020,D,USA,423690,5065, , ,B-,CA,INFOSONICS CORP,IFON
264713, , ,1/31/12,San Diego,Infosonics Corp,4520,452010,45,45201020,D,USA,423690,5065, , ,B-,CA,INFOSONICS CORP,IFON
264713, , ,2/29/12,San Diego,Infosonics Corp,4520,452010,45,45201020,D,USA,423690,5065, , ,B-,CA,INFOSONICS CORP,IFON
264713, , ,3/31/12,San Diego,Infosonics Corp,4520,452010,45,45201020,D,USA,423690,5065, , ,B-,CA,INFOSONICS CORP,IFON
264713, , ,4/30/12,San Diego,Infosonics Corp,4520,452010,45,45201020,D,USA,423690,5065, , ,B-,CA,INFOSONICS CORP,IFON
264713, , ,5/31/12,San Diego,Infosonics Corp,4520,452010,45,45201020,D,USA,423690,5065, , ,B-,CA,INFOSONICS CORP,IFON
264713, , ,6/30/12,San Diego,Infosonics Corp,4520,452010,45,45201020,D,USA,423690,5065, , ,B-,CA,INFOSONICS CORP,IFON
264713, , ,7/31/12,San Diego,Infosonics Corp,4520,452010,45,45201020,D,USA,423690,5065, , ,B-,CA,INFOSONICS CORP,IFON
264713, , ,8/31/12,San Diego,Infosonics Corp,4520,452010,45,45201020,D,USA,423690,5065, , ,B-,CA,INFOSONICS CORP,IFON
264713, , ,9/30/12,San Diego,Infosonics Corp,4520,452010,45,45201020,D,USA,423690,5065, , ,B-,CA,INFOSONICS CORP,IFON
264713, , ,10/31/12,San Diego,Infosonics Corp,4520,452010,45,45201020,D,USA,423690,5065, , ,B-,CA,INFOSONICS CORP,IFON
264713, , ,11/30/12,San Diego,Infosonics Corp,4520,452010,45,45201020,D,USA,423690,5065, , ,B-,CA,INFOSONICS CORP,IFON
264713, , ,12/31/12,San Diego,Infosonics Corp,4520,452010,45,45201020,D,USA,423690,5065, , ,B-,CA,INFOSONICS CORP,IFON
264713, , ,1/31/13,San Diego,Infosonics Corp,4520,452010,45,45201020,D,USA,423690,5065, , ,B-,CA,INFOSONICS CORP,IFON
264713, , ,2/28/13,San Diego,Infosonics Corp,4520,452010,45,45201020,D,USA,423690,5065, , ,B-,CA,INFOSONICS CORP,IFON
264713, , ,3/31/13,San Diego,Infosonics Corp,4520,452010,45,45201020,D,USA,423690,5065, , ,B-,CA,INFOSONICS CORP,IFON
264713, , ,4/30/13,San Diego,Infosonics Corp,4520,452010,45,45201020,D,USA,423690,5065, , ,B-,CA,INFOSONICS CORP,IFON
264713, , ,5/31/13,San Diego,Infosonics Corp,4520,452010,45,45201020,D,USA,423690,5065, , ,B-,CA,INFOSONICS CORP,IFON
264713, , ,6/30/13,San Diego,Infosonics Corp,4520,452010,45,45201020,D,USA,423690,5065, , ,B-,CA,INFOSONICS CORP,IFON
264713, , ,7/31/13,San Diego,Infosonics Corp,4520,452010,45,45201020,D,USA,423690,5065, , ,B-,CA,INFOSONICS CORP,IFON
264713, , ,8/31/13,San Diego,Infosonics Corp,4520,452010,45,45201020,D,USA,423690,5065, , ,B-,CA,INFOSONICS CORP,IFON
264713, , ,9/30/13,San Diego,Infosonics Corp,4520,452010,45,45201020,D,USA,423690,5065, , ,B-,CA,INFOSONICS CORP,IFON
264713, , ,10/31/13,San Diego,Infosonics Corp,4520,452010,45,45201020,D,USA,423690,5065, , ,B-,CA,INFOSONICS CORP,IFON
278234, , ,1/31/10,Burlington,Evertz Technologies Ltd,4520,452030,45,45203010,D,CAN,334220,3663, , , ,ON,EVERTZ TECHNOLOGIES LTD,EVTZF
278234, , ,2/28/10,Burlington,Evertz Technologies Ltd,4520,452030,45,45203010,D,CAN,334220,3663, , , ,ON,EVERTZ TECHNOLOGIES LTD,EVTZF
278234, , ,3/31/10,Burlington,Evertz Technologies Ltd,4520,452030,45,45203010,D,CAN,334220,3663, , , ,ON,EVERTZ TECHNOLOGIES LTD,EVTZF
278234, , ,4/30/10,Burlington,Evertz Technologies Ltd,4520,452030,45,45203010,D,CAN,334220,3663, , , ,ON,EVERTZ TECHNOLOGIES LTD,EVTZF
278234, , ,5/31/10,Burlington,Evertz Technologies Ltd,4520,452030,45,45203010,D,CAN,334220,3663, , , ,ON,EVERTZ TECHNOLOGIES LTD,EVTZF
278234, , ,6/30/10,Burlington,Evertz Technologies Ltd,4520,452030,45,45203010,D,CAN,334220,3663, , , ,ON,EVERTZ TECHNOLOGIES LTD,EVTZF
278234, , ,7/31/10,Burlington,Evertz Technologies Ltd,4520,452030,45,45203010,D,CAN,334220,3663, , , ,ON,EVERTZ TECHNOLOGIES LTD,EVTZF
278234, , ,8/31/10,Burlington,Evertz Technologies Ltd,4520,452030,45,45203010,D,CAN,334220,3663, , , ,ON,EVERTZ TECHNOLOGIES LTD,EVTZF
278234, , ,9/30/10,Burlington,Evertz Technologies Ltd,4520,452030,45,45203010,D,CAN,334220,3663, , , ,ON,EVERTZ TECHNOLOGIES LTD,EVTZF
278234, , ,10/31/10,Burlington,Evertz Technologies Ltd,4520,452030,45,45203010,D,CAN,334220,3663, , , ,ON,EVERTZ TECHNOLOGIES LTD,EVTZF
278234, , ,11/30/10,Burlington,Evertz Technologies Ltd,4520,452030,45,45203010,D,CAN,334220,3663, , , ,ON,EVERTZ TECHNOLOGIES LTD,EVTZF
278234, , ,12/31/10,Burlington,Evertz Technologies Ltd,4520,452030,45,45203010,D,CAN,334220,3663, , , ,ON,EVERTZ TECHNOLOGIES LTD,EVTZF
278234, , ,1/31/11,Burlington,Evertz Technologies Ltd,4520,452030,45,45203010,D,CAN,334220,3663, , , ,ON,EVERTZ TECHNOLOGIES LTD,EVTZF
278234, , ,2/28/11,Burlington,Evertz Technologies Ltd,4520,452030,45,45203010,D,CAN,334220,3663, , , ,ON,EVERTZ TECHNOLOGIES LTD,EVTZF
278234, , ,3/31/11,Burlington,Evertz Technologies Ltd,4520,452030,45,45203010,D,CAN,334220,3663, , , ,ON,EVERTZ TECHNOLOGIES LTD,EVTZF
278234, , ,4/30/11,Burlington,Evertz Technologies Ltd,4520,452030,45,45203010,D,CAN,334220,3663, , , ,ON,EVERTZ TECHNOLOGIES LTD,EVTZF
278234, , ,5/31/11,Burlington,Evertz Technologies Ltd,4520,452030,45,45203010,D,CAN,334220,3663, , , ,ON,EVERTZ TECHNOLOGIES LTD,EVTZF
278234, , ,6/30/11,Burlington,Evertz Technologies Ltd,4520,452030,45,45203010,D,CAN,334220,3663, , , ,ON,EVERTZ TECHNOLOGIES LTD,EVTZF
278234, , ,7/31/11,Burlington,Evertz Technologies Ltd,4520,452030,45,45203010,D,CAN,334220,3663, , , ,ON,EVERTZ TECHNOLOGIES LTD,EVTZF
278234, , ,8/31/11,Burlington,Evertz Technologies Ltd,4520,452030,45,45203010,D,CAN,334220,3663, , , ,ON,EVERTZ TECHNOLOGIES LTD,EVTZF
278234, , ,9/30/11,Burlington,Evertz Technologies Ltd,4520,452030,45,45203010,D,CAN,334220,3663, , , ,ON,EVERTZ TECHNOLOGIES LTD,EVTZF
278234, , ,10/31/11,Burlington,Evertz Technologies Ltd,4520,452030,45,45203010,D,CAN,334220,3663, , , ,ON,EVERTZ TECHNOLOGIES LTD,EVTZF
278234, , ,11/30/11,Burlington,Evertz Technologies Ltd,4520,452030,45,45203010,D,CAN,334220,3663, , , ,ON,EVERTZ TECHNOLOGIES LTD,EVTZF
278234, , ,12/31/11,Burlington,Evertz Technologies Ltd,4520,452030,45,45203010,D,CAN,334220,3663, , , ,ON,EVERTZ TECHNOLOGIES LTD,EVTZF
278234, , ,1/31/12,Burlington,Evertz Technologies Ltd,4520,452030,45,45203010,D,CAN,334220,3663, , , ,ON,EVERTZ TECHNOLOGIES LTD,EVTZF
278234, , ,2/29/12,Burlington,Evertz Technologies Ltd,4520,452030,45,45203010,D,CAN,334220,3663, , , ,ON,EVERTZ TECHNOLOGIES LTD,EVTZF
278234, , ,3/31/12,Burlington,Evertz Technologies Ltd,4520,452030,45,45203010,D,CAN,334220,3663, , , ,ON,EVERTZ TECHNOLOGIES LTD,EVTZF
278234, , ,4/30/12,Burlington,Evertz Technologies Ltd,4520,452030,45,45203010,D,CAN,334220,3663, , , ,ON,EVERTZ TECHNOLOGIES LTD,EVTZF
278234, , ,5/31/12,Burlington,Evertz Technologies Ltd,4520,452030,45,45203010,D,CAN,334220,3663, , , ,ON,EVERTZ TECHNOLOGIES LTD,EVTZF
278234, , ,6/30/12,Burlington,Evertz Technologies Ltd,4520,452030,45,45203010,D,CAN,334220,3663, , , ,ON,EVERTZ TECHNOLOGIES LTD,EVTZF
278234, , ,7/31/12,Burlington,Evertz Technologies Ltd,4520,452030,45,45203010,D,CAN,334220,3663, , , ,ON,EVERTZ TECHNOLOGIES LTD,EVTZF
278234, , ,8/31/12,Burlington,Evertz Technologies Ltd,4520,452030,45,45203010,D,CAN,334220,3663, , , ,ON,EVERTZ TECHNOLOGIES LTD,EVTZF
278234, , ,9/30/12,Burlington,Evertz Technologies Ltd,4520,452030,45,45203010,D,CAN,334220,3663, , , ,ON,EVERTZ TECHNOLOGIES LTD,EVTZF
278234, , ,10/31/12,Burlington,Evertz Technologies Ltd,4520,452030,45,45203010,D,CAN,334220,3663, , , ,ON,EVERTZ TECHNOLOGIES LTD,EVTZF
278234, , ,11/30/12,Burlington,Evertz Technologies Ltd,4520,452030,45,45203010,D,CAN,334220,3663, , , ,ON,EVERTZ TECHNOLOGIES LTD,EVTZF
278234, , ,12/31/12,Burlington,Evertz Technologies Ltd,4520,452030,45,45203010,D,CAN,334220,3663, , , ,ON,EVERTZ TECHNOLOGIES LTD,EVTZF
278234, , ,1/31/13,Burlington,Evertz Technologies Ltd,4520,452030,45,45203010,D,CAN,334220,3663, , , ,ON,EVERTZ TECHNOLOGIES LTD,EVTZF
278234, , ,2/28/13,Burlington,Evertz Technologies Ltd,4520,452030,45,45203010,D,CAN,334220,3663, , , ,ON,EVERTZ TECHNOLOGIES LTD,EVTZF
278234, , ,3/31/13,Burlington,Evertz Technologies Ltd,4520,452030,45,45203010,D,CAN,334220,3663, , , ,ON,EVERTZ TECHNOLOGIES LTD,EVTZF
278234, , ,4/30/13,Burlington,Evertz Technologies Ltd,4520,452030,45,45203010,D,CAN,334220,3663, , , ,ON,EVERTZ TECHNOLOGIES LTD,EVTZF
278234, , ,5/31/13,Burlington,Evertz Technologies Ltd,4520,452030,45,45203010,D,CAN,334220,3663, , , ,ON,EVERTZ TECHNOLOGIES LTD,EVTZF
278234, , ,6/30/13,Burlington,Evertz Technologies Ltd,4520,452030,45,45203010,D,CAN,334220,3663, , , ,ON,EVERTZ TECHNOLOGIES LTD,EVTZF
278234, , ,7/31/13,Burlington,Evertz Technologies Ltd,4520,452030,45,45203010,D,CAN,334220,3663, , , ,ON,EVERTZ TECHNOLOGIES LTD,EVTZF
278234, , ,8/31/13,Burlington,Evertz Technologies Ltd,4520,452030,45,45203010,D,CAN,334220,3663, , , ,ON,EVERTZ TECHNOLOGIES LTD,EVTZF
278234, , ,9/30/13,Burlington,Evertz Technologies Ltd,4520,452030,45,45203010,D,CAN,334220,3663, , , ,ON,EVERTZ TECHNOLOGIES LTD,EVTZF
278234, , ,10/31/13,Burlington,Evertz Technologies Ltd,4520,452030,45,45203010,D,CAN,334220,3663, , , ,ON,EVERTZ TECHNOLOGIES LTD,EVTZF
284041, , ,1/31/12,San Jose,Ocz Technology Group Inc,4520,452020,45,45202030,B,USA,334112,3572, , ,D,CA,OCZ TECHNOLOGY GROUP INC,OCZTQ
284041, , ,2/29/12,San Jose,Ocz Technology Group Inc,4520,452020,45,45202030,B,USA,334112,3572, , ,D,CA,OCZ TECHNOLOGY GROUP INC,OCZTQ
284041, , ,3/31/12,San Jose,Ocz Technology Group Inc,4520,452020,45,45202030,B,USA,334112,3572, , ,D,CA,OCZ TECHNOLOGY GROUP INC,OCZTQ
284041, , ,4/30/12,San Jose,Ocz Technology Group Inc,4520,452020,45,45202030,B,USA,334112,3572, , ,D,CA,OCZ TECHNOLOGY GROUP INC,OCZTQ
284041, , ,5/31/12,San Jose,Ocz Technology Group Inc,4520,452020,45,45202030,B,USA,334112,3572, , ,D,CA,OCZ TECHNOLOGY GROUP INC,OCZTQ
284041, , ,6/30/12,San Jose,Ocz Technology Group Inc,4520,452020,45,45202030,B,USA,334112,3572, , ,D,CA,OCZ TECHNOLOGY GROUP INC,OCZTQ
284041, , ,7/31/12,San Jose,Ocz Technology Group Inc,4520,452020,45,45202030,B,USA,334112,3572, , ,D,CA,OCZ TECHNOLOGY GROUP INC,OCZTQ
284041, , ,8/31/12,San Jose,Ocz Technology Group Inc,4520,452020,45,45202030,B,USA,334112,3572, , ,D,CA,OCZ TECHNOLOGY GROUP INC,OCZTQ
284041, , ,9/30/12,San Jose,Ocz Technology Group Inc,4520,452020,45,45202030,B,USA,334112,3572, , ,D,CA,OCZ TECHNOLOGY GROUP INC,OCZTQ
284041, , ,10/31/12,San Jose,Ocz Technology Group Inc,4520,452020,45,45202030,B,USA,334112,3572, , ,D,CA,OCZ TECHNOLOGY GROUP INC,OCZTQ
284041, , ,11/30/12,San Jose,Ocz Technology Group Inc,4520,452020,45,45202030,B,USA,334112,3572, , ,D,CA,OCZ TECHNOLOGY GROUP INC,OCZTQ
284041, , ,12/31/12,San Jose,Ocz Technology Group Inc,4520,452020,45,45202030,B,USA,334112,3572, , ,D,CA,OCZ TECHNOLOGY GROUP INC,OCZTQ
284041, , ,1/31/13,San Jose,Ocz Technology Group Inc,4520,452020,45,45202030,B,USA,334112,3572, , ,D,CA,OCZ TECHNOLOGY GROUP INC,OCZTQ
284041, , ,2/28/13,San Jose,Ocz Technology Group Inc,4520,452020,45,45202030,B,USA,334112,3572, , ,D,CA,OCZ TECHNOLOGY GROUP INC,OCZTQ
284041, , ,3/31/13,San Jose,Ocz Technology Group Inc,4520,452020,45,45202030,B,USA,334112,3572, , ,D,CA,OCZ TECHNOLOGY GROUP INC,OCZTQ
284041, , ,4/30/13,San Jose,Ocz Technology Group Inc,4520,452020,45,45202030,B,USA,334112,3572, , ,D,CA,OCZ TECHNOLOGY GROUP INC,OCZTQ
284041, , ,5/31/13,San Jose,Ocz Technology Group Inc,4520,452020,45,45202030,B,USA,334112,3572, , ,D,CA,OCZ TECHNOLOGY GROUP INC,OCZTQ
284041, , ,6/30/13,San Jose,Ocz Technology Group Inc,4520,452020,45,45202030,B,USA,334112,3572, , ,D,CA,OCZ TECHNOLOGY GROUP INC,OCZTQ
284041, , ,7/31/13,San Jose,Ocz Technology Group Inc,4520,452020,45,45202030,B,USA,334112,3572, , ,D,CA,OCZ TECHNOLOGY GROUP INC,OCZTQ
284041, , ,8/31/13,San Jose,Ocz Technology Group Inc,4520,452020,45,45202030,B,USA,334112,3572, , ,D,CA,OCZ TECHNOLOGY GROUP INC,OCZTQ
284041, , ,9/30/13,San Jose,Ocz Technology Group Inc,4520,452020,45,45202030,B,USA,334112,3572, , ,D,CA,OCZ TECHNOLOGY GROUP INC,OCZTQ
284041, , ,10/31/13,San Jose,Ocz Technology Group Inc,4520,452020,45,45202030,B,USA,334112,3572, , ,D,CA,OCZ TECHNOLOGY GROUP INC,OCZTQ
289735, , ,7/31/13,Sarasota,XG Technology Inc,4520,452010,45,45201020,B,USA,517919,4899, , , ,FL,XG TECHNOLOGY INC,XGTI
289735, , ,8/31/13,Sarasota,XG Technology Inc,4520,452010,45,45201020,B,USA,517919,4899, , , ,FL,XG TECHNOLOGY INC,XGTI
289735, , ,9/30/13,Sarasota,XG Technology Inc,4520,452010,45,45201020,B,USA,517919,4899, , , ,FL,XG TECHNOLOGY INC,XGTI
289735, , ,10/31/13,Sarasota,XG Technology Inc,4520,452010,45,45201020,B,USA,517919,4899, , , ,FL,XG TECHNOLOGY INC,XGTI